#GsakName=Sokoto
13.88414,5.54515
13.86797,5.58343
13.85693,5.60613
13.84912,5.62722
13.80338,5.73303
13.80215,5.73578
13.80188,5.73639
13.79961,5.74148
13.79442,5.75316
13.77734,5.80000
13.76258,5.84475
13.74904,5.88245
13.74786,5.88573
13.73760,5.91736
13.71568,5.98270
13.71374,5.99090
13.70710,6.00752
13.70091,6.02602
13.70038,6.02739
13.69449,6.04286
13.68275,6.07672
13.67996,6.08477
13.67030,6.10140
13.65718,6.12397
13.64849,6.13820
13.64573,6.14368
13.64283,6.14941
13.64458,6.15696
13.64605,6.16071
13.64613,6.16093
13.65119,6.17405
13.65191,6.17591
13.65229,6.17726
13.65637,6.19258
13.65674,6.19443
13.65747,6.19589
13.65781,6.19667
13.65846,6.19817
13.65934,6.20036
13.65971,6.20110
13.66052,6.20260
13.66193,6.20562
13.66193,6.20581
13.66644,6.22443
13.66744,6.23815
13.66771,6.24269
13.66860,6.26112
13.66669,6.26852
13.66658,6.26893
13.66672,6.27582
13.66675,6.28335
13.66130,6.29904
13.66078,6.30038
13.66045,6.30262
13.65966,6.30390
13.65945,6.30457
13.65674,6.30912
13.65640,6.30970
13.65564,6.31439
13.64999,6.32592
13.64950,6.32693
13.64100,6.34428
13.60461,6.41143
13.60281,6.41474
13.60198,6.41918
13.60157,6.42131
13.59666,6.42762
13.59198,6.43363
13.57451,6.45125
13.52833,6.49900
13.46535,6.56483
13.45836,6.57177
13.45273,6.57921
13.43841,6.59332
13.39492,6.63615
13.37786,6.65515
13.37392,6.65871
13.36761,6.66439
13.36195,6.67066
13.35684,6.67632
13.35599,6.67725
13.35557,6.67771
13.35545,6.67782
13.35000,6.68065
13.34133,6.68514
13.31975,6.69937
13.30213,6.70967
13.29355,6.71472
13.28891,6.71746
13.26690,6.72910
13.25598,6.73692
13.25510,6.73740
13.24121,6.74506
13.23071,6.75085
13.20729,6.76457
13.19901,6.76947
13.19887,6.76956
13.19855,6.76974
13.19741,6.77042
13.19253,6.77331
13.19075,6.77436
13.19014,6.77357
13.19006,6.77347
13.18028,6.76022
13.16471,6.74443
13.14965,6.72543
13.13904,6.70556
13.12257,6.68068
13.10967,6.65985
13.10060,6.64393
13.09561,6.63307
13.09232,6.62589
13.08620,6.61075
13.08889,6.59689
13.09081,6.56728
13.09698,6.53270
13.09966,6.51863
13.09913,6.49385
13.10522,6.47154
13.10654,6.45718
13.11198,6.44453
13.11693,6.42647
13.13228,6.41449
13.14366,6.40405
13.14946,6.39894
13.15287,6.38597
13.15261,6.38065
13.15599,6.37550
13.16022,6.36237
13.16147,6.35114
13.16382,6.33406
13.16364,6.31888
13.16132,6.29836
13.16321,6.28199
13.15048,6.27936
13.13890,6.27555
13.12345,6.27763
13.09893,6.27329
13.07652,6.27243
13.06163,6.26260
13.04660,6.26070
13.04642,6.26028
13.04305,6.25257
13.05219,6.24428
13.05525,6.22952
13.06250,6.21774
13.06586,6.20906
13.06638,6.19410
13.06624,6.18173
13.06580,6.16399
13.06122,6.14770
13.05520,6.12560
13.04803,6.10538
13.04111,6.08562
13.02237,6.06206
13.01232,6.05146
13.00122,6.04974
12.99567,6.05020
12.98115,6.05141
12.96250,6.05587
12.94477,6.06032
12.91986,6.06229
12.89767,6.06003
12.87902,6.06402
12.85709,6.06478
12.83377,6.06464
12.82568,6.06358
12.79385,6.06635
12.79108,6.06532
12.78597,6.06342
12.77024,6.04169
12.75836,6.01242
12.74818,5.99014
12.74409,5.97642
12.74222,5.95449
12.74109,5.93606
12.73956,5.92417
12.73905,5.89989
12.73147,5.84371
12.73160,5.81452
12.72709,5.78399
12.72348,5.75158
12.72021,5.72897
12.71961,5.72682
12.71660,5.71617
12.70983,5.70903
12.70600,5.70687
12.69402,5.70013
12.67333,5.68781
12.64774,5.67111
12.62748,5.65551
12.61325,5.64379
12.58045,5.62205
12.56713,5.60822
12.55077,5.59163
12.54863,5.58606
12.54602,5.58002
12.53945,5.57077
12.52747,5.55272
12.52042,5.54207
12.51252,5.53821
12.49203,5.54269
12.47471,5.54293
12.46026,5.55083
12.43562,5.55677
12.40110,5.56612
12.37480,5.56765
12.33358,5.57662
12.30882,5.57159
12.29190,5.56659
12.28541,5.56467
12.27767,5.55326
12.25840,5.52487
12.25533,5.49899
12.25693,5.47748
12.25010,5.42620
12.25471,5.40558
12.25172,5.36662
12.24777,5.34524
12.24458,5.32796
12.24940,5.28530
12.24641,5.24533
12.24615,5.24153
12.24419,5.21307
12.25121,5.15984
12.26120,5.10376
12.26293,5.09367
12.26560,5.08497
12.26802,5.07394
12.27066,5.06243
12.26478,5.05316
12.26125,5.04760
12.24571,5.04128
12.23437,5.03888
12.23036,5.03798
12.21284,5.03406
12.18950,5.03255
12.14977,5.03222
12.10524,5.03524
12.06874,5.03369
12.03157,5.03473
11.99527,5.03107
11.93639,5.03080
11.89994,5.03416
11.86022,5.03335
11.81701,5.03114
11.78972,5.02661
11.76042,5.02818
11.73016,5.02742
11.69550,5.02510
11.68065,5.02348
11.67859,5.01972
11.66517,4.99725
11.66638,4.98206
11.67647,4.97678
11.69051,4.97262
11.69417,4.96977
11.69148,4.95626
11.68271,4.93676
11.68716,4.92292
11.69241,4.91725
11.69644,4.90621
11.69883,4.89332
11.69451,4.87887
11.68603,4.86449
11.67684,4.84849
11.66921,4.82661
11.65718,4.80479
11.64784,4.77522
11.63765,4.75221
11.62855,4.72356
11.61793,4.70336
11.60779,4.68503
11.59447,4.67120
11.58070,4.65877
11.56001,4.64621
11.54390,4.63078
11.53845,4.61870
11.53826,4.60208
11.54085,4.58613
11.54302,4.57370
11.54370,4.57252
11.55120,4.56140
11.55215,4.56050
11.57016,4.54333
11.59260,4.52684
11.60938,4.52026
11.62766,4.52326
11.63566,4.52493
11.64757,4.52740
11.68534,4.53899
11.71413,4.55283
11.74290,4.56503
11.77495,4.58115
11.80758,4.58697
11.82821,4.59020
11.84297,4.59251
11.86452,4.59874
11.88911,4.60913
11.93075,4.61551
11.96356,4.61711
11.97717,4.61597
12.00532,4.61414
12.02696,4.60819
12.04991,4.60644
12.06526,4.60527
12.09250,4.60508
12.11124,4.60737
12.13820,4.60275
12.14857,4.60292
12.18185,4.60348
12.18786,4.60409
12.21037,4.60505
12.21212,4.60513
12.25232,4.60662
12.28673,4.60726
12.29618,4.60501
12.31609,4.60962
12.33417,4.61543
12.35617,4.62118
12.36643,4.63038
12.37973,4.64188
12.38780,4.66165
12.39402,4.68074
12.39846,4.70572
12.40171,4.72743
12.39872,4.74900
12.38740,4.76813
12.37492,4.78774
12.36628,4.80028
12.36693,4.81665
12.37972,4.82418
12.39176,4.82703
12.40887,4.82865
12.42691,4.83188
12.45418,4.83310
12.48604,4.83332
12.51904,4.83094
12.56462,4.81878
12.60671,4.80386
12.63903,4.80313
12.64050,4.80336
12.66706,4.80740
12.67951,4.80930
12.71032,4.81749
12.73510,4.82413
12.76556,4.82226
12.76809,4.82281
12.78779,4.82707
12.81353,4.81661
12.83309,4.81093
12.83571,4.80938
12.85052,4.80060
12.85558,4.79795
12.86335,4.79081
12.87134,4.78344
12.87931,4.77302
12.88229,4.77157
12.88964,4.76795
12.90144,4.76987
12.92502,4.77232
12.94837,4.77477
12.95655,4.78307
12.98408,4.78756
12.99551,4.79769
13.02205,4.79634
13.03360,4.79617
13.04588,4.80019
13.05194,4.80502
13.06076,4.80886
13.07120,4.81385
13.08370,4.81600
13.09578,4.82236
13.10446,4.81923
13.10866,4.81772
13.11557,4.81598
13.12611,4.80926
13.12945,4.79845
13.12840,4.78676
13.12462,4.77980
13.11481,4.77012
13.11299,4.76903
13.10412,4.76373
13.10041,4.76262
13.09179,4.75597
13.07920,4.74563
13.06620,4.73951
13.05732,4.72935
13.05255,4.71655
13.05051,4.69997
13.05501,4.66877
13.06127,4.65042
13.07672,4.62796
13.09398,4.60289
13.09809,4.59026
13.10201,4.57819
13.11047,4.55068
13.11576,4.52837
13.11996,4.51170
13.12939,4.48792
13.14385,4.45961
13.14349,4.44838
13.16084,4.43127
13.17393,4.40439
13.18959,4.37982
13.20924,4.36150
13.22323,4.35309
13.22817,4.34085
13.22634,4.32239
13.22110,4.30773
13.21051,4.29057
13.20307,4.26612
13.20503,4.25509
13.21474,4.23598
13.21547,4.21889
13.21509,4.20569
13.21460,4.20501
13.21460,4.20476
13.21265,4.12907
13.21265,4.12896
13.32140,4.12913
13.33641,4.12871
13.33910,4.12878
13.34400,4.12891
13.36354,4.12945
13.36406,4.12946
13.37535,4.12987
13.39056,4.12959
13.39574,4.12951
13.42678,4.12908
13.43504,4.12896
13.43786,4.12872
13.45005,4.12768
13.45034,4.12764
13.45339,4.12803
13.46629,4.12965
13.47051,4.13019
13.47264,4.13045
13.47281,4.14143
13.47281,4.14632
13.47321,4.16706
13.47331,4.17304
13.47326,4.17329
13.47167,4.18196
13.47429,4.19725
13.47298,4.19741
13.47837,4.20466
13.48176,4.20894
13.48513,4.21320
13.48530,4.21342
13.51653,4.24826
13.51765,4.24952
13.55531,4.29317
13.56484,4.30467
13.57912,4.32074
13.57926,4.32126
13.58004,4.32420
13.58018,4.32434
13.59981,4.34440
13.60461,4.34942
13.60533,4.35017
13.60602,4.35100
13.61832,4.36585
13.64671,4.39964
13.64680,4.39975
13.64914,4.40255
13.65657,4.41004
13.65676,4.41023
13.66523,4.42049
13.67674,4.43470
13.68249,4.44130
13.69014,4.45032
13.69565,4.45640
13.69818,4.45929
13.69990,4.46108
13.70329,4.46482
13.70481,4.47814
13.70491,4.47821
13.70769,4.48006
13.70785,4.48017
13.71220,4.50332
13.71577,4.52232
13.72062,4.54930
13.72077,4.55021
13.72339,4.55476
13.72377,4.55908
13.72454,4.56784
13.72752,4.58302
13.72770,4.58388
13.72784,4.58485
13.72850,4.58941
13.72968,4.59471
13.72981,4.59529
13.73022,4.59713
13.73412,4.61522
13.73428,4.61655
13.73685,4.62601
13.74011,4.64544
13.74449,4.67243
13.74630,4.68226
13.74730,4.68823
13.74935,4.69881
13.75483,4.72708
13.75508,4.72835
13.75691,4.74083
13.75708,4.74235
13.75955,4.74962
13.75973,4.75017
13.76011,4.75196
13.76033,4.75312
13.76399,4.77287
13.76509,4.77890
13.77130,4.81298
13.77719,4.84384
13.77900,4.85332
13.78065,4.86180
13.78085,4.86189
13.78254,4.87066
13.78245,4.87073
13.78084,4.87198
13.77531,4.87611
13.77466,4.87680
13.75483,4.89788
13.75445,4.89828
13.74861,4.90952
13.74648,4.94407
13.74370,4.97439
13.74352,4.97718
13.74308,4.98385
13.74286,4.98707
13.74281,4.98755
13.74248,4.99042
13.74139,5.00000
13.74115,5.00187
13.74169,5.00987
13.74178,5.01129
13.74236,5.01496
13.74414,5.02625
13.74477,5.03024
13.74479,5.03037
13.74567,5.04440
13.74571,5.04700
13.74596,5.04932
13.74636,5.05292
13.74644,5.05467
13.74652,5.05607
13.74800,5.06728
13.75045,5.08589
13.75093,5.08946
13.75108,5.09061
13.75205,5.10135
13.75247,5.10598
13.74953,5.12872
13.74955,5.12885
13.75057,5.13507
13.74757,5.14469
13.74655,5.14797
13.74456,5.16465
13.74610,5.17171
13.74511,5.17994
13.74369,5.18439
13.74396,5.19093
13.74444,5.20251
13.74507,5.23379
13.74586,5.26193
13.74610,5.27049
13.74634,5.27070
13.75079,5.27447
13.76816,5.28919
13.78926,5.30707
13.80205,5.31792
13.82779,5.33974
13.83294,5.34409
13.83930,5.34993
13.84346,5.35375
13.84443,5.35487
13.84490,5.35535
13.85425,5.38801
13.85607,5.39436
13.85611,5.39447
13.86101,5.41160
13.86987,5.44440
13.87327,5.44914
13.87459,5.45480
13.87385,5.45926
13.88162,5.48663
13.88337,5.49466
13.88602,5.50444
13.88610,5.50471
13.89201,5.52651
13.88788,5.53630
13.88618,5.54030
13.88414,5.54515
