33.38952	-81.130599
33.389062	-81.130763
33.388397	-81.128742
33.388511	-81.128251
33.388259	-81.127786
33.388762	-81.126639
33.38867	-81.125847
33.388098	-81.125848
33.388498	-81.124822
33.387891	-81.124373
33.38796	-81.123387
33.387594	-81.122704
33.387135	-81.123249
33.386815	-81.123249
33.387044	-81.121747
33.38654	-81.121611
33.386587	-81.120354
33.385991	-81.119972
33.386587	-81.119535
33.386656	-81.119153
33.384754	-81.119288
33.383427	-81.117949
33.383473	-81.117621
33.384389	-81.117622
33.384595	-81.117076
33.384275	-81.116803
33.383267	-81.11672
33.383222	-81.116365
33.38352	-81.116092
33.383772	-81.115109
33.383245	-81.114836
33.382672	-81.115464
33.382352	-81.11448
33.38194	-81.114207
33.381757	-81.113551
33.38194	-81.112431
33.380978	-81.111966
33.380795	-81.111393
33.381277	-81.110847
33.381391	-81.110191
33.380452	-81.110382
33.380338	-81.11
33.380819	-81.109536
33.380659	-81.108443
33.380109	-81.107706
33.379995	-81.10705
33.379651	-81.10675
33.380041	-81.106176
33.380202	-81.105248
33.379996	-81.105057
33.379171	-81.105439
33.378759	-81.103882
33.379263	-81.103172
33.378553	-81.102216
33.37837	-81.100578
33.379127	-81.100305
33.379264	-81.09995
33.378394	-81.099649
33.379334	-81.097247
33.378761	-81.096618
33.378762	-81.093669
33.378465	-81.091648
33.377617	-81.090856
33.377594	-81.089928
33.378373	-81.089737
33.378946	-81.089901
33.379427	-81.089382
33.379565	-81.088836
33.379244	-81.088481
33.378145	-81.088344
33.377113	-81.088754
33.376884	-81.088317
33.377091	-81.087388
33.376197	-81.087251
33.375593	-81.086022
33.375479	-81.081188
33.374752	-81.078021
33.373498	-81.077584
33.373773	-81.075891
33.37359	-81.075672
33.372742	-81.075781
33.372101	-81.074798
33.371391	-81.074935
33.371001	-81.074689
33.370474	-81.074935
33.370429	-81.07417
33.369993	-81.073924
33.369673	-81.07417
33.36871	-81.074197
33.368435	-81.073979
33.368458	-81.072996
33.367794	-81.073323
33.367657	-81.072067
33.367107	-81.071958
33.366992	-81.072422
33.365825	-81.07204
33.365825	-81.071548
33.36642	-81.070811
33.366489	-81.070238
33.365917	-81.068463
33.36516	-81.068136
33.365458	-81.067153
33.364656	-81.06718
33.364313	-81.066607
33.363442	-81.066306
33.363419	-81.065787
33.362755	-81.065787
33.361838	-81.064122
33.361495	-81.064695
33.361197	-81.064695
33.360945	-81.063794
33.360166	-81.063166
33.359502	-81.063194
33.359364	-81.062675
33.359754	-81.061692
33.359387	-81.060272
33.35776	-81.058744
33.358516	-81.058525
33.358631	-81.05817
33.358356	-81.057815
33.357692	-81.057652
33.357485	-81.056778
33.357027	-81.056997
33.356867	-81.058061
33.356431	-81.05817
33.356225	-81.057788
33.356271	-81.056178
33.35508	-81.055795
33.354965	-81.056123
33.35469	-81.05615
33.353774	-81.055331
33.353751	-81.054977
33.354209	-81.054731
33.3543	-81.054321
33.353567	-81.053775
33.353613	-81.053011
33.352834	-81.052629
33.352536	-81.051865
33.350611	-81.049353
33.351138	-81.049026
33.35123	-81.048561
33.350497	-81.048124
33.350153	-81.048671
33.349214	-81.048426
33.349122	-81.048043
33.350084	-81.047196
33.350176	-81.046841
33.348916	-81.046787
33.348251	-81.045859
33.34832	-81.045122
33.347907	-81.045013
33.347839	-81.044549
33.348182	-81.04403
33.348022	-81.043566
33.348411	-81.043538
33.34848	-81.043265
33.347999	-81.042528
33.348044	-81.041873
33.347059	-81.041218
33.347036	-81.040782
33.348617	-81.040672
33.349258	-81.039771
33.349167	-81.039416
33.348548	-81.039416
33.348296	-81.03857
33.349235	-81.038543
33.349441	-81.037342
33.349097	-81.036059
33.348318	-81.036168
33.347493	-81.03423
33.347264	-81.034258
33.347058	-81.035077
33.346691	-81.035159
33.346027	-81.034558
33.346095	-81.034258
33.346783	-81.034012
33.346874	-81.033466
33.346599	-81.032565
33.347218	-81.032538
33.34873	-81.031555
33.348798	-81.031036
33.347721	-81.030572
33.347469	-81.029672
33.346966	-81.029535
33.346095	-81.028198
33.34582	-81.028198
33.345614	-81.028826
33.345247	-81.028826
33.344766	-81.028335
33.345224	-81.027653
33.34291	-81.027735
33.342658	-81.027299
33.343116	-81.026016
33.341879	-81.025716
33.341375	-81.025934
33.340962	-81.025607
33.341169	-81.026781
33.340367	-81.026508
33.34016	-81.025034
33.338739	-81.024735
33.338166	-81.022579
33.338784	-81.022469
33.338601	-81.020804
33.337249	-81.020614
33.337226	-81.020259
33.337798	-81.019767
33.337615	-81.019222
33.336882	-81.018594
33.336881	-81.017912
33.337454	-81.016602
33.33672	-81.015947
33.337041	-81.015045
33.337888	-81.015154
33.33798	-81.014717
33.337613	-81.014253
33.338415	-81.013843
33.338415	-81.013516
33.337727	-81.013134
33.33752	-81.01136
33.336581	-81.010951
33.335848	-81.011061
33.335504	-81.010242
33.336099	-81.00915
33.335068	-81.009205
33.334586	-81.008141
33.333853	-81.007923
33.334563	-81.006367
33.334906	-81.006312
33.335273	-81.006831
33.336465	-81.006939
33.336303	-81.00511
33.335409	-81.004292
33.33463	-81.004211
33.33463	-81.00331
33.333782	-81.003611
33.333255	-81.003038
33.332155	-81.003066
33.332086	-81.001865
33.331582	-81.001784
33.330573	-81.000829
33.331054	-81.000365
33.331467	-80.998862
33.331101	-80.998534
33.330734	-80.999321
33.330459	-80.999216
33.33023	-80.998506
33.330047	-80.998506
33.329588	-81.000288
33.329199	-81.000339
33.329016	-80.998669
33.329428	-80.998506
33.329634	-80.998014
33.328719	-80.99594
33.328903	-80.995285
33.328536	-80.994793
33.327826	-80.994984
33.327276	-80.994629
33.327025	-80.993701
33.327185	-80.99351
33.328124	-80.993729
33.328216	-80.993374
33.327277	-80.992118
33.327759	-80.991873
33.32911	-80.992365
33.329706	-80.991956
33.329844	-80.991519
33.329225	-80.991328
33.329157	-80.990618
33.32863	-80.989444
33.327714	-80.988625
33.327783	-80.987615
33.327028	-80.985377
33.325722	-80.985458
33.324371	-80.984966
33.324233	-80.984584
33.324944	-80.983766
33.323913	-80.982974
33.323524	-80.981855
33.32309	-80.981418
33.322999	-80.980435
33.322724	-80.979999
33.321922	-80.980053
33.321647	-80.980489
33.321463	-80.981717
33.320593	-80.981198
33.320203	-80.98027
33.319745	-80.980297
33.319448	-80.97926
33.318371	-80.980051
33.318073	-80.979614
33.319013	-80.978387
33.31828	-80.97724
33.318349	-80.976831
33.319426	-80.976832
33.319403	-80.976368
33.318899	-80.976204
33.318372	-80.976395
33.317982	-80.975985
33.317341	-80.976039
33.317295	-80.975739
33.317914	-80.975576
33.318006	-80.974757
33.317387	-80.973993
33.317456	-80.973556
33.318189	-80.973556
33.317892	-80.972083
33.318808	-80.97211
33.3189	-80.971401
33.317939	-80.968863
33.318741	-80.968645
33.318626	-80.96799
33.316816	-80.967962
33.316358	-80.966679
33.315786	-80.966434
33.315144	-80.96556
33.314411	-80.965287
33.31377	-80.96455
33.313289	-80.964495
33.313564	-80.963595
33.313381	-80.963404
33.312395	-80.964195
33.311708	-80.963731
33.310837	-80.963676
33.310677	-80.963403
33.310837	-80.963103
33.311662	-80.963049
33.3118	-80.962585
33.311525	-80.962257
33.309967	-80.962039
33.309325	-80.962666
33.309096	-80.961738
33.308042	-80.961956
33.307882	-80.961247
33.308501	-80.961247
33.308982	-80.959774
33.308707	-80.959119
33.308914	-80.958819
33.309922	-80.959228
33.310105	-80.958928
33.309762	-80.958055
33.310059	-80.957618
33.309212	-80.956691
33.308272	-80.956827
33.308204	-80.956226
33.309074	-80.956008
33.309212	-80.955626
33.309029	-80.955108
33.309602	-80.954972
33.308479	-80.953334
33.308159	-80.951997
33.307471	-80.952406
33.307448	-80.951561
33.307953	-80.950851
33.308319	-80.949487
33.30935	-80.949351
33.309579	-80.949051
33.309259	-80.948423
33.307953	-80.948559
33.306715	-80.949678
33.306578	-80.950742
33.305776	-80.951206
33.305341	-80.951124
33.305089	-80.950087
33.306005	-80.948723
33.306601	-80.948696
33.306784	-80.947904
33.306372	-80.947441
33.305593	-80.948232
33.305158	-80.948259
33.304676	-80.947822
33.304539	-80.947195
33.304699	-80.946867
33.305868	-80.947113
33.306257	-80.946295
33.305387	-80.945831
33.304654	-80.946267
33.304516	-80.945585
33.304975	-80.944057
33.305593	-80.94433
33.305868	-80.94373
33.305593	-80.943402
33.30486	-80.943402
33.303531	-80.941629
33.303279	-80.940783
33.303783	-80.940292
33.3036	-80.939965
33.30289	-80.93991
33.301973	-80.938955
33.301057	-80.939419
33.300942	-80.937918
33.300507	-80.937836
33.300003	-80.938327
33.299613	-80.937864
33.300163	-80.937291
33.300278	-80.936691
33.299476	-80.935927
33.298605	-80.934208
33.297712	-80.933335
33.297276	-80.933444
33.297208	-80.934563
33.296658	-80.935081
33.296268	-80.935108
33.296016	-80.934535
33.296704	-80.933335
33.296704	-80.932926
33.296016	-80.932571
33.295146	-80.930389
33.295764	-80.929597
33.295787	-80.929243
33.295466	-80.929106
33.294412	-80.930034
33.294481	-80.931425
33.294092	-80.932026
33.292946	-80.932026
33.29274	-80.931562
33.293106	-80.930853
33.292786	-80.930089
33.293267	-80.92957
33.293267	-80.929243
33.292854	-80.928943
33.291846	-80.929407
33.291068	-80.928834
33.290931	-80.928016
33.292098	-80.927797
33.292167	-80.927361
33.290426	-80.925479
33.290128	-80.924142
33.289464	-80.923651
33.288845	-80.922642
33.28857	-80.922642
33.28825	-80.925152
33.287723	-80.926598
33.287196	-80.926489
33.286784	-80.925288
33.28715	-80.923597
33.286646	-80.922642
33.286531	-80.921742
33.285133	-80.919751
33.285294	-80.919069
33.284996	-80.918933
33.284789	-80.919233
33.284033	-80.91836
33.283438	-80.918797
33.2833	-80.918415
33.284056	-80.917133
33.284056	-80.916724
33.283666	-80.916533
33.282956	-80.917106
33.28275	-80.91656
33.283391	-80.916151
33.283552	-80.915742
33.2833	-80.915414
33.28236	-80.916124
33.280825	-80.916588
33.280436	-80.916261
33.280344	-80.91577
33.280573	-80.915442
33.281673	-80.915033
33.281902	-80.914706
33.281787	-80.913369
33.281443	-80.912987
33.280481	-80.913288
33.280183	-80.913015
33.28016	-80.911897
33.279656	-80.912115
33.27929	-80.913233
33.278832	-80.91337
33.278534	-80.912688
33.279839	-80.910233
33.279633	-80.909797
33.277617	-80.910043
33.276631	-80.909061
33.276562	-80.90857
33.277387	-80.907779
33.277753	-80.906551
33.277341	-80.90617
33.27686	-80.907097
33.276012	-80.90737
33.275829	-80.906907
33.276287	-80.906006
33.275576	-80.904779
33.275553	-80.90377
33.275324	-80.903307
33.273926	-80.903553
33.273582	-80.903225
33.273399	-80.902353
33.273124	-80.902462
33.272758	-80.903389
33.272345	-80.903417
33.271956	-80.902953
33.271749	-80.901917
33.27097	-80.901917
33.270535	-80.901563
33.271199	-80.899381
33.270809	-80.899026
33.270122	-80.899872
33.269801	-80.899872
33.269595	-80.899327
33.270167	-80.898618
33.270282	-80.897799
33.269617	-80.897145
33.270189	-80.896463
33.269846	-80.895972
33.268173	-80.895673
33.267921	-80.894964
33.268218	-80.893737
33.268791	-80.893545
33.268882	-80.892973
33.268355	-80.892182
33.267553	-80.892373
33.266957	-80.891746
33.266476	-80.891774
33.265972	-80.892265
33.265697	-80.891502
33.265124	-80.891011
33.264345	-80.890875
33.263772	-80.890139
33.26281	-80.890249
33.26242	-80.88984
33.26132	-80.89014
33.261206	-80.889486
33.261916	-80.889213
33.262007	-80.88864
33.263221	-80.886921
33.26416	-80.887194
33.26377	-80.886076
33.262877	-80.885231
33.262351	-80.885231
33.261229	-80.887304
33.259786	-80.888369
33.258044	-80.887906
33.257907	-80.887197
33.25983	-80.885396
33.260013	-80.884414
33.2596	-80.883078
33.259234	-80.882833
33.257561	-80.883025
33.257423	-80.882398
33.257881	-80.881498
33.257835	-80.881116
33.256736	-80.881308
33.256323	-80.880735
33.255979	-80.879536
33.255245	-80.879454
33.254673	-80.879918
33.254558	-80.879455
33.255016	-80.877955
33.25442	-80.877574
33.253504	-80.878556
33.253114	-80.877793
33.253205	-80.877465
33.254648	-80.876237
33.254488	-80.873617
33.254144	-80.873126
33.252587	-80.872688
33.253298	-80.871544
33.253046	-80.870235
33.251993	-80.869252
33.25142	-80.869088
33.251351	-80.870315
33.251121	-80.870533
33.250159	-80.870287
33.249065	-80.869114
33.24847	-80.867614
33.248723	-80.867123
33.248242	-80.86655
33.247761	-80.866495
33.247646	-80.866141
33.248265	-80.865814
33.248243	-80.863824
33.249251	-80.86407
33.249844	-80.864833
33.250941	-80.864944
33.251261	-80.864671
33.251376	-80.863799
33.251056	-80.862953
33.249	-80.862024
33.248037	-80.863169
33.246089	-80.863195
33.245632	-80.862377
33.245701	-80.861232
33.24522	-80.860877
33.244853	-80.85995
33.24474	-80.857878
33.245748	-80.856515
33.245771	-80.855997
33.245542	-80.855751
33.244511	-80.855969
33.243755	-80.856514
33.243068	-80.856486
33.242633	-80.85545
33.242083	-80.854986
33.24151	-80.855749
33.240754	-80.855858
33.238989	-80.857302
33.238577	-80.857357
33.237867	-80.856729
33.237707	-80.855802
33.238577	-80.855012
33.240731	-80.854577
33.241121	-80.853759
33.240617	-80.853077
33.23954	-80.853513
33.238693	-80.853403
33.238509	-80.852695
33.239266	-80.850732
33.238419	-80.849805
33.238328	-80.846151
33.23787	-80.846178
33.237343	-80.846832
33.236083	-80.847132
33.235212	-80.848168
33.234799	-80.848058
33.234479	-80.846477
33.233677	-80.846231
33.233471	-80.846532
33.233562	-80.847623
33.23331	-80.848031
33.232875	-80.847949
33.232692	-80.845987
33.232417	-80.845687
33.231455	-80.846122
33.230859	-80.846013
33.230813	-80.845495
33.231432	-80.844051
33.230768	-80.843778
33.230356	-80.843914
33.22937	-80.845549
33.22834	-80.845549
33.227194	-80.84653
33.225682	-80.846502
33.224766	-80.845411
33.223826	-80.845901
33.223139	-80.845847
33.221833	-80.844156
33.221146	-80.844292
33.2211	-80.844783
33.222085	-80.846364
33.221833	-80.846937
33.221328	-80.847018
33.220664	-80.846282
33.220092	-80.844783
33.219221	-80.843855
33.21929	-80.843392
33.220092	-80.84222
33.220093	-80.841757
33.21968	-80.841075
33.219841	-80.839931
33.218764	-80.838595
33.218054	-80.838376
33.21739	-80.838513
33.217	-80.838894
33.21645	-80.841074
33.215602	-80.841973
33.214892	-80.84181
33.214021	-80.840665
33.213494	-80.84061
33.213242	-80.841073
33.21354	-80.842927
33.213356	-80.843445
33.212485	-80.844044
33.211569	-80.843362
33.211432	-80.842463
33.212051	-80.841809
33.212165	-80.840964
33.211845	-80.839819
33.211158	-80.839546
33.210814	-80.839819
33.210172	-80.839628
33.210012	-80.838946
33.210975	-80.838238
33.210769	-80.837284
33.209829	-80.837093
33.208661	-80.837556
33.208088	-80.838619
33.208133	-80.840445
33.207904	-80.840581
33.207446	-80.840227
33.207217	-80.839491
33.20614	-80.838945
33.205476	-80.838236
33.204949	-80.837092
33.204491	-80.836983
33.203712	-80.8375
33.203437	-80.83581
33.203529	-80.834639
33.203139	-80.834257
33.203208	-80.832894
33.202613	-80.830959
33.202819	-80.830387
33.203323	-80.830087
33.203369	-80.829788
33.202751	-80.828915
33.202911	-80.828234
33.202064	-80.826435
33.201903	-80.8251
33.201606	-80.824746
33.200483	-80.825154
33.200162	-80.824555
33.200117	-80.822838
33.199819	-80.822484
33.199406	-80.822647
33.199063	-80.823192
33.19881	-80.8251
33.198077	-80.825999
33.196794	-80.825781
33.196061	-80.825126
33.195809	-80.8242
33.196313	-80.82311
33.196794	-80.82311
33.197092	-80.822456
33.197619	-80.822756
33.197917	-80.821775
33.196749	-80.818914
33.195351	-80.817224
33.194687	-80.816842
33.193656	-80.816761
33.193129	-80.817142
33.192785	-80.818041
33.192144	-80.818286
33.191342	-80.817932
33.190769	-80.818586
33.190402	-80.818586
33.189028	-80.81736
33.187493	-80.817006
33.186096	-80.814581
33.184996	-80.811556
33.183576	-80.810112
33.183049	-80.808368
33.182293	-80.807742
33.181147	-80.807415
33.180666	-80.806979
33.179749	-80.805235
33.177756	-80.803601
33.177458	-80.802566
33.177618	-80.801013
33.176944	-80.797912
33.135656	-80.874821
33.125348	-80.895427
33.119777	-80.891671
33.119339	-80.890522
33.112269	-80.887851
33.107111	-80.888748
33.103006	-80.888685
33.102211	-80.889025
33.101755	-80.888187
33.100633	-80.887834
33.100486	-80.88588
33.098508	-80.881291
33.096388	-80.879138
33.093367	-80.876668
33.091968	-80.878802
33.091419	-80.880165
33.089701	-80.882234
33.088395	-80.882535
33.084753	-80.885503
33.081524	-80.887682
33.08047	-80.88801
33.078065	-80.890433
33.075476	-80.89174
33.073323	-80.891796
33.071971	-80.892477
33.070986	-80.892532
33.069268	-80.893812
33.068489	-80.893894
33.067573	-80.894411
33.065671	-80.894575
33.06141	-80.896074
33.060242	-80.90589
33.060863	-80.90606
33.061619	-80.906794
33.063727	-80.906276
33.064804	-80.906793
33.065217	-80.907527
33.066018	-80.907446
33.066729	-80.90837
33.066844	-80.908942
33.0676	-80.909894
33.068287	-80.909839
33.068769	-80.910329
33.068906	-80.910982
33.070625	-80.913675
33.070763	-80.9146
33.071725	-80.916015
33.072207	-80.91577
33.073558	-80.916314
33.074315	-80.917212
33.075415	-80.917402
33.076102	-80.916939
33.076812	-80.917184
33.077156	-80.917837
33.077591	-80.917919
33.078851	-80.916966
33.080341	-80.917891
33.080593	-80.918571
33.08128	-80.919279
33.081143	-80.919986
33.081624	-80.920993
33.082312	-80.921047
33.082976	-80.922463
33.083435	-80.922789
33.084237	-80.924449
33.085405	-80.925401
33.085451	-80.926272
33.085887	-80.926708
33.087238	-80.927225
33.090858	-80.93
33.093172	-80.930626
33.097136	-80.931034
33.098258	-80.931633
33.09851	-80.932286
33.099381	-80.933239
33.100756	-80.935498
33.100733	-80.936369
33.100939	-80.936669
33.101466	-80.936696
33.101925	-80.937159
33.102584	-80.937157
33.066241	-81.006011
33.063056	-81.012804
33.026449	-81.082643
33.027892	-81.083323
33.029175	-81.084302
33.029519	-81.084928
33.030275	-81.0852
33.031717	-81.086343
33.035201	-81.086562
33.036163	-81.087432
33.03662	-81.088493
33.037239	-81.088276
33.037835	-81.08931
33.038567	-81.08999
33.039187	-81.089908
33.039003	-81.090806
33.039254	-81.09116
33.039392	-81.092248
33.040056	-81.091976
33.040263	-81.092819
33.040836	-81.093744
33.040973	-81.09486
33.041567	-81.095214
33.042118	-81.094969
33.042164	-81.095486
33.042507	-81.095676
33.04347	-81.09535
33.043882	-81.095487
33.04356	-81.096031
33.043743	-81.09701
33.044202	-81.096956
33.04537	-81.097473
33.045851	-81.098126
33.046928	-81.098263
33.049104	-81.101174
33.048989	-81.102834
33.049194	-81.103188
33.048828	-81.104493
33.048758	-81.106942
33.049284	-81.109744
33.049719	-81.110642
33.049902	-81.112438
33.04974	-81.113335
33.050266	-81.114424
33.049809	-81.115321
33.050334	-81.116791
33.051549	-81.118097
33.052028	-81.121825
33.053448	-81.124826
33.054868	-81.126356
33.057344	-81.128232
33.059544	-81.128639
33.062157	-81.131548
33.064129	-81.132935
33.064679	-81.134295
33.066603	-81.136144
33.067338	-81.137749
33.073137	-81.145202
33.077995	-81.146506
33.081615	-81.149498
33.082853	-81.152382
33.085558	-81.155783
33.091425	-81.161878
33.094955	-81.168681
33.095688	-81.170777
33.096559	-81.171539
33.098988	-81.172137
33.101531	-81.173716
33.102975	-81.175785
33.104487	-81.176928
33.104556	-81.177854
33.105356	-81.178643
33.105539	-81.179623
33.106136	-81.179269
33.106457	-81.179378
33.106296	-81.180059
33.107259	-81.180848
33.108725	-81.181148
33.111223	-81.183434
33.111887	-81.184714
33.112951	-81.185348
33.113124	-81.185939
33.113399	-81.185993
33.113697	-81.187681
33.114339	-81.188035
33.114476	-81.189233
33.115003	-81.189369
33.115301	-81.189124
33.115599	-81.18926
33.11569	-81.189832
33.116492	-81.18975
33.116721	-81.190567
33.117707	-81.191656
33.118211	-81.191792
33.118668	-81.193099
33.11954	-81.192881
33.120066	-81.194297
33.120731	-81.194379
33.121257	-81.195931
33.122953	-81.196694
33.123548	-81.197755
33.124778	-81.197592
33.125695	-81.198191
33.126588	-81.198327
33.12707	-81.199389
33.127184	-81.200369
33.127825	-81.20086
33.129223	-81.203882
33.129452	-81.205462
33.12968	-81.205761
33.129635	-81.206442
33.130208	-81.206306
33.130688	-81.206524
33.13062	-81.206878
33.131467	-81.207994
33.132132	-81.207831
33.132498	-81.208567
33.133071	-81.208458
33.133163	-81.209111
33.133712	-81.210092
33.135866	-81.208921
33.136232	-81.209602
33.136851	-81.209521
33.137034	-81.210202
33.137676	-81.210528
33.138157	-81.210447
33.138821	-81.210801
33.140403	-81.210393
33.140655	-81.211101
33.141136	-81.211101
33.141457	-81.210611
33.141709	-81.210611
33.142097	-81.211156
33.142877	-81.210966
33.143541	-81.211456
33.143976	-81.2126
33.14441	-81.2126
33.14464	-81.213499
33.145258	-81.213635
33.145854	-81.213309
33.145991	-81.214126
33.14661	-81.214453
33.14748	-81.215924
33.150115	-81.215924
33.15055	-81.216578
33.15055	-81.218185
33.150962	-81.218921
33.151671	-81.219248
33.152016	-81.220419
33.152772	-81.220338
33.153803	-81.220747
33.153986	-81.220447
33.154466	-81.220692
33.154696	-81.221264
33.155727	-81.221619
33.156002	-81.223199
33.156506	-81.223308
33.156734	-81.224643
33.156458	-81.225351
33.156528	-81.225787
33.158017	-81.225433
33.158659	-81.225924
33.159919	-81.225897
33.160263	-81.225625
33.160766	-81.227396
33.160697	-81.227804
33.162622	-81.227778
33.163997	-81.22658
33.164845	-81.226662
33.165349	-81.22579
33.166311	-81.225682
33.167296	-81.225982
33.169634	-81.223913
33.174422	-81.223778
33.177287	-81.22318
33.17873	-81.223263
33.179418	-81.222936
33.180425	-81.222909
33.181731	-81.222446
33.183588	-81.222256
33.184275	-81.221848
33.201206	-81.221224
33.202467	-81.220711
33.204186	-81.220902
33.204621	-81.22063
33.206018	-81.220603
33.20776	-81.219214
33.208379	-81.217933
33.208815	-81.217797
33.2098	-81.218152
33.214311	-81.221724
33.215159	-81.221261
33.215663	-81.220361
33.216717	-81.220416
33.217176	-81.220035
33.21761	-81.219136
33.219352	-81.218208
33.22052	-81.218154
33.221804	-81.217719
33.224462	-81.219382
33.225195	-81.220419
33.228173	-81.220392
33.228516	-81.220665
33.250154	-81.21994
33.259149	-81.220824
33.308518	-81.218458
33.33285	-81.216901
33.341068	-81.2167
33.397866	-81.213182
33.439929	-81.222657
33.439403	-81.221837
33.438991	-81.221619
33.438945	-81.221236
33.439495	-81.220007
33.439037	-81.219651
33.438831	-81.218749
33.438304	-81.218886
33.438237	-81.215306
33.438832	-81.21506
33.438993	-81.211945
33.43794	-81.210196
33.438352	-81.209732
33.438055	-81.209103
33.437894	-81.207655
33.437642	-81.207382
33.437688	-81.206699
33.436978	-81.205906
33.436176	-81.205551
33.43542	-81.204593
33.434825	-81.204484
33.434527	-81.204046
33.433931	-81.203992
33.433588	-81.203227
33.432878	-81.202898
33.432305	-81.202953
33.431961	-81.201314
33.431297	-81.201013
33.43061	-81.200056
33.4288	-81.199646
33.428594	-81.199838
33.427174	-81.199564
33.426876	-81.198635
33.425708	-81.19858
33.424952	-81.198034
33.4236	-81.197979
33.423119	-81.198471
33.421355	-81.198471
33.420736	-81.19746
33.420232	-81.197596
33.420026	-81.196913
33.419362	-81.197159
33.419499	-81.196203
33.419018	-81.195656
33.418514	-81.193853
33.418606	-81.192405
33.418446	-81.192077
33.417575	-81.192405
33.417071	-81.19164
33.414963	-81.19134
33.414803	-81.190985
33.414024	-81.191148
33.413337	-81.190493
33.412878	-81.190493
33.412856	-81.190138
33.411756	-81.1897
33.411573	-81.189291
33.411	-81.189018
33.410931	-81.188662
33.411412	-81.188034
33.410748	-81.187843
33.410656	-81.186996
33.410038	-81.185958
33.410473	-81.185712
33.409854	-81.184428
33.410221	-81.184073
33.41045	-81.182325
33.410014	-81.181669
33.410587	-81.180986
33.409946	-81.180959
33.409854	-81.180659
33.410312	-81.180058
33.410243	-81.178774
33.410427	-81.178145
33.410152	-81.177654
33.410152	-81.177053
33.409327	-81.177162
33.409121	-81.175988
33.409602	-81.17555
33.409625	-81.175223
33.408823	-81.174021
33.408319	-81.174048
33.407998	-81.172053
33.408433	-81.171807
33.408731	-81.171097
33.40873	-81.170223
33.408478	-81.169649
33.408364	-81.168092
33.408776	-81.167764
33.408478	-81.167082
33.408982	-81.167082
33.40889	-81.166289
33.408134	-81.165798
33.408203	-81.165497
33.408661	-81.165388
33.408684	-81.164842
33.409211	-81.164568
33.409027	-81.163831
33.408432	-81.163858
33.407652	-81.163148
33.407217	-81.161646
33.406026	-81.161974
33.405658	-81.159653
33.406025	-81.159188
33.406323	-81.157331
33.405682	-81.15703
33.404697	-81.157031
33.404925	-81.155938
33.404582	-81.15531
33.403848	-81.154736
33.403573	-81.154108
33.403848	-81.153043
33.402633	-81.152361
33.402542	-81.151924
33.403527	-81.151158
33.403572	-81.150448
33.403206	-81.150148
33.401418	-81.149985
33.400869	-81.150559
33.40041	-81.149548
33.400433	-81.14851
33.40112	-81.147554
33.399356	-81.147418
33.399218	-81.147063
33.399653	-81.146244
33.399263	-81.145834
33.398942	-81.144795
33.399469	-81.144331
33.398438	-81.144031
33.398048	-81.143457
33.398621	-81.143321
33.398644	-81.143075
33.398071	-81.142802
33.397773	-81.14231
33.397475	-81.142256
33.397314	-81.140317
33.39603	-81.138679
33.395297	-81.138461
33.395549	-81.138051
33.395366	-81.137505
33.393807	-81.13573
33.393944	-81.134692
33.3936	-81.132945
33.392018	-81.131935
33.39156	-81.132236
33.391125	-81.131608
33.391216	-81.130789
33.390803	-81.130625
33.390025	-81.131418
33.38952	-81.130599
