33.693487	-81.09093
33.695748	-81.085702
33.707131	-81.042854
33.685602	-81.022874
33.677947	-81.015196
33.660815	-80.999814
33.625283	-80.96549
33.64366	-80.943888
33.642423	-80.943285
33.639605	-80.940217
33.635618	-80.938985
33.633923	-80.938903
33.629066	-80.939478
33.626386	-80.939505
33.625154	-80.939245
33.622571	-80.938135
33.62045	-80.938108
33.616876	-80.939176
33.615501	-80.939039
33.614149	-80.938491
33.610301	-80.939039
33.608774	-80.939638
33.605495	-80.919651
33.619698	-80.881404
33.604081	-80.807631
33.54559	-80.726323
33.544298	-80.724192
33.542578	-80.722289
33.521753	-80.693855
33.520562	-80.693821
33.514582	-80.695954
33.510458	-80.69609
33.508809	-80.695652
33.505991	-80.694011
33.50457	-80.692726
33.503288	-80.69103
33.501707	-80.687831
33.50048	-80.686326
33.499209	-80.683482
33.498246	-80.683428
33.497628	-80.682799
33.496711	-80.682744
33.496574	-80.681924
33.495865	-80.681623
33.494925	-80.682033
33.494536	-80.682553
33.494078	-80.682526
33.493115	-80.681131
33.492978	-80.680448
33.492542	-80.680147
33.490847	-80.680202
33.488052	-80.678343
33.486906	-80.678206
33.486219	-80.676976
33.485783	-80.675363
33.48489	-80.67416
33.48395	-80.673832
33.482599	-80.672766
33.482003	-80.671126
33.481109	-80.670197
33.480628	-80.66842
33.477947	-80.666098
33.476778	-80.666043
33.476297	-80.666645
33.47561	-80.666727
33.475153	-80.666126
33.474854	-80.663638
33.474052	-80.663092
33.473159	-80.661151
33.473044	-80.660386
33.471898	-80.659949
33.470982	-80.65902
33.472861	-80.652503
33.472446	-80.652239
33.472407	-80.651501
33.473049	-80.649356
33.472675	-80.647087
33.472844	-80.645802
33.475008	-80.638979
33.469645	-80.634199
33.473822	-80.627291
33.466007	-80.616575
33.470416	-80.611327
33.482235	-80.619338
33.483647	-80.619592
33.488634	-80.624811
33.489987	-80.623555
33.492073	-80.620575
33.493057	-80.619622
33.494502	-80.619674
33.4967	-80.621727
33.497685	-80.623614
33.4989	-80.624703
33.538882	-80.587928
33.550825	-80.610518
33.555657	-80.603654
33.561085	-80.579953
33.560438	-80.574056
33.561804	-80.564643
33.565448	-80.552102
33.564004	-80.552266
33.559903	-80.551364
33.558745	-80.551364
33.558551	-80.548163
33.559262	-80.545672
33.560659	-80.542115
33.561916	-80.539942
33.559421	-80.537847
33.552271	-80.529311
33.542554	-80.516566
33.54056	-80.513558
33.538429	-80.511206
33.53586	-80.505764
33.535608	-80.504616
33.535827	-80.50335
33.540537	-80.50637
33.541562	-80.506005
33.542329	-80.50474
33.545556	-80.504246
33.550623	-80.505991
33.551734	-80.505876
33.553009	-80.505282
33.553056	-80.50292
33.552309	-80.500414
33.552343	-80.498867
33.552671	-80.498004
33.553593	-80.497141
33.556294	-80.496432
33.558481	-80.496273
33.55781	-80.495931
33.557041	-80.4948
33.55697	-80.49297
33.557275	-80.491937
33.55883	-80.489395
33.559621	-80.488909
33.56028	-80.487988
33.560392	-80.486334
33.560047	-80.485019
33.556704	-80.481263
33.555444	-80.480643
33.554294	-80.479102
33.554069	-80.476047
33.552884	-80.474659
33.548138	-80.472513
33.546849	-80.471653
33.543651	-80.470825
33.541867	-80.469523
33.541058	-80.468421
33.540177	-80.465461
33.540008	-80.463668
33.540778	-80.461151
33.541641	-80.460099
33.542637	-80.459366
33.544376	-80.458685
33.545991	-80.457578
33.547056	-80.455375
33.546751	-80.453435
33.545916	-80.451861
33.540472	-80.447463
33.538485	-80.446783
33.535574	-80.446856
33.534533	-80.447309
33.531453	-80.449717
33.529908	-80.449815
33.528074	-80.449167
33.526701	-80.447353
33.525687	-80.446988
33.524527	-80.447324
33.523403	-80.450344
33.523246	-80.452938
33.524239	-80.457199
33.523267	-80.458547
33.522804	-80.460473
33.523193	-80.461538
33.526377	-80.462192
33.527127	-80.462859
33.527514	-80.464136
33.527324	-80.465595
33.526429	-80.467224
33.525028	-80.467997
33.523237	-80.46836
33.521086	-80.467869
33.518576	-80.468141
33.516157	-80.467741
33.514947	-80.466382
33.514573	-80.464798
33.514374	-80.459292
33.513408	-80.457216
33.512151	-80.456396
33.510821	-80.456102
33.509597	-80.456946
33.507603	-80.45971
33.506084	-80.460904
33.504336	-80.461055
33.502895	-80.460048
33.501978	-80.457912
33.501673	-80.455997
33.501669	-80.452726
33.502753	-80.447966
33.502601	-80.445424
33.502837	-80.442341
33.502025	-80.439085
33.501243	-80.438282
33.500163	-80.437848
33.499429	-80.438005
33.496999	-80.440711
33.495461	-80.441571
33.49463	-80.44167
33.493677	-80.441318
33.492998	-80.440534
33.490688	-80.435534
33.48958	-80.434454
33.487457	-80.43379
33.485974	-80.434123
33.482165	-80.436862
33.480262	-80.437416
33.478794	-80.437336
33.477066	-80.436325
33.475366	-80.434077
33.473219	-80.429941
33.46906	-80.42422
33.466282	-80.41978
33.459792	-80.411106
33.456078	-80.406709
33.452043	-80.399619
33.450003	-80.396981
33.445849	-80.393824
33.444032	-80.390245
33.441513	-80.383092
33.43987	-80.375466
33.438876	-80.372781
33.438004	-80.371426
33.434144	-80.366845
33.432738	-80.363935
33.432179	-80.36012
33.430408	-80.354539
33.430219	-80.348879
33.430814	-80.345746
33.430859	-80.339519
33.431482	-80.330784
33.431162	-80.323568
33.431371	-80.322568
33.43295	-80.31927
33.43424	-80.317317
33.437213	-80.311326
33.437961	-80.308711
33.440152	-80.303413
33.440738	-80.300193
33.440329	-80.295206
33.440777	-80.291438
33.442582	-80.288485
33.444598	-80.286463
33.446703	-80.285268
33.447509	-80.284373
33.448354	-80.281988
33.448425	-80.280085
33.448108	-80.278759
33.446927	-80.276675
33.445885	-80.275697
33.443769	-80.274547
33.439126	-80.273374
33.438181	-80.272655
33.437694	-80.271022
33.437852	-80.267879
33.439898	-80.264925
33.441709	-80.260011
33.444143	-80.257248
33.445611	-80.256505
33.447999	-80.255818
33.448499	-80.255452
33.449329	-80.253912
33.45031	-80.24825
33.449968	-80.246101
33.449129	-80.243489
33.449327	-80.242772
33.450559	-80.241755
33.452037	-80.241325
33.453916	-80.241339
33.454598	-80.240558
33.454462	-80.239062
33.453829	-80.238473
33.450761	-80.238978
33.448023	-80.238403
33.446238	-80.237595
33.445214	-80.237483
33.444001	-80.237963
33.441699	-80.239949
33.440507	-80.239691
33.439763	-80.238728
33.439582	-80.238075
33.439635	-80.23591
33.440794	-80.233677
33.442208	-80.231789
33.444553	-80.229334
33.444759	-80.228598
33.444836	-80.225273
33.443716	-80.222267
33.439564	-80.222162
33.4351	-80.221479
33.433729	-80.221595
33.426203	-80.224541
33.424484	-80.224817
33.418127	-80.223834
33.415046	-80.223842
33.412778	-80.224229
33.411241	-80.224975
33.409337	-80.225201
33.404542	-80.221893
33.391288	-80.222568
33.391575	-80.229876
33.384105	-80.230245
33.384125	-80.2324
33.391153	-80.238463
33.382709	-80.24135
33.378241	-80.241975
33.375164	-80.241836
33.373999	-80.24107
33.37141	-80.240222
33.366324	-80.240601
33.362911	-80.239398
33.359956	-80.239069
33.354663	-80.240077
33.353105	-80.239692
33.351318	-80.239774
33.35015	-80.240374
33.347881	-80.242365
33.345818	-80.243647
33.342725	-80.244873
33.339951	-80.246891
33.338164	-80.247654
33.327763	-80.247321
33.326411	-80.247784
33.322812	-80.25116
33.320705	-80.252471
33.308769	-80.252288
33.304233	-80.252864
33.299239	-80.253986
33.299905	-80.255623
33.299561	-80.256496
33.297638	-80.258326
33.296814	-80.259663
33.295348	-80.26051
33.294478	-80.262011
33.292325	-80.263512
33.292028	-80.265722
33.290907	-80.269487
33.290426	-80.270196
33.287837	-80.271807
33.28573	-80.272599
33.285341	-80.273063
33.2847	-80.275409
33.282593	-80.278546
33.282364	-80.280101
33.28083	-80.284111
33.279342	-80.287004
33.279113	-80.289268
33.278128	-80.290195
33.276891	-80.290877
33.276325	-80.291687
33.271256	-80.294481
33.269964	-80.296004
33.267459	-80.301943
33.264571	-80.311594
33.264107	-80.31474
33.264118	-80.317203
33.264772	-80.319963
33.266052	-80.322264
33.269053	-80.32559
33.272227	-80.330097
33.275874	-80.337602
33.277857	-80.344563
33.27804	-80.348831
33.277823	-80.350782
33.276771	-80.354397
33.274775	-80.357354
33.271995	-80.3591
33.263077	-80.361301
33.257443	-80.361851
33.258555	-80.364302
33.260675	-80.374816
33.260502	-80.377665
33.261012	-80.381974
33.261738	-80.384448
33.264291	-80.389827
33.264663	-80.39421
33.264232	-80.396309
33.262365	-80.401436
33.259928	-80.411725
33.25981	-80.413293
33.258253	-80.419996
33.257709	-80.424457
33.257762	-80.427092
33.260022	-80.436172
33.262403	-80.441158
33.263632	-80.442148
33.269539	-80.449498
33.270656	-80.451683
33.270995	-80.45349
33.270666	-80.462284
33.271471	-80.466619
33.273671	-80.473335
33.274851	-80.475608
33.277659	-80.479263
33.279407	-80.483606
33.280034	-80.484578
33.28219	-80.486121
33.289558	-80.489229
33.29329	-80.491738
33.297539	-80.493962
33.302808	-80.495223
33.304964	-80.495342
33.315793	-80.493882
33.321167	-80.494129
33.323807	-80.494669
33.326172	-80.49574
33.330567	-80.498468
33.334496	-80.50279
33.250132	-80.660746
33.247407	-80.666187
33.18084	-80.790296
33.181168	-80.790822
33.181077	-80.791667
33.180527	-80.792403
33.178648	-80.793711
33.17693	-80.795864
33.176976	-80.798316
33.177618	-80.801013
33.177458	-80.802566
33.177756	-80.803601
33.179749	-80.805235
33.180666	-80.806979
33.181147	-80.807415
33.182293	-80.807742
33.183049	-80.808368
33.183576	-80.810112
33.184996	-80.811556
33.186096	-80.814581
33.187493	-80.817006
33.189028	-80.81736
33.190402	-80.818586
33.190769	-80.818586
33.191342	-80.817932
33.192144	-80.818286
33.192785	-80.818041
33.193129	-80.817142
33.193656	-80.816761
33.194687	-80.816842
33.195351	-80.817224
33.196749	-80.818914
33.197917	-80.821775
33.197619	-80.822756
33.197092	-80.822456
33.196794	-80.82311
33.196313	-80.82311
33.195809	-80.8242
33.196061	-80.825126
33.196794	-80.825781
33.198077	-80.825999
33.19881	-80.8251
33.199063	-80.823192
33.199406	-80.822647
33.199819	-80.822484
33.200117	-80.822838
33.200162	-80.824555
33.200483	-80.825154
33.201606	-80.824746
33.201903	-80.8251
33.202064	-80.826435
33.202911	-80.828234
33.202751	-80.828915
33.203369	-80.829788
33.203323	-80.830087
33.202819	-80.830387
33.202613	-80.830959
33.203208	-80.832894
33.203139	-80.834257
33.203529	-80.834639
33.203437	-80.83581
33.203712	-80.8375
33.204491	-80.836983
33.204949	-80.837092
33.205476	-80.838236
33.20614	-80.838945
33.207217	-80.839491
33.207446	-80.840227
33.207904	-80.840581
33.208133	-80.840445
33.208088	-80.838619
33.208661	-80.837556
33.209829	-80.837093
33.210769	-80.837284
33.210975	-80.838238
33.210012	-80.838946
33.210172	-80.839628
33.210814	-80.839819
33.211158	-80.839546
33.211845	-80.839819
33.212165	-80.840964
33.212051	-80.841809
33.211432	-80.842463
33.211569	-80.843362
33.212485	-80.844044
33.213356	-80.843445
33.21354	-80.842927
33.213242	-80.841073
33.213494	-80.84061
33.214021	-80.840665
33.214892	-80.84181
33.215602	-80.841973
33.21645	-80.841074
33.217	-80.838894
33.21739	-80.838513
33.218054	-80.838376
33.218764	-80.838595
33.219841	-80.839931
33.21968	-80.841075
33.220093	-80.841757
33.220092	-80.84222
33.21929	-80.843392
33.219221	-80.843855
33.220092	-80.844783
33.220664	-80.846282
33.221328	-80.847018
33.221833	-80.846937
33.222085	-80.846364
33.2211	-80.844783
33.221146	-80.844292
33.221833	-80.844156
33.223139	-80.845847
33.223826	-80.845901
33.224766	-80.845411
33.225682	-80.846502
33.227194	-80.84653
33.22834	-80.845549
33.22937	-80.845549
33.230356	-80.843914
33.230768	-80.843778
33.231432	-80.844051
33.230813	-80.845495
33.230859	-80.846013
33.231455	-80.846122
33.232417	-80.845687
33.232692	-80.845987
33.232875	-80.847949
33.23331	-80.848031
33.233562	-80.847623
33.233471	-80.846532
33.233677	-80.846231
33.234479	-80.846477
33.234799	-80.848058
33.235212	-80.848168
33.236083	-80.847132
33.237343	-80.846832
33.23787	-80.846178
33.238328	-80.846151
33.238419	-80.849805
33.239266	-80.850732
33.238509	-80.852695
33.238693	-80.853403
33.23954	-80.853513
33.240617	-80.853077
33.241121	-80.853759
33.240731	-80.854577
33.238577	-80.855012
33.237707	-80.855802
33.237867	-80.856729
33.238577	-80.857357
33.238989	-80.857302
33.240754	-80.855858
33.24151	-80.855749
33.242083	-80.854986
33.242633	-80.85545
33.243068	-80.856486
33.243755	-80.856514
33.244511	-80.855969
33.245542	-80.855751
33.245771	-80.855997
33.245748	-80.856515
33.24474	-80.857878
33.244853	-80.85995
33.24522	-80.860877
33.245701	-80.861232
33.245632	-80.862377
33.246089	-80.863195
33.248037	-80.863169
33.249	-80.862024
33.251056	-80.862953
33.251376	-80.863799
33.251261	-80.864671
33.250941	-80.864944
33.249844	-80.864833
33.249251	-80.86407
33.248243	-80.863824
33.248265	-80.865814
33.247646	-80.866141
33.247761	-80.866495
33.248242	-80.86655
33.248723	-80.867123
33.24847	-80.867614
33.249065	-80.869114
33.250159	-80.870287
33.251121	-80.870533
33.251351	-80.870315
33.25142	-80.869088
33.251993	-80.869252
33.253046	-80.870235
33.253298	-80.871544
33.252587	-80.872688
33.254144	-80.873126
33.254488	-80.873617
33.254648	-80.876237
33.253205	-80.877465
33.253114	-80.877793
33.253504	-80.878556
33.25442	-80.877574
33.255016	-80.877955
33.254558	-80.879455
33.254673	-80.879918
33.255245	-80.879454
33.255979	-80.879536
33.256323	-80.880735
33.256736	-80.881308
33.257835	-80.881116
33.257881	-80.881498
33.257423	-80.882398
33.257561	-80.883025
33.259234	-80.882833
33.2596	-80.883078
33.260013	-80.884414
33.25983	-80.885396
33.257907	-80.887197
33.258044	-80.887906
33.259786	-80.888369
33.261229	-80.887304
33.262351	-80.885231
33.262877	-80.885231
33.26377	-80.886076
33.26416	-80.887194
33.263221	-80.886921
33.262007	-80.88864
33.261916	-80.889213
33.261206	-80.889486
33.26132	-80.89014
33.26242	-80.88984
33.26281	-80.890249
33.263772	-80.890139
33.264345	-80.890875
33.265124	-80.891011
33.265697	-80.891502
33.265972	-80.892265
33.266476	-80.891774
33.266957	-80.891746
33.267553	-80.892373
33.268355	-80.892182
33.268882	-80.892973
33.268791	-80.893545
33.268218	-80.893737
33.267921	-80.894964
33.268173	-80.895673
33.269846	-80.895972
33.270189	-80.896463
33.269617	-80.897145
33.270282	-80.897799
33.270167	-80.898618
33.269595	-80.899327
33.269801	-80.899872
33.270122	-80.899872
33.270809	-80.899026
33.271199	-80.899381
33.270535	-80.901563
33.27097	-80.901917
33.271749	-80.901917
33.271956	-80.902953
33.272345	-80.903417
33.272758	-80.903389
33.273124	-80.902462
33.273399	-80.902353
33.273582	-80.903225
33.273926	-80.903553
33.275324	-80.903307
33.275553	-80.90377
33.275576	-80.904779
33.276287	-80.906006
33.275829	-80.906907
33.276012	-80.90737
33.27686	-80.907097
33.277341	-80.90617
33.277753	-80.906551
33.277387	-80.907779
33.276562	-80.90857
33.276631	-80.909061
33.277617	-80.910043
33.279633	-80.909797
33.279839	-80.910233
33.278534	-80.912688
33.278832	-80.91337
33.27929	-80.913233
33.279656	-80.912115
33.28016	-80.911897
33.280183	-80.913015
33.280481	-80.913288
33.281443	-80.912987
33.281787	-80.913369
33.281902	-80.914706
33.281673	-80.915033
33.280573	-80.915442
33.280344	-80.91577
33.280436	-80.916261
33.280825	-80.916588
33.28236	-80.916124
33.2833	-80.915414
33.283552	-80.915742
33.283391	-80.916151
33.28275	-80.91656
33.282956	-80.917106
33.283666	-80.916533
33.284056	-80.916724
33.284056	-80.917133
33.2833	-80.918415
33.283438	-80.918797
33.284033	-80.91836
33.284789	-80.919233
33.284996	-80.918933
33.285294	-80.919069
33.285133	-80.919751
33.286531	-80.921742
33.286646	-80.922642
33.28715	-80.923597
33.286784	-80.925288
33.287196	-80.926489
33.287723	-80.926598
33.28825	-80.925152
33.28857	-80.922642
33.288845	-80.922642
33.289464	-80.923651
33.290128	-80.924142
33.290426	-80.925479
33.292167	-80.927361
33.292098	-80.927797
33.290931	-80.928016
33.291068	-80.928834
33.291846	-80.929407
33.292854	-80.928943
33.293267	-80.929243
33.293267	-80.92957
33.292786	-80.930089
33.293106	-80.930853
33.29274	-80.931562
33.292946	-80.932026
33.294092	-80.932026
33.294481	-80.931425
33.294412	-80.930034
33.295466	-80.929106
33.295787	-80.929243
33.295764	-80.929597
33.295146	-80.930389
33.296016	-80.932571
33.296704	-80.932926
33.296704	-80.933335
33.296016	-80.934535
33.296268	-80.935108
33.296658	-80.935081
33.297208	-80.934563
33.297276	-80.933444
33.297712	-80.933335
33.298605	-80.934208
33.299476	-80.935927
33.300278	-80.936691
33.300163	-80.937291
33.299613	-80.937864
33.300003	-80.938327
33.300507	-80.937836
33.300942	-80.937918
33.301057	-80.939419
33.301973	-80.938955
33.30289	-80.93991
33.3036	-80.939965
33.303783	-80.940292
33.303279	-80.940783
33.303531	-80.941629
33.30486	-80.943402
33.305593	-80.943402
33.305868	-80.94373
33.305593	-80.94433
33.304975	-80.944057
33.304516	-80.945585
33.304654	-80.946267
33.305387	-80.945831
33.306257	-80.946295
33.305868	-80.947113
33.304699	-80.946867
33.304539	-80.947195
33.304676	-80.947822
33.305158	-80.948259
33.305593	-80.948232
33.306372	-80.947441
33.306784	-80.947904
33.306601	-80.948696
33.306005	-80.948723
33.305089	-80.950087
33.305341	-80.951124
33.305776	-80.951206
33.306578	-80.950742
33.306715	-80.949678
33.307953	-80.948559
33.309259	-80.948423
33.309579	-80.949051
33.30935	-80.949351
33.308319	-80.949487
33.307953	-80.950851
33.307448	-80.951561
33.307471	-80.952406
33.308159	-80.951997
33.308479	-80.953334
33.309602	-80.954972
33.309029	-80.955108
33.309212	-80.955626
33.309074	-80.956008
33.308204	-80.956226
33.308272	-80.956827
33.309212	-80.956691
33.310059	-80.957618
33.309762	-80.958055
33.310105	-80.958928
33.309922	-80.959228
33.308914	-80.958819
33.308707	-80.959119
33.308982	-80.959774
33.308501	-80.961247
33.307882	-80.961247
33.308042	-80.961956
33.309096	-80.961738
33.309325	-80.962666
33.309967	-80.962039
33.311525	-80.962257
33.3118	-80.962585
33.311662	-80.963049
33.310837	-80.963103
33.310677	-80.963403
33.310837	-80.963676
33.311708	-80.963731
33.312395	-80.964195
33.313381	-80.963404
33.313564	-80.963595
33.313289	-80.964495
33.31377	-80.96455
33.314411	-80.965287
33.315144	-80.96556
33.315786	-80.966434
33.316358	-80.966679
33.316816	-80.967962
33.318626	-80.96799
33.318741	-80.968645
33.317939	-80.968863
33.3189	-80.971401
33.318808	-80.97211
33.317892	-80.972083
33.318189	-80.973556
33.317456	-80.973556
33.317387	-80.973993
33.318006	-80.974757
33.317914	-80.975576
33.317295	-80.975739
33.317341	-80.976039
33.317982	-80.975985
33.318372	-80.976395
33.318899	-80.976204
33.319403	-80.976368
33.319426	-80.976832
33.318349	-80.976831
33.31828	-80.97724
33.319013	-80.978387
33.318073	-80.979614
33.318371	-80.980051
33.319448	-80.97926
33.319745	-80.980297
33.320203	-80.98027
33.320593	-80.981198
33.321463	-80.981717
33.321647	-80.980489
33.321922	-80.980053
33.322724	-80.979999
33.322999	-80.980435
33.32309	-80.981418
33.323524	-80.981855
33.323913	-80.982974
33.324944	-80.983766
33.324233	-80.984584
33.324371	-80.984966
33.325722	-80.985458
33.327028	-80.985377
33.327783	-80.987615
33.327714	-80.988625
33.32863	-80.989444
33.329157	-80.990618
33.329225	-80.991328
33.329844	-80.991519
33.329706	-80.991956
33.32911	-80.992365
33.327759	-80.991873
33.327277	-80.992118
33.328216	-80.993374
33.328124	-80.993729
33.327185	-80.99351
33.327025	-80.993701
33.327276	-80.994629
33.327826	-80.994984
33.328536	-80.994793
33.328903	-80.995285
33.328719	-80.99594
33.329634	-80.998014
33.329428	-80.998506
33.329016	-80.998669
33.329199	-81.000339
33.329588	-81.000288
33.330047	-80.998506
33.33023	-80.998506
33.330459	-80.999216
33.330734	-80.999321
33.331101	-80.998534
33.331467	-80.998862
33.331054	-81.000365
33.330573	-81.000829
33.331582	-81.001784
33.332086	-81.001865
33.332155	-81.003066
33.333255	-81.003038
33.333782	-81.003611
33.33463	-81.00331
33.33463	-81.004211
33.335409	-81.004292
33.336303	-81.00511
33.336465	-81.006939
33.335273	-81.006831
33.334906	-81.006312
33.334563	-81.006367
33.333853	-81.007923
33.334586	-81.008141
33.335068	-81.009205
33.336099	-81.00915
33.335504	-81.010242
33.335848	-81.011061
33.336581	-81.010951
33.33752	-81.01136
33.337727	-81.013134
33.338415	-81.013516
33.338415	-81.013843
33.337613	-81.014253
33.33798	-81.014717
33.337888	-81.015154
33.337041	-81.015045
33.33672	-81.015947
33.337454	-81.016602
33.336881	-81.017912
33.336882	-81.018594
33.337615	-81.019222
33.337798	-81.019767
33.337226	-81.020259
33.337249	-81.020614
33.338601	-81.020804
33.338784	-81.022469
33.338166	-81.022579
33.338739	-81.024735
33.34016	-81.025034
33.340367	-81.026508
33.341169	-81.026781
33.340962	-81.025607
33.341375	-81.025934
33.341879	-81.025716
33.343116	-81.026016
33.342658	-81.027299
33.34291	-81.027735
33.345224	-81.027653
33.344766	-81.028335
33.345247	-81.028826
33.345614	-81.028826
33.34582	-81.028198
33.346095	-81.028198
33.346966	-81.029535
33.347469	-81.029672
33.347721	-81.030572
33.348798	-81.031036
33.34873	-81.031555
33.347218	-81.032538
33.346599	-81.032565
33.346874	-81.033466
33.346783	-81.034012
33.346095	-81.034258
33.346027	-81.034558
33.346691	-81.035159
33.347058	-81.035077
33.347264	-81.034258
33.347493	-81.03423
33.348318	-81.036168
33.349097	-81.036059
33.349441	-81.037342
33.349235	-81.038543
33.348296	-81.03857
33.348548	-81.039416
33.349167	-81.039416
33.349258	-81.039771
33.348617	-81.040672
33.347036	-81.040782
33.347059	-81.041218
33.348044	-81.041873
33.347999	-81.042528
33.34848	-81.043265
33.348411	-81.043538
33.348022	-81.043566
33.348182	-81.04403
33.347839	-81.044549
33.347907	-81.045013
33.34832	-81.045122
33.348251	-81.045859
33.348916	-81.046787
33.350176	-81.046841
33.350084	-81.047196
33.349122	-81.048043
33.349214	-81.048426
33.350153	-81.048671
33.350497	-81.048124
33.35123	-81.048561
33.351138	-81.049026
33.350611	-81.049353
33.352536	-81.051865
33.352834	-81.052629
33.353613	-81.053011
33.353567	-81.053775
33.3543	-81.054321
33.354209	-81.054731
33.353751	-81.054977
33.353774	-81.055331
33.35469	-81.05615
33.354965	-81.056123
33.35508	-81.055795
33.356271	-81.056178
33.356225	-81.057788
33.356431	-81.05817
33.356867	-81.058061
33.357027	-81.056997
33.357485	-81.056778
33.357692	-81.057652
33.358356	-81.057815
33.358631	-81.05817
33.358516	-81.058525
33.35776	-81.058744
33.359387	-81.060272
33.359754	-81.061692
33.359364	-81.062675
33.359502	-81.063194
33.360166	-81.063166
33.360945	-81.063794
33.361197	-81.064695
33.361495	-81.064695
33.361838	-81.064122
33.362755	-81.065787
33.363419	-81.065787
33.363442	-81.066306
33.364313	-81.066607
33.364656	-81.06718
33.365458	-81.067153
33.36516	-81.068136
33.365917	-81.068463
33.366489	-81.070238
33.36642	-81.070811
33.365825	-81.071548
33.365825	-81.07204
33.366992	-81.072422
33.367107	-81.071958
33.367657	-81.072067
33.367794	-81.073323
33.368458	-81.072996
33.368435	-81.073979
33.36871	-81.074197
33.369673	-81.07417
33.369993	-81.073924
33.370429	-81.07417
33.370474	-81.074935
33.371001	-81.074689
33.371391	-81.074935
33.372101	-81.074798
33.372742	-81.075781
33.37359	-81.075672
33.373773	-81.075891
33.373498	-81.077584
33.374752	-81.078021
33.375479	-81.081188
33.375593	-81.086022
33.376197	-81.087251
33.377091	-81.087388
33.376884	-81.088317
33.377113	-81.088754
33.378145	-81.088344
33.379244	-81.088481
33.379565	-81.088836
33.379427	-81.089382
33.378946	-81.089901
33.378373	-81.089737
33.377594	-81.089928
33.377617	-81.090856
33.378465	-81.091648
33.378762	-81.093669
33.378761	-81.096618
33.379334	-81.097247
33.378394	-81.099649
33.379264	-81.09995
33.379127	-81.100305
33.37837	-81.100578
33.378553	-81.102216
33.379263	-81.103172
33.378759	-81.103882
33.379171	-81.105439
33.379996	-81.105057
33.380202	-81.105248
33.380041	-81.106176
33.379651	-81.10675
33.379995	-81.10705
33.380109	-81.107706
33.380659	-81.108443
33.380819	-81.109536
33.380338	-81.11
33.380452	-81.110382
33.381391	-81.110191
33.381277	-81.110847
33.380795	-81.111393
33.380978	-81.111966
33.38194	-81.112431
33.381757	-81.113551
33.38194	-81.114207
33.382352	-81.11448
33.382672	-81.115464
33.383245	-81.114836
33.383772	-81.115109
33.38352	-81.116092
33.383222	-81.116365
33.383267	-81.11672
33.384275	-81.116803
33.384595	-81.117076
33.384389	-81.117622
33.383473	-81.117621
33.383427	-81.117949
33.384754	-81.119288
33.386656	-81.119153
33.386587	-81.119535
33.385991	-81.119972
33.386587	-81.120354
33.38654	-81.121611
33.387044	-81.121747
33.386815	-81.123249
33.387135	-81.123249
33.387594	-81.122704
33.38796	-81.123387
33.387891	-81.124373
33.388498	-81.124822
33.388098	-81.125848
33.38867	-81.125847
33.388762	-81.126639
33.388259	-81.127786
33.388511	-81.128251
33.388397	-81.128742
33.389062	-81.130763
33.38952	-81.130599
33.390025	-81.131418
33.390803	-81.130625
33.391216	-81.130789
33.391125	-81.131608
33.39156	-81.132236
33.392018	-81.131935
33.3936	-81.132945
33.393944	-81.134692
33.393807	-81.13573
33.395366	-81.137505
33.395549	-81.138051
33.395297	-81.138461
33.39603	-81.138679
33.397314	-81.140317
33.397475	-81.142256
33.397773	-81.14231
33.398071	-81.142802
33.398644	-81.143075
33.398621	-81.143321
33.398048	-81.143457
33.398438	-81.144031
33.399469	-81.144331
33.398942	-81.144795
33.399263	-81.145834
33.399653	-81.146244
33.399218	-81.147063
33.399356	-81.147418
33.40112	-81.147554
33.400433	-81.14851
33.40041	-81.149548
33.400869	-81.150559
33.401418	-81.149985
33.403206	-81.150148
33.403572	-81.150448
33.403527	-81.151158
33.402542	-81.151924
33.402633	-81.152361
33.403848	-81.153043
33.403573	-81.154108
33.403848	-81.154736
33.404582	-81.15531
33.404925	-81.155938
33.404697	-81.157031
33.405682	-81.15703
33.406323	-81.157331
33.406025	-81.159188
33.405658	-81.159653
33.406026	-81.161974
33.407217	-81.161646
33.407652	-81.163148
33.408432	-81.163858
33.409027	-81.163831
33.409211	-81.164568
33.408684	-81.164842
33.408661	-81.165388
33.408203	-81.165497
33.408134	-81.165798
33.40889	-81.166289
33.408982	-81.167082
33.408478	-81.167082
33.408776	-81.167764
33.408364	-81.168092
33.408478	-81.169649
33.40873	-81.170223
33.408731	-81.171097
33.408433	-81.171807
33.407998	-81.172053
33.408319	-81.174048
33.408823	-81.174021
33.409625	-81.175223
33.409602	-81.17555
33.409121	-81.175988
33.409327	-81.177162
33.410152	-81.177053
33.410152	-81.177654
33.410427	-81.178145
33.410243	-81.178774
33.410312	-81.180058
33.409854	-81.180659
33.409946	-81.180959
33.410587	-81.180986
33.410014	-81.181669
33.41045	-81.182325
33.410221	-81.184073
33.409854	-81.184428
33.410473	-81.185712
33.410038	-81.185958
33.410656	-81.186996
33.410748	-81.187843
33.411412	-81.188034
33.410931	-81.188662
33.411	-81.189018
33.411573	-81.189291
33.411756	-81.1897
33.412856	-81.190138
33.412878	-81.190493
33.413337	-81.190493
33.414024	-81.191148
33.414803	-81.190985
33.414963	-81.19134
33.417071	-81.19164
33.417575	-81.192405
33.418446	-81.192077
33.418606	-81.192405
33.418514	-81.193853
33.419018	-81.195656
33.419499	-81.196203
33.419362	-81.197159
33.420026	-81.196913
33.420232	-81.197596
33.420736	-81.19746
33.421355	-81.198471
33.423119	-81.198471
33.4236	-81.197979
33.424952	-81.198034
33.425708	-81.19858
33.426876	-81.198635
33.427174	-81.199564
33.428594	-81.199838
33.4288	-81.199646
33.43061	-81.200056
33.431297	-81.201013
33.431961	-81.201314
33.432305	-81.202953
33.432878	-81.202898
33.433588	-81.203227
33.433931	-81.203992
33.434527	-81.204046
33.434825	-81.204484
33.43542	-81.204593
33.436176	-81.205551
33.436978	-81.205906
33.437688	-81.206699
33.437642	-81.207382
33.437894	-81.207655
33.438055	-81.209103
33.438352	-81.209732
33.43794	-81.210196
33.438993	-81.211945
33.438832	-81.21506
33.438237	-81.215306
33.438304	-81.218886
33.438831	-81.218749
33.439037	-81.219651
33.439495	-81.220007
33.438945	-81.221236
33.438991	-81.221619
33.440136	-81.222712
33.441007	-81.222111
33.440823	-81.223532
33.44041	-81.223997
33.440434	-81.224516
33.440823	-81.225063
33.44041	-81.2255
33.440776	-81.226866
33.440683	-81.227877
33.440226	-81.228205
33.440477	-81.231265
33.442676	-81.232552
33.443064	-81.233345
33.442377	-81.233399
33.442149	-81.233699
33.442103	-81.234601
33.442354	-81.234956
33.442171	-81.235476
33.442881	-81.235585
33.442467	-81.23635
33.441986	-81.236104
33.441712	-81.236432
33.441048	-81.236541
33.441048	-81.236814
33.442467	-81.238181
33.442352	-81.238673
33.442535	-81.23911
33.442214	-81.239739
33.441573	-81.239847
33.4421	-81.241405
33.441938	-81.243018
33.441136	-81.242908
33.441549	-81.243646
33.442259	-81.243537
33.442877	-81.245505
33.442487	-81.24586
33.442624	-81.246215
33.443998	-81.246353
33.443793	-81.246845
33.44409	-81.247145
33.443815	-81.247774
33.445211	-81.248868
33.444833	-81.249826
33.445532	-81.25073
33.445487	-81.252069
33.446198	-81.253735
33.446771	-81.253653
33.447069	-81.254063
33.447665	-81.254035
33.447893	-81.254308
33.447733	-81.255019
33.448146	-81.255838
33.448949	-81.256494
33.449337	-81.256493
33.449773	-81.255974
33.449934	-81.256329
33.449773	-81.257258
33.449956	-81.257805
33.45092	-81.258159
33.451172	-81.258542
33.450783	-81.259499
33.450073	-81.259444
33.450898	-81.26092
33.451585	-81.260728
33.451653	-81.25999
33.452089	-81.259935
33.452318	-81.260372
33.452157	-81.260946
33.451608	-81.261548
33.451653	-81.26193
33.452112	-81.262121
33.451563	-81.26327
33.451631	-81.263598
33.45209	-81.263597
33.452823	-81.263023
33.452914	-81.263378
33.453395	-81.263269
33.453557	-81.263569
33.452778	-81.264417
33.452801	-81.264717
33.454039	-81.265564
33.454245	-81.266192
33.454497	-81.266165
33.45468	-81.265482
33.455368	-81.266438
33.45507	-81.267422
33.455849	-81.26805
33.456468	-81.268979
33.456743	-81.268952
33.456834	-81.268296
33.457819	-81.268268
33.458185	-81.268541
33.45814	-81.269088
33.458874	-81.269197
33.458623	-81.270919
33.458829	-81.271246
33.459608	-81.270863
33.459791	-81.271191
33.459608	-81.272558
33.458897	-81.273132
33.45883	-81.273515
33.459563	-81.274171
33.459609	-81.274772
33.460044	-81.275072
33.46025	-81.274143
33.460112	-81.273241
33.460479	-81.273241
33.460915	-81.274033
33.460869	-81.274662
33.461624	-81.274744
33.462106	-81.276001
33.462632	-81.276055
33.463251	-81.276793
33.463115	-81.277312
33.4641	-81.277421
33.464191	-81.276875
33.464971	-81.277421
33.464948	-81.278022
33.466575	-81.278541
33.46701	-81.279416
33.46756	-81.279415
33.467972	-81.280017
33.468338	-81.280126
33.468316	-81.2807
33.467857	-81.280973
33.467514	-81.281712
33.467697	-81.282176
33.468293	-81.282504
33.468201	-81.283297
33.468729	-81.283898
33.468339	-81.284472
33.46779	-81.286714
33.469026	-81.286604
33.469302	-81.286167
33.469577	-81.286166
33.469828	-81.287232
33.470425	-81.287806
33.470287	-81.28838
33.470494	-81.289064
33.471204	-81.288872
33.4718	-81.289309
33.471731	-81.289774
33.472372	-81.289801
33.472876	-81.290485
33.472831	-81.291195
33.47354	-81.291496
33.473747	-81.291058
33.474663	-81.291468
33.474091	-81.291824
33.474182	-81.292644
33.474961	-81.29278
33.475054	-81.293382
33.475375	-81.29371
33.47542	-81.294421
33.476039	-81.294256
33.476909	-81.294557
33.476956	-81.29524
33.477735	-81.295568
33.478147	-81.296416
33.479957	-81.296962
33.479591	-81.297427
33.479407	-81.298466
33.480255	-81.298602
33.480049	-81.299231
33.479293	-81.299067
33.479018	-81.299505
33.479545	-81.299641
33.479819	-81.300434
33.479591	-81.300735
33.480026	-81.301391
33.480003	-81.302047
33.481423	-81.301391
33.481561	-81.301828
33.480714	-81.302594
33.480003	-81.30284
33.480255	-81.304097
33.47966	-81.305082
33.48037	-81.304972
33.480966	-81.30571
33.48021	-81.306339
33.479706	-81.306203
33.479706	-81.307432
33.478949	-81.308771
33.479247	-81.310493
33.478766	-81.310602
33.478146	-81.31153
33.478467	-81.31246
33.478282	-81.312814
33.4784	-81.313311
33.478949	-81.313175
33.479362	-81.313585
33.479156	-81.313968
33.479248	-81.314378
33.479774	-81.314323
33.480027	-81.315034
33.480462	-81.315088
33.480485	-81.315909
33.479958	-81.316346
33.480393	-81.317166
33.480919	-81.317002
33.481378	-81.318096
33.480781	-81.318889
33.480966	-81.319189
33.481836	-81.318916
33.482294	-81.319053
33.481606	-81.319955
33.481651	-81.320584
33.482957	-81.322525
33.482522	-81.323864
33.482683	-81.324903
33.482087	-81.32463
33.481537	-81.325833
33.481994	-81.326325
33.481972	-81.326762
33.481422	-81.327172
33.481513	-81.327856
33.481101	-81.329305
33.480735	-81.329414
33.48023	-81.330234
33.480161	-81.332448
33.481237	-81.332913
33.481375	-81.33428
33.480321	-81.333925
33.480665	-81.334718
33.480596	-81.33521
33.480939	-81.335538
33.480984	-81.336413
33.48048	-81.336604
33.481214	-81.337889
33.480916	-81.338709
33.480572	-81.338764
33.48071	-81.33931
33.480274	-81.33972
33.480114	-81.340322
33.480846	-81.340076
33.481465	-81.340213
33.481603	-81.340732
33.482152	-81.340869
33.482152	-81.341252
33.48142	-81.34158
33.481671	-81.341963
33.48151	-81.342482
33.481992	-81.343357
33.481372	-81.343193
33.481259	-81.343794
33.480891	-81.344231
33.480915	-81.344587
33.481693	-81.344697
33.481945	-81.345735
33.482931	-81.345517
33.48293	-81.345982
33.48348	-81.346256
33.483618	-81.346748
33.483319	-81.347595
33.48357	-81.347787
33.484236	-81.347541
33.484212	-81.348443
33.483663	-81.348634
33.483915	-81.349017
33.485106	-81.349182
33.484487	-81.349755
33.484119	-81.350739
33.484578	-81.351314
33.484578	-81.351697
33.484143	-81.352298
33.484807	-81.352271
33.485059	-81.352517
33.484807	-81.35331
33.484234	-81.353911
33.484417	-81.354485
33.485265	-81.354896
33.484806	-81.355579
33.483935	-81.355469
33.483911	-81.355879
33.485447	-81.35681
33.485011	-81.357329
33.485103	-81.357739
33.484828	-81.358504
33.484827	-81.359981
33.485239	-81.360446
33.485148	-81.361375
33.48572	-81.36143
33.486384	-81.362005
33.486659	-81.36195
33.48698	-81.361267
33.487347	-81.361185
33.48753	-81.361869
33.488171	-81.362115
33.488537	-81.363838
33.488193	-81.364166
33.488444	-81.364877
33.487962	-81.366216
33.488466	-81.366244
33.488695	-81.366927
33.489749	-81.368076
33.489129	-81.36947
33.490479	-81.372452
33.49051	-81.373494
33.500147	-81.361511
33.52185	-81.335546
33.597558	-81.249825
33.615129	-81.229498
33.622644	-81.221565
33.625151	-81.219479
33.652711	-81.187403
33.685593	-81.108727
33.693487	-81.09093
