#GsakName=Ogoouﻠ-Ivindo
1.42143,14.03027
1.41362,14.02866
1.41040,14.03025
1.39865,14.04258
1.39749,14.04989
1.38506,14.05855
1.38068,14.06654
1.37883,14.07454
1.37881,14.08345
1.37709,14.09384
1.37556,14.10310
1.38014,14.10927
1.39185,14.11889
1.39252,14.12529
1.39481,14.12963
1.39498,14.14222
1.39501,14.14449
1.39154,14.16002
1.39129,14.17031
1.39495,14.17534
1.39562,14.18722
1.39331,14.19110
1.38250,14.19794
1.37467,14.20547
1.37005,14.21688
1.37095,14.22534
1.36956,14.23013
1.36355,14.23591
1.36219,14.23721
1.36148,14.24726
1.35917,14.25160
1.35112,14.25890
1.34626,14.27168
1.34119,14.27899
1.32670,14.28764
1.30530,14.29674
1.29954,14.30381
1.29977,14.30542
1.29425,14.30677
1.28323,14.30356
1.26966,14.30559
1.26071,14.30397
1.24923,14.29755
1.24119,14.29503
1.23360,14.29616
1.22877,14.30095
1.22645,14.30916
1.21726,14.31029
1.21033,14.32399
1.20412,14.32900
1.18825,14.33537
1.17743,14.34380
1.15376,14.34490
1.14571,14.34671
1.13268,14.35984
1.12084,14.37179
1.09944,14.38728
1.09367,14.39641
1.08976,14.39869
1.08402,14.39867
1.07183,14.40185
1.06173,14.39909
1.05736,14.39977
1.03527,14.41228
1.02645,14.41370
1.01642,14.42024
1.00147,14.42409
0.98928,14.43229
0.96996,14.43797
0.96683,14.44038
0.96053,14.44525
0.95936,14.45165
0.95106,14.46762
0.93771,14.47718
0.93338,14.48558
0.93255,14.49342
0.92865,14.49799
0.92624,14.49845
0.90590,14.50235
0.89855,14.50007
0.89050,14.49322
0.87992,14.49163
0.87670,14.48776
0.87439,14.46538
0.87071,14.46584
0.86474,14.47109
0.86291,14.47703
0.84867,14.48367
0.83534,14.48550
0.83361,14.48605
0.82523,14.48871
0.81994,14.48506
0.81281,14.47274
0.78936,14.46408
0.78683,14.46111
0.78038,14.43852
0.77532,14.43099
0.75255,14.41456
0.74558,14.41503
0.74222,14.41526
0.73026,14.40203
0.72726,14.39336
0.72427,14.39267
0.72128,14.38811
0.70312,14.37854
0.69852,14.36804
0.67254,14.35962
0.66130,14.37059
0.65085,14.37669
0.63742,14.38453
0.62913,14.36559
0.61717,14.35830
0.61073,14.34986
0.61003,14.33891
0.59301,14.32249
0.59162,14.31085
0.58078,14.29571
0.58035,14.29511
0.57690,14.29351
0.57001,14.29375
0.55576,14.28349
0.54382,14.28921
0.54358,14.28099
0.54838,14.25793
0.53664,14.23489
0.53639,14.22280
0.54029,14.21549
0.54493,14.21248
0.54947,14.20954
0.55084,14.19881
0.54324,14.18307
0.54300,14.17873
0.54874,14.16960
0.55515,14.15201
0.55765,14.13695
0.55832,14.11959
0.54981,14.10659
0.54221,14.10022
0.52129,14.08267
0.49394,14.07083
0.48957,14.07221
0.48178,14.08112
0.47994,14.08569
0.47444,14.09254
0.46939,14.09300
0.46663,14.09164
0.46154,14.08501
0.44731,14.07454
0.44273,14.07419
0.42985,14.07320
0.41974,14.06636
0.41628,14.06021
0.40708,14.05132
0.40454,14.03809
0.39096,14.02259
0.38819,14.01026
0.37622,13.98951
0.36756,13.98416
0.36518,13.98268
0.36219,13.97767
0.35093,13.97129
0.33645,13.96743
0.33667,13.96150
0.32932,13.95740
0.32540,13.94783
0.31574,13.94168
0.31069,13.94214
0.30726,13.94922
0.29975,13.94131
0.29644,13.93783
0.28979,13.94491
0.28863,13.93487
0.28587,13.93374
0.28442,13.93467
0.28266,13.93580
0.27807,13.93603
0.26797,13.94198
0.26429,13.93400
0.26427,13.92601
0.25370,13.92123
0.24611,13.91257
0.23805,13.89776
0.23529,13.89593
0.22840,13.89640
0.22036,13.89367
0.21554,13.89437
0.21004,13.90077
0.20267,13.88868
0.19923,13.89165
0.19258,13.89737
0.17813,13.90606
0.16825,13.90539
0.16183,13.91225
0.15449,13.91705
0.13131,13.92643
0.12075,13.92782
0.10284,13.92328
0.09065,13.91463
0.08737,13.91475
0.08422,13.91487
0.07298,13.92173
0.06173,13.92175
0.05049,13.92382
0.04475,13.92884
0.04797,13.93432
0.04867,13.94116
0.04571,13.95394
0.04135,13.95851
0.03079,13.95852
0.02137,13.95352
0.00438,13.94921
0.00000,13.93354
-0.00241,13.93311
-0.03225,13.93482
-0.06463,13.93084
-0.07536,13.92855
-0.08348,13.92681
-0.09612,13.92235
-0.09333,13.87778
-0.09278,13.87361
-0.09111,13.86389
-0.08722,13.85222
-0.08056,13.84250
-0.07389,13.83278
-0.07167,13.82361
-0.06750,13.81361
-0.06028,13.80417
-0.05278,13.79417
-0.04611,13.78417
-0.03861,13.77500
-0.03028,13.76556
-0.02278,13.75250
-0.01694,13.74222
-0.01278,13.73278
-0.00945,13.72278
-0.00611,13.71306
-0.00361,13.70333
-0.00195,13.69278
-0.00055,13.68139
0.00111,13.67000
0.00416,13.65889
0.00806,13.64917
0.01139,13.63778
0.01222,13.62722
0.01278,13.61556
0.01250,13.60583
0.01278,13.59528
0.01389,13.58528
0.01444,13.57583
0.02000,13.56555
0.02389,13.55528
0.02583,13.54611
0.03055,13.53583
0.03528,13.52556
0.03750,13.51583
0.03778,13.50639
0.03611,13.49611
0.03389,13.48555
0.03278,13.47583
0.03250,13.46639
0.03250,13.45667
0.03222,13.44611
0.03194,13.43611
0.03278,13.42639
0.03361,13.41667
0.03361,13.40556
0.03389,13.39472
0.03417,13.38417
0.03472,13.37361
0.03500,13.36306
0.03556,13.35222
0.03611,13.34305
0.03667,13.33250
0.03694,13.32278
0.03667,13.31305
0.03639,13.30250
0.03778,13.29222
0.04056,13.28222
0.04056,13.28028
0.04028,13.27111
0.03944,13.26167
0.04000,13.25194
0.04555,13.24222
0.05417,13.23250
0.06111,13.22278
0.05722,13.21195
0.05278,13.20250
0.05333,13.19278
0.05583,13.18250
0.06167,13.17139
0.07139,13.16167
0.07333,13.15167
0.08056,13.14250
0.08278,13.13250
0.08528,13.12194
0.09500,13.11500
0.10444,13.11222
0.11444,13.10917
0.12500,13.10667
0.13583,13.10389
0.14583,13.10111
0.15528,13.09611
0.16500,13.09083
0.17528,13.09306
0.18555,13.09500
0.19583,13.08972
0.19917,13.08000
0.20250,13.06917
0.21222,13.06278
0.22139,13.05889
0.22583,13.04944
0.22194,13.03972
0.21861,13.02944
0.21667,13.01833
0.21722,13.00889
0.22000,12.99861
0.22361,12.98833
0.23167,12.97805
0.23667,12.96805
0.24139,12.95778
0.25111,12.95361
0.26055,12.94555
0.25306,12.93556
0.24305,12.93528
0.23250,12.92639
0.22472,12.91694
0.21611,12.90667
0.21194,12.89694
0.21389,12.88722
0.21778,12.87750
0.22139,12.86750
0.22417,12.85750
0.22694,12.84778
0.23056,12.83778
0.23445,12.82806
0.22556,12.81833
0.21916,12.80861
0.22500,12.79945
0.23000,12.79000
0.23972,12.78195
0.24972,12.78139
0.26028,12.77222
0.26389,12.76222
0.27278,12.75306
0.28250,12.74806
0.29278,12.74194
0.28805,12.73222
0.27806,12.72611
0.26889,12.71722
0.26417,12.70695
0.26389,12.69639
0.26195,12.68611
0.25583,12.67583
0.24722,12.66555
0.24500,12.65583
0.24694,12.64639
0.25361,12.63667
0.26222,12.62722
0.27167,12.62056
0.28167,12.61306
0.28472,12.60889
0.28423,12.60878
0.25889,12.60306
0.22833,12.59916
0.19333,12.58917
0.16917,12.58472
0.13167,12.57583
0.09805,12.56917
0.06472,12.56194
0.03083,12.55500
-0.00389,12.54805
-0.04222,12.53944
-0.08000,12.53056
-0.12333,12.52028
-0.16889,12.51055
-0.20528,12.50250
-0.24500,12.49333
-0.28333,12.48445
-0.31528,12.47694
-0.34889,12.46972
-0.38222,12.46194
-0.40222,12.45778
-0.42139,12.45389
-0.43305,12.44944
-0.43917,12.42806
-0.44722,12.40639
-0.45694,12.38000
-0.47083,12.34389
-0.47750,12.32361
-0.48517,12.30235
-0.49083,12.28667
-0.50333,12.25305
-0.51278,12.22639
-0.52583,12.19222
-0.53472,12.16861
-0.54167,12.14861
-0.55056,12.12417
-0.55694,12.10250
-0.56889,12.07389
-0.57583,12.05639
-0.58472,12.03222
-0.59111,12.01306
-0.60000,11.99194
-0.60861,11.96667
-0.61639,11.94194
-0.62500,11.91778
-0.62535,11.91694
-0.63417,11.89611
-0.64167,11.87417
-0.64833,11.85583
-0.65694,11.83139
-0.66472,11.81000
-0.67111,11.79111
-0.67805,11.77055
-0.68444,11.75583
-0.69639,11.71944
-0.70667,11.69639
-0.71917,11.66056
-0.72972,11.63083
-0.73889,11.60389
-0.74750,11.57972
-0.75361,11.56250
-0.74944,11.56194
-0.74028,11.55750
-0.73056,11.55306
-0.72056,11.54722
-0.71028,11.54167
-0.70056,11.53695
-0.69028,11.53139
-0.68083,11.52833
-0.67083,11.52667
-0.66056,11.52417
-0.65139,11.52250
-0.64167,11.52111
-0.63083,11.51972
-0.62028,11.51833
-0.61028,11.51639
-0.59945,11.51389
-0.59000,11.50944
-0.57972,11.50444
-0.57028,11.49972
-0.56028,11.49417
-0.54944,11.48667
-0.53972,11.47805
-0.53083,11.46805
-0.52333,11.45750
-0.51694,11.44805
-0.50889,11.43833
-0.49944,11.43167
-0.48972,11.42528
-0.48000,11.42306
-0.47056,11.42055
-0.46028,11.41778
-0.45056,11.41417
-0.44028,11.40945
-0.43028,11.40555
-0.41944,11.40583
-0.40806,11.40945
-0.39834,11.41028
-0.38861,11.41139
-0.37778,11.41000
-0.36778,11.40694
-0.35778,11.40056
-0.34750,11.39417
-0.33694,11.38778
-0.32778,11.38194
-0.31833,11.37639
-0.30861,11.37028
-0.29889,11.36250
-0.28917,11.35473
-0.27972,11.34722
-0.27028,11.34166
-0.26028,11.33917
-0.25056,11.33778
-0.23944,11.33722
-0.22944,11.33667
-0.21695,11.33833
-0.20750,11.34194
-0.19806,11.34333
-0.18389,11.34055
-0.17444,11.33889
-0.16361,11.33833
-0.15278,11.33833
-0.14167,11.33583
-0.13222,11.33306
-0.12222,11.33056
-0.11195,11.32861
-0.10194,11.32056
-0.10083,11.31083
-0.10278,11.30056
-0.10056,11.29000
-0.09111,11.28500
-0.08111,11.27778
-0.07167,11.27805
-0.06195,11.28139
-0.05111,11.28667
-0.04000,11.29389
-0.03000,11.30139
-0.01944,11.30306
-0.00972,11.30500
0.00055,11.30778
0.01083,11.31083
0.01750,11.32056
0.01972,11.33056
0.02528,11.34028
0.03500,11.34611
0.04500,11.35111
0.05333,11.36111
0.05694,11.37083
0.05944,11.38028
0.06167,11.39028
0.06528,11.40056
0.07250,11.41083
0.07917,11.42028
0.08139,11.43056
0.08528,11.44056
0.09528,11.44861
0.10444,11.45722
0.10750,11.46639
0.10695,11.47583
0.10917,11.48556
0.11889,11.49194
0.12000,11.50167
0.11556,11.51194
0.11722,11.52250
0.12639,11.52805
0.13639,11.53167
0.14000,11.54139
0.14444,11.55167
0.15222,11.56194
0.15833,11.57139
0.16889,11.57861
0.17917,11.58306
0.18945,11.58361
0.19972,11.57472
0.20889,11.57472
0.21889,11.57806
0.23028,11.58306
0.23889,11.57528
0.25306,11.56444
0.26778,11.54861
0.28222,11.53444
0.29806,11.51972
0.31028,11.50694
0.32445,11.49333
0.33639,11.48139
0.35000,11.47056
0.36028,11.48556
0.37000,11.49916
0.38278,11.51778
0.39528,11.53528
0.40917,11.55722
0.42250,11.57583
0.43611,11.59750
0.45611,11.62611
0.47194,11.64805
0.49028,11.67444
0.50778,11.70111
0.52111,11.72111
0.53805,11.74694
0.55500,11.77194
0.56833,11.79055
0.58222,11.81195
0.59333,11.82778
0.60332,11.84286
0.60694,11.84833
0.62111,11.87139
0.63417,11.89028
0.64944,11.91222
0.66417,11.93444
0.67778,11.95417
0.68750,11.97000
0.70000,11.98806
0.71111,12.00361
0.72167,12.01972
0.73556,12.03833
0.74750,12.05611
0.76000,12.07611
0.77417,12.09722
0.78583,12.11417
0.79722,12.13111
0.80833,12.14889
0.81778,12.16305
0.82889,12.18028
0.83944,12.19389
0.84917,12.20778
0.85500,12.21444
0.86150,12.21589
0.86500,12.21667
0.87306,12.21833
0.88111,12.21944
0.88833,12.22111
0.89361,12.22250
0.89722,12.22083
0.90000,12.21667
0.90472,12.21583
0.91028,12.21750
0.91500,12.21944
0.92056,12.22111
0.92722,12.22111
0.93333,12.22083
0.93944,12.22000
0.94556,12.21944
0.95111,12.21833
0.95750,12.21778
0.96417,12.21778
0.97083,12.21805
0.97778,12.21833
0.98472,12.21833
0.99000,12.21972
0.99556,12.22111
1.00083,12.22278
1.00500,12.22556
1.00917,12.22833
1.01250,12.23167
1.01583,12.23528
1.01972,12.23806
1.02389,12.24083
1.02778,12.24389
1.03111,12.24722
1.03528,12.25000
1.03917,12.25278
1.04389,12.25500
1.04805,12.25778
1.05194,12.26083
1.05667,12.26278
1.06167,12.26472
1.06639,12.26722
1.07083,12.26916
1.07583,12.27111
1.08111,12.27278
1.08611,12.27472
1.09056,12.27722
1.09472,12.28000
1.09805,12.28333
1.10195,12.28667
1.10556,12.29028
1.10889,12.29389
1.11278,12.29667
1.11750,12.29889
1.12222,12.30083
1.12722,12.30306
1.13166,12.30528
1.13639,12.30722
1.14139,12.30944
1.14528,12.31222
1.15000,12.31444
1.15333,12.31778
1.15694,12.32139
1.16000,12.32500
1.16333,12.32833
1.16750,12.33111
1.17278,12.33278
1.17972,12.33278
1.18583,12.33361
1.19139,12.33500
1.19556,12.33778
1.19917,12.34056
1.20278,12.34417
1.20583,12.34778
1.21000,12.35056
1.21472,12.35250
1.22028,12.35417
1.22639,12.35472
1.23278,12.35499
1.23305,12.35500
1.23944,12.35444
1.24333,12.35444
1.24361,12.36861
1.24302,12.38565
1.24278,12.39278
1.24166,12.42333
1.24028,12.45861
1.23972,12.49472
1.23889,12.54056
1.23805,12.58333
1.23583,12.62584
1.23445,12.65361
1.23445,12.68833
1.23417,12.72305
1.23222,12.75222
1.23139,12.78389
1.23139,12.82111
1.23000,12.86028
1.22833,12.90028
1.22889,12.93944
1.22722,12.95583
1.22639,12.99194
1.22556,13.01167
1.22611,13.03861
1.22500,13.07000
1.22333,13.10555
1.22250,13.13222
1.22278,13.15889
1.23042,13.17604
1.22855,13.18169
1.22463,13.18945
1.21796,13.19562
1.22691,13.21824
1.22529,13.22646
1.22598,13.23652
1.22459,13.24109
1.22390,13.24291
1.22826,13.25548
1.22389,13.25799
1.22320,13.26096
1.22779,13.26530
1.22756,13.27124
1.22480,13.27467
1.22479,13.27810
1.22961,13.28747
1.22754,13.29318
1.22983,13.29957
1.22132,13.30574
1.22109,13.30939
1.22522,13.31328
1.23393,13.31412
1.23947,13.31466
1.23578,13.32357
1.23808,13.32494
1.24313,13.32540
1.24911,13.32198
1.26221,13.32199
1.26289,13.33501
1.25806,13.34003
1.25759,13.34300
1.25851,13.34666
1.26609,13.35192
1.26538,13.37248
1.26768,13.37454
1.27044,13.37317
1.27573,13.36632
1.27917,13.36609
1.28560,13.37112
1.29089,13.37501
1.29111,13.37775
1.28674,13.38415
1.28547,13.38805
1.28236,13.39763
1.28374,13.40014
1.29017,13.40220
1.29108,13.40974
1.29751,13.41386
1.29520,13.42231
1.29956,13.43146
1.30024,13.43671
1.29289,13.43853
1.29472,13.44265
1.29403,13.44630
1.28597,13.45772
1.28436,13.46480
1.28067,13.47005
1.27998,13.47508
1.27446,13.47736
1.27376,13.48216
1.27008,13.48855
1.26916,13.49472
1.27536,13.49610
1.27512,13.50089
1.26661,13.51025
1.26591,13.51437
1.26729,13.51528
1.27166,13.51163
1.27373,13.51300
1.27601,13.52443
1.28404,13.54111
1.28288,13.54751
1.27828,13.55208
1.27873,13.55665
1.28928,13.57334
1.29043,13.57608
1.29847,13.57768
1.30443,13.58843
1.30742,13.59049
1.31684,13.59073
1.32050,13.60421
1.32946,13.60833
1.33005,13.62234
1.33035,13.62936
1.32920,13.63438
1.34115,13.63256
1.34413,13.63348
1.34505,13.63920
1.34940,13.64765
1.34548,13.65473
1.35260,13.66502
1.35396,13.67874
1.34935,13.68330
1.34843,13.68764
1.35486,13.68993
1.34980,13.69404
1.34979,13.70181
1.35093,13.70775
1.35460,13.70981
1.36170,13.72536
1.36837,13.72742
1.36997,13.73131
1.37042,13.73908
1.36811,13.74433
1.36627,13.74524
1.36237,13.74181
1.36053,13.74250
1.36098,13.75095
1.35913,13.75437
1.35292,13.75917
1.35246,13.76237
1.35866,13.76534
1.36073,13.76809
1.36140,13.77860
1.36621,13.78546
1.37104,13.78889
1.38000,13.78913
1.39104,13.78366
1.39701,13.78573
1.39424,13.79098
1.39562,13.79418
1.39883,13.79715
1.40412,13.79670
1.40802,13.79968
1.40755,13.80722
1.40825,13.80773
1.41191,13.81042
1.41720,13.80769
1.42364,13.80838
1.42043,13.80244
1.42250,13.80084
1.43031,13.80199
1.43697,13.80589
1.43765,13.81023
1.43558,13.81274
1.42868,13.81387
1.42776,13.81707
1.43074,13.82461
1.42774,13.83421
1.42865,13.83992
1.43391,13.85067
1.43368,13.85638
1.42585,13.86186
1.42539,13.86643
1.42951,13.87580
1.43270,13.89203
1.43223,13.89683
1.41724,13.92629
1.41766,13.94891
1.42223,13.96652
1.42199,13.97200
1.41785,13.97771
1.41623,13.98342
1.41815,13.99526
1.41827,13.99599
1.42011,13.99942
1.43205,14.00446
1.43411,14.00927
1.43824,14.01156
1.43386,14.01772
1.43132,14.02457
1.42764,14.02845
1.42143,14.03027
