#GsakName=Thyolo
-15.85764,35.13885
-15.85791,35.13975
-15.85745,35.14057
-15.85783,35.14143
-15.85874,35.14128
-15.85915,35.14215
-15.85902,35.14308
-15.85909,35.14403
-15.85914,35.14498
-15.85930,35.14590
-15.86016,35.14709
-15.86075,35.14783
-15.86108,35.14813
-15.86194,35.14924
-15.86103,35.14923
-15.86010,35.14916
-15.85932,35.14967
-15.85902,35.15004
-15.85845,35.15075
-15.85796,35.15156
-15.85762,35.15244
-15.85749,35.15339
-15.85776,35.15411
-15.85793,35.15524
-15.85719,35.15579
-15.85671,35.15663
-15.85616,35.15738
-15.85545,35.15799
-15.85549,35.15894
-15.85607,35.15967
-15.85612,35.16062
-15.85652,35.16148
-15.85642,35.16243
-15.85607,35.16329
-15.85563,35.16413
-15.85513,35.16493
-15.85477,35.16598
-15.85501,35.16689
-15.85513,35.16781
-15.85575,35.16850
-15.85669,35.16855
-15.85754,35.16826
-15.85818,35.16756
-15.85907,35.16737
-15.85964,35.16813
-15.86001,35.16902
-15.85996,35.16996
-15.85953,35.17143
-15.85919,35.17230
-15.85879,35.17323
-15.85843,35.17419
-15.85846,35.17518
-15.85879,35.17607
-15.85960,35.17658
-15.86050,35.17675
-15.86140,35.17672
-15.86183,35.17681
-15.86230,35.17691
-15.86273,35.17777
-15.86246,35.17867
-15.86162,35.17905
-15.86070,35.17898
-15.85982,35.17926
-15.85910,35.17989
-15.85886,35.18102
-15.85928,35.18189
-15.85950,35.18281
-15.85969,35.18379
-15.85968,35.18473
-15.85949,35.18567
-15.85872,35.18615
-15.85788,35.18571
-15.85695,35.18569
-15.85688,35.18673
-15.85690,35.18768
-15.85603,35.18799
-15.85521,35.18844
-15.85474,35.18931
-15.85428,35.19014
-15.85339,35.19025
-15.85334,35.19121
-15.85373,35.19209
-15.85372,35.19307
-15.85378,35.19400
-15.85396,35.19493
-15.85419,35.19592
-15.85466,35.19675
-15.85431,35.19762
-15.85425,35.19825
-15.85516,35.19833
-15.85606,35.19853
-15.85699,35.19879
-15.85793,35.19906
-15.85878,35.19937
-15.85959,35.19990
-15.86039,35.20041
-15.86128,35.20017
-15.86198,35.19950
-15.86238,35.19867
-15.86287,35.19788
-15.86306,35.19693
-15.86363,35.19615
-15.86447,35.19649
-15.86523,35.19706
-15.86614,35.19696
-15.86697,35.19657
-15.86783,35.19622
-15.86870,35.19590
-15.86960,35.19564
-15.87052,35.19567
-15.87205,35.19649
-15.87251,35.19730
-15.87303,35.19808
-15.87304,35.19901
-15.87283,35.19992
-15.87280,35.20087
-15.87322,35.20170
-15.87370,35.20253
-15.87426,35.20332
-15.87503,35.20382
-15.87582,35.20426
-15.87672,35.20449
-15.87763,35.20459
-15.87849,35.20496
-15.87937,35.20529
-15.88013,35.20478
-15.88093,35.20425
-15.88171,35.20371
-15.88255,35.20327
-15.88349,35.20322
-15.88442,35.20339
-15.88465,35.20342
-15.88545,35.20345
-15.88623,35.20376
-15.88709,35.20406
-15.88791,35.20447
-15.88863,35.20512
-15.88927,35.20578
-15.88972,35.20660
-15.88958,35.20754
-15.88873,35.20787
-15.88785,35.20809
-15.88720,35.20879
-15.88700,35.20975
-15.88692,35.21069
-15.88681,35.21164
-15.88711,35.21254
-15.88798,35.21291
-15.88873,35.21343
-15.88965,35.21457
-15.88967,35.21544
-15.88943,35.21637
-15.88886,35.21713
-15.88821,35.21851
-15.88839,35.21945
-15.88899,35.22020
-15.88961,35.22096
-15.88969,35.22194
-15.88975,35.22287
-15.88992,35.22380
-15.89021,35.22472
-15.89056,35.22562
-15.89076,35.22657
-15.89077,35.22752
-15.89100,35.22845
-15.89140,35.22933
-15.89183,35.23016
-15.89229,35.23097
-15.89284,35.23174
-15.89315,35.23266
-15.89349,35.23356
-15.89379,35.23454
-15.89404,35.23544
-15.89464,35.23706
-15.89486,35.23801
-15.89511,35.23896
-15.89538,35.23990
-15.89562,35.24081
-15.89593,35.24177
-15.89682,35.24205
-15.89772,35.24179
-15.89852,35.24133
-15.89946,35.24128
-15.90040,35.24144
-15.90133,35.24170
-15.90213,35.24223
-15.90264,35.24302
-15.90285,35.24395
-15.90236,35.24476
-15.90176,35.24553
-15.90163,35.24676
-15.90232,35.24738
-15.90308,35.24790
-15.90389,35.24846
-15.90469,35.24895
-15.90549,35.24945
-15.90613,35.25012
-15.90675,35.25083
-15.90763,35.25104
-15.90845,35.25056
-15.90907,35.24982
-15.90968,35.24907
-15.91036,35.24841
-15.91113,35.24780
-15.91196,35.24736
-15.91286,35.24707
-15.91376,35.24722
-15.91409,35.24808
-15.91430,35.24901
-15.91419,35.24997
-15.91388,35.25087
-15.91376,35.25181
-15.91420,35.25266
-15.91507,35.25310
-15.91593,35.25349
-15.91666,35.25408
-15.91746,35.25487
-15.91827,35.25541
-15.91905,35.25595
-15.91975,35.25654
-15.92045,35.25713
-15.92097,35.25765
-15.92183,35.25843
-15.92231,35.25924
-15.92258,35.26016
-15.92327,35.26077
-15.92391,35.26008
-15.92441,35.25929
-15.92488,35.25846
-15.92572,35.25803
-15.92666,35.25774
-15.92755,35.25744
-15.92826,35.25681
-15.92896,35.25615
-15.92987,35.25599
-15.93056,35.25662
-15.93126,35.25725
-15.93211,35.25765
-15.93293,35.25807
-15.93373,35.25858
-15.93447,35.25915
-15.93531,35.25954
-15.93621,35.25968
-15.93713,35.25969
-15.93806,35.25962
-15.93900,35.25953
-15.93997,35.25948
-15.94089,35.25948
-15.94182,35.25950
-15.94273,35.25961
-15.94368,35.25966
-15.94459,35.25962
-15.94601,35.25965
-15.94882,35.25885
-15.94943,35.25954
-15.95001,35.26027
-15.95075,35.26080
-15.95161,35.26111
-15.95251,35.26124
-15.95342,35.26132
-15.95432,35.26144
-15.95517,35.26112
-15.95583,35.26045
-15.95657,35.25985
-15.95734,35.25931
-15.95824,35.25888
-15.95915,35.25867
-15.96006,35.25858
-15.96098,35.25873
-15.96185,35.25913
-15.96254,35.25973
-15.96273,35.26065
-15.96253,35.26157
-15.96219,35.26245
-15.96200,35.26337
-15.96229,35.26427
-15.96262,35.26519
-15.96268,35.26613
-15.96279,35.26707
-15.96306,35.26799
-15.96359,35.26885
-15.96410,35.26966
-15.96486,35.27017
-15.96510,35.26927
-15.96499,35.26832
-15.96522,35.26740
-15.96601,35.26691
-15.96694,35.26702
-15.96790,35.26720
-15.96881,35.26737
-15.96969,35.26762
-15.97018,35.26844
-15.97044,35.26936
-15.97101,35.27009
-15.97189,35.27034
-15.97272,35.27077
-15.97349,35.27130
-15.97406,35.27216
-15.97461,35.27292
-15.97484,35.27538
-15.97512,35.27567
-15.97575,35.27635
-15.97638,35.27703
-15.97706,35.27772
-15.97777,35.27832
-15.97855,35.27892
-15.97938,35.27940
-15.98019,35.27988
-15.98175,35.28051
-15.98256,35.28099
-15.98335,35.28144
-15.98414,35.28195
-15.98492,35.28245
-15.98567,35.28300
-15.98644,35.28353
-15.98718,35.28412
-15.98796,35.28459
-15.98858,35.28528
-15.98891,35.28619
-15.98893,35.28649
-15.98896,35.28712
-15.98891,35.28811
-15.98877,35.28904
-15.98874,35.29000
-15.98900,35.29090
-15.98993,35.29094
-15.99078,35.29060
-15.99248,35.29012
-15.99348,35.29005
-15.99439,35.28999
-15.99526,35.29036
-15.99563,35.29126
-15.99576,35.29223
-15.99580,35.29322
-15.99591,35.29428
-15.99607,35.29509
-15.99628,35.29603
-15.99688,35.29678
-15.99775,35.29650
-15.99829,35.29573
-15.99895,35.29507
-15.99982,35.29474
-16.00073,35.29481
-16.00158,35.29517
-16.00240,35.29564
-16.00303,35.29637
-16.00344,35.29730
-16.00360,35.29823
-16.00353,35.29917
-16.00326,35.30011
-16.00284,35.30095
-16.00230,35.30175
-16.00139,35.30336
-16.00106,35.30383
-16.00031,35.30442
-15.99954,35.30499
-15.99880,35.30564
-15.99808,35.30625
-15.99736,35.30682
-15.99662,35.30734
-15.99595,35.30797
-15.99539,35.30872
-15.99454,35.30997
-15.99375,35.31006
-15.99287,35.31036
-15.99208,35.31084
-15.99145,35.31156
-15.99071,35.31208
-15.98992,35.31261
-15.98932,35.31332
-15.98919,35.33053
-15.98998,35.33001
-15.99066,35.32939
-15.99130,35.32867
-15.99275,35.32777
-15.99287,35.32772
-15.99373,35.32734
-15.99437,35.32666
-15.99490,35.32591
-15.99542,35.32515
-15.99620,35.32467
-15.99695,35.32412
-15.99767,35.32354
-15.99983,35.31900
-16.00149,35.32006
-16.00180,35.32096
-16.00270,35.32149
-16.00296,35.32057
-16.00327,35.31965
-16.00365,35.31876
-16.00418,35.31799
-16.00495,35.31746
-16.00572,35.31693
-16.00653,35.31647
-16.00735,35.31595
-16.00819,35.31558
-16.00913,35.31565
-16.01003,35.31596
-16.01083,35.31643
-16.01160,35.31696
-16.01229,35.31759
-16.01343,35.31816
-16.01439,35.31833
-16.01528,35.31862
-16.01616,35.31894
-16.01704,35.31927
-16.01794,35.31950
-16.01845,35.31963
-16.01883,35.31972
-16.01973,35.31992
-16.02067,35.32006
-16.02160,35.32014
-16.02252,35.32001
-16.02346,35.31975
-16.02430,35.31935
-16.02468,35.31849
-16.02437,35.31755
-16.02381,35.31677
-16.02314,35.31610
-16.02255,35.31532
-16.02227,35.31436
-16.02210,35.31340
-16.02285,35.31193
-16.02439,35.31034
-16.02532,35.31043
-16.02619,35.31082
-16.02701,35.31137
-16.02777,35.31190
-16.02852,35.31244
-16.02931,35.31294
-16.03021,35.31323
-16.03120,35.31332
-16.03212,35.31327
-16.03305,35.31327
-16.03396,35.31343
-16.03428,35.31364
-16.03538,35.31435
-16.03621,35.31479
-16.03715,35.31500
-16.03813,35.31514
-16.03904,35.31509
-16.03989,35.31475
-16.04077,35.31442
-16.04165,35.31416
-16.04254,35.31382
-16.04342,35.31348
-16.04435,35.31321
-16.04526,35.31315
-16.04620,35.31327
-16.04702,35.31368
-16.04756,35.31448
-16.04820,35.31514
-16.04899,35.31572
-16.05001,35.31682
-16.05083,35.31723
-16.05170,35.31761
-16.05250,35.31804
-16.05325,35.31860
-16.05399,35.31921
-16.05477,35.31970
-16.05560,35.32021
-16.05648,35.32073
-16.05729,35.32117
-16.05888,35.32178
-16.05981,35.32175
-16.06066,35.32136
-16.06142,35.32081
-16.06244,35.32024
-16.06288,35.31964
-16.06375,35.31936
-16.06462,35.31964
-16.06525,35.32032
-16.06579,35.32111
-16.06627,35.32194
-16.06685,35.32268
-16.06753,35.32338
-16.06833,35.32386
-16.06920,35.32426
-16.07015,35.32455
-16.07105,35.32488
-16.07241,35.32522
-16.07339,35.32510
-16.07433,35.32496
-16.07522,35.32479
-16.07609,35.32449
-16.07696,35.32411
-16.07778,35.32367
-16.07859,35.32321
-16.07942,35.32283
-16.08031,35.32255
-16.08130,35.32248
-16.08215,35.32227
-16.08279,35.32226
-16.08323,35.32220
-16.08412,35.32194
-16.08498,35.32159
-16.08590,35.32129
-16.08681,35.32106
-16.08770,35.32079
-16.08857,35.32051
-16.08947,35.32029
-16.09051,35.32026
-16.09145,35.32017
-16.09239,35.32002
-16.09335,35.31993
-16.09429,35.31996
-16.09519,35.32023
-16.09577,35.32100
-16.09598,35.32193
-16.09608,35.32289
-16.09613,35.32383
-16.09629,35.32478
-16.09638,35.32576
-16.09650,35.32679
-16.09673,35.32770
-16.09740,35.32839
-16.09880,35.32909
-16.09970,35.32921
-16.10061,35.32923
-16.10160,35.32925
-16.10253,35.32925
-16.10345,35.32928
-16.10434,35.32960
-16.10507,35.33016
-16.10575,35.33084
-16.10660,35.33126
-16.10756,35.33139
-16.10849,35.33126
-16.10945,35.33100
-16.11026,35.33059
-16.11102,35.33006
-16.11194,35.32984
-16.11293,35.32971
-16.11343,35.32971
-16.11387,35.32971
-16.11482,35.32976
-16.11643,35.32982
-16.11735,35.32958
-16.11826,35.32951
-16.11918,35.32945
-16.12010,35.32946
-16.12101,35.32949
-16.12185,35.32947
-16.12285,35.32934
-16.12374,35.32912
-16.12464,35.32894
-16.12553,35.32864
-16.12634,35.32821
-16.12702,35.32760
-16.12772,35.32695
-16.12832,35.32622
-16.12882,35.32537
-16.12914,35.32447
-16.12937,35.32350
-16.12974,35.32258
-16.13021,35.32177
-16.13077,35.32103
-16.13138,35.32033
-16.13222,35.31992
-16.13321,35.31998
-16.13412,35.32025
-16.13498,35.32054
-16.13587,35.32087
-16.13678,35.32109
-16.13771,35.32115
-16.13863,35.32108
-16.13946,35.32069
-16.14001,35.31989
-16.14043,35.31902
-16.14051,35.31802
-16.14046,35.31707
-16.14041,35.31612
-16.14021,35.31517
-16.14003,35.31423
-16.13979,35.31333
-16.13949,35.31244
-16.13955,35.31149
-16.13969,35.31051
-16.13985,35.30957
-16.14011,35.30865
-16.14065,35.30752
-16.14106,35.30667
-16.14134,35.30576
-16.14162,35.30479
-16.14201,35.30390
-16.14247,35.30306
-16.14293,35.30223
-16.14336,35.30137
-16.14373,35.30052
-16.14421,35.29969
-16.14489,35.29899
-16.14546,35.29821
-16.14593,35.29740
-16.14639,35.29656
-16.14709,35.29593
-16.14786,35.29540
-16.14865,35.29484
-16.14936,35.29423
-16.15007,35.29359
-16.15074,35.29296
-16.15147,35.29234
-16.15228,35.29187
-16.15319,35.29181
-16.15408,35.29208
-16.15498,35.29246
-16.15582,35.29283
-16.15695,35.29306
-16.15769,35.29248
-16.15827,35.29171
-16.15868,35.29081
-16.16029,35.28883
-16.16071,35.28800
-16.16147,35.28740
-16.16232,35.28699
-16.16323,35.28683
-16.16419,35.28681
-16.16511,35.28670
-16.16600,35.28646
-16.16690,35.28608
-16.16777,35.28580
-16.16868,35.28559
-16.16960,35.28543
-16.17051,35.28529
-16.17145,35.28514
-16.17234,35.28494
-16.17324,35.28478
-16.17463,35.28452
-16.17554,35.28437
-16.17645,35.28422
-16.17730,35.28387
-16.17806,35.28330
-16.17861,35.28254
-16.17918,35.28174
-16.17968,35.28093
-16.18030,35.28019
-16.18100,35.27959
-16.18181,35.27909
-16.18259,35.27862
-16.18347,35.27823
-16.18436,35.27802
-16.18529,35.27809
-16.18611,35.27853
-16.18679,35.27917
-16.18736,35.27995
-16.18768,35.28084
-16.18802,35.28177
-16.18829,35.28320
-16.18855,35.28410
-16.18889,35.28499
-16.18932,35.28582
-16.19002,35.28643
-16.19081,35.28687
-16.19175,35.28685
-16.19269,35.28666
-16.19367,35.28655
-16.19469,35.28626
-16.19562,35.28612
-16.19661,35.28620
-16.19753,35.28638
-16.19838,35.28676
-16.19913,35.28732
-16.19965,35.28818
-16.20000,35.28904
-16.20025,35.29066
-16.20033,35.29161
-16.20044,35.29254
-16.20067,35.29348
-16.20087,35.29444
-16.20121,35.29532
-16.20164,35.29617
-16.20214,35.29699
-16.20278,35.29771
-16.20347,35.29836
-16.20417,35.29897
-16.20494,35.29957
-16.20571,35.30019
-16.20634,35.30076
-16.20729,35.30148
-16.20801,35.30206
-16.20869,35.30274
-16.20939,35.30343
-16.21019,35.30398
-16.21089,35.30459
-16.21158,35.30522
-16.21232,35.30583
-16.21306,35.30645
-16.21557,35.30769
-16.21586,35.30748
-16.21673,35.30760
-16.21772,35.30743
-16.21871,35.30743
-16.21963,35.30742
-16.22056,35.30748
-16.22146,35.30745
-16.22238,35.30721
-16.22323,35.30689
-16.22406,35.30648
-16.22481,35.30588
-16.22550,35.30519
-16.22605,35.30440
-16.22632,35.30349
-16.22657,35.30259
-16.22683,35.30173
-16.22691,35.30165
-16.22715,35.30143
-16.22920,35.29768
-16.22930,35.29750
-16.22975,35.29667
-16.23136,35.29595
-16.23163,35.29583
-16.23507,35.29430
-16.23594,35.29392
-16.23607,35.29386
-16.23617,35.29381
-16.23684,35.29360
-16.23740,35.29343
-16.23776,35.29332
-16.23866,35.29309
-16.23954,35.29288
-16.24045,35.29268
-16.24432,35.29316
-16.24529,35.29318
-16.24621,35.29318
-16.24713,35.29320
-16.24805,35.29317
-16.24897,35.29311
-16.24991,35.29309
-16.25086,35.29317
-16.25177,35.29340
-16.25267,35.29376
-16.25347,35.29420
-16.25427,35.29466
-16.25509,35.29516
-16.25588,35.29563
-16.25653,35.29598
-16.25677,35.29604
-16.26434,35.29775
-16.26496,35.29789
-16.26608,35.29740
-16.26692,35.29699
-16.26781,35.29659
-16.26864,35.29611
-16.26953,35.29562
-16.27035,35.29517
-16.27124,35.29485
-16.27212,35.29458
-16.27301,35.29437
-16.27397,35.29416
-16.27491,35.29395
-16.27587,35.29379
-16.27682,35.29368
-16.27778,35.29364
-16.27872,35.29374
-16.27962,35.29396
-16.28024,35.29414
-16.28049,35.29422
-16.28138,35.29454
-16.28225,35.29484
-16.28318,35.29489
-16.28406,35.29455
-16.28475,35.29377
-16.28498,35.29282
-16.28571,35.29219
-16.28588,35.29203
-16.29309,35.28933
-16.29681,35.28794
-16.30163,35.28614
-16.30405,35.28524
-16.30575,35.28461
-16.30862,35.28353
-16.30913,35.28306
-16.30993,35.28254
-16.31079,35.28214
-16.31172,35.28192
-16.31264,35.28174
-16.31438,35.28125
-16.31527,35.28091
-16.31614,35.28051
-16.31691,35.28002
-16.31766,35.27943
-16.31839,35.27887
-16.31924,35.27835
-16.32010,35.27801
-16.32102,35.27787
-16.32212,35.27796
-16.32311,35.27865
-16.32397,35.27910
-16.32476,35.27957
-16.32559,35.28009
-16.32632,35.28075
-16.32698,35.28135
-16.32942,35.28246
-16.33488,35.28492
-16.33967,35.28708
-16.34305,35.29291
-16.34465,35.29568
-16.34900,35.29752
-16.34922,35.29762
-16.35120,35.29746
-16.35335,35.29730
-16.35473,35.29718
-16.35621,35.29620
-16.35713,35.29558
-16.36211,35.29225
-16.36217,35.29212
-16.36235,35.29179
-16.36258,35.29164
-16.36338,35.29105
-16.36420,35.29048
-16.36501,35.28990
-16.36574,35.28927
-16.36652,35.28859
-16.36724,35.28790
-16.36795,35.28717
-16.36864,35.28647
-16.36931,35.28579
-16.36997,35.28506
-16.37059,35.28428
-16.37110,35.28349
-16.37134,35.28305
-16.37155,35.28268
-16.37201,35.28186
-16.37244,35.28101
-16.37299,35.28016
-16.37358,35.27937
-16.37418,35.27863
-16.37485,35.27782
-16.37555,35.27710
-16.37619,35.27644
-16.37689,35.27583
-16.37759,35.27516
-16.37829,35.27457
-16.37905,35.27399
-16.37981,35.27344
-16.38066,35.27285
-16.38144,35.27232
-16.38222,35.27180
-16.38302,35.27129
-16.38383,35.27082
-16.38460,35.27030
-16.38588,35.26934
-16.38645,35.26856
-16.38707,35.26782
-16.38774,35.26716
-16.38841,35.26649
-16.38913,35.26590
-16.38995,35.26544
-16.39082,35.26509
-16.39168,35.26478
-16.39285,35.26450
-16.39375,35.26426
-16.39466,35.26413
-16.39555,35.26395
-16.39649,35.26376
-16.39738,35.26356
-16.39827,35.26333
-16.39922,35.26302
-16.40008,35.26267
-16.40101,35.26239
-16.40191,35.26223
-16.40284,35.26222
-16.40376,35.26236
-16.40405,35.26259
-16.40535,35.26364
-16.40585,35.26228
-16.40618,35.26140
-16.40601,35.26040
-16.40555,35.25957
-16.40510,35.25874
-16.40480,35.25777
-16.40490,35.25680
-16.40547,35.25603
-16.40606,35.25525
-16.40626,35.25432
-16.40566,35.25362
-16.40474,35.25342
-16.40415,35.25270
-16.40388,35.25180
-16.40327,35.25107
-16.40290,35.25021
-16.40165,35.25024
-16.40081,35.24969
-16.40030,35.24886
-16.40015,35.24790
-16.40010,35.24693
-16.40006,35.24595
-16.39985,35.24496
-16.39967,35.24400
-16.39941,35.24306
-16.39880,35.24230
-16.39824,35.24146
-16.39797,35.24053
-16.39810,35.23956
-16.39820,35.23856
-16.39829,35.23749
-16.39824,35.23648
-16.39807,35.23549
-16.39817,35.23455
-16.39836,35.23354
-16.39861,35.23259
-16.39897,35.23170
-16.39939,35.23078
-16.39980,35.22992
-16.40009,35.22900
-16.40029,35.22808
-16.40015,35.22737
-16.39963,35.22652
-16.39904,35.22581
-16.39877,35.22510
-16.39822,35.22411
-16.39757,35.22340
-16.39678,35.22294
-16.39591,35.22255
-16.39502,35.22230
-16.39411,35.22199
-16.39338,35.22136
-16.39285,35.22053
-16.39265,35.21958
-16.39233,35.21868
-16.39221,35.21774
-16.39179,35.21690
-16.39077,35.21614
-16.38981,35.21588
-16.38889,35.21633
-16.38804,35.21672
-16.38713,35.21679
-16.38621,35.21659
-16.38532,35.21634
-16.38442,35.21607
-16.38349,35.21595
-16.38260,35.21569
-16.38185,35.21505
-16.38149,35.21417
-16.38136,35.21323
-16.38101,35.21236
-16.38050,35.21145
-16.37970,35.21091
-16.37885,35.21047
-16.37810,35.20991
-16.37741,35.20929
-16.37671,35.20850
-16.37625,35.20766
-16.37575,35.20685
-16.37518,35.20612
-16.37454,35.20534
-16.37429,35.20511
-16.37384,35.20469
-16.37317,35.20403
-16.37250,35.20322
-16.37202,35.20242
-16.37142,35.20137
-16.37057,35.20099
-16.36982,35.20044
-16.36921,35.19968
-16.36870,35.19879
-16.36863,35.19779
-16.36876,35.19687
-16.36888,35.19584
-16.36904,35.19490
-16.36913,35.19395
-16.36927,35.19299
-16.36946,35.19205
-16.36957,35.19105
-16.36977,35.18933
-16.36994,35.18902
-16.37026,35.18815
-16.37047,35.18705
-16.37056,35.18610
-16.37062,35.18514
-16.37048,35.18412
-16.37033,35.18330
-16.37014,35.18217
-16.37001,35.18121
-16.36991,35.18026
-16.36988,35.17930
-16.36985,35.17825
-16.36982,35.17721
-16.36977,35.17620
-16.36963,35.17508
-16.36961,35.17411
-16.36968,35.17311
-16.36984,35.17208
-16.37009,35.17102
-16.37025,35.16999
-16.37048,35.16899
-16.37078,35.16802
-16.37104,35.16702
-16.37108,35.16602
-16.37049,35.16487
-16.36981,35.16438
-16.36900,35.16380
-16.36870,35.16290
-16.36878,35.16182
-16.36885,35.16082
-16.36886,35.15986
-16.36870,35.15882
-16.36810,35.15807
-16.36689,35.15749
-16.36592,35.15736
-16.36498,35.15738
-16.36403,35.15730
-16.36298,35.15707
-16.36200,35.15697
-16.36095,35.15683
-16.36002,35.15668
-16.35905,35.15656
-16.35806,35.15647
-16.35703,35.15634
-16.35625,35.15577
-16.35561,35.15511
-16.35497,35.15441
-16.35414,35.15380
-16.35322,35.15352
-16.35224,35.15337
-16.35132,35.15325
-16.35039,35.15327
-16.34936,35.15334
-16.34841,35.15348
-16.34778,35.15326
-16.34690,35.15283
-16.34643,35.15202
-16.34586,35.15120
-16.34500,35.15075
-16.34408,35.15053
-16.34315,35.15036
-16.34220,35.15023
-16.34117,35.15013
-16.34020,35.15014
-16.33928,35.15010
-16.33830,35.15009
-16.33733,35.14992
-16.33647,35.14949
-16.33595,35.14871
-16.33591,35.14776
-16.33585,35.14680
-16.33537,35.14596
-16.33469,35.14523
-16.33411,35.14445
-16.33373,35.14359
-16.33341,35.14264
-16.33313,35.14170
-16.33278,35.14078
-16.33246,35.13989
-16.33214,35.13899
-16.33166,35.13797
-16.33099,35.13723
-16.33034,35.13654
-16.32987,35.13571
-16.32934,35.13489
-16.32902,35.13398
-16.32878,35.13305
-16.32785,35.13181
-16.32772,35.13084
-16.32758,35.12983
-16.32680,35.12927
-16.32609,35.12858
-16.32575,35.12770
-16.32553,35.12679
-16.32533,35.12586
-16.32519,35.12485
-16.32502,35.12387
-16.32470,35.12292
-16.32414,35.12215
-16.32354,35.12144
-16.32286,35.12078
-16.32219,35.12013
-16.32141,35.11954
-16.32061,35.11900
-16.31977,35.11862
-16.31881,35.11866
-16.31768,35.11829
-16.31694,35.11771
-16.31615,35.11718
-16.31544,35.11654
-16.31477,35.11589
-16.31400,35.11526
-16.31322,35.11471
-16.31244,35.11417
-16.31164,35.11364
-16.31085,35.11317
-16.31111,35.11203
-16.31098,35.11191
-16.31070,35.11163
-16.31026,35.11133
-16.30972,35.11090
-16.30912,35.11039
-16.30876,35.11010
-16.30839,35.10981
-16.30801,35.10948
-16.30760,35.10911
-16.30727,35.10878
-16.30692,35.10848
-16.30648,35.10809
-16.30605,35.10779
-16.30564,35.10744
-16.30527,35.10706
-16.30478,35.10659
-16.30435,35.10625
-16.30401,35.10590
-16.30356,35.10548
-16.30315,35.10519
-16.30263,35.10482
-16.30223,35.10457
-16.30193,35.10419
-16.30137,35.10326
-16.30042,35.10374
-16.30008,35.10339
-16.29973,35.10309
-16.29937,35.10270
-16.29900,35.10235
-16.29859,35.10200
-16.29816,35.10170
-16.29776,35.10144
-16.29739,35.10119
-16.29697,35.10091
-16.29653,35.10067
-16.29606,35.10043
-16.29560,35.10021
-16.29512,35.10000
-16.29469,35.09983
-16.29423,35.09974
-16.29378,35.09968
-16.29328,35.09967
-16.29276,35.09971
-16.29222,35.09975
-16.29172,35.09978
-16.29119,35.09988
-16.29071,35.10001
-16.29026,35.10013
-16.28976,35.10019
-16.28930,35.10030
-16.28885,35.10039
-16.28839,35.10052
-16.28792,35.10064
-16.28744,35.10079
-16.28694,35.10096
-16.28650,35.10116
-16.28605,35.10145
-16.28562,35.10171
-16.28518,35.10195
-16.28477,35.10219
-16.28448,35.10240
-16.28388,35.10273
-16.28339,35.10299
-16.28294,35.10310
-16.28247,35.10306
-16.28201,35.10291
-16.28155,35.10269
-16.28127,35.10238
-16.28094,35.10189
-16.28071,35.10138
-16.28053,35.10091
-16.28036,35.10047
-16.28017,35.09999
-16.27997,35.09955
-16.27979,35.09911
-16.27962,35.09864
-16.27947,35.09816
-16.27924,35.09763
-16.27902,35.09710
-16.27877,35.09661
-16.27852,35.09619
-16.27814,35.09574
-16.27747,35.09544
-16.27715,35.09509
-16.27684,35.09475
-16.27652,35.09433
-16.27621,35.09395
-16.27593,35.09353
-16.27564,35.09313
-16.27535,35.09273
-16.27508,35.09235
-16.27478,35.09190
-16.27446,35.09142
-16.27414,35.09095
-16.27389,35.09055
-16.27360,35.09017
-16.27332,35.08978
-16.27296,35.08928
-16.27268,35.08884
-16.27235,35.08838
-16.27199,35.08798
-16.27165,35.08760
-16.27133,35.08717
-16.27104,35.08671
-16.27078,35.08631
-16.27052,35.08587
-16.27029,35.08542
-16.26999,35.08507
-16.26964,35.08467
-16.26930,35.08430
-16.26897,35.08391
-16.26881,35.08385
-16.26871,35.08382
-16.26855,35.08376
-16.26840,35.08372
-16.26829,35.08369
-16.26819,35.08366
-16.26809,35.08363
-16.26800,35.08359
-16.26790,35.08355
-16.26781,35.08351
-16.26770,35.08343
-16.26761,35.08337
-16.26751,35.08331
-16.26742,35.08324
-16.26733,35.08316
-16.26724,35.08309
-16.26711,35.08297
-16.26699,35.08289
-16.26692,35.08282
-16.26684,35.08276
-16.26665,35.08261
-16.26657,35.08254
-16.26648,35.08245
-16.26633,35.08234
-16.26620,35.08222
-16.26608,35.08212
-16.26598,35.08202
-16.26587,35.08192
-16.26573,35.08177
-16.26565,35.08169
-16.26553,35.08157
-16.26543,35.08148
-16.26533,35.08137
-16.26520,35.08122
-16.26510,35.08111
-16.26499,35.08101
-16.26487,35.08088
-16.26476,35.08077
-16.26468,35.08068
-16.26457,35.08055
-16.26448,35.08046
-16.26439,35.08036
-16.26429,35.08024
-16.26414,35.08009
-16.26401,35.07993
-16.26389,35.07979
-16.26376,35.07965
-16.26368,35.07955
-16.26361,35.07947
-16.26353,35.07940
-16.26339,35.07922
-16.26329,35.07910
-16.26323,35.07901
-16.26316,35.07893
-16.26308,35.07882
-16.26297,35.07869
-16.26285,35.07854
-16.26277,35.07844
-16.26270,35.07834
-16.26263,35.07823
-16.26255,35.07810
-16.26245,35.07797
-16.26237,35.07786
-16.26227,35.07770
-16.26216,35.07757
-16.26208,35.07746
-16.26199,35.07735
-16.26186,35.07719
-16.26177,35.07708
-16.26168,35.07695
-16.26155,35.07678
-16.26145,35.07665
-16.26136,35.07651
-16.26122,35.07632
-16.26115,35.07623
-16.26103,35.07605
-16.26094,35.07594
-16.26087,35.07582
-16.26077,35.07569
-16.26064,35.07553
-16.26059,35.07543
-16.26051,35.07530
-16.26042,35.07519
-16.26034,35.07506
-16.26027,35.07495
-16.26021,35.07487
-16.26013,35.07473
-16.26007,35.07464
-16.25999,35.07449
-16.25994,35.07439
-16.25988,35.07429
-16.25983,35.07417
-16.25975,35.07402
-16.25968,35.07390
-16.25961,35.07378
-16.25953,35.07363
-16.25942,35.07344
-16.25938,35.07335
-16.25931,35.07323
-16.25928,35.07310
-16.25924,35.07298
-16.25922,35.07288
-16.25918,35.07277
-16.25914,35.07264
-16.25908,35.07247
-16.25901,35.07227
-16.25896,35.07212
-16.25892,35.07202
-16.25886,35.07180
-16.25879,35.07156
-16.25875,35.07139
-16.25872,35.07124
-16.25869,35.07113
-16.25868,35.07102
-16.25865,35.07088
-16.25864,35.07066
-16.25863,35.07055
-16.25863,35.07045
-16.25861,35.07029
-16.25860,35.07019
-16.25859,35.07000
-16.25857,35.06988
-16.25857,35.06972
-16.25857,35.06960
-16.25854,35.06944
-16.25853,35.06932
-16.25854,35.06921
-16.25852,35.06908
-16.25853,35.06856
-16.25838,35.06844
-16.25826,35.06835
-16.25814,35.06825
-16.25807,35.06818
-16.25801,35.06809
-16.25794,35.06799
-16.25783,35.06789
-16.25778,35.06779
-16.25773,35.06770
-16.25767,35.06755
-16.25762,35.06744
-16.25756,35.06729
-16.25750,35.06718
-16.25745,35.06706
-16.25738,35.06693
-16.25726,35.06678
-16.25718,35.06659
-16.25710,35.06640
-16.25701,35.06617
-16.25697,35.06604
-16.25692,35.06591
-16.25687,35.06578
-16.25683,35.06567
-16.25678,35.06549
-16.25674,35.06537
-16.25669,35.06527
-16.25664,35.06514
-16.25660,35.06501
-16.25652,35.06484
-16.25645,35.06468
-16.25636,35.06445
-16.25631,35.06432
-16.25627,35.06421
-16.25620,35.06403
-16.25617,35.06391
-16.25613,35.06380
-16.25608,35.06364
-16.25602,35.06344
-16.25595,35.06329
-16.25593,35.06318
-16.25589,35.06308
-16.25586,35.06298
-16.25581,35.06282
-16.25576,35.06269
-16.25572,35.06257
-16.25568,35.06246
-16.25562,35.06231
-16.25557,35.06220
-16.25552,35.06210
-16.25543,35.06189
-16.25537,35.06173
-16.25533,35.06163
-16.25529,35.06149
-16.25525,35.06139
-16.25520,35.06124
-16.25516,35.06112
-16.25512,35.06093
-16.25508,35.06080
-16.25505,35.06070
-16.25501,35.06059
-16.25496,35.06043
-16.25492,35.06032
-16.25489,35.06020
-16.25482,35.06002
-16.25477,35.05990
-16.25472,35.05980
-16.25466,35.05964
-16.25461,35.05953
-16.25456,35.05941
-16.25450,35.05928
-16.25443,35.05912
-16.25438,35.05901
-16.25431,35.05884
-16.25424,35.05872
-16.25419,35.05862
-16.25411,35.05851
-16.25402,35.05836
-16.25392,35.05819
-16.25383,35.05803
-16.25375,35.05794
-16.25370,35.05784
-16.25362,35.05775
-16.25353,35.05762
-16.25345,35.05752
-16.25337,35.05740
-16.25327,35.05724
-16.25318,35.05713
-16.25310,35.05701
-16.25300,35.05687
-16.25288,35.05669
-16.25278,35.05653
-16.25266,35.05638
-16.25259,35.05629
-16.25252,35.05618
-16.25238,35.05602
-16.25227,35.05590
-16.25215,35.05572
-16.25205,35.05554
-16.25198,35.05544
-16.25191,35.05533
-16.25183,35.05521
-16.25176,35.05513
-16.25168,35.05504
-16.25158,35.05491
-16.25150,35.05481
-16.25143,35.05472
-16.25132,35.05459
-16.25115,35.05437
-16.25105,35.05425
-16.25097,35.05415
-16.25086,35.05401
-16.25079,35.05391
-16.25072,35.05381
-16.25061,35.05366
-16.25053,35.05357
-16.25044,35.05347
-16.25031,35.05333
-16.25022,35.05322
-16.25013,35.05312
-16.24998,35.05297
-16.24990,35.05288
-16.24982,35.05280
-16.24972,35.05268
-16.24963,35.05258
-16.24951,35.05249
-16.24933,35.05236
-16.24921,35.05227
-16.24911,35.05218
-16.24897,35.05207
-16.24879,35.05199
-16.24867,35.05194
-16.24849,35.05189
-16.24840,35.05186
-16.24826,35.05185
-16.24816,35.05179
-16.24801,35.05173
-16.24785,35.05167
-16.24772,35.05163
-16.24762,35.05159
-16.24751,35.05156
-16.24739,35.05150
-16.24721,35.05145
-16.24700,35.05139
-16.24681,35.05133
-16.24667,35.05127
-16.24652,35.05122
-16.24641,35.05118
-16.24626,35.05111
-16.24613,35.05107
-16.24603,35.05103
-16.24593,35.05100
-16.24572,35.05089
-16.24556,35.05078
-16.24540,35.05072
-16.24527,35.05069
-16.24516,35.05065
-16.24504,35.05063
-16.24491,35.05059
-16.24475,35.05054
-16.24464,35.05050
-16.24447,35.05047
-16.24436,35.05046
-16.24417,35.05043
-16.24402,35.05038
-16.24389,35.05035
-16.24373,35.05032
-16.24356,35.05033
-16.24346,35.05031
-16.24326,35.05031
-16.24314,35.05028
-16.24303,35.05026
-16.24290,35.05024
-16.24280,35.05021
-16.24266,35.05015
-16.24245,35.05006
-16.24225,35.04999
-16.24216,35.04995
-16.24206,35.04989
-16.24193,35.04980
-16.24179,35.04973
-16.24169,35.04967
-16.24159,35.04962
-16.24150,35.04956
-16.24141,35.04950
-16.24129,35.04944
-16.24117,35.04934
-16.24102,35.04923
-16.24089,35.04913
-16.24077,35.04905
-16.24067,35.04897
-16.24053,35.04886
-16.24039,35.04876
-16.24030,35.04868
-16.24019,35.04858
-16.24005,35.04844
-16.23997,35.04837
-16.23987,35.04830
-16.23973,35.04817
-16.23962,35.04805
-16.23949,35.04794
-16.23932,35.04778
-16.23921,35.04768
-16.23908,35.04757
-16.23893,35.04745
-16.23883,35.04734
-16.23872,35.04723
-16.23861,35.04714
-16.23846,35.04700
-16.23838,35.04693
-16.23829,35.04686
-16.23816,35.04670
-16.23803,35.04656
-16.23795,35.04645
-16.23788,35.04638
-16.23772,35.04622
-16.23760,35.04609
-16.23752,35.04602
-16.23742,35.04591
-16.23732,35.04583
-16.23723,35.04576
-16.23715,35.04567
-16.23706,35.04560
-16.23697,35.04552
-16.23686,35.04546
-16.23676,35.04534
-16.23664,35.04522
-16.23653,35.04508
-16.23643,35.04499
-16.23634,35.04489
-16.23623,35.04480
-16.23611,35.04469
-16.23598,35.04458
-16.23589,35.04451
-16.23579,35.04444
-16.23569,35.04436
-16.23554,35.04426
-16.23545,35.04419
-16.23527,35.04409
-16.23516,35.04401
-16.23507,35.04397
-16.23499,35.04390
-16.23484,35.04382
-16.23467,35.04374
-16.23453,35.04366
-16.23437,35.04357
-16.23427,35.04351
-16.23412,35.04344
-16.23398,35.04335
-16.23385,35.04324
-16.23373,35.04315
-16.23359,35.04302
-16.23347,35.04294
-16.23341,35.04285
-16.23334,35.04275
-16.23324,35.04263
-16.23312,35.04251
-16.23303,35.04244
-16.23293,35.04236
-16.23279,35.04227
-16.23267,35.04218
-16.23258,35.04213
-16.23246,35.04205
-16.23235,35.04196
-16.23224,35.04190
-16.23213,35.04183
-16.23201,35.04174
-16.23188,35.04161
-16.23179,35.04153
-16.23171,35.04145
-16.23153,35.04127
-16.23140,35.04118
-16.23131,35.04110
-16.23123,35.04100
-16.23114,35.04092
-16.23105,35.04082
-16.23093,35.04075
-16.23082,35.04072
-16.23070,35.04073
-16.23056,35.04072
-16.22995,35.04023
-16.22920,35.03965
-16.22839,35.03910
-16.22760,35.03858
-16.22672,35.03803
-16.22588,35.03755
-16.22512,35.03701
-16.22435,35.03648
-16.22359,35.03592
-16.22280,35.03538
-16.22206,35.03483
-16.22136,35.03423
-16.22058,35.03371
-16.21975,35.03315
-16.21892,35.03268
-16.21808,35.03226
-16.21722,35.03191
-16.21633,35.03170
-16.21534,35.03161
-16.21440,35.03161
-16.21350,35.03165
-16.21256,35.03176
-16.21160,35.03199
-16.21062,35.03225
-16.20969,35.03235
-16.20817,35.03143
-16.20761,35.03068
-16.20686,35.03003
-16.20597,35.02965
-16.20523,35.02813
-16.20451,35.02751
-16.20377,35.02692
-16.20322,35.02613
-16.20254,35.02546
-16.20169,35.02499
-16.20095,35.02439
-16.20035,35.02360
-16.19974,35.02283
-16.19919,35.02205
-16.19871,35.02124
-16.19822,35.02044
-16.19763,35.01971
-16.19690,35.01906
-16.19613,35.01852
-16.19530,35.01808
-16.19444,35.01774
-16.19351,35.01749
-16.19371,35.01713
-16.19150,35.01809
-16.19073,35.01859
-16.18996,35.01917
-16.18925,35.01975
-16.18849,35.02029
-16.18770,35.02080
-16.18689,35.02129
-16.18607,35.02170
-16.18528,35.02218
-16.18439,35.02242
-16.18405,35.02329
-16.18383,35.02421
-16.18295,35.02444
-16.18204,35.02445
-16.18147,35.02459
-16.18104,35.02415
-16.18030,35.02357
-16.16405,35.00910
-16.16262,35.00786
-16.15001,34.99687
-16.14642,34.99316
-16.14161,34.98466
-16.13495,34.97285
-16.13155,34.96601
-16.13154,34.96590
-16.13150,34.96578
-16.13145,34.96563
-16.13139,34.96546
-16.13137,34.96533
-16.13133,34.96524
-16.13127,34.96509
-16.13123,34.96496
-16.13121,34.96484
-16.13117,34.96472
-16.13110,34.96458
-16.13104,34.96444
-16.13101,34.96432
-16.13096,34.96422
-16.13091,34.96412
-16.13087,34.96401
-16.13080,34.96385
-16.13075,34.96376
-16.13069,34.96362
-16.13064,34.96351
-16.13059,34.96341
-16.13052,34.96322
-16.13046,34.96304
-16.13039,34.96291
-16.13033,34.96278
-16.13027,34.96268
-16.13022,34.96257
-16.13013,34.96243
-16.13007,34.96232
-16.13002,34.96223
-16.12993,34.96210
-16.12986,34.96201
-16.12980,34.96190
-16.12974,34.96179
-16.12967,34.96169
-16.12961,34.96158
-16.12953,34.96149
-16.12944,34.96137
-16.12935,34.96125
-16.12928,34.96117
-16.12919,34.96107
-16.12913,34.96097
-16.12904,34.96088
-16.12897,34.96080
-16.12890,34.96070
-16.12877,34.96058
-16.12868,34.96048
-16.12855,34.96035
-16.12847,34.96027
-16.12839,34.96018
-16.12830,34.96008
-16.12822,34.96003
-16.12812,34.95996
-16.12800,34.95985
-16.12791,34.95976
-16.12779,34.95967
-16.12769,34.95956
-16.12756,34.95942
-16.12745,34.95931
-16.12737,34.95923
-16.12729,34.95915
-16.12710,34.95899
-16.12700,34.95888
-16.12692,34.95881
-16.12684,34.95873
-16.12673,34.95862
-16.12665,34.95854
-16.12655,34.95846
-16.12642,34.95834
-16.12631,34.95825
-16.12619,34.95816
-16.12604,34.95800
-16.12589,34.95790
-16.12576,34.95778
-16.12557,34.95764
-16.12544,34.95753
-16.12532,34.95745
-16.12517,34.95734
-16.12506,34.95727
-16.12496,34.95720
-16.12486,34.95711
-16.12469,34.95699
-16.12458,34.95690
-16.12450,34.95683
-16.12440,34.95675
-16.12430,34.95663
-16.12420,34.95656
-16.12410,34.95649
-16.12398,34.95640
-16.12387,34.95633
-16.12376,34.95626
-16.12353,34.95611
-16.12339,34.95600
-16.12328,34.95593
-16.12316,34.95585
-16.12301,34.95576
-16.12291,34.95569
-16.12281,34.95563
-16.12268,34.95554
-16.12259,34.95548
-16.12248,34.95542
-16.12235,34.95535
-16.12218,34.95525
-16.12208,34.95519
-16.12194,34.95510
-16.12185,34.95505
-16.12169,34.95497
-16.12158,34.95490
-16.12145,34.95482
-16.12136,34.95475
-16.12121,34.95466
-16.12109,34.95458
-16.12099,34.95452
-16.12090,34.95446
-16.12079,34.95440
-16.12070,34.95434
-16.12060,34.95426
-16.12050,34.95418
-16.12040,34.95413
-16.12031,34.95406
-16.12022,34.95402
-16.12010,34.95395
-16.11998,34.95387
-16.11981,34.95376
-16.11970,34.95365
-16.11962,34.95359
-16.11949,34.95350
-16.11938,34.95344
-16.11928,34.95338
-16.11918,34.95330
-16.11902,34.95318
-16.11889,34.95309
-16.11878,34.95302
-16.11868,34.95296
-16.11854,34.95288
-16.11845,34.95282
-16.11835,34.95275
-16.11821,34.95266
-16.11811,34.95259
-16.11802,34.95252
-16.11789,34.95245
-16.11775,34.95236
-16.11763,34.95226
-16.11748,34.95216
-16.11738,34.95209
-16.11720,34.95197
-16.11710,34.95190
-16.11698,34.95181
-16.11689,34.95174
-16.11678,34.95168
-16.11666,34.95159
-16.11658,34.95153
-16.11650,34.95146
-16.11637,34.95138
-16.11628,34.95132
-16.11620,34.95125
-16.11609,34.95116
-16.11592,34.95105
-16.11581,34.95099
-16.11568,34.95088
-16.11559,34.95081
-16.11546,34.95072
-16.11537,34.95065
-16.11524,34.95053
-16.11516,34.95045
-16.11502,34.95032
-16.11490,34.95022
-16.11479,34.95011
-16.11469,34.95004
-16.11459,34.94997
-16.11443,34.94988
-16.11430,34.94980
-16.11419,34.94974
-16.11408,34.94967
-16.11395,34.94960
-16.11383,34.94954
-16.11372,34.94947
-16.11363,34.94941
-16.11351,34.94938
-16.11342,34.94932
-16.11330,34.94929
-16.11321,34.94924
-16.11311,34.94921
-16.11301,34.94915
-16.11284,34.94908
-16.11271,34.94902
-16.11262,34.94897
-16.11250,34.94890
-16.11233,34.94884
-16.11219,34.94878
-16.11209,34.94873
-16.11193,34.94868
-16.11178,34.94863
-16.11167,34.94860
-16.11155,34.94852
-16.11145,34.94847
-16.11134,34.94838
-16.11100,34.94826
-16.11079,34.94830
-16.11071,34.94839
-16.11054,34.94844
-16.11040,34.94844
-16.11028,34.94843
-16.11005,34.94841
-16.10993,34.94838
-16.10980,34.94836
-16.10965,34.94834
-16.10952,34.94832
-16.10942,34.94830
-16.10932,34.94827
-16.10915,34.94823
-16.10897,34.94818
-16.10883,34.94814
-16.10866,34.94806
-16.10846,34.94794
-16.10821,34.94779
-16.10796,34.94767
-16.10780,34.94757
-16.10768,34.94749
-16.10756,34.94741
-16.10739,34.94730
-16.10718,34.94716
-16.10694,34.94700
-16.10668,34.94683
-16.10640,34.94668
-16.10619,34.94655
-16.10603,34.94647
-16.10588,34.94637
-16.10569,34.94626
-16.10549,34.94616
-16.10528,34.94605
-16.10505,34.94592
-16.10478,34.94581
-16.10450,34.94568
-16.10424,34.94557
-16.10397,34.94543
-16.10371,34.94531
-16.10340,34.94515
-16.10307,34.94499
-16.10273,34.94483
-16.10242,34.94468
-16.10213,34.94453
-16.10186,34.94440
-16.10161,34.94425
-16.10135,34.94412
-16.10106,34.94400
-16.10082,34.94386
-16.10055,34.94370
-16.10027,34.94352
-16.10001,34.94338
-16.09976,34.94323
-16.09956,34.94311
-16.09937,34.94299
-16.09916,34.94286
-16.09886,34.94269
-16.09848,34.94248
-16.09817,34.94231
-16.09803,34.94222
-16.09793,34.94216
-16.09780,34.94209
-16.09763,34.94201
-16.09740,34.94188
-16.09725,34.94179
-16.09715,34.94172
-16.09705,34.94163
-16.09680,34.94117
-16.09641,34.94090
-16.09594,34.94066
-16.09548,34.94045
-16.09495,34.94018
-16.09450,34.93992
-16.09411,34.93966
-16.09368,34.93940
-16.09329,34.93914
-16.09290,34.93887
-16.09240,34.93851
-16.09203,34.93822
-16.09163,34.93794
-16.09120,34.93766
-16.09081,34.93735
-16.09031,34.93703
-16.08985,34.93673
-16.08933,34.93644
-16.08886,34.93614
-16.08850,34.93584
-16.08812,34.93549
-16.08771,34.93521
-16.08730,34.93494
-16.08692,34.93465
-16.08653,34.93432
-16.08617,34.93402
-16.08578,34.93368
-16.08545,34.93337
-16.08508,34.93303
-16.08473,34.93270
-16.08436,34.93229
-16.08403,34.93192
-16.08370,34.93151
-16.08337,34.93106
-16.08316,34.93061
-16.08305,34.93011
-16.08316,34.92961
-16.08322,34.92914
-16.08323,34.92867
-16.08316,34.92816
-16.08308,34.92769
-16.08303,34.92722
-16.08302,34.92673
-16.08340,34.92635
-16.08279,34.92628
-16.08191,34.92605
-16.08102,34.92621
-16.08047,34.92698
-16.08024,34.92791
-16.08003,34.92884
-16.08082,34.92930
-16.08166,34.92965
-16.08121,34.93048
-16.08063,34.93124
-16.08033,34.93214
-16.07942,34.93226
-16.07861,34.93175
-16.07776,34.93135
-16.07687,34.93105
-16.07631,34.93179
-16.07543,34.93249
-16.07481,34.93324
-16.07402,34.93276
-16.07327,34.93223
-16.07239,34.93184
-16.07207,34.93096
-16.07120,34.93065
-16.07028,34.93041
-16.06940,34.93014
-16.06855,34.92980
-16.06784,34.92921
-16.06758,34.92830
-16.06692,34.92763
-16.06630,34.92689
-16.06572,34.92615
-16.06479,34.92610
-16.06386,34.92623
-16.06296,34.92606
-16.06229,34.92541
-16.06254,34.92450
-16.06259,34.92355
-16.06251,34.92260
-16.06133,34.92104
-16.06116,34.92088
-16.06080,34.92049
-16.06048,34.92010
-16.06016,34.91970
-16.05983,34.91933
-16.05949,34.91895
-16.05916,34.91859
-16.05885,34.91824
-16.05860,34.91780
-16.05828,34.91743
-16.05795,34.91711
-16.05755,34.91679
-16.05709,34.91647
-16.05661,34.91615
-16.05611,34.91584
-16.05564,34.91569
-16.05518,34.91556
-16.05465,34.91544
-16.05415,34.91536
-16.05370,34.91529
-16.05319,34.91527
-16.05265,34.91533
-16.05222,34.91546
-16.05171,34.91560
-16.05122,34.91577
-16.05080,34.91593
-16.05034,34.91610
-16.04985,34.91611
-16.04941,34.91598
-16.04899,34.91570
-16.04857,34.91554
-16.04814,34.91540
-16.04770,34.91527
-16.04722,34.91515
-16.04678,34.91500
-16.04632,34.91481
-16.04581,34.91458
-16.04539,34.91435
-16.04510,34.91421
-16.04448,34.91390
-16.04400,34.91377
-16.04353,34.91366
-16.04301,34.91357
-16.04249,34.91358
-16.04203,34.91366
-16.04157,34.91377
-16.04093,34.91401
-16.04069,34.91406
-16.04020,34.91399
-16.03975,34.91388
-16.03924,34.91374
-16.03867,34.91356
-16.03808,34.91339
-16.03756,34.91322
-16.03703,34.91309
-16.03650,34.91298
-16.03603,34.91287
-16.03550,34.91274
-16.03491,34.91253
-16.03437,34.91233
-16.03394,34.91219
-16.03349,34.91208
-16.03306,34.91195
-16.03254,34.91184
-16.03197,34.91172
-16.03155,34.91155
-16.03112,34.91137
-16.03069,34.91113
-16.03027,34.91085
-16.02988,34.91054
-16.02955,34.91022
-16.02920,34.90989
-16.02890,34.90952
-16.02857,34.90911
-16.02824,34.90872
-16.02785,34.90833
-16.02755,34.90797
-16.02718,34.90763
-16.02676,34.90729
-16.02643,34.90689
-16.02629,34.90667
-16.02590,34.90602
-16.02567,34.90561
-16.02525,34.90527
-16.02479,34.90497
-16.02439,34.90472
-16.02395,34.90445
-16.02354,34.90422
-16.02312,34.90397
-16.02265,34.90374
-16.02219,34.90355
-16.02169,34.90347
-16.02118,34.90340
-16.02063,34.90340
-16.02016,34.90340
-16.01971,34.90350
-16.01927,34.90359
-16.01882,34.90368
-16.01828,34.90380
-16.01785,34.90397
-16.01743,34.90423
-16.01703,34.90446
-16.01661,34.90472
-16.01616,34.90496
-16.01568,34.90522
-16.01518,34.90543
-16.01468,34.90557
-16.01422,34.90564
-16.01372,34.90567
-16.01322,34.90552
-16.01284,34.90523
-16.01253,34.90490
-16.01222,34.90449
-16.01192,34.90410
-16.01163,34.90364
-16.01139,34.90317
-16.01118,34.90266
-16.01108,34.90220
-16.01093,34.90176
-16.01015,34.90304
-16.00931,34.90342
-16.00873,34.90415
-16.00836,34.90505
-16.00821,34.90598
-16.00784,34.90686
-16.00728,34.90761
-16.00667,34.90834
-16.00594,34.90892
-16.00508,34.90926
-16.00483,34.91017
-16.00483,34.91119
-16.00491,34.91213
-16.00461,34.91302
-16.00407,34.91382
-16.00398,34.91476
-16.00347,34.91554
-16.00378,34.91645
-16.00439,34.91720
-16.00492,34.91796
-16.00489,34.91890
-16.00443,34.91971
-16.00400,34.92058
-16.00366,34.92227
-16.00338,34.92319
-16.00322,34.92414
-16.00317,34.92512
-16.00310,34.92606
-16.00253,34.92681
-16.00166,34.92714
-16.00076,34.92698
-16.00034,34.92613
-16.00007,34.92518
-15.99978,34.92420
-15.99946,34.92326
-15.99924,34.92229
-15.99876,34.92150
-15.99796,34.92104
-15.99706,34.92084
-15.99611,34.92071
-15.99516,34.92072
-15.99422,34.92086
-15.99337,34.92139
-15.99258,34.92197
-15.99190,34.92263
-15.99126,34.92341
-15.99071,34.92417
-15.99025,34.92497
-15.99004,34.92555
-15.98960,34.92678
-15.98950,34.92774
-15.98950,34.92875
-15.98956,34.92970
-15.98968,34.93064
-15.98990,34.93160
-15.99024,34.93253
-15.99063,34.93343
-15.99106,34.93432
-15.99157,34.93515
-15.99221,34.93589
-15.99280,34.93669
-15.99321,34.93753
-15.99313,34.93849
-15.99250,34.93917
-15.99161,34.93946
-15.99072,34.93966
-15.98998,34.94024
-15.98947,34.94101
-15.98901,34.94184
-15.98851,34.94265
-15.98804,34.94347
-15.98747,34.94424
-15.98684,34.94493
-15.98592,34.94543
-15.98527,34.94614
-15.98484,34.94698
-15.98454,34.94793
-15.98430,34.94884
-15.98382,34.94966
-15.98303,34.95017
-15.98209,34.95013
-15.98121,34.94986
-15.98030,34.94983
-15.97947,34.95021
-15.97884,34.95094
-15.97819,34.95162
-15.97729,34.95173
-15.97646,34.95135
-15.97581,34.95067
-15.97531,34.94985
-15.97491,34.94901
-15.97462,34.94808
-15.97373,34.94785
-15.97307,34.94848
-15.97239,34.94914
-15.97178,34.94983
-15.97150,34.95072
-15.97154,34.95166
-15.97157,34.95259
-15.97149,34.95354
-15.97129,34.95462
-15.97036,34.95467
-15.96949,34.95435
-15.96866,34.95395
-15.96776,34.95365
-15.96684,34.95349
-15.96591,34.95350
-15.96500,34.95329
-15.96407,34.95341
-15.96356,34.95414
-15.96366,34.95511
-15.96399,34.95598
-15.96367,34.95686
-15.96301,34.95755
-15.96232,34.95822
-15.96161,34.95879
-15.96096,34.95946
-15.96030,34.96014
-15.95978,34.96093
-15.95946,34.96181
-15.95911,34.96267
-15.95839,34.96341
-15.95790,34.96312
-15.95699,34.96314
-15.95609,34.96292
-15.95519,34.96284
-15.95435,34.96324
-15.95344,34.96342
-15.95254,34.96339
-15.95161,34.96313
-15.95073,34.96339
-15.94982,34.96341
-15.94891,34.96328
-15.94800,34.96317
-15.94707,34.96317
-15.94612,34.96305
-15.94539,34.96249
-15.94459,34.96197
-15.94389,34.96256
-15.94318,34.96315
-15.94258,34.96386
-15.94209,34.96475
-15.94195,34.96507
-15.94235,34.96592
-15.94270,34.96681
-15.94301,34.96772
-15.94345,34.96854
-15.94401,34.96931
-15.94408,34.97024
-15.94378,34.97115
-15.94333,34.97196
-15.94244,34.97212
-15.94161,34.97256
-15.94108,34.97332
-15.94055,34.97409
-15.93998,34.97483
-15.93938,34.97558
-15.93859,34.97610
-15.93778,34.97654
-15.93688,34.97679
-15.93598,34.97700
-15.93509,34.97734
-15.93444,34.97806
-15.93455,34.97899
-15.93545,34.97908
-15.93632,34.97935
-15.93682,34.98015
-15.93626,34.98090
-15.93550,34.98141
-15.93473,34.98192
-15.93392,34.98232
-15.93317,34.98286
-15.93251,34.98352
-15.93111,34.98385
-15.93019,34.98392
-15.92929,34.98406
-15.92839,34.98397
-15.92747,34.98390
-15.92656,34.98397
-15.92564,34.98414
-15.92489,34.98471
-15.92442,34.98561
-15.92396,34.98631
-15.92350,34.98712
-15.92282,34.98775
-15.92217,34.98841
-15.92178,34.98927
-15.92164,34.99023
-15.92165,34.99117
-15.92120,34.99200
-15.92065,34.99276
-15.92020,34.99359
-15.91975,34.99442
-15.91952,34.99533
-15.91933,34.99625
-15.91824,34.99676
-15.91733,34.99706
-15.91645,34.99727
-15.91561,34.99763
-15.91486,34.99817
-15.91469,34.99909
-15.91455,35.00002
-15.91450,35.00099
-15.91446,35.00193
-15.91419,35.00283
-15.91394,35.00377
-15.91377,35.00471
-15.91332,35.00553
-15.91245,35.00710
-15.91290,35.00726
-15.91360,35.00785
-15.91433,35.00845
-15.91492,35.00921
-15.91560,35.00984
-15.91656,35.01010
-15.91733,35.00960
-15.91785,35.01104
-15.91766,35.01197
-15.91676,35.01288
-15.91594,35.01329
-15.91502,35.01340
-15.91449,35.01262
-15.91386,35.01193
-15.91294,35.01196
-15.91287,35.01290
-15.91323,35.01377
-15.91383,35.01448
-15.91455,35.01506
-15.91545,35.01521
-15.91631,35.01564
-15.91700,35.01627
-15.91745,35.01709
-15.91836,35.01695
-15.91887,35.01775
-15.91937,35.01854
-15.91974,35.01941
-15.92001,35.02030
-15.92073,35.02088
-15.92161,35.02110
-15.92248,35.02137
-15.92327,35.02188
-15.92387,35.02259
-15.92451,35.02329
-15.92511,35.02399
-15.92552,35.02486
-15.92545,35.02581
-15.92527,35.02674
-15.92428,35.02769
-15.92389,35.02854
-15.92355,35.02943
-15.92279,35.02996
-15.92215,35.03064
-15.92164,35.03150
-15.92125,35.03242
-15.92093,35.03339
-15.92062,35.03430
-15.91990,35.03486
-15.91905,35.03520
-15.91851,35.03594
-15.91783,35.03659
-15.91696,35.03709
-15.91608,35.03738
-15.91531,35.03787
-15.91453,35.03836
-15.91372,35.03877
-15.91304,35.03942
-15.91237,35.04006
-15.91168,35.04067
-15.91155,35.04145
-15.91169,35.04255
-15.91207,35.04346
-15.91249,35.04433
-15.91301,35.04509
-15.91365,35.04579
-15.91415,35.04657
-15.91447,35.04746
-15.91449,35.04917
-15.91414,35.05006
-15.91363,35.05087
-15.91297,35.05151
-15.91225,35.05215
-15.91150,35.05281
-15.91082,35.05351
-15.91027,35.05427
-15.91021,35.05524
-15.90952,35.05583
-15.90902,35.05663
-15.90908,35.05758
-15.90886,35.05851
-15.90834,35.05930
-15.90780,35.06012
-15.90720,35.06090
-15.90662,35.06161
-15.90634,35.06250
-15.90623,35.06344
-15.90583,35.06438
-15.90493,35.06450
-15.90403,35.06459
-15.90313,35.06474
-15.90225,35.06503
-15.90163,35.06572
-15.90145,35.06666
-15.90102,35.06797
-15.90049,35.06876
-15.89979,35.06935
-15.89915,35.07010
-15.89857,35.07084
-15.89804,35.07161
-15.89742,35.07231
-15.89688,35.07307
-15.89622,35.07380
-15.89556,35.07443
-15.89490,35.07514
-15.89443,35.07593
-15.89392,35.07671
-15.89340,35.07751
-15.89296,35.07838
-15.89256,35.07923
-15.89216,35.08012
-15.89171,35.08098
-15.89119,35.08176
-15.89054,35.08242
-15.88971,35.08284
-15.88883,35.08310
-15.88805,35.08363
-15.88807,35.08456
-15.88849,35.08539
-15.88885,35.08627
-15.88917,35.08719
-15.88948,35.08813
-15.88946,35.08913
-15.88936,35.09013
-15.88870,35.09148
-15.88814,35.09227
-15.88685,35.09270
-15.88644,35.09298
-15.88602,35.09322
-15.88562,35.09344
-15.88521,35.09366
-15.88480,35.09386
-15.88440,35.09411
-15.88394,35.09416
-15.88352,35.09439
-15.88309,35.09460
-15.88270,35.09485
-15.88234,35.09496
-15.88171,35.09534
-15.88127,35.09617
-15.88098,35.09707
-15.88104,35.09803
-15.88086,35.09897
-15.88050,35.09984
-15.88015,35.10073
-15.87955,35.10143
-15.87881,35.10198
-15.87830,35.10276
-15.87790,35.10360
-15.87756,35.10447
-15.87724,35.10536
-15.87699,35.10631
-15.87694,35.10731
-15.87665,35.10815
-15.87574,35.10832
-15.87484,35.10832
-15.87387,35.10839
-15.87298,35.10859
-15.87209,35.10884
-15.87121,35.10925
-15.87047,35.10983
-15.86985,35.11066
-15.86895,35.11080
-15.86842,35.11001
-15.86757,35.11037
-15.86734,35.11128
-15.86680,35.11206
-15.86614,35.11272
-15.86543,35.11331
-15.86448,35.11340
-15.86396,35.11417
-15.86404,35.11514
-15.86477,35.11570
-15.86514,35.11656
-15.86444,35.11701
-15.86353,35.11687
-15.86261,35.11678
-15.86172,35.11700
-15.86135,35.11788
-15.86107,35.11877
-15.86046,35.11949
-15.85974,35.12007
-15.85910,35.12079
-15.85862,35.12158
-15.85770,35.12275
-15.85758,35.12280
-15.85793,35.12368
-15.85814,35.12471
-15.85834,35.12579
-15.85844,35.12681
-15.85843,35.12777
-15.85835,35.12870
-15.85805,35.12960
-15.85718,35.12991
-15.85624,35.12994
-15.85558,35.13058
-15.85549,35.13153
-15.85548,35.13248
-15.85521,35.13340
-15.85468,35.13420
-15.85395,35.13565
-15.85303,35.13601
-15.85301,35.13697
-15.85366,35.13762
-15.85447,35.13805
-15.85538,35.13788
-15.85629,35.13765
-15.85710,35.13809
-15.85764,35.13885
