#GsakName=Matabeleland South
-19.51698,29.27012
-19.52571,29.27394
-19.53397,29.27681
-19.54178,29.27967
-19.55097,29.28301
-19.55878,29.28588
-19.56112,29.28657
-19.56521,29.28778
-19.57164,29.29065
-19.57670,29.29400
-19.58405,29.29976
-19.59141,29.30359
-19.59785,29.30790
-19.60474,29.31221
-19.60842,29.31653
-19.61386,29.32313
-19.61971,29.33064
-19.62362,29.33621
-19.63007,29.34437
-19.63467,29.35013
-19.64249,29.35637
-19.65168,29.36164
-19.65994,29.36258
-19.66591,29.36449
-19.67142,29.36593
-19.67923,29.36928
-19.68475,29.37312
-19.68843,29.37744
-19.69304,29.38561
-19.69719,29.39282
-19.70225,29.39858
-19.70778,29.40675
-19.71100,29.41108
-19.71422,29.41540
-19.71928,29.42068
-19.72525,29.42500
-19.72985,29.42692
-19.73673,29.42884
-19.74040,29.42883
-19.74453,29.42882
-19.74591,29.42882
-19.74958,29.42882
-19.76241,29.42206
-19.76974,29.41868
-19.77983,29.41578
-19.78854,29.41480
-19.79772,29.41430
-19.80643,29.41429
-19.81010,29.41428
-19.81561,29.41572
-19.81974,29.41715
-19.82662,29.41666
-19.83167,29.41473
-19.83533,29.41376
-19.83671,29.41328
-19.84772,29.41181
-19.85597,29.41132
-19.86148,29.41131
-19.86561,29.41227
-19.87296,29.41514
-19.87664,29.41899
-19.88078,29.42284
-19.88309,29.42958
-19.88310,29.43632
-19.87807,29.44307
-19.87440,29.44500
-19.87211,29.44693
-19.86937,29.44934
-19.86662,29.45079
-19.85746,29.45899
-19.85197,29.46429
-19.84924,29.47585
-19.85111,29.49126
-19.85756,29.50473
-19.86354,29.51484
-19.87137,29.53024
-19.87598,29.54276
-19.88104,29.55239
-19.88748,29.56153
-19.89575,29.56827
-19.90723,29.57501
-19.91871,29.58175
-19.92744,29.58945
-19.93479,29.59812
-19.93618,29.60583
-19.93298,29.61883
-19.92703,29.62895
-19.91971,29.64196
-19.91284,29.65352
-19.90918,29.66364
-19.90736,29.67423
-19.90645,29.68001
-19.91562,29.68339
-19.92985,29.68676
-19.93857,29.68821
-19.94132,29.68821
-19.95417,29.69062
-19.96334,29.69206
-19.97023,29.69399
-19.97298,29.69544
-19.97436,29.69930
-19.97437,29.71134
-19.96934,29.72772
-19.96155,29.74603
-19.95514,29.76434
-19.95285,29.77542
-19.95193,29.78168
-19.95102,29.78698
-19.94964,29.79035
-19.95515,29.80143
-19.95974,29.80144
-19.96708,29.80145
-19.97534,29.80145
-19.98084,29.80001
-19.98772,29.79857
-19.99139,29.79857
-19.99781,29.79954
-20.00516,29.80437
-20.00699,29.81545
-20.00516,29.82895
-20.00516,29.84582
-20.00654,29.86172
-20.01158,29.87137
-20.01800,29.87427
-20.02489,29.87572
-20.03131,29.87718
-20.04002,29.87719
-20.04599,29.87720
-20.05057,29.87672
-20.05883,29.87529
-20.07076,29.86952
-20.08085,29.86133
-20.08911,29.85604
-20.09553,29.85171
-20.10425,29.84641
-20.11067,29.84256
-20.11984,29.83775
-20.12626,29.83342
-20.13544,29.82764
-20.14737,29.82138
-20.15379,29.81801
-20.15929,29.81512
-20.16342,29.81319
-20.16709,29.81127
-20.17076,29.81079
-20.17397,29.80934
-20.17443,29.80838
-20.18406,29.80405
-20.19278,29.80019
-20.20057,29.79779
-20.20699,29.79345
-20.21754,29.79346
-20.22213,29.79346
-20.22443,29.79491
-20.22764,29.79540
-20.23109,29.79492
-20.23452,29.79444
-20.23956,29.79203
-20.24461,29.78962
-20.24782,29.78818
-20.25745,29.78674
-20.26708,29.78530
-20.27442,29.78337
-20.28222,29.78096
-20.28864,29.77904
-20.29552,29.77614
-20.30240,29.77277
-20.30699,29.77084
-20.31112,29.76891
-20.31616,29.76650
-20.31983,29.76457
-20.32258,29.76313
-20.32396,29.76216
-20.32487,29.76168
-20.32610,29.76138
-20.33084,29.76023
-20.33863,29.75637
-20.34918,29.75300
-20.35652,29.75059
-20.36753,29.74722
-20.37762,29.74432
-20.38955,29.74143
-20.40193,29.73854
-20.41340,29.73758
-20.42578,29.73662
-20.43496,29.73614
-20.44138,29.73518
-20.45101,29.73325
-20.45697,29.72987
-20.46247,29.72600
-20.47256,29.72117
-20.48128,29.71779
-20.48861,29.71586
-20.49366,29.71442
-20.49503,29.71442
-20.49641,29.71442
-20.50558,29.70910
-20.51429,29.70379
-20.51933,29.69702
-20.52254,29.68977
-20.52528,29.68106
-20.52803,29.67526
-20.53124,29.67139
-20.53399,29.66849
-20.53811,29.66414
-20.54178,29.65930
-20.54315,29.65253
-20.54635,29.64673
-20.54910,29.64189
-20.55231,29.63754
-20.55460,29.63318
-20.55643,29.63028
-20.56192,29.62303
-20.56467,29.61722
-20.56742,29.61722
-20.57202,29.62351
-20.57707,29.62738
-20.58211,29.62883
-20.58899,29.62399
-20.59219,29.61480
-20.59493,29.60318
-20.59629,29.59496
-20.59858,29.59302
-20.60225,29.59109
-20.61234,29.58915
-20.62014,29.58914
-20.62702,29.59011
-20.63528,29.59398
-20.63987,29.59688
-20.64355,29.59833
-20.64722,29.59978
-20.64859,29.60027
-20.65089,29.60172
-20.65732,29.60897
-20.66054,29.61430
-20.66284,29.62495
-20.66057,29.64382
-20.65691,29.65302
-20.65371,29.66318
-20.65142,29.66850
-20.64868,29.67576
-20.64730,29.68157
-20.64685,29.68447
-20.64685,29.68641
-20.64960,29.68980
-20.65878,29.68932
-20.66933,29.68593
-20.67850,29.68352
-20.68583,29.68013
-20.69592,29.67626
-20.70143,29.67432
-20.70785,29.67239
-20.71243,29.67142
-20.71427,29.67094
-20.72344,29.66755
-20.73353,29.66416
-20.74683,29.65980
-20.75691,29.65738
-20.76655,29.65496
-20.77618,29.65351
-20.78994,29.65109
-20.80140,29.64915
-20.81057,29.64770
-20.82204,29.64673
-20.82938,29.64625
-20.84406,29.64382
-20.84948,29.64301
-20.85048,29.64285
-20.85690,29.64140
-20.86148,29.64140
-20.86332,29.64091
-20.86790,29.64043
-20.88120,29.63752
-20.89313,29.63316
-20.89817,29.62928
-20.90458,29.62298
-20.90962,29.61571
-20.91466,29.60795
-20.91924,29.60067
-20.92473,29.59243
-20.93205,29.58176
-20.93846,29.57303
-20.94350,29.56575
-20.94716,29.55945
-20.95127,29.55072
-20.95539,29.54296
-20.95997,29.53616
-20.96363,29.53325
-20.96959,29.52937
-20.97371,29.52451
-20.98149,29.51190
-20.98468,29.50559
-20.98582,29.50363
-20.98834,29.49928
-20.99200,29.49491
-20.99841,29.48520
-21.00070,29.48277
-21.00344,29.47986
-21.00573,29.47646
-21.00985,29.47258
-21.01398,29.47112
-21.01948,29.47160
-21.02132,29.47305
-21.02224,29.47499
-21.02500,29.47790
-21.02915,29.49099
-21.03009,29.49973
-21.03148,29.50797
-21.03516,29.51816
-21.03656,29.53078
-21.03704,29.54533
-21.03660,29.55504
-21.03662,29.56765
-21.03755,29.57881
-21.03849,29.59094
-21.03896,29.60016
-21.03622,29.61132
-21.03210,29.62200
-21.02845,29.63607
-21.02656,29.64510
-21.02571,29.64917
-21.02526,29.66469
-21.02481,29.67682
-21.02482,29.68944
-21.02437,29.69768
-21.02346,29.70496
-21.02300,29.71515
-21.02301,29.72194
-21.02301,29.72873
-21.02347,29.73310
-21.02393,29.73747
-21.02485,29.73844
-21.03815,29.74184
-21.04458,29.74573
-21.05284,29.74962
-21.06155,29.75399
-21.06706,29.75642
-21.07669,29.75983
-21.08220,29.76323
-21.08770,29.76809
-21.09367,29.77440
-21.09550,29.77975
-21.09780,29.78460
-21.10238,29.78946
-21.10605,29.79238
-21.11018,29.79675
-21.11523,29.80112
-21.12119,29.81084
-21.12715,29.82056
-21.13082,29.82687
-21.13816,29.83368
-21.14917,29.83952
-21.16063,29.84148
-21.17027,29.84247
-21.17715,29.84248
-21.18127,29.84297
-21.18723,29.84638
-21.19136,29.85561
-21.19182,29.86338
-21.19502,29.87310
-21.19686,29.88039
-21.20236,29.88428
-21.21566,29.88431
-21.22942,29.88433
-21.23767,29.88532
-21.24501,29.89019
-21.24959,29.89603
-21.25097,29.89846
-21.25326,29.90527
-21.25509,29.90964
-21.25692,29.91353
-21.25784,29.91402
-21.25921,29.91402
-21.26838,29.91793
-21.27572,29.91794
-21.28077,29.91941
-21.28811,29.91942
-21.29453,29.91944
-21.29865,29.92139
-21.30232,29.92577
-21.30507,29.92918
-21.30736,29.93259
-21.30919,29.93502
-21.30887,29.93639
-21.31974,29.93893
-21.33212,29.94236
-21.33946,29.94432
-21.34542,29.94628
-21.35412,29.95359
-21.36190,29.97160
-21.36785,29.99009
-21.37242,29.99934
-21.38479,30.01056
-21.40174,30.02519
-21.40907,30.03056
-21.41870,30.03740
-21.42878,30.04375
-21.43428,30.04620
-21.44252,30.05109
-21.44619,30.05499
-21.44985,30.05890
-21.45443,30.06475
-21.45900,30.07011
-21.46404,30.07548
-21.46770,30.08084
-21.47227,30.08718
-21.47639,30.09547
-21.47913,30.09986
-21.48279,30.10328
-21.48875,30.10573
-21.49426,30.10672
-21.49700,30.10819
-21.49929,30.11307
-21.49928,30.11842
-21.49743,30.12279
-21.49651,30.12717
-21.49649,30.13398
-21.49740,30.14031
-21.49739,30.14274
-21.49692,30.14858
-21.49553,30.15685
-21.49919,30.16222
-21.50330,30.16710
-21.50742,30.17150
-21.50970,30.17540
-21.51886,30.18176
-21.52435,30.18811
-21.52801,30.19348
-21.53028,30.19933
-21.53486,30.20568
-21.53760,30.20812
-21.54126,30.21300
-21.54262,30.21739
-21.54306,30.22664
-21.54303,30.23589
-21.54301,30.24319
-21.54622,30.24613
-21.55309,30.24908
-21.55859,30.24861
-21.56731,30.24670
-21.57282,30.24429
-21.57741,30.24285
-21.58200,30.24190
-21.58383,30.24142
-21.58658,30.24484
-21.59068,30.25265
-21.59249,30.26385
-21.59339,30.26873
-21.59469,30.29406
-21.59649,30.30381
-21.59874,30.31794
-21.59962,30.33012
-21.60049,30.34425
-21.59863,30.35203
-21.59724,30.35738
-21.59951,30.36469
-21.60452,30.37202
-21.60679,30.38080
-21.60675,30.39005
-21.60948,30.39737
-21.61450,30.40373
-21.61677,30.41008
-21.62176,30.42423
-21.62676,30.43448
-21.63087,30.44132
-21.63451,30.44768
-21.63862,30.45209
-21.64364,30.45650
-21.64728,30.46577
-21.65044,30.47651
-21.65133,30.48479
-21.65175,30.49357
-21.65218,30.50039
-21.65445,30.50528
-21.65809,30.51066
-21.66359,30.51264
-21.66955,30.51267
-21.67460,30.51124
-21.68148,30.50934
-21.68562,30.50741
-21.69067,30.50647
-21.69296,30.50551
-21.69646,30.50552
-21.69755,30.50554
-21.70528,30.52069
-21.70891,30.52997
-21.71393,30.53439
-21.72079,30.53833
-21.72581,30.54275
-21.72763,30.54618
-21.72761,30.55105
-21.72255,30.55540
-21.71795,30.55830
-21.71517,30.56413
-21.71787,30.57389
-21.72335,30.58026
-21.73018,30.58859
-21.73611,30.59497
-21.74066,30.60231
-21.74293,30.60671
-21.74381,30.61403
-21.74149,30.61987
-21.73550,30.62665
-21.73133,30.63441
-21.72901,30.63976
-21.72851,30.64755
-21.73261,30.65343
-21.73673,30.65444
-21.74225,30.65058
-21.74640,30.64622
-21.74917,30.64332
-21.75193,30.64041
-21.75561,30.63898
-21.76203,30.63853
-21.76523,30.64099
-21.76611,30.64734
-21.76837,30.65418
-21.77201,30.66005
-21.77748,30.66448
-21.78298,30.66647
-21.78893,30.66798
-21.79627,30.66803
-21.80131,30.66758
-21.80636,30.66762
-21.80865,30.66812
-21.81322,30.67108
-21.81733,30.67404
-21.82050,30.68040
-21.82731,30.69313
-21.82955,30.70193
-21.83411,30.70732
-21.84416,30.71277
-21.85010,30.71671
-21.85102,30.71672
-21.85835,30.71775
-21.86247,30.71925
-21.86473,30.72463
-21.86560,30.73244
-21.87200,30.73591
-21.87978,30.73792
-21.88480,30.74186
-21.89027,30.74825
-21.89573,30.75561
-21.90163,30.76493
-21.90481,30.77032
-21.90937,30.77475
-21.91716,30.77530
-21.92086,30.76996
-21.92501,30.76560
-21.93007,30.76272
-21.93649,30.76277
-21.94198,30.76525
-21.94562,30.76870
-21.95016,30.77752
-21.95332,30.78438
-21.95554,30.79660
-21.95688,30.80296
-21.95914,30.80786
-21.96556,30.80791
-21.97015,30.80600
-21.97841,30.80460
-21.98070,30.80511
-21.98389,30.80807
-21.98752,30.81493
-21.99341,30.82524
-21.99748,30.83455
-22.00567,30.84438
-22.01296,30.85177
-22.01705,30.85620
-22.02300,30.85772
-22.02988,30.85778
-22.03446,30.85928
-22.03808,30.86615
-22.04079,30.87155
-22.04444,30.87500
-22.05313,30.87801
-22.06273,30.88151
-22.07235,30.88306
-22.07967,30.88508
-22.08241,30.88657
-22.08468,30.88952
-22.08466,30.89343
-22.08370,30.89880
-22.07859,30.90901
-22.07486,30.91777
-22.07342,30.92655
-22.07522,30.93145
-22.08025,30.93394
-22.08666,30.93498
-22.09079,30.93452
-22.09538,30.93310
-22.09768,30.93264
-22.10044,30.93168
-22.10181,30.93121
-22.10319,30.93073
-22.10640,30.93076
-22.11140,30.93765
-22.11092,30.93960
-22.11228,30.94206
-22.11318,30.94402
-22.11959,30.94652
-22.12645,30.94757
-22.13150,30.94761
-22.13745,30.94767
-22.14523,30.95019
-22.15072,30.95171
-22.15529,30.95419
-22.15937,30.96059
-22.16203,30.97234
-22.16241,30.98261
-22.16468,30.98605
-22.17016,30.98904
-22.17430,30.98713
-22.17756,30.98080
-22.18217,30.97694
-22.18492,30.97696
-22.18763,30.98188
-22.18848,30.99117
-22.18842,30.99997
-22.19526,31.00444
-22.20626,31.00455
-22.21312,31.00609
-22.21724,31.00808
-22.21951,31.01104
-22.21992,31.01642
-22.22078,31.02425
-22.22256,31.03063
-22.22712,31.03361
-22.23493,31.03173
-22.23956,31.02591
-22.24189,31.02104
-22.24696,31.01767
-22.25790,31.02512
-22.26153,31.03004
-22.26334,31.03300
-22.26923,31.04235
-22.27513,31.05024
-22.27876,31.05419
-22.28329,31.06206
-22.28688,31.07042
-22.29048,31.07926
-22.29365,31.08467
-22.29682,31.08911
-22.30045,31.09355
-22.30502,31.09556
-22.31097,31.09611
-22.31554,31.09763
-22.32102,31.10013
-22.32421,31.10310
-22.32785,31.10608
-22.33241,31.10955
-22.33377,31.11054
-22.33559,31.11252
-22.33620,31.11290
-22.33639,31.11228
-22.34456,31.08549
-22.34378,31.07606
-22.34116,31.06399
-22.33834,31.05355
-22.33399,31.04262
-22.32933,31.02415
-22.32332,31.00822
-22.32343,31.00130
-22.32442,30.99828
-22.32670,30.99136
-22.32612,30.98421
-22.31333,30.96150
-22.31291,30.95064
-22.30018,30.93138
-22.29960,30.92181
-22.29911,30.91385
-22.29754,30.90882
-22.29674,30.89816
-22.29949,30.87979
-22.29481,30.86162
-22.29394,30.85860
-22.29211,30.85229
-22.29105,30.84392
-22.29074,30.82714
-22.29272,30.80956
-22.29877,30.78895
-22.30052,30.78447
-22.30059,30.77607
-22.30340,30.76638
-22.30715,30.73371
-22.31301,30.71556
-22.31433,30.71258
-22.31499,30.71108
-22.31545,30.69872
-22.31219,30.68397
-22.30967,30.67198
-22.30790,30.66462
-22.30872,30.66077
-22.30954,30.65693
-22.31452,30.64962
-22.32045,30.64278
-22.32411,30.63857
-22.33011,30.63377
-22.33153,30.62750
-22.32459,30.61283
-22.32235,30.60374
-22.31904,30.59863
-22.31734,30.58188
-22.31758,30.56856
-22.32198,30.56103
-22.32472,30.54887
-22.32442,30.53381
-22.32170,30.52375
-22.31801,30.51148
-22.31646,30.50496
-22.31472,30.49536
-22.31433,30.48366
-22.31779,30.47009
-22.31853,30.46721
-22.32263,30.46113
-22.32910,30.44339
-22.33430,30.42893
-22.33974,30.40734
-22.34448,30.37900
-22.34596,30.35105
-22.34729,30.34855
-22.34452,30.30842
-22.35057,30.29685
-22.35107,30.28819
-22.34549,30.27510
-22.33357,30.26367
-22.31330,30.24958
-22.31217,30.24826
-22.30793,30.24331
-22.30129,30.23555
-22.29883,30.23153
-22.29368,30.22314
-22.29343,30.21130
-22.29529,30.20187
-22.29692,30.18158
-22.29673,30.16257
-22.30212,30.14664
-22.30940,30.13312
-22.30851,30.12425
-22.29762,30.10922
-22.28727,30.09787
-22.28572,30.09612
-22.27852,30.08546
-22.27307,30.07848
-22.26652,30.06763
-22.26254,30.06219
-22.26172,30.06145
-22.25716,30.05732
-22.25329,30.04614
-22.25326,30.04068
-22.25521,30.02890
-22.25208,30.02088
-22.23475,30.01294
-22.23042,30.01108
-22.22723,30.00000
-22.22531,29.99332
-22.22372,29.98348
-22.22201,29.97290
-22.21639,29.95774
-22.20924,29.94633
-22.19674,29.93209
-22.19490,29.92901
-22.19196,29.92408
-22.19104,29.91909
-22.18986,29.91278
-22.19045,29.89845
-22.19044,29.87847
-22.19108,29.87623
-22.18914,29.87350
-22.17767,29.85995
-22.17425,29.85368
-22.17205,29.84288
-22.17254,29.82973
-22.17154,29.82514
-22.16236,29.80210
-22.14332,29.77187
-22.14108,29.76376
-22.14207,29.74336
-22.14210,29.74268
-22.14282,29.73936
-22.14231,29.71462
-22.13707,29.69710
-22.13836,29.67958
-22.13879,29.67255
-22.13579,29.66671
-22.12954,29.65635
-22.12753,29.65063
-22.12661,29.64801
-22.13193,29.63421
-22.13611,29.62343
-22.14795,29.61337
-22.15482,29.60770
-22.15452,29.59965
-22.14946,29.59077
-22.14524,29.58588
-22.14455,29.58389
-22.14228,29.57736
-22.14232,29.57109
-22.14716,29.56063
-22.14733,29.56028
-22.14803,29.55696
-22.14979,29.54480
-22.15298,29.53377
-22.15982,29.53108
-22.16903,29.52829
-22.17494,29.52295
-22.17689,29.51600
-22.17300,29.49252
-22.16771,29.47664
-22.16727,29.45963
-22.16935,29.45093
-22.17502,29.42190
-22.17995,29.40796
-22.18058,29.40619
-22.18756,29.39216
-22.19090,29.37948
-22.19519,29.37663
-22.19740,29.37336
-22.19799,29.36939
-22.19689,29.36276
-22.19676,29.36180
-22.19663,29.36078
-22.19430,29.36013
-22.18101,29.35238
-22.17649,29.34634
-22.15986,29.33401
-22.13470,29.30294
-22.12856,29.29671
-22.12164,29.28706
-22.11021,29.28025
-22.09630,29.27500
-22.07466,29.26456
-22.06619,29.25692
-22.06068,29.24846
-22.06688,29.23245
-22.07034,29.22351
-22.07537,29.19746
-22.07966,29.18623
-22.07697,29.17176
-22.07587,29.15700
-22.07719,29.14660
-22.07158,29.13469
-22.06644,29.11488
-22.06231,29.10662
-22.04858,29.08363
-22.03242,29.06417
-22.02252,29.05487
-22.01129,29.04681
-22.00817,29.04457
-21.99721,29.03669
-21.98026,29.03009
-21.95114,29.02337
-21.93227,29.02201
-21.90982,29.02396
-21.89360,29.02718
-21.88434,29.03265
-21.87587,29.03366
-21.86226,29.03951
-21.85532,29.04589
-21.84019,29.05523
-21.82718,29.06623
-21.81990,29.07681
-21.80295,29.06208
-21.79782,29.05116
-21.78837,29.01725
-21.78132,29.00718
-21.77559,29.00000
-21.77195,28.98465
-21.77297,28.97485
-21.77655,28.96367
-21.77609,28.94274
-21.77082,28.92852
-21.76651,28.91176
-21.76532,28.90715
-21.76285,28.89132
-21.75937,28.87815
-21.75848,28.87049
-21.75047,28.85519
-21.74224,28.84701
-21.73860,28.83875
-21.73742,28.81854
-21.73543,28.79456
-21.72137,28.77732
-21.71545,28.77006
-21.70422,28.74486
-21.70124,28.73433
-21.69775,28.72203
-21.68613,28.69411
-21.68225,28.67678
-21.67873,28.67126
-21.66425,28.66318
-21.65665,28.65581
-21.65404,28.65032
-21.65385,28.63237
-21.64814,28.61907
-21.64640,28.60264
-21.63414,28.58898
-21.63138,28.58079
-21.63244,28.56730
-21.64010,28.56435
-21.64460,28.55933
-21.64635,28.55422
-21.64497,28.54932
-21.64404,28.54604
-21.64601,28.54119
-21.65924,28.52759
-21.66471,28.51501
-21.66847,28.49787
-21.66709,28.49045
-21.65871,28.47885
-21.65176,28.46558
-21.65063,28.45743
-21.64326,28.45053
-21.63864,28.42850
-21.63522,28.40479
-21.62765,28.39471
-21.62463,28.39069
-21.60726,28.36652
-21.60925,28.36068
-21.61399,28.35493
-21.61302,28.34802
-21.60575,28.33625
-21.60321,28.32807
-21.59787,28.27681
-21.59828,28.26738
-21.59841,28.26454
-21.60155,28.25850
-21.60285,28.22561
-21.60961,28.21279
-21.61084,28.20029
-21.60202,28.17670
-21.59872,28.16162
-21.59750,28.14635
-21.59428,28.13810
-21.59080,28.12921
-21.58945,28.11885
-21.58645,28.11041
-21.58793,28.07828
-21.58199,28.06755
-21.58004,28.05034
-21.58175,28.03050
-21.57962,28.02429
-21.57341,28.01623
-21.56164,28.00996
-21.54880,28.00095
-21.53362,27.99334
-21.52854,27.99416
-21.52518,27.99970
-21.51977,27.99585
-21.52495,27.98300
-21.52421,27.97634
-21.51376,27.96659
-21.50557,27.97013
-21.49029,27.98493
-21.48553,27.98234
-21.48222,27.97660
-21.48203,27.96506
-21.47939,27.96057
-21.46885,27.95930
-21.46553,27.96387
-21.46374,27.97118
-21.45630,27.97491
-21.44924,27.97250
-21.44269,27.96789
-21.42993,27.95406
-21.42407,27.95905
-21.41912,27.96034
-21.41376,27.95803
-21.40456,27.94870
-21.37963,27.93476
-21.36283,27.91664
-21.35527,27.91595
-21.33845,27.91819
-21.32019,27.91303
-21.31134,27.90394
-21.30279,27.90079
-21.28603,27.88096
-21.27079,27.86555
-21.24387,27.85321
-21.21376,27.82777
-21.20033,27.81461
-21.18223,27.81283
-21.17776,27.79113
-21.17041,27.78175
-21.16192,27.77497
-21.15881,27.77073
-21.15531,27.75300
-21.15242,27.74876
-21.14288,27.74386
-21.13376,27.73088
-21.12350,27.72718
-21.11878,27.72290
-21.11304,27.71222
-21.10699,27.70545
-21.09951,27.70134
-21.08797,27.69752
-21.07944,27.69470
-21.06585,27.68603
-21.05847,27.68755
-21.04830,27.70026
-21.04044,27.70251
-21.03177,27.69959
-21.01177,27.69051
-20.99809,27.70631
-20.98763,27.70115
-20.98232,27.70413
-20.96762,27.71237
-20.95878,27.70725
-20.94763,27.69253
-20.94172,27.68944
-20.93552,27.68928
-20.93066,27.69111
-20.91294,27.70264
-20.90360,27.70054
-20.87990,27.69009
-20.86499,27.69796
-20.85598,27.70845
-20.84919,27.71338
-20.83443,27.71538
-20.82054,27.71936
-20.80254,27.72200
-20.79494,27.73155
-20.78112,27.72734
-20.77198,27.72858
-20.76428,27.73176
-20.75806,27.73433
-20.75209,27.73417
-20.72746,27.72620
-20.71332,27.73170
-20.69899,27.72498
-20.69090,27.71744
-20.67792,27.71222
-20.67205,27.70767
-20.66496,27.70627
-20.65506,27.70699
-20.64692,27.70585
-20.64430,27.70549
-20.62817,27.70752
-20.61078,27.70414
-20.60341,27.70517
-20.59758,27.70893
-20.59419,27.71591
-20.58325,27.72247
-20.57803,27.71940
-20.57137,27.72214
-20.55397,27.72870
-20.54497,27.72989
-20.53420,27.72884
-20.53194,27.72782
-20.51928,27.72207
-20.51478,27.71581
-20.49995,27.70292
-20.49202,27.69000
-20.49034,27.68385
-20.49955,27.66558
-20.50232,27.65640
-20.50145,27.64564
-20.49499,27.63788
-20.48363,27.62389
-20.48229,27.61336
-20.48513,27.60149
-20.49478,27.58348
-20.49531,27.57178
-20.49068,27.55506
-20.48933,27.54502
-20.47928,27.50619
-20.47676,27.48782
-20.47338,27.47577
-20.47530,27.46315
-20.47954,27.44985
-20.48553,27.44002
-20.48624,27.42979
-20.48494,27.41756
-20.48477,27.38706
-20.48168,27.37259
-20.47453,27.36409
-20.47436,27.36308
-20.47352,27.35821
-20.48943,27.32767
-20.49510,27.31173
-20.50078,27.29554
-20.49781,27.28497
-20.48773,27.28372
-20.47458,27.28580
-20.45709,27.28728
-20.43395,27.29372
-20.41918,27.29648
-20.39714,27.29564
-20.38558,27.29849
-20.36609,27.29674
-20.34171,27.29779
-20.31228,27.29844
-20.29988,27.29786
-20.28256,27.29179
-20.26221,27.28758
-20.23816,27.28425
-20.22580,27.28126
-20.21583,27.26859
-20.21057,27.26192
-20.19452,27.26009
-20.16859,27.24733
-20.14249,27.24259
-20.13786,27.23275
-20.12506,27.22954
-20.11853,27.22282
-20.10561,27.21729
-20.10053,27.21512
-20.08701,27.20168
-20.08354,27.19114
-20.08635,27.17709
-20.08502,27.17182
-20.08789,27.14708
-20.08830,27.12981
-20.08651,27.11760
-20.08371,27.10950
-20.07355,27.10145
-20.05446,27.09219
-20.04012,27.08647
-20.03412,27.07732
-20.02999,27.06676
-20.02668,27.06211
-20.02252,27.05629
-20.02254,27.05583
-20.02328,27.04047
-20.02120,27.02875
-20.02404,27.02419
-20.02555,27.01717
-20.02416,27.00596
-20.02253,27.00085
-20.02025,26.99372
-20.02128,26.97574
-20.02004,26.96794
-20.01206,26.95245
-20.00984,26.93538
-20.00159,26.92208
-20.00148,26.92162
-20.00000,26.91530
-19.99676,26.90982
-19.99599,26.90154
-19.99873,26.88944
-19.99226,26.87614
-19.99120,26.87397
-19.99148,26.85866
-19.98587,26.85101
-19.98831,26.84303
-19.98429,26.83663
-19.98181,26.82078
-19.98225,26.80863
-19.97685,26.80244
-19.96666,26.80710
-19.95301,26.79905
-19.94853,26.79313
-19.94912,26.78561
-19.94754,26.77706
-19.93950,26.75747
-19.93979,26.74034
-19.93981,26.73948
-19.94370,26.72717
-19.94386,26.71718
-19.92069,26.70424
-19.90650,26.70124
-19.89851,26.69886
-19.89601,26.69627
-19.89577,26.69668
-19.88938,26.71587
-19.88764,26.72120
-19.88419,26.73329
-19.87835,26.74014
-19.87112,26.74653
-19.86888,26.74946
-19.86300,26.75438
-19.85893,26.75734
-19.85537,26.76366
-19.85274,26.77045
-19.85012,26.77820
-19.84929,26.78351
-19.84713,26.79077
-19.84408,26.80045
-19.84415,26.80429
-19.84336,26.81153
-19.84295,26.81442
-19.83942,26.82267
-19.83403,26.82950
-19.83191,26.83964
-19.82892,26.85269
-19.82585,26.86093
-19.82410,26.86577
-19.82279,26.87012
-19.82014,26.87594
-19.81882,26.87934
-19.81750,26.88273
-19.81660,26.88371
-19.81398,26.89145
-19.81313,26.89580
-19.81234,26.90303
-19.81244,26.90928
-19.81251,26.91361
-19.81168,26.91892
-19.81035,26.92183
-19.80858,26.92571
-19.80817,26.92860
-19.80827,26.93437
-19.80834,26.93918
-19.80933,26.94350
-19.80987,26.94830
-19.80949,26.95312
-19.80727,26.95749
-19.80598,26.96280
-19.80512,26.96667
-19.80476,26.97245
-19.80484,26.97726
-19.80630,26.98253
-19.80822,26.98779
-19.81058,26.99208
-19.81248,26.99638
-19.81441,27.00260
-19.81451,27.00838
-19.81280,27.01658
-19.80973,27.02530
-19.80798,27.03062
-19.80763,27.03736
-19.80593,27.04557
-19.80470,27.05521
-19.80475,27.05858
-19.80580,27.06675
-19.80728,27.07346
-19.80700,27.08501
-19.80438,27.09324
-19.80310,27.09951
-19.80276,27.10770
-19.80283,27.11203
-19.80243,27.11588
-19.80112,27.12023
-19.79755,27.12655
-19.79490,27.13284
-19.79411,27.14152
-19.79286,27.14972
-19.79393,27.15631
-19.79640,27.17180
-19.79936,27.18571
-19.79978,27.18736
-19.80180,27.19529
-19.80520,27.20775
-19.80720,27.21927
-19.80772,27.22311
-19.80825,27.22840
-19.80931,27.23801
-19.80944,27.23997
-19.80990,27.24666
-19.81137,27.25338
-19.81194,27.26059
-19.81249,27.26732
-19.81169,27.27503
-19.80857,27.28181
-19.80410,27.28958
-19.80008,27.29734
-19.79605,27.30366
-19.79382,27.30850
-19.79300,27.31525
-19.79260,27.31911
-19.79131,27.32538
-19.79143,27.33404
-19.79244,27.34028
-19.79390,27.34652
-19.79401,27.35422
-19.79459,27.36287
-19.79747,27.37197
-19.79665,27.37920
-19.79536,27.38548
-19.79496,27.38933
-19.79502,27.39366
-19.79552,27.39702
-19.79881,27.40227
-19.79975,27.40418
-19.80585,27.41468
-19.80721,27.41710
-19.80962,27.42137
-19.81383,27.42757
-19.81942,27.43423
-19.82363,27.43994
-19.82829,27.44565
-19.83435,27.45231
-19.83902,27.45898
-19.84232,27.46519
-19.84515,27.47141
-19.84662,27.47813
-19.84812,27.48726
-19.84866,27.49351
-19.85105,27.50070
-19.85069,27.50889
-19.85073,27.51192
-19.85075,27.51322
-19.85038,27.51949
-19.84996,27.52286
-19.85001,27.52671
-19.85095,27.52814
-19.85418,27.52954
-19.85970,27.53139
-19.86250,27.53425
-19.86392,27.53808
-19.86486,27.53999
-19.86814,27.54525
-19.87317,27.54422
-19.87920,27.54895
-19.88478,27.55514
-19.88854,27.56183
-19.89225,27.56467
-19.89963,27.56842
-19.90574,27.57192
-19.90703,27.57266
-19.91439,27.57449
-19.92129,27.57584
-19.92681,27.57722
-19.93142,27.57908
-19.93602,27.57998
-19.93832,27.58044
-19.93942,27.58048
-19.94796,27.58079
-19.95255,27.58170
-19.95671,27.58357
-19.96180,27.58735
-19.96552,27.59164
-19.97110,27.59735
-19.97389,27.60020
-19.97528,27.60163
-19.97593,27.60246
-19.98601,27.61547
-19.99160,27.62262
-19.99486,27.62595
-20.00132,27.62924
-20.00687,27.63255
-20.00875,27.63638
-20.01193,27.64286
-20.01251,27.64404
-20.01396,27.64932
-20.01767,27.65265
-20.02461,27.65786
-20.03247,27.66306
-20.03988,27.66875
-20.04545,27.67399
-20.04919,27.67924
-20.05340,27.68642
-20.05717,27.69457
-20.06140,27.70271
-20.06517,27.71086
-20.06935,27.71563
-20.07352,27.71895
-20.07956,27.72515
-20.08283,27.72816
-20.08420,27.72943
-20.08883,27.73275
-20.09719,27.74132
-20.10182,27.74561
-20.10694,27.75181
-20.11203,27.75561
-20.11806,27.76132
-20.12268,27.76416
-20.13009,27.76986
-20.13704,27.77605
-20.14174,27.78516
-20.14317,27.78948
-20.14602,27.79861
-20.14720,27.80190
-20.14792,27.80389
-20.15119,27.80916
-20.15490,27.81249
-20.16045,27.81629
-20.16507,27.81913
-20.16785,27.82151
-20.17066,27.82630
-20.17348,27.83254
-20.17587,27.84071
-20.17780,27.84986
-20.18020,27.85851
-20.18163,27.86332
-20.18258,27.86669
-20.18402,27.87198
-20.18546,27.87775
-20.18549,27.88065
-20.18599,27.88402
-20.18647,27.88594
-20.18515,27.89079
-20.18058,27.89277
-20.17692,27.89377
-20.17281,27.89527
-20.16687,27.89726
-20.16048,27.90071
-20.15685,27.90365
-20.15138,27.90757
-20.14456,27.91295
-20.14000,27.91541
-20.13361,27.91789
-20.12629,27.91942
-20.12199,27.92054
-20.11851,27.92144
-20.11165,27.92344
-20.10799,27.92397
-20.10021,27.92598
-20.09153,27.92945
-20.08422,27.93194
-20.07599,27.93444
-20.06548,27.93842
-20.05861,27.93946
-20.06190,27.94617
-20.06326,27.94519
-20.06699,27.95094
-20.07393,27.95617
-20.08549,27.96520
-20.09472,27.96992
-20.10581,27.97752
-20.11697,27.99139
-20.11607,27.99333
-20.11476,28.00009
-20.11386,28.00155
-20.11297,28.00445
-20.11207,28.00543
-20.11072,28.00834
-20.11029,28.01075
-20.10758,28.01560
-20.10578,28.01803
-20.10307,28.02288
-20.10081,28.02628
-20.09947,28.02967
-20.09904,28.03209
-20.09861,28.03499
-20.09864,28.03836
-20.09868,28.04222
-20.09872,28.04608
-20.09876,28.04993
-20.09972,28.05426
-20.10067,28.05667
-20.10071,28.06100
-20.10033,28.06873
-20.09991,28.07307
-20.09903,28.07597
-20.09724,28.08033
-20.09729,28.08612
-20.09825,28.08997
-20.09829,28.09431
-20.09789,28.10010
-20.09701,28.10396
-20.09477,28.10929
-20.09207,28.11414
-20.08938,28.12092
-20.08943,28.12574
-20.09024,28.12905
-20.09556,28.14304
-20.10114,28.15070
-20.10765,28.16028
-20.11605,28.17516
-20.11981,28.18477
-20.12493,28.19195
-20.13186,28.19768
-20.13786,28.20100
-20.14568,28.20334
-20.15348,28.20423
-20.15854,28.20515
-20.16360,28.20703
-20.17051,28.20986
-20.17882,28.21558
-20.18528,28.21986
-20.18808,28.22514
-20.19227,28.23137
-20.19736,28.23664
-20.19970,28.24096
-20.20799,28.24523
-20.21447,28.25096
-20.22002,28.25670
-20.22604,28.26196
-20.23251,28.26818
-20.23715,28.27393
-20.24178,28.27823
-20.24780,28.28397
-20.25335,28.28971
-20.26028,28.29496
-20.26351,28.29783
-20.26768,28.30214
-20.26955,28.30647
-20.27006,28.31129
-20.26870,28.31323
-20.26734,28.31566
-20.26828,28.31855
-20.27381,28.32140
-20.28301,28.32373
-20.29176,28.32800
-20.29729,28.33134
-20.29961,28.33325
-20.30329,28.33515
-20.30880,28.33559
-20.31385,28.33651
-20.31937,28.33791
-20.32168,28.33934
-20.32905,28.34362
-20.33182,28.34553
-20.34105,28.35174
-20.33422,28.35711
-20.33193,28.35857
-20.32965,28.35956
-20.32554,28.36152
-20.32006,28.36495
-20.31366,28.36790
-20.30590,28.37231
-20.30043,28.37670
-20.29361,28.38352
-20.29181,28.38788
-20.29278,28.39463
-20.29375,28.40042
-20.29565,28.40813
-20.29663,28.41633
-20.29622,28.42165
-20.29305,28.42795
-20.28989,28.43328
-20.28350,28.43768
-20.27482,28.44258
-20.26660,28.44747
-20.25701,28.45237
-20.24606,28.46018
-20.23877,28.46699
-20.23701,28.47569
-20.23708,28.48535
-20.23581,28.49887
-20.25942,28.54004
-20.22138,28.55219
-20.22598,28.57862
-20.22540,28.60440
-20.23587,28.61305
-20.26007,28.63305
-20.28446,28.65701
-20.30021,28.66857
-20.26521,28.72248
-20.25329,28.71365
-20.22548,28.73736
-20.22093,28.74124
-20.21577,28.75091
-20.16615,28.77111
-20.14398,28.78013
-20.12788,28.79919
-20.07678,28.85966
-20.04609,28.81564
-20.04519,28.82873
-20.04059,28.89513
-19.99966,28.93720
-19.95562,28.97977
-19.94482,28.98864
-19.94242,28.98952
-19.82215,28.95323
-19.85340,29.04306
-19.82971,29.07039
-19.81447,29.09423
-19.80946,29.08982
-19.80577,29.08598
-19.80118,29.08503
-19.79751,29.08601
-19.79294,29.08843
-19.78928,29.09133
-19.78516,29.09472
-19.77829,29.09667
-19.77279,29.09813
-19.76454,29.10057
-19.75537,29.10253
-19.74895,29.10255
-19.73932,29.10258
-19.72785,29.10311
-19.71684,29.10314
-19.70216,29.10320
-19.69618,29.10129
-19.69202,29.09361
-19.68877,29.08400
-19.68416,29.07825
-19.67495,29.07059
-19.67033,29.06387
-19.66709,29.05859
-19.66157,29.05380
-19.65514,29.05383
-19.65058,29.05962
-19.64739,29.06396
-19.64329,29.06974
-19.63872,29.07553
-19.63463,29.08372
-19.63008,29.09287
-19.62644,29.09866
-19.62324,29.10252
-19.61684,29.10831
-19.61181,29.11169
-19.60449,29.11701
-19.59671,29.12040
-19.59167,29.12234
-19.58250,29.12477
-19.57608,29.12624
-19.56645,29.12723
-19.55865,29.12678
-19.55221,29.12247
-19.54346,29.11578
-19.53701,29.10763
-19.53055,29.09852
-19.52548,29.09325
-19.52041,29.08895
-19.51352,29.08753
-19.50847,29.08659
-19.50435,29.08756
-19.50114,29.08998
-19.49841,29.09335
-19.49659,29.09864
-19.49433,29.10634
-19.49299,29.11451
-19.49393,29.11883
-19.49579,29.12603
-19.49765,29.13275
-19.49722,29.13756
-19.49908,29.14476
-19.50003,29.15293
-19.50188,29.15724
-19.50282,29.16349
-19.50605,29.16732
-19.50790,29.17116
-19.51297,29.17595
-19.51850,29.18410
-19.52037,29.19178
-19.52039,29.19803
-19.51858,29.20572
-19.51630,29.20910
-19.51081,29.21392
-19.50532,29.21681
-19.49982,29.21923
-19.48837,29.22359
-19.48012,29.22650
-19.47970,29.23755
-19.48386,29.24570
-19.48985,29.25241
-19.49951,29.26056
-19.50824,29.26582
-19.51698,29.27012
