37.219688	-79.798738
37.220319	-79.79733
37.220221	-79.796533
37.21959	-79.795467
37.219532	-79.794822
37.221306	-79.794341
37.222396	-79.79462
37.224473	-79.795974
37.225885	-79.796211
37.228362	-79.795849
37.231111	-79.794538
37.231908	-79.793627
37.232503	-79.792233
37.233015	-79.790053
37.233035	-79.783638
37.232594	-79.78119
37.231551	-79.779881
37.230784	-79.779995
37.229769	-79.780634
37.226736	-79.781019
37.225525	-79.780822
37.223141	-79.779085
37.220398	-79.775526
37.216862	-79.774198
37.215249	-79.774426
37.214939	-79.777311
37.214273	-79.77922
37.213459	-79.779919
37.205573	-79.778325
37.203659	-79.777435
37.202665	-79.776602
37.201059	-79.772797
37.198035	-79.769452
37.197701	-79.768294
37.197712	-79.765582
37.198082	-79.765348
37.199463	-79.765484
37.201396	-79.763742
37.201636	-79.762935
37.201424	-79.762089
37.199937	-79.760794
37.196016	-79.761173
37.19264	-79.759936
37.190951	-79.758754
37.190005	-79.757699
37.189566	-79.75634
37.189618	-79.754343
37.189118	-79.750535
37.189979	-79.747666
37.189979	-79.746206
37.189324	-79.742708
37.189287	-79.739704
37.188471	-79.736988
37.187279	-79.734401
37.18707	-79.732863
37.187775	-79.730572
37.188847	-79.729082
37.19189	-79.726568
37.192628	-79.724417
37.192343	-79.722356
37.190966	-79.719882
37.189757	-79.718272
37.188907	-79.717686
37.184694	-79.718389
37.182197	-79.717556
37.173957	-79.711915
37.16933	-79.70935
37.168127	-79.709039
37.164373	-79.711187
37.162559	-79.711143
37.161992	-79.710816
37.160587	-79.708907
37.159356	-79.708053
37.157263	-79.707207
37.154537	-79.707142
37.153037	-79.705647
37.150738	-79.704078
37.14914	-79.702473
37.14883	-79.701782
37.149161	-79.700521
37.151529	-79.697169
37.152879	-79.696291
37.154186	-79.696339
37.155747	-79.69723
37.156779	-79.698568
37.157986	-79.699603
37.159604	-79.700504
37.161786	-79.702778
37.163152	-79.703389
37.164142	-79.702947
37.164332	-79.702352
37.164124	-79.700088
37.163676	-79.699027
37.162214	-79.697139
37.154766	-79.692087
37.153354	-79.69045
37.151544	-79.689894
37.150265	-79.68896
37.149562	-79.687367
37.150028	-79.685693
37.15151	-79.684058
37.154484	-79.68238
37.1558	-79.681281
37.155913	-79.679891
37.155201	-79.678026
37.153016	-79.675361
37.149658	-79.670482
37.147399	-79.669005
37.144003	-79.664702
37.143405	-79.664436
37.141859	-79.664774
37.13921	-79.664196
37.137682	-79.663436
37.129211	-79.65338
37.126786	-79.651192
37.125142	-79.650466
37.121583	-79.650457
37.119718	-79.650105
37.118377	-79.64916
37.117408	-79.648024
37.112386	-79.645651
37.110376	-79.643892
37.109471	-79.642656
37.108252	-79.642172
37.106282	-79.642534
37.10315	-79.641067
37.098232	-79.635831
37.095777	-79.632746
37.094566	-79.630213
37.0922	-79.626405
37.092127	-79.625612
37.092471	-79.624752
37.092279	-79.622197
37.092872	-79.620201
37.09298	-79.618277
37.091623	-79.615521
37.089352	-79.614635
37.086524	-79.611627
37.084965	-79.611263
37.083103	-79.611346
37.081855	-79.61205
37.081543	-79.613459
37.08217	-79.618239
37.083192	-79.621502
37.083005	-79.622431
37.082347	-79.623003
37.080053	-79.622839
37.078649	-79.622404
37.073842	-79.615832
37.069696	-79.611672
37.067819	-79.609329
37.065366	-79.604985
37.063372	-79.603412
37.054521	-79.594205
37.052905	-79.59306
37.050706	-79.592307
37.049215	-79.592405
37.048583	-79.592727
37.048085	-79.593381
37.047602	-79.595749
37.048108	-79.597995
37.049355	-79.600784
37.049449	-79.601887
37.049233	-79.602505
37.048716	-79.602648
37.046844	-79.60222
37.044666	-79.600155
37.042238	-79.594059
37.000144	-79.606235
36.903852	-79.628948
36.856139	-79.640652
36.854938	-79.643552
36.853538	-79.644251
36.852337	-79.645551
36.85053	-79.645957
36.848039	-79.648453
36.847267	-79.649992
36.845205	-79.652246
36.844623	-79.652569
36.843539	-79.653953
36.842439	-79.654553
36.841439	-79.655753
36.840939	-79.656953
36.839439	-79.657753
36.836039	-79.658053
36.834539	-79.658753
36.833364	-79.661131
36.833439	-79.661853
36.832139	-79.664853
36.831439	-79.665353
36.830939	-79.666453
36.830439	-79.666953
36.828839	-79.667553
36.827838	-79.669153
36.829339	-79.671753
36.829439	-79.672853
36.829238	-79.673453
36.829338	-79.674553
36.828738	-79.676153
36.828238	-79.678653
36.826938	-79.680453
36.826438	-79.682853
36.826738	-79.684353
36.825438	-79.685853
36.825038	-79.687154
36.825638	-79.687254
36.826638	-79.686753
36.828138	-79.687153
36.828838	-79.690354
36.828638	-79.691554
36.827338	-79.692954
36.826941	-79.696246
36.826338	-79.697954
36.826238	-79.698954
36.825438	-79.700254
36.824938	-79.701754
36.823838	-79.702754
36.823238	-79.704254
36.823138	-79.705954
36.821138	-79.708754
36.820438	-79.710754
36.819238	-79.712454
36.819238	-79.713754
36.818538	-79.716554
36.818638	-79.717554
36.819238	-79.718954
36.819438	-79.720154
36.819238	-79.720954
36.816338	-79.726754
36.815738	-79.729254
36.814038	-79.730955
36.812838	-79.734055
36.812938	-79.736255
36.811638	-79.738155
36.810538	-79.738455
36.809738	-79.739255
36.808838	-79.739255
36.807238	-79.740155
36.806338	-79.743553
36.804638	-79.744053
36.803938	-79.744953
36.803138	-79.745254
36.802138	-79.745154
36.800338	-79.746754
36.799438	-79.748254
36.799238	-79.749754
36.798038	-79.750554
36.796838	-79.750554
36.796438	-79.750154
36.796025	-79.748755
36.794737	-79.749055
36.794437	-79.748855
36.794037	-79.749255
36.793937	-79.750155
36.793137	-79.750655
36.792437	-79.751655
36.792537	-79.752355
36.792137	-79.756256
36.790837	-79.757956
36.790237	-79.758156
36.789137	-79.759156
36.788337	-79.761056
36.788337	-79.761756
36.790037	-79.763256
36.791537	-79.763356
36.791937	-79.763756
36.792337	-79.763756
36.795337	-79.761356
36.796837	-79.761656
36.797838	-79.762856
36.798138	-79.762556
36.798638	-79.763456
36.798538	-79.764156
36.797337	-79.765256
36.796437	-79.765556
36.795637	-79.766456
36.794637	-79.768356
36.794437	-79.769256
36.794637	-79.769756
36.795037	-79.769756
36.796937	-79.771856
36.797637	-79.774556
36.797637	-79.775456
36.798137	-79.775856
36.798737	-79.777556
36.798337	-79.780156
36.797437	-79.780856
36.797537	-79.781956
36.799037	-79.783456
36.800037	-79.785556
36.800637	-79.786256
36.800737	-79.786756
36.799937	-79.788856
36.799937	-79.789556
36.798937	-79.792156
36.798237	-79.792956
36.796537	-79.794057
36.796137	-79.795857
36.793737	-79.798856
36.792837	-79.800956
36.792137	-79.801856
36.819962	-79.94508
36.820781	-79.947683
36.820629	-79.948532
36.828846	-79.991104
36.830738	-79.999771
36.789644	-80.012032
36.791075	-80.013814
36.793366	-80.015919
36.793733	-80.017884
36.793689	-80.024289
36.793278	-80.026197
36.791858	-80.027251
36.791262	-80.027194
36.788286	-80.023068
36.786201	-80.019227
36.786109	-80.018174
36.786817	-80.014786
36.786359	-80.013761
36.784939	-80.013108
36.783748	-80.013194
36.781597	-80.015301
36.781048	-80.01681
36.781163	-80.020453
36.780752	-80.02293
36.780752	-80.025178
36.781669	-80.028689
36.782509	-80.030752
36.786338	-80.035749
36.791201	-80.039862
36.793647	-80.041344
36.797942	-80.041737
36.799488	-80.042385
36.800501	-80.04324
36.803705	-80.047006
36.80755	-80.054335
36.811121	-80.058924
36.813585	-80.059867
36.816467	-80.063123
36.817177	-80.065356
36.819934	-80.069971
36.822087	-80.072043
36.823278	-80.07267
36.824995	-80.07258
36.827856	-80.070466
36.829284	-80.070144
36.830106	-80.070299
36.831373	-80.072126
36.831436	-80.072606
36.830643	-80.075632
36.830928	-80.077064
36.831395	-80.077466
36.835226	-80.078869
36.836291	-80.078595
36.836956	-80.077428
36.836538	-80.074966
36.835422	-80.071408
36.834314	-80.070081
36.834559	-80.069143
36.835036	-80.068715
36.83861	-80.067716
36.840588	-80.066486
36.841604	-80.066652
36.843519	-80.070244
36.84523	-80.071903
36.846599	-80.074392
36.847146	-80.077155
36.849105	-80.083969
36.8491	-80.08545
36.848395	-80.086477
36.846723	-80.087367
36.846221	-80.087994
36.845594	-80.089622
36.84587	-80.093632
36.845777	-80.099235
36.846543	-80.10122
36.864554	-80.195775
36.864479	-80.196812
36.87213	-80.235455
36.875134	-80.231988
36.901524	-80.198854
36.921199	-80.197671
36.920628	-80.194554
36.921756	-80.191969
36.923274	-80.191442
36.924048	-80.190572
36.924679	-80.19037
36.925108	-80.190724
36.92664	-80.189445
36.927445	-80.18997
36.92958	-80.189672
36.929898	-80.189077
36.929801	-80.187742
36.930265	-80.187024
36.932516	-80.186949
36.93349	-80.186576
36.934745	-80.182841
36.935099	-80.18242
36.935406	-80.183272
36.9374	-80.184771
36.939707	-80.184834
36.940826	-80.183419
36.941512	-80.183319
36.941391	-80.182592
36.942196	-80.181691
36.941853	-80.180801
36.942332	-80.179292
36.943541	-80.178464
36.944674	-80.178207
36.945646	-80.177513
36.946769	-80.178071
36.950246	-80.175886
36.952788	-80.17333
36.953449	-80.172041
36.953386	-80.170681
36.954915	-80.165003
36.954307	-80.16355
36.954481	-80.162648
36.955064	-80.162114
36.954805	-80.161665
36.952613	-80.161814
36.948846	-80.158589
36.948518	-80.157576
36.948615	-80.156696
36.948323	-80.155001
36.948584	-80.153955
36.948977	-80.153605
36.950284	-80.153553
36.951709	-80.151888
36.951586	-80.151515
36.951759	-80.151193
36.950977	-80.149845
36.950891	-80.14812
36.950361	-80.14668
36.949578	-80.145844
36.949532	-80.144809
36.950517	-80.144717
36.95132	-80.143988
36.952116	-80.14369
36.953279	-80.145359
36.953967	-80.14564
36.955005	-80.145329
36.955738	-80.144467
36.957736	-80.143642
36.958228	-80.143195
36.958715	-80.142135
36.960244	-80.140493
36.960598	-80.13961
36.961267	-80.139218
36.963849	-80.139902
36.963459	-80.13614
36.964197	-80.134997
36.965085	-80.13445
36.965284	-80.134607
36.965481	-80.136188
36.96781	-80.136707
36.969662	-80.13908
36.970935	-80.139571
36.971537	-80.138812
36.973269	-80.140237
36.974311	-80.141894
36.975302	-80.141952
36.975851	-80.14234
36.978757	-80.142615
36.979529	-80.143956
36.980188	-80.143946
36.981393	-80.140147
36.982715	-80.13882
36.983079	-80.137484
36.983876	-80.138118
36.985811	-80.137641
36.986119	-80.137126
36.987179	-80.131831
36.987812	-80.131369
36.988208	-80.13064
36.990416	-80.122974
36.991105	-80.121601
36.991428	-80.121479
36.994668	-80.123809
36.996286	-80.125397
36.995818	-80.128605
36.995911	-80.13029
36.996153	-80.130839
36.996864	-80.131399
36.99703	-80.133412
36.996213	-80.135429
36.998003	-80.135885
37.000759	-80.135106
37.001693	-80.134396
37.002422	-80.134337
37.003322	-80.135494
37.004085	-80.135867
37.006061	-80.133723
37.006268	-80.131576
37.006738	-80.130199
37.004557	-80.128035
37.004273	-80.126114
37.004954	-80.124762
37.004779	-80.123106
37.005375	-80.122841
37.006198	-80.122917
37.007116	-80.121975
37.008261	-80.121465
37.008144	-80.120225
37.007226	-80.11804
37.008132	-80.115716
37.008938	-80.115309
37.009215	-80.113542
37.009748	-80.113509
37.010324	-80.114425
37.010586	-80.115906
37.011354	-80.116296
37.013822	-80.112593
37.014759	-80.112851
37.017337	-80.116683
37.017822	-80.116711
37.017621	-80.114352
37.018255	-80.112907
37.019336	-80.112608
37.021059	-80.113902
37.023338	-80.11484
37.024206	-80.116299
37.025145	-80.117142
37.024998	-80.113864
37.025306	-80.110785
37.025292	-80.106492
37.025539	-80.105305
37.026449	-80.104413
37.027719	-80.105325
37.028601	-80.10634
37.028989	-80.109265
37.030544	-80.111091
37.031077	-80.111156
37.031176	-80.111676
37.033007	-80.111355
37.035155	-80.111466
37.036438	-80.111087
37.037496	-80.111566
37.038485	-80.112914
37.040378	-80.114379
37.043526	-80.113442
37.04467	-80.112424
37.045874	-80.111808
37.04724	-80.112769
37.047588	-80.113681
37.047552	-80.114545
37.048652	-80.11553
37.049014	-80.116529
37.04875	-80.117298
37.049507	-80.119485
37.05075	-80.120422
37.051981	-80.119313
37.053146	-80.119953
37.053577	-80.120504
37.053701	-80.121383
37.054526	-80.122238
37.055642	-80.122798
37.056523	-80.122751
37.060287	-80.120758
37.061867	-80.119567
37.063179	-80.119009
37.064306	-80.118056
37.064871	-80.117061
37.064591	-80.114856
37.065665	-80.112588
37.067159	-80.112369
37.068456	-80.112747
37.070653	-80.109676
37.072847	-80.108492
37.073256	-80.107667
37.075092	-80.109283
37.076888	-80.109294
37.078006	-80.10822
37.078775	-80.108264
37.080541	-80.109117
37.081561	-80.111059
37.082088	-80.111542
37.083792	-80.11192
37.085193	-80.110105
37.085829	-80.109769
37.086462	-80.110715
37.087163	-80.113357
37.08798	-80.113818
37.088747	-80.113724
37.090198	-80.115787
37.091335	-80.11562
37.094547	-80.11289
37.09461	-80.112184
37.09533	-80.112685
37.098109	-80.113024
37.098977	-80.114687
37.10097	-80.11694
37.104562	-80.120024
37.105997	-80.12223
37.107438	-80.123436
37.10882	-80.124077
37.110447	-80.122979
37.111137	-80.121308
37.111678	-80.121356
37.114041	-80.123579
37.115342	-80.123896
37.117219	-80.122453
37.119707	-80.123119
37.120783	-80.123761
37.121587	-80.124762
37.122507	-80.1253
37.123108	-80.126643
37.123163	-80.12738
37.122912	-80.128119
37.12496	-80.126417
37.125615	-80.123868
37.12813	-80.122008
37.129522	-80.122307
37.130451	-80.122089
37.130936	-80.122518
37.131695	-80.122495
37.130016	-80.11824
37.13083	-80.11748
37.131981	-80.117397
37.13366	-80.113713
37.13437	-80.113003
37.134551	-80.111532
37.137362	-80.107751
37.138747	-80.106868
37.14066	-80.106866
37.142549	-80.108094
37.143722	-80.107895
37.144234	-80.107168
37.147933	-80.106618
37.148192	-80.105342
37.148912	-80.104683
37.15008	-80.104315
37.149912	-80.103052
37.150922	-80.10178
37.150074	-80.099415
37.149908	-80.098232
37.151575	-80.096482
37.151541	-80.092614
37.152414	-80.089896
37.154314	-80.089806
37.156575	-80.090356
37.159472	-80.087999
37.160482	-80.088553
37.161217	-80.086623
37.162017	-80.085931
37.161885	-80.085047
37.161172	-80.08368
37.160985	-80.082051
37.161491	-80.079438
37.16037	-80.078562
37.157595	-80.077611
37.156903	-80.075257
37.157861	-80.073611
37.160332	-80.073372
37.161755	-80.072133
37.162162	-80.067869
37.163916	-80.066043
37.164184	-80.065408
37.164101	-80.063978
37.164924	-80.061975
37.164577	-80.060087
37.165035	-80.058605
37.164982	-80.057648
37.165277	-80.056715
37.165343	-80.054314
37.165839	-80.052599
37.165186	-80.052159
37.165311	-80.049938
37.166252	-80.045775
37.166308	-80.044463
37.167939	-80.040567
37.169519	-80.038356
37.170934	-80.035241
37.172741	-80.033096
37.174521	-80.031889
37.17481	-80.030562
37.17278	-80.026086
37.170286	-80.0227
37.171136	-80.018437
37.171321	-80.015267
37.172836	-80.012582
37.172597	-80.012113
37.172605	-80.008425
37.168834	-80.006871
37.166893	-80.001649
37.165221	-80.001381
37.162924	-80.003314
37.161681	-80.003441
37.159708	-80.005257
37.156857	-80.006094
37.156056	-80.003006
37.152622	-80.001899
37.151462	-80.000392
37.152662	-79.997881
37.152006	-79.996139
37.152165	-79.995552
37.153604	-79.993487
37.152893	-79.991333
37.151582	-79.990441
37.1502	-79.990997
37.149092	-79.992602
37.148632	-79.992031
37.147328	-79.992023
37.143924	-79.990027
37.143714	-79.98951
37.143877	-79.988642
37.143128	-79.987102
37.142209	-79.98597
37.142097	-79.985028
37.143782	-79.982836
37.143691	-79.982176
37.143232	-79.981654
37.143038	-79.980152
37.143703	-79.978558
37.143156	-79.97614
37.143232	-79.975365
37.142118	-79.974669
37.141159	-79.973588
37.139534	-79.973647
37.139431	-79.970715
37.139698	-79.968982
37.139087	-79.966476
37.138718	-79.966083
37.137665	-79.965827
37.137397	-79.965513
37.137516	-79.964083
37.137036	-79.962749
37.137099	-79.962301
37.138042	-79.960864
37.138711	-79.958058
37.13947	-79.956227
37.139328	-79.954194
37.139749	-79.953405
37.140537	-79.952778
37.14217	-79.952723
37.143392	-79.950797
37.144696	-79.950126
37.146636	-79.948009
37.147795	-79.948009
37.149416	-79.946927
37.150702	-79.945265
37.150878	-79.944244
37.150579	-79.939931
37.151061	-79.938442
37.152085	-79.937632
37.15329	-79.937511
37.153653	-79.9371
37.153713	-79.935902
37.154627	-79.933327
37.156459	-79.932205
37.157072	-79.93041
37.159599	-79.927547
37.159492	-79.925437
37.161198	-79.922485
37.160933	-79.922004
37.160853	-79.920969
37.162068	-79.919934
37.162252	-79.918011
37.163205	-79.917206
37.16339	-79.916667
37.164353	-79.916093
37.164882	-79.915357
37.165182	-79.91359
37.167465	-79.913346
37.168136	-79.913563
37.168969	-79.911813
37.169785	-79.911534
37.170959	-79.91162
37.172423	-79.912169
37.174988	-79.911393
37.176707	-79.911597
37.17805	-79.911013
37.178297	-79.909408
37.179513	-79.906483
37.17935	-79.904403
37.179099	-79.903845
37.179418	-79.901182
37.180849	-79.899461
37.18109	-79.897129
37.182383	-79.895007
37.18587	-79.893943
37.187146	-79.891806
37.188921	-79.892015
37.190665	-79.893372
37.191738	-79.893629
37.194793	-79.892941
37.197241	-79.893998
37.199435	-79.893468
37.199786	-79.891375
37.20049	-79.889916
37.200186	-79.887966
37.200587	-79.886637
37.202843	-79.884973
37.20345	-79.883822
37.203771	-79.883727
37.204489	-79.884717
37.20529	-79.884862
37.207866	-79.883526
37.20913	-79.883566
37.20993	-79.881966
37.210154	-79.880814
37.211306	-79.878558
37.211514	-79.877598
37.212682	-79.875054
37.214188	-79.873488
37.214518	-79.872748
37.215131	-79.872505
37.216259	-79.871141
37.216603	-79.868387
37.216142	-79.867228
37.216929	-79.864755
37.216822	-79.862263
37.217272	-79.861114
37.216981	-79.860701
37.215858	-79.860482
37.21501	-79.859588
37.213113	-79.858372
37.213299	-79.857486
37.213183	-79.856838
37.213617	-79.8554
37.214199	-79.855243
37.214866	-79.852143
37.216522	-79.850658
37.218099	-79.852728
37.218684	-79.852971
37.21972	-79.851799
37.220615	-79.851907
37.221593	-79.851117
37.22198	-79.851096
37.223029	-79.852112
37.223603	-79.851989
37.224022	-79.851231
37.224044	-79.850595
37.225537	-79.848032
37.225468	-79.847082
37.22335	-79.847327
37.218311	-79.844708
37.216994	-79.843618
37.21659	-79.842702
37.216196	-79.838699
37.21641	-79.835893
37.216091	-79.833029
37.21701	-79.832548
37.217734	-79.831565
37.219693	-79.8302
37.220668	-79.830284
37.222453	-79.83115
37.2237	-79.830836
37.224476	-79.830277
37.224596	-79.829763
37.222884	-79.82601
37.223593	-79.823948
37.225909	-79.822044
37.226437	-79.819547
37.226232	-79.818137
37.224836	-79.815825
37.220213	-79.809702
37.216628	-79.807901
37.215213	-79.806079
37.215176	-79.804877
37.215561	-79.803623
37.218307	-79.799858
37.219688	-79.798738
