#GsakName=Moyen-Chari
10.58800,19.70300
10.28900,19.63500
10.26700,19.69200
10.21300,19.68100
10.15600,19.64800
10.09700,19.65400
10.06700,19.61300
9.99955,19.65668
9.96200,19.68100
9.91213,19.69842
9.52432,19.83384
9.26900,19.92300
9.09527,19.98536
9.09407,19.98353
9.09353,19.98270
9.09197,19.98031
9.09006,19.96661
9.08879,19.95749
9.08838,19.94500
9.08828,19.94178
9.08775,19.94075
9.08708,19.93943
9.08438,19.93542
9.08367,19.93503
9.07934,19.93271
9.07263,19.93150
9.06793,19.93066
9.06080,19.92714
9.06339,19.91949
9.06746,19.90745
9.06831,19.90494
9.06625,19.90144
9.06544,19.90005
9.06215,19.89443
9.06103,19.88619
9.06113,19.88606
9.06355,19.88291
9.06314,19.87796
9.06580,19.87168
9.06492,19.86672
9.06454,19.86453
9.06005,19.85651
9.05374,19.84945
9.04398,19.84197
9.04342,19.83551
9.04498,19.83271
9.04951,19.82871
9.05345,19.82705
9.06434,19.82246
9.05964,19.81409
9.05867,19.81238
9.05671,19.80433
9.05615,19.79809
9.05854,19.78927
9.05857,19.78603
9.05860,19.78166
9.05862,19.78002
9.05857,19.77977
9.05853,19.77950
9.05778,19.77526
9.05736,19.77288
9.05594,19.77096
9.05032,19.76328
9.04956,19.76043
9.04934,19.75960
9.04922,19.75584
9.04886,19.74366
9.04562,19.73741
9.04435,19.73495
9.04443,19.72555
9.04447,19.72146
9.04146,19.72026
9.04058,19.71991
9.03149,19.70737
9.02884,19.70371
9.02753,19.70190
9.02836,19.69302
9.02925,19.68361
9.02076,19.67199
9.02043,19.66668
9.02160,19.66412
9.02395,19.65899
9.02395,19.65220
9.02395,19.64697
9.02336,19.64532
9.01837,19.63137
9.02148,19.61444
9.01940,19.60200
9.03089,19.58588
9.03704,19.58183
9.03995,19.57762
9.03985,19.57701
9.03948,19.57463
9.03918,19.57278
9.03636,19.56867
9.03666,19.55919
9.03621,19.55769
9.03520,19.55436
9.02886,19.54820
9.02306,19.54255
9.01858,19.53523
9.01801,19.53218
9.01631,19.52302
9.01713,19.51723
9.01984,19.51464
9.02801,19.51271
9.03151,19.51189
9.03210,19.51074
9.03418,19.50676
9.03394,19.50263
9.03385,19.50099
9.03198,19.49894
9.02115,19.49728
9.02112,19.49724
9.01835,19.49409
9.01829,19.49344
9.01827,19.49328
9.01821,19.49258
9.01806,19.49086
9.01974,19.48911
9.02054,19.48828
9.01933,19.48700
9.01516,19.48259
9.01479,19.48085
9.01442,19.47914
9.01664,19.47601
9.01823,19.47376
9.01775,19.45921
9.02554,19.45815
9.02529,19.45490
9.02496,19.45076
9.02837,19.44255
9.02893,19.44121
9.03119,19.43909
9.03052,19.43815
9.02779,19.43436
9.02578,19.43156
9.02587,19.42827
9.02587,19.42811
9.02684,19.42427
9.02776,19.42067
9.02487,19.41403
9.02599,19.40106
9.01878,19.39602
9.01870,19.39596
9.01830,19.39567
9.01678,19.38877
9.01796,19.37904
9.01649,19.37501
9.01310,19.36574
9.01321,19.36279
9.01340,19.35788
9.01531,19.35506
9.01563,19.35460
9.01720,19.34902
9.02034,19.33786
9.01128,19.32165
9.00849,19.31166
9.00781,19.30924
9.00781,19.30916
9.00790,19.30231
9.01084,19.29217
9.01154,19.28975
9.01183,19.27505
9.01333,19.27046
9.01494,19.26803
9.01781,19.26368
9.02076,19.26178
9.02327,19.25731
9.02588,19.25267
9.02590,19.24088
9.02879,19.23551
9.02700,19.22537
9.02764,19.22236
9.03147,19.21836
9.02159,19.19242
9.02157,19.19104
9.02151,19.18780
9.02482,19.18034
9.02470,19.17840
9.02449,19.17503
9.01705,19.16986
9.01504,19.16181
9.01437,19.15911
9.01383,19.15697
9.00975,19.15188
9.00890,19.15082
9.00721,19.14170
9.00711,19.14115
9.00651,19.13977
9.00448,19.13519
9.00513,19.13303
9.00686,19.12729
9.00544,19.12454
9.00698,19.12105
9.00842,19.10566
9.00851,19.10461
9.00983,19.10112
9.01960,19.09562
9.01974,19.09497
9.02045,19.09167
9.01491,19.07768
9.00386,19.07604
9.00397,19.07557
9.00445,19.07357
9.00535,19.06977
9.00507,19.06857
9.00460,19.06655
8.99914,19.06167
8.99639,19.05922
8.99576,19.05866
8.99573,19.05863
8.99765,19.05073
8.99700,19.04928
8.99429,19.04317
8.99723,19.02832
8.99685,19.02742
8.99612,19.02571
8.99507,19.02328
8.99085,19.01874
8.98180,19.01360
8.97806,19.00974
8.97703,19.00421
8.97715,19.00396
8.97722,19.00381
8.97898,19.00000
8.97983,18.99875
8.97954,18.99582
8.97924,18.99273
8.97825,18.99147
8.97518,18.98758
8.97447,18.98718
8.97197,18.98579
8.96983,18.98459
8.96835,18.98377
8.95431,18.98155
8.95365,18.98145
8.94837,18.97748
8.94151,18.97594
8.94030,18.96851
8.93599,18.96610
8.93587,18.96589
8.93378,18.96235
8.93015,18.96117
8.92762,18.96035
8.92700,18.95710
8.92825,18.95274
8.93065,18.94817
8.93083,18.94562
8.93100,18.94309
8.92895,18.93860
8.92641,18.93304
8.92596,18.92263
8.92550,18.92200
8.92306,18.91863
8.91458,18.91298
8.91264,18.91169
8.89784,18.90533
8.90128,18.89570
8.90097,18.88899
8.89883,18.88725
8.89804,18.88661
8.89733,18.88723
8.89570,18.88864
8.89354,18.89229
8.89286,18.89255
8.89238,18.89273
8.89155,18.89271
8.88963,18.89266
8.88685,18.88928
8.88113,18.88230
8.88096,18.87975
8.87570,18.86830
8.87185,18.86594
8.87139,18.86566
8.87124,18.86566
8.86588,18.86554
8.86499,18.86591
8.86170,18.86729
8.85261,18.86246
8.85052,18.86357
8.85043,18.86397
8.85001,18.86587
8.84960,18.86735
8.84925,18.86862
8.84275,18.87148
8.84108,18.87445
8.84120,18.87907
8.84068,18.88069
8.84046,18.88137
8.84369,18.88075
8.84635,18.88257
8.84822,18.88386
8.84986,18.88633
8.85133,18.88855
8.85178,18.89303
8.85182,18.89338
8.85189,18.89411
8.85059,18.90078
8.84833,18.90402
8.84679,18.90624
8.84339,18.90663
8.84171,18.90682
8.83413,18.90673
8.82149,18.90659
8.82046,18.90667
8.81824,18.90684
8.81459,18.90712
8.80694,18.90972
8.80264,18.91679
8.80043,18.92298
8.81002,18.93591
8.81262,18.94267
8.81276,18.94660
8.80918,18.95230
8.80612,18.95313
8.79345,18.95656
8.78808,18.96036
8.78766,18.96098
8.78641,18.96286
8.78141,18.97038
8.77812,18.97736
8.77440,18.98523
8.76954,18.99655
8.76930,18.99713
8.77038,19.00000
8.76570,19.01447
8.76144,19.01963
8.74710,19.02718
8.73551,19.03329
8.72740,19.04175
8.71579,19.05952
8.71422,19.06536
8.71262,19.07128
8.71161,19.07645
8.71066,19.08125
8.71047,19.08224
8.69954,19.09976
8.69933,19.10114
8.69872,19.10509
8.69389,19.10495
8.69238,19.10570
8.68570,19.10902
8.67825,19.11586
8.67762,19.11709
8.67536,19.12145
8.67125,19.12222
8.66890,19.12078
8.66869,19.12065
8.66767,19.11880
8.66466,19.11334
8.66355,19.10946
8.66097,19.10048
8.65805,19.09704
8.65769,19.09662
8.65681,19.09622
8.65190,19.09396
8.64955,19.09100
8.64936,19.08714
8.64918,19.08363
8.64772,19.08260
8.64081,19.07778
8.64010,19.07031
8.63738,19.06584
8.61736,19.06345
8.61482,19.06152
8.61084,19.05850
8.60796,19.05523
8.60286,19.04942
8.60249,19.04920
8.60026,19.04791
8.59706,19.04606
8.57569,19.04647
8.57549,19.04647
8.57011,19.04475
8.56186,19.04211
8.55429,19.04226
8.55275,19.03957
8.54906,19.03313
8.53756,19.03173
8.53546,19.03063
8.53246,19.02906
8.53127,19.02760
8.52729,19.02270
8.52762,19.01600
8.52323,19.01401
8.52367,19.01084
8.52403,19.00822
8.52252,19.00695
8.52197,19.00649
8.51704,19.00236
8.51581,19.00000
8.51476,18.99167
8.51297,18.98956
8.51072,18.98905
8.51068,18.98904
8.50799,18.99076
8.50212,18.99554
8.49992,18.99733
8.48932,18.98854
8.48802,18.98344
8.48742,18.98111
8.48315,18.97709
8.48164,18.97290
8.47663,18.97094
8.46786,18.97258
8.46503,18.97089
8.46423,18.97042
8.45994,18.95716
8.44691,18.94440
8.44621,18.94331
8.44225,18.93714
8.43662,18.93239
8.43466,18.93191
8.43250,18.93137
8.42790,18.93173
8.42586,18.93029
8.42632,18.92702
8.42646,18.92598
8.42669,18.92431
8.42546,18.92302
8.42422,18.92172
8.42279,18.92140
8.42079,18.92095
8.41888,18.92146
8.41293,18.92307
8.40931,18.92068
8.40640,18.91739
8.40538,18.91821
8.40335,18.91985
8.40304,18.92096
8.40136,18.92696
8.39973,18.92739
8.39839,18.92597
8.39615,18.92361
8.39270,18.92376
8.39039,18.92394
8.38774,18.91949
8.38702,18.91071
8.38480,18.90874
8.38409,18.90810
8.37967,18.90943
8.37692,18.91025
8.37659,18.90937
8.37656,18.90927
8.37432,18.90326
8.37102,18.90066
8.37071,18.90041
8.36634,18.90078
8.36407,18.89957
8.36608,18.89200
8.36665,18.88740
8.36624,18.88508
8.36420,18.88365
8.35863,18.88673
8.35699,18.88764
8.35496,18.88598
8.35625,18.87978
8.35605,18.87948
8.35602,18.87943
8.35425,18.87673
8.34945,18.87400
8.34835,18.87337
8.34490,18.87375
8.34116,18.87620
8.34136,18.87439
8.34203,18.86838
8.34734,18.85719
8.34763,18.85574
8.34812,18.85329
8.34726,18.85050
8.34221,18.85365
8.34190,18.85384
8.33567,18.85508
8.33521,18.85530
8.33474,18.85552
8.32391,18.85712
8.31477,18.85461
8.30544,18.85093
8.29849,18.84317
8.29774,18.84214
8.29626,18.84012
8.29319,18.83888
8.28898,18.83718
8.28476,18.83105
8.28428,18.83036
8.28304,18.82784
8.28108,18.82387
8.28039,18.82329
8.27632,18.81988
8.27284,18.81589
8.26752,18.80982
8.26071,18.80441
8.25968,18.79702
8.25457,18.78587
8.24937,18.78049
8.24896,18.77920
8.24740,18.77423
8.24503,18.76382
8.24434,18.76134
8.24068,18.74808
8.23999,18.74807
8.23976,18.74806
8.23981,18.74459
8.23988,18.74022
8.23720,18.73488
8.23160,18.71058
8.22523,18.69633
8.22227,18.68969
8.21390,18.68104
8.21303,18.67732
8.21217,18.67363
8.20585,18.66662
8.19495,18.65770
8.18993,18.65775
8.18553,18.65779
8.18381,18.65680
8.17688,18.65283
8.17357,18.64993
8.16373,18.64134
8.14645,18.63002
8.14119,18.62810
8.13108,18.62864
8.12095,18.63080
8.11743,18.63153
8.09100,18.63705
8.08322,18.63509
8.08109,18.63199
8.07828,18.62787
8.07350,18.62435
8.07259,18.62425
8.06410,18.62329
8.05972,18.62461
8.05247,18.61805
8.05024,18.61341
8.04876,18.60463
8.04743,18.60263
8.04674,18.60160
8.04650,18.59481
8.04640,18.59210
8.04560,18.56956
8.04428,18.55018
8.04107,18.50198
8.04099,18.50145
8.03897,18.48835
8.03837,18.48189
8.03781,18.45677
8.03624,18.45398
8.03653,18.45007
8.03552,18.42425
8.03505,18.42346
8.03372,18.42123
8.03269,18.41315
8.03354,18.40164
8.02840,18.34212
8.02856,18.33037
8.02747,18.31914
8.02715,18.31584
8.02684,18.31245
8.02615,18.30499
8.02404,18.27432
8.02156,18.27098
8.02111,18.27037
8.02184,18.25961
8.02225,18.25356
8.01950,18.21544
8.01940,18.21399
8.05762,18.20375
8.07815,18.19517
8.10972,18.19090
8.13551,18.18473
8.16432,18.18018
8.18473,18.17477
8.20827,18.16980
8.23171,18.16812
8.25258,18.16633
8.27010,18.16972
8.29724,18.17751
8.33981,18.17785
8.37776,18.16781
8.39449,18.15507
8.41617,18.14426
8.43173,18.13949
8.46883,18.12794
8.47955,18.12803
8.51297,18.12654
8.53008,18.12313
8.54585,18.11692
8.55331,18.11038
8.55259,18.10252
8.56008,18.09438
8.56059,18.08978
8.56173,18.08711
8.56552,18.07827
8.58129,18.07013
8.58704,18.06833
8.59945,18.06380
8.60852,18.06175
8.61928,18.05911
8.63318,18.05733
8.64615,18.05243
8.66045,18.04894
8.67412,18.04992
8.68586,18.04945
8.70916,18.04921
8.71421,18.04926
8.72264,18.05073
8.73238,18.05253
8.74279,18.05583
8.74946,18.05773
8.75594,18.05944
8.76301,18.06170
8.77176,18.06200
8.78507,18.06154
8.79520,18.05852
8.80262,18.05183
8.80936,18.04264
8.81542,18.03872
8.83032,18.02789
8.83631,18.02650
8.84062,18.02480
8.84400,18.01904
8.85323,18.01678
8.86185,18.01356
8.87372,18.00966
8.88372,18.00874
8.89314,18.00376
8.90373,18.00050
8.91707,17.99773
8.92761,17.99720
8.94397,17.99688
8.95773,17.99587
8.95901,17.99583
8.96756,17.99925
8.97067,18.00284
8.97936,18.00878
8.98935,18.01856
8.99756,18.02568
9.00538,18.04540
9.01313,18.06744
9.01683,18.08205
9.02000,18.10054
9.02737,18.10901
9.03437,18.11383
9.04337,18.12206
9.05405,18.13081
9.06564,18.13972
9.07892,18.14915
9.08600,18.15202
9.10317,18.16227
9.11962,18.17273
9.13459,18.18246
9.14881,18.19181
9.16231,18.19770
9.17615,18.19992
9.17609,18.18608
9.17725,18.17776
9.17757,18.16447
9.17930,18.14439
9.18192,18.13332
9.18607,18.11180
9.18717,18.10000
9.18863,18.07971
9.19075,18.05571
9.19621,18.03623
9.19822,18.01975
9.19893,18.01123
9.20274,18.00300
9.21734,17.99405
9.22296,17.98344
9.23197,17.96422
9.23942,17.94388
9.25088,17.92437
9.25860,17.90825
9.26142,17.90236
9.27080,17.88464
9.28334,17.85848
9.29065,17.84254
9.29589,17.82570
9.29534,17.82552
9.30172,17.82396
9.30989,17.82214
9.31508,17.82158
9.32506,17.81970
9.33623,17.81448
9.34700,17.81100
9.35763,17.80559
9.36777,17.80096
9.37957,17.79413
9.39304,17.78781
9.40493,17.78192
9.41712,17.77523
9.41697,17.77563
9.42765,17.76801
9.43599,17.76301
9.43914,17.75666
9.44030,17.74593
9.44431,17.73662
9.44366,17.72381
9.44555,17.71070
9.44690,17.69547
9.44863,17.68508
9.44626,17.67583
9.44875,17.66580
9.46953,17.65885
9.50295,17.64445
9.54280,17.62053
9.56734,17.59559
9.59700,17.55400
9.62400,17.57500
9.67300,17.59100
9.74000,17.52100
9.78500,17.46100
9.82600,17.38100
10.17200,17.48900
10.45100,17.54300
10.47700,17.72500
10.49700,17.86400
10.39700,17.96200
10.38100,18.01300
10.35000,18.06700
10.36500,18.10400
10.34600,18.16400
10.32200,18.20900
10.29300,18.24700
10.26200,18.28900
10.24000,18.34100
10.24700,18.38100
10.21200,18.43700
10.18600,18.49600
10.02500,18.64200
9.91900,18.63200
9.87700,18.73700
9.87900,18.79400
9.98800,18.82500
9.98800,19.03543
9.98800,19.07800
10.01500,19.08400
10.08400,19.12600
10.12900,19.13800
10.15500,19.16100
10.14600,19.20800
10.18700,19.21500
10.20900,19.24100
10.22400,19.28400
10.27000,19.32100
10.29900,19.35500
10.34400,19.34400
10.38200,19.38200
10.42500,19.39100
10.46900,19.43000
10.49600,19.49600
10.47500,19.53300
10.47800,19.58400
10.52600,19.61900
10.58800,19.70300
