37.602883	-119.033957
37.601736	-119.033265
37.597437	-119.029364
37.595737	-119.026964
37.590137	-119.025164
37.585737	-119.022363
37.499941	-119.130207
37.458882	-119.180918
37.382402	-119.277317
37.38284	-119.276873
37.374943	-119.286658
37.362721	-119.300911
37.356135	-119.306988
37.354271	-119.310385
37.352725	-119.312186
37.348679	-119.315066
37.34737	-119.315351
37.346037	-119.315015
37.345125	-119.314263
37.343536	-119.312021
37.342939	-119.311539
37.34075	-119.311431
37.339706	-119.312226
37.337784	-119.316839
37.337514	-119.318566
37.337549	-119.322179
37.33706	-119.324413
37.335417	-119.325774
37.333962	-119.325808
37.33251	-119.324545
37.328885	-119.317394
37.328127	-119.316443
37.325801	-119.315575
37.323331	-119.316411
37.321545	-119.317901
37.320996	-119.318789
37.320813	-119.320222
37.321179	-119.322859
37.320813	-119.323833
37.319783	-119.325094
37.318982	-119.326583
37.316647	-119.328531
37.315777	-119.329906
37.315182	-119.331883
37.312206	-119.334804
37.309689	-119.33466
37.304152	-119.333598
37.302047	-119.330475
37.299324	-119.329157
37.297722	-119.329128
37.292711	-119.326605
37.2912	-119.326662
37.286852	-119.328036
37.285685	-119.328838
37.28445	-119.329238
37.282711	-119.330498
37.278271	-119.330697
37.274884	-119.331813
37.273488	-119.331441
37.272825	-119.330582
37.272047	-119.328663
37.270331	-119.326143
37.267928	-119.325427
37.266235	-119.324481
37.262482	-119.32408
37.259782	-119.324366
37.256463	-119.323507
37.254427	-119.322018
37.253008	-119.321903
37.251772	-119.322189
37.247029	-119.321879
37.246388	-119.322108
37.244031	-119.324054
37.242245	-119.328461
37.240185	-119.330836
37.237416	-119.331694
37.234853	-119.331693
37.225585	-119.333722
37.223914	-119.333607
37.219406	-119.337583
37.218628	-119.337582
37.217392	-119.336437
37.216157	-119.33452
37.215426	-119.331115
37.214762	-119.330514
37.210025	-119.329368
37.208606	-119.329968
37.207073	-119.329997
37.205082	-119.331226
37.200023	-119.337232
37.196888	-119.338518
37.195331	-119.338832
37.192356	-119.340376
37.189358	-119.343006
37.188259	-119.344865
37.186862	-119.348326
37.186128	-119.353388
37.181571	-119.35942
37.180335	-119.360277
37.179168	-119.360562
37.177086	-119.360332
37.174866	-119.360588
37.169534	-119.360355
37.168069	-119.361441
37.167061	-119.362613
37.165848	-119.364756
37.165114	-119.367272
37.164837	-119.37342
37.164448	-119.374306
37.163463	-119.375363
37.16225	-119.375626
37.159939	-119.375497
37.158269	-119.374673
37.157468	-119.375015
37.156987	-119.375624
37.156099	-119.378024
37.155344	-119.379025
37.154316	-119.383314
37.153081	-119.384744
37.150359	-119.385604
37.14965	-119.386433
37.149719	-119.388291
37.14949	-119.388749
37.149812	-119.393066
37.149835	-119.399787
37.154307	-119.403264
37.156501	-119.403601
37.158855	-119.405097
37.160911	-119.407983
37.164062	-119.418183
37.163912	-119.421125
37.164297	-119.425805
37.163816	-119.428336
37.162571	-119.432125
37.161516	-119.43306
37.15475	-119.432876
37.152016	-119.433101
37.148291	-119.433939
37.146954	-119.434875
37.146173	-119.436563
37.145611	-119.438712
37.145024	-119.439797
37.144051	-119.44272
37.144946	-119.451355
37.144304	-119.45447
37.144831	-119.455843
37.145585	-119.460188
37.145493	-119.461503
37.144509	-119.462332
37.141695	-119.462817
37.136821	-119.464559
37.134189	-119.465901
37.131626	-119.466729
37.129406	-119.468128
37.126476	-119.46887
37.124948	-119.468787
37.120836	-119.46613
37.119257	-119.466186
37.115298	-119.468499
37.110904	-119.469754
37.110194	-119.470582
37.109964	-119.474668
37.110283	-119.477382
37.109321	-119.481067
37.109572	-119.482097
37.111241	-119.484326
37.113117	-119.485128
37.117921	-119.488731
37.119728	-119.49119
37.122244	-119.492049
37.123823	-119.492965
37.125306	-119.492789
37.127773	-119.491619
37.131068	-119.491421
37.132075	-119.490879
37.133311	-119.489622
37.134227	-119.489137
37.136469	-119.488824
37.137339	-119.489139
37.141593	-119.493029
37.143057	-119.495517
37.144269	-119.496404
37.144725	-119.499264
37.14743	-119.503469
37.149064	-119.504354
37.149935	-119.505342
37.150554	-119.506733
37.150501	-119.509329
37.147797	-119.513429
37.147407	-119.514515
37.14712	-119.51702
37.146376	-119.517702
37.145108	-119.517709
37.138564	-119.519924
37.13545	-119.52227
37.13444	-119.522559
37.132397	-119.522563
37.128656	-119.523961
37.12825	-119.525006
37.128554	-119.526607
37.129019	-119.527575
37.132567	-119.531975
37.133711	-119.534575
37.134467	-119.537947
37.135246	-119.539919
37.136802	-119.541176
37.137992	-119.54149
37.142592	-119.54612
37.143759	-119.54772
37.145178	-119.550893
37.145384	-119.552665
37.145201	-119.55378
37.144332	-119.555495
37.14392	-119.557067
37.143829	-119.559582
37.142845	-119.561069
37.141586	-119.562212
37.13884	-119.563613
37.136209	-119.56327
37.129093	-119.563441
37.126644	-119.564127
37.124315	-119.565419
37.122324	-119.566162
37.1188	-119.568904
37.117542	-119.568904
37.116672	-119.568361
37.116123	-119.567447
37.115803	-119.564874
37.115597	-119.555674
37.115849	-119.554217
37.116947	-119.552131
37.117199	-119.550417
37.117016	-119.549273
37.116123	-119.547559
37.111615	-119.543531
37.109212	-119.53996
37.106626	-119.538275
37.10507	-119.537704
37.099716	-119.539277
37.096215	-119.541391
37.095597	-119.542363
37.095231	-119.543819
37.095346	-119.545105
37.094202	-119.549447
37.092372	-119.55376
37.088184	-119.559045
37.086331	-119.559673
37.084157	-119.559702
37.080405	-119.561101
37.077774	-119.561758
37.076287	-119.562843
37.074822	-119.563357
37.073884	-119.563328
37.072236	-119.561472
37.070728	-119.560578
37.068741	-119.562003
37.065933	-119.561425
37.065324	-119.56161
37.064095	-119.562979
37.064016	-119.566868
37.063569	-119.568416
37.066103	-119.580749
37.065622	-119.584847
37.066636	-119.589431
37.06813	-119.59125
37.069029	-119.593157
37.070187	-119.594547
37.071266	-119.596961
37.071634	-119.600053
37.071016	-119.604908
37.070375	-119.606077
37.068039	-119.606838
37.065553	-119.608599
37.064692	-119.60967
37.062025	-119.610624
37.059644	-119.61032
37.057768	-119.610639
37.055968	-119.611514
37.053502	-119.613194
37.051975	-119.613602
37.050778	-119.613373
37.045668	-119.610361
37.044652	-119.610738
37.037667	-119.615528
37.035357	-119.615854
37.03335	-119.616938
37.031887	-119.618741
37.028955	-119.619217
37.026605	-119.621116
37.025181	-119.625974
37.020983	-119.632172
37.020891	-119.634064
37.021545	-119.635371
37.023696	-119.63618
37.025345	-119.635953
37.027371	-119.634599
37.029586	-119.632057
37.033239	-119.62953
37.034619	-119.629033
37.043287	-119.639349
37.043775	-119.647489
37.042961	-119.651604
37.04089	-119.654385
37.039771	-119.65778
37.038938	-119.659377
37.035668	-119.659301
37.024858	-119.657562
37.018903	-119.657114
37.0164	-119.657359
37.014231	-119.657992
37.01333	-119.658611
37.011759	-119.662195
37.00926	-119.670918
37.009108	-119.677362
37.010364	-119.680715
37.010025	-119.682562
37.010383	-119.684794
37.011427	-119.687644
37.011987	-119.690779
37.010955	-119.693867
37.008748	-119.698075
37.007276	-119.6993
37.004904	-119.69971
37.003328	-119.700744
37.002208	-119.702832
36.999949	-119.705878
36.991649	-119.713078
36.978349	-119.732779
36.969949	-119.740479
36.953749	-119.742679
36.953658	-119.740225
36.953871	-119.738196
36.953375	-119.736884
36.952765	-119.736334
36.951772	-119.736035
36.948549	-119.733778
36.948127	-119.734136
36.946753	-119.734273
36.945303	-119.735433
36.944422	-119.737278
36.943949	-119.737679
36.944149	-119.739879
36.940329	-119.744771
36.939459	-119.745459
36.939135	-119.7463
36.936949	-119.749579
36.935849	-119.751979
36.932149	-119.751879
36.928449	-119.750479
36.923649	-119.752779
36.920549	-119.756979
36.920049	-119.761779
36.918849	-119.76608
36.918549	-119.77258
36.914749	-119.77408
36.909249	-119.77528
36.897649	-119.78818
36.894249	-119.78958
36.892549	-119.78878
36.890449	-119.78848
36.885649	-119.78558
36.879949	-119.78548
36.875949	-119.78908
36.875746	-119.793479
36.872537	-119.798448
36.868748	-119.80138
36.867406	-119.801979
36.864148	-119.805181
36.862448	-119.809681
36.857948	-119.812181
36.852448	-119.812681
36.851148	-119.814281
36.850522	-119.815499
36.849548	-119.815981
36.848648	-119.817181
36.848148	-119.818781
36.848648	-119.823281
36.849648	-119.826881
36.853248	-119.835982
36.854948	-119.837682
36.858748	-119.839282
36.860948	-119.840782
36.861248	-119.842982
36.860148	-119.847083
36.858748	-119.848383
36.856348	-119.849283
36.853348	-119.851383
36.851748	-119.852983
36.851548	-119.854783
36.852548	-119.856683
36.852047	-119.856683
36.853147	-119.858083
36.853947	-119.859983
36.855247	-119.861383
36.851147	-119.865283
36.847947	-119.865883
36.848147	-119.868984
36.850347	-119.868884
36.851447	-119.870584
36.852347	-119.872984
36.854847	-119.876484
36.858547	-119.884885
36.857955	-119.885908
36.857747	-119.885285
36.854947	-119.887885
36.853645	-119.887944
36.851947	-119.889285
36.851747	-119.891385
36.852147	-119.895685
36.852647	-119.896085
36.852047	-119.900285
36.852047	-119.902185
36.851147	-119.904885
36.850347	-119.905986
36.847347	-119.908286
36.846347	-119.909486
36.845147	-119.913886
36.845446	-119.918486
36.846846	-119.921586
36.847946	-119.923286
36.848646	-119.927287
36.846746	-119.930587
36.844346	-119.932587
36.843546	-119.932087
36.842946	-119.932587
36.837946	-119.934687
36.836246	-119.936987
36.834026	-119.944365
36.83446	-119.947051
36.834834	-119.947768
36.834918	-119.949584
36.834468	-119.951385
36.834995	-119.954956
36.835567	-119.955231
36.836223	-119.957977
36.8353	-119.96109
36.83327	-119.965378
36.833057	-119.966308
36.832568	-119.966858
36.832263	-119.968063
36.833186	-119.971848
36.833849	-119.973054
36.835032	-119.976884
36.835383	-119.977113
36.836443	-119.977052
36.837443	-119.978211
36.839304	-119.979081
36.839739	-119.97963
36.840273	-119.98227
36.840952	-119.983521
36.841028	-119.984513
36.840441	-119.986115
36.83864	-119.989504
36.837969	-119.990221
36.83687	-119.990541
36.835558	-119.991518
36.832307	-119.991396
36.830935	-119.990647
36.829897	-119.991289
36.829065	-119.992495
36.82828	-119.995226
36.82818	-119.996416
36.827402	-119.999102
36.827428	-120.001566
36.827864	-120.002932
36.827408	-120.006603
36.828004	-120.008424
36.828006	-120.011952
36.828235	-120.01329
36.826155	-120.017162
36.825172	-120.01981
36.823228	-120.02112
36.819065	-120.021976
36.817875	-120.02283
36.816526	-120.024709
36.815566	-120.025364
36.81472	-120.027356
36.815018	-120.031169
36.815362	-120.032107
36.8155	-120.033558
36.816026	-120.035038
36.815798	-120.036489
36.815844	-120.038765
36.815227	-120.040217
36.815776	-120.042578
36.817516	-120.045878
36.819392	-120.048098
36.821589	-120.050175
36.822573	-120.053589
36.823009	-120.057459
36.822643	-120.059081
36.820539	-120.062695
36.818983	-120.068244
36.818571	-120.068984
36.818457	-120.070179
36.819646	-120.07294
36.820836	-120.073908
36.821591	-120.074079
36.824131	-120.07553
36.824977	-120.077095
36.82532	-120.079827
36.824816	-120.082189
36.824244	-120.0831
36.823397	-120.086429
36.822482	-120.08825
36.821749	-120.090669
36.820514	-120.092404
36.81779	-120.095107
36.816806	-120.09707
36.815868	-120.097411
36.815364	-120.09798
36.814723	-120.100882
36.814174	-120.10182
36.813578	-120.10387
36.813326	-120.10626
36.812776	-120.10808
36.81273	-120.109219
36.81305	-120.111011
36.813781	-120.111865
36.814124	-120.114142
36.813848	-120.117072
36.813436	-120.118125
36.812908	-120.122563
36.812061	-120.123388
36.81168	-120.125994
36.812101	-120.127063
36.811805	-120.129112
36.810045	-120.131446
36.810138	-120.134406
36.809635	-120.135146
36.809544	-120.136341
36.808012	-120.139131
36.807029	-120.1399
36.806275	-120.141579
36.805772	-120.141921
36.804652	-120.144027
36.804126	-120.145592
36.80367	-120.148522
36.801954	-120.1506
36.801726	-120.151482
36.798662	-120.156178
36.797609	-120.156947
36.79777	-120.158938
36.798457	-120.160332
36.799304	-120.163233
36.800311	-120.163659
36.802211	-120.16659
36.803057	-120.167187
36.803927	-120.168809
36.803562	-120.171626
36.80283	-120.172707
36.801365	-120.173561
36.798597	-120.173618
36.796629	-120.173192
36.795394	-120.173591
36.794296	-120.174473
36.793129	-120.177403
36.7921	-120.17837
36.791345	-120.179821
36.789766	-120.181443
36.789171	-120.181727
36.786837	-120.18187
36.786403	-120.180988
36.784504	-120.181358
36.782284	-120.182724
36.781049	-120.18463
36.77899	-120.186279
36.778395	-120.187559
36.776862	-120.188953
36.777205	-120.192281
36.779745	-120.194897
36.780134	-120.195865
36.780477	-120.198823
36.780751	-120.199477
36.782101	-120.200785
36.783062	-120.200956
36.784412	-120.201753
36.786769	-120.202407
36.787913	-120.201867
36.789606	-120.201783
36.790018	-120.20221
36.79091	-120.204258
36.790955	-120.205339
36.79036	-120.207017
36.789354	-120.208838
36.788851	-120.210345
36.788851	-120.211227
36.790131	-120.213418
36.790611	-120.216291
36.790291	-120.217486
36.788574	-120.220074
36.785828	-120.219987
36.784821	-120.220869
36.784524	-120.221779
36.782441	-120.225191
36.782234	-120.22667
36.782508	-120.230965
36.781821	-120.232273
36.780356	-120.233297
36.778686	-120.233324
36.776238	-120.231844
36.774293	-120.231615
36.772828	-120.232155
36.770084	-120.229963
36.76942	-120.230077
36.768572	-120.232721
36.768572	-120.234058
36.770767	-120.237415
36.771064	-120.238866
36.771017	-120.24151
36.770536	-120.244156
36.771038	-120.245578
36.773028	-120.24777
36.774835	-120.248084
36.775064	-120.248511
36.775086	-120.250246
36.773984	-120.252037
36.770896	-120.254031
36.770027	-120.256648
36.770349	-120.258041
36.772111	-120.260287
36.772478	-120.261196
36.772708	-120.263273
36.772548	-120.26478
36.771428	-120.267568
36.77152	-120.269473
36.771955	-120.270469
36.773329	-120.271748
36.773833	-120.272829
36.773423	-120.275019
36.772736	-120.275958
36.771615	-120.275873
36.770631	-120.276187
36.769533	-120.277297
36.768825	-120.278719
36.768367	-120.279146
36.767452	-120.279317
36.766194	-120.280398
36.7664	-120.281621
36.766949	-120.282445
36.768025	-120.2829
36.769855	-120.282672
36.771388	-120.281732
36.772281	-120.281874
36.773219	-120.28304
36.773585	-120.284035
36.77333	-120.286488
36.772944	-120.287371
36.771498	-120.28894
36.770478	-120.289427
36.768538	-120.289555
36.767455	-120.289321
36.765774	-120.288227
36.764823	-120.287951
36.763673	-120.288288
36.763058	-120.289812
36.763047	-120.290594
36.763449	-120.291823
36.764127	-120.29273
36.76537	-120.293623
36.766816	-120.294166
36.769107	-120.293627
36.770816	-120.292119
36.771388	-120.29215
36.772233	-120.293171
36.772395	-120.294221
36.772289	-120.297695
36.771927	-120.298916
36.769947	-120.30191
36.769638	-120.304078
36.770265	-120.306058
36.77117	-120.306434
36.772495	-120.306138
36.773285	-120.305308
36.773544	-120.304614
36.773728	-120.300895
36.774572	-120.299805
36.775405	-120.299569
36.777301	-120.299995
36.778192	-120.301345
36.778803	-120.302861
36.780244	-120.309129
36.781768	-120.311403
36.782024	-120.312583
36.781934	-120.313746
36.781496	-120.314119
36.77917	-120.314538
36.778285	-120.315892
36.777695	-120.317662
36.777697	-120.321722
36.779019	-120.323828
36.779893	-120.324349
36.7816	-120.324552
36.782824	-120.323689
36.783691	-120.322598
36.784591	-120.322264
36.785088	-120.322394
36.786186	-120.323703
36.786304	-120.324216
36.785837	-120.327173
36.785184	-120.329252
36.783211	-120.332246
36.782786	-120.333711
36.782884	-120.334614
36.78417	-120.335563
36.786237	-120.335312
36.788946	-120.334264
36.79147	-120.334387
36.792358	-120.335928
36.792396	-120.33694
36.791259	-120.3405
36.79093	-120.342987
36.791385	-120.344071
36.792641	-120.345093
36.794734	-120.346071
36.797285	-120.346359
36.797655	-120.346623
36.798162	-120.347664
36.798095	-120.34983
36.797495	-120.350671
36.796506	-120.351076
36.795436	-120.35095
36.79358	-120.349804
36.789909	-120.348206
36.789215	-120.347471
36.787835	-120.344825
36.786352	-120.344335
36.785049	-120.345124
36.784559	-120.346523
36.785135	-120.349422
36.786859	-120.353095
36.787348	-120.355883
36.787185	-120.358092
36.785741	-120.365065
36.785016	-120.367036
36.784802	-120.369182
36.784941	-120.370263
36.785836	-120.371551
36.789021	-120.37296
36.789845	-120.372733
36.793141	-120.370773
36.793645	-120.370005
36.794423	-120.369436
36.795544	-120.369665
36.796528	-120.370377
36.798792	-120.372967
36.800141	-120.373907
36.80108	-120.373993
36.803574	-120.372857
36.806986	-120.368221
36.807649	-120.368222
36.809937	-120.369163
36.810509	-120.370615
36.810417	-120.371725
36.808516	-120.374939
36.808434	-120.376003
36.808672	-120.376924
36.809931	-120.37809
36.811876	-120.378373
36.815193	-120.378142
36.816223	-120.378483
36.817208	-120.379193
36.823985	-120.387727
36.824558	-120.389577
36.824513	-120.390772
36.823461	-120.393392
36.823484	-120.393847
36.824537	-120.395326
36.824172	-120.396152
36.823531	-120.39638
36.822365	-120.397975
36.822296	-120.3988
36.82264	-120.400735
36.824655	-120.403068
36.826005	-120.404149
36.828637	-120.404119
36.831383	-120.404886
36.832482	-120.405654
36.833649	-120.406024
36.835686	-120.408643
36.83635	-120.408984
36.838592	-120.409097
36.84008	-120.409893
36.840263	-120.411288
36.840058	-120.411858
36.8369	-120.413425
36.836008	-120.414991
36.83578	-120.416613
36.835986	-120.417581
36.836581	-120.418463
36.838618	-120.419601
36.839991	-120.421537
36.840175	-120.423672
36.839992	-120.425266
36.840495	-120.426376
36.842097	-120.428283
36.843974	-120.428852
36.845233	-120.429849
36.846102	-120.431187
36.849215	-120.433408
36.850267	-120.433635
36.851137	-120.434945
36.851045	-120.435828
36.849924	-120.438049
36.850222	-120.440042
36.852007	-120.439643
36.854684	-120.438219
36.85624	-120.441209
36.856446	-120.442177
36.85624	-120.444569
36.856423	-120.446477
36.856972	-120.447673
36.858139	-120.448726
36.858734	-120.448783
36.859375	-120.448214
36.860153	-120.448499
36.860336	-120.449012
36.860153	-120.452828
36.860359	-120.453739
36.862967	-120.456445
36.864913	-120.454565
36.867773	-120.450693
36.869238	-120.449895
36.870107	-120.44981
36.871183	-120.45038
36.871984	-120.452145
36.872624	-120.455649
36.87331	-120.457671
36.874645	-120.459124
36.876777	-120.458845
36.878219	-120.457706
36.87854	-120.455969
36.879318	-120.454089
36.880211	-120.453577
36.88076	-120.453605
36.88227	-120.45466
36.883734	-120.456227
36.883986	-120.458393
36.884649	-120.459902
36.885587	-120.460672
36.886822	-120.464404
36.887897	-120.465572
36.889659	-120.466541
36.892817	-120.466571
36.893939	-120.465888
36.894923	-120.46452
36.898127	-120.46361
36.900346	-120.462613
36.902337	-120.460876
36.903069	-120.461189
36.904624	-120.463697
36.905311	-120.463697
36.905746	-120.463213
36.906181	-120.459851
36.905587	-120.456004
36.905678	-120.455321
36.906067	-120.454865
36.908928	-120.453298
36.910988	-120.450563
36.912384	-120.450164
36.913047	-120.450421
36.913871	-120.451276
36.914649	-120.452957
36.914992	-120.457745
36.915426	-120.459398
36.916661	-120.461565
36.917348	-120.46222
36.918469	-120.462392
36.919384	-120.461936
36.920071	-120.460967
36.920941	-120.458801
36.921948	-120.457234
36.923161	-120.456864
36.924191	-120.457434
36.925998	-120.459572
36.92721	-120.461624
36.928469	-120.46285
36.929819	-120.463278
36.933663	-120.46593
36.935264	-120.466244
36.936843	-120.467185
36.938033	-120.469211
36.938329	-120.47266
36.939038	-120.474627
36.940251	-120.475625
36.944163	-120.47671
36.948259	-120.478793
36.950273	-120.47888
36.952699	-120.477912
36.954186	-120.47777
36.956611	-120.479767
36.958808	-120.480567
36.962696	-120.484048
36.963771	-120.48536
36.965211	-120.487984
36.966401	-120.488869
36.967476	-120.488727
36.968049	-120.488128
36.969766	-120.48505
36.971162	-120.484024
36.972467	-120.484081
36.97313	-120.485222
36.973587	-120.488018
36.974158	-120.489216
36.975119	-120.490186
36.975622	-120.491384
36.975644	-120.493182
36.976078	-120.494351
36.977108	-120.495008
36.979259	-120.495352
36.979899	-120.495723
36.981294	-120.498804
36.981888	-120.499404
36.98333	-120.500089
36.984954	-120.500347
36.988021	-120.500007
36.99024	-120.50056
36.991976	-120.501474
36.993578	-120.501473
36.994405	-120.500704
36.99603	-120.500576
36.996919	-120.501486
36.997263	-120.503514
36.997858	-120.504198
36.998568	-120.504112
36.999601	-120.502998
37.000439	-120.502947
37.000844	-120.503631
37.000799	-120.504316
36.999946	-120.505343
36.999946	-120.505709
36.999591	-120.506108
36.999693	-120.508423
36.999946	-120.508881
37.000257	-120.508881
37.001053	-120.509679
37.00206	-120.509764
37.004142	-120.508536
37.005011	-120.508335
37.005766	-120.508535
37.007987	-120.509931
37.009612	-120.511613
37.010185	-120.512726
37.010575	-120.515493
37.011262	-120.517119
37.011126	-120.519831
37.011447	-120.520829
37.013095	-120.52294
37.013553	-120.524081
37.012754	-120.528476
37.012686	-120.530787
37.013395	-120.531414
37.016393	-120.530186
37.017788	-120.5299
37.019095	-120.53044
37.020247	-120.531707
37.020295	-120.533055
37.019025	-120.536348
37.019442	-120.53766
37.020364	-120.537785
37.023045	-120.537333
37.02391	-120.538061
37.02631	-120.544438
37.027685	-120.545358
37.028258	-120.545261
37.031266	-120.54265
37.032432	-120.539932
37.033872	-120.538298
37.038718	-120.538003
37.040131	-120.537316
37.040757	-120.537561
37.042348	-120.54017
37.043626	-120.540863
37.044426	-120.541794
37.09639	-120.476692
37.094142	-120.472467
37.094735	-120.471413
37.094336	-120.469779
37.097777	-120.465508
37.099066	-120.461366
37.099377	-120.457529
37.100343	-120.456084
37.098873	-120.452858
37.10017	-120.45175
37.100664	-120.450772
37.101952	-120.44497
37.103134	-120.444292
37.104403	-120.438607
37.104812	-120.434056
37.105599	-120.433003
37.106252	-120.427787
37.107305	-120.427078
37.107768	-120.426083
37.107618	-120.424682
37.108602	-120.422783
37.109664	-120.421358
37.109828	-120.420654
37.108205	-120.416967
37.109058	-120.415299
37.110902	-120.414815
37.111309	-120.410657
37.110867	-120.406744
37.111239	-120.406262
37.112289	-120.406477
37.113016	-120.405873
37.113993	-120.404171
37.115716	-120.40409
37.117526	-120.401416
37.118055	-120.399957
37.118604	-120.396715
37.119074	-120.395402
37.121302	-120.393569
37.120982	-120.388832
37.121834	-120.38806
37.122866	-120.385719
37.12377	-120.385934
37.12459	-120.384888
37.124351	-120.379033
37.122813	-120.377384
37.122782	-120.376014
37.121133	-120.372231
37.120984	-120.367336
37.119965	-120.365646
37.120128	-120.364774
37.119712	-120.363315
37.120318	-120.362905
37.120668	-120.361831
37.120416	-120.359188
37.12065	-120.358282
37.121818	-120.358366
37.122475	-120.357535
37.122416	-120.355517
37.123354	-120.354118
37.123206	-120.351921
37.122566	-120.349746
37.123503	-120.349295
37.123972	-120.347083
37.124596	-120.341204
37.126291	-120.33987
37.126392	-120.338561
37.127207	-120.335778
37.128148	-120.335124
37.128326	-120.333563
37.130578	-120.330992
37.131089	-120.328332
37.131966	-120.32873
37.133881	-120.328612
37.134548	-120.327984
37.136382	-120.324544
37.136461	-120.322391
37.13723	-120.320704
37.137771	-120.318353
37.137821	-120.315984
37.138815	-120.31362
37.139934	-120.312829
37.141138	-120.310891
37.140892	-120.305374
37.141092	-120.303766
37.142163	-120.303319
37.144411	-120.301367
37.144459	-120.300978
37.145304	-120.299974
37.145616	-120.29998
37.147918	-120.298011
37.148557	-120.296858
37.149297	-120.296393
37.149665	-120.295356
37.151014	-120.293498
37.150971	-120.292861
37.151606	-120.291857
37.151998	-120.291711
37.152621	-120.289872
37.152466	-120.28669
37.153003	-120.283271
37.152869	-120.279421
37.152469	-120.277465
37.151736	-120.276269
37.152004	-120.274157
37.1534	-120.271421
37.153943	-120.265744
37.155274	-120.261535
37.155743	-120.257687
37.157965	-120.247906
37.156987	-120.245169
37.157011	-120.243881
37.157961	-120.242222
37.158439	-120.240116
37.158703	-120.235929
37.159922	-120.232277
37.160849	-120.23088
37.161782	-120.230409
37.1634	-120.227286
37.163969	-120.222965
37.162155	-120.219503
37.164321	-120.213663
37.164452	-120.208716
37.162683	-120.202133
37.162768	-120.200264
37.163254	-120.198135
37.163151	-120.194794
37.161707	-120.190816
37.160469	-120.188606
37.160252	-120.187594
37.161748	-120.185487
37.161512	-120.180761
37.162265	-120.176489
37.16506	-120.175636
37.165929	-120.174129
37.165982	-120.170226
37.164187	-120.168544
37.163067	-120.166483
37.162698	-120.164576
37.163421	-120.161823
37.164282	-120.160416
37.165525	-120.157053
37.166021	-120.152954
37.16468	-120.148361
37.163852	-120.146549
37.164215	-120.145489
37.164065	-120.142563
37.166302	-120.133898
37.167359	-120.132812
37.167337	-120.1308
37.166114	-120.125998
37.165531	-120.120098
37.165656	-120.115089
37.16666	-120.114538
37.167221	-120.109862
37.166719	-120.109277
37.16774	-120.103327
37.169813	-120.100677
37.171678	-120.097375
37.172554	-120.094743
37.173336	-120.087899
37.173394	-120.085173
37.174452	-120.080763
37.176484	-120.076685
37.177571	-120.071268
37.177816	-120.064678
37.179583	-120.061646
37.180012	-120.058823
37.182414	-120.054096
37.183179	-120.051818
37.224905	-120.000895
37.325974	-119.875368
37.371454	-119.819115
37.417114	-119.761809
37.417323	-119.750992
37.417748	-119.747102
37.417832	-119.651191
37.461351	-119.651172
37.461522	-119.615495
37.494681	-119.615148
37.494696	-119.58422
37.560335	-119.583585
37.750131	-119.345084
37.777986	-119.308995
37.777328	-119.308584
37.775728	-119.308283
37.774328	-119.304883
37.772328	-119.302383
37.771428	-119.300683
37.770629	-119.297883
37.767929	-119.293382
37.759729	-119.294082
37.758029	-119.292782
37.756329	-119.289882
37.755029	-119.289082
37.749929	-119.289582
37.749329	-119.290682
37.748729	-119.290482
37.747329	-119.289181
37.74503	-119.288381
37.74383	-119.282081
37.74213	-119.27778
37.73963	-119.27298
37.73923	-119.27168
37.73953	-119.27108
37.73963	-119.26938
37.73823	-119.268479
37.73673	-119.266879
37.736131	-119.265479
37.732931	-119.264079
37.732731	-119.261179
37.731431	-119.260478
37.727931	-119.259978
37.726631	-119.260078
37.724631	-119.257878
37.725331	-119.255178
37.727631	-119.254378
37.729431	-119.252978
37.73016	-119.250978
37.729547	-119.250677
37.729329	-119.250099
37.729458	-119.248772
37.728547	-119.243045
37.727209	-119.241017
37.72708	-119.24047
37.727467	-119.239264
37.72629	-119.23894
37.725024	-119.238018
37.723227	-119.235484
37.722405	-119.233336
37.720954	-119.23063
37.720567	-119.230327
37.717858	-119.230266
37.717406	-119.229992
37.716148	-119.226436
37.716301	-119.223406
37.715051	-119.22219
37.714825	-119.22065
37.714914	-119.219454
37.714123	-119.216333
37.715397	-119.215765
37.716855	-119.214163
37.717734	-119.213868
37.720232	-119.211293
37.722014	-119.210684
37.722554	-119.210106
37.722787	-119.209316
37.72406	-119.207328
37.725415	-119.206537
37.727307	-119.204812
37.731748	-119.201717
37.734916	-119.20054
37.735835	-119.199728
37.736657	-119.198491
37.736962	-119.194892
37.737952	-119.192519
37.737815	-119.191536
37.73637	-119.187908
37.736612	-119.18736
37.736547	-119.186316
37.73682	-119.185434
37.739303	-119.184266
37.739504	-119.183739
37.737875	-119.183203
37.736875	-119.182221
37.736471	-119.179981
37.735519	-119.178764
37.734776	-119.177103
37.735725	-119.172824
37.736813	-119.172437
37.738094	-119.170957
37.738359	-119.169071
37.738229	-119.167449
37.737591	-119.165969
37.736123	-119.164075
37.736242	-119.162372
37.735693	-119.161176
37.735749	-119.160284
37.736409	-119.159138
37.736529	-119.157333
37.735819	-119.15627
37.734706	-119.15543
37.734341	-119.153494
37.732895	-119.149593
37.733016	-119.148833
37.732757	-119.147891
37.733361	-119.147322
37.733481	-119.14645
37.734206	-119.144756
37.733777	-119.143723
37.73297	-119.1427
37.733251	-119.140774
37.734266	-119.139789
37.735072	-119.139392
37.736126	-119.138032
37.735698	-119.136644
37.734802	-119.135703
37.733929	-119.132653
37.7342	-119.130088
37.73465	-119.128374
37.734552	-119.126985
37.733706	-119.1257
37.733944	-119.124312
37.731092	-119.12163
37.731183	-119.120921
37.730281	-119.118006
37.728676	-119.115605
37.728548	-119.115036
37.724735	-119.109694
37.72294	-119.10857
37.720073	-119.107399
37.719269	-119.106766
37.71694	-119.103561
37.716195	-119.101814
37.715622	-119.101973
37.713648	-119.101589
37.712667	-119.100742
37.711422	-119.098921
37.709482	-119.09807
37.707647	-119.096855
37.703627	-119.093126
37.702682	-119.090871
37.702674	-119.088053
37.701048	-119.087092
37.699045	-119.08542
37.698523	-119.084516
37.696545	-119.082561
37.694861	-119.079239
37.692886	-119.073352
37.691225	-119.073476
37.690178	-119.072872
37.689874	-119.072131
37.688892	-119.071468
37.68652	-119.068823
37.684556	-119.065166
37.683878	-119.065315
37.682106	-119.064436
37.680107	-119.064122
37.677425	-119.062773
37.67654	-119.062029
37.673773	-119.062473
37.671096	-119.062441
37.669044	-119.060619
37.665378	-119.059548
37.663811	-119.060311
37.662489	-119.060296
37.662022	-119.06
37.659214	-119.060535
37.658851	-119.060989
37.657834	-119.0614
37.655982	-119.060337
37.655091	-119.058703
37.653353	-119.057449
37.651184	-119.054331
37.646395	-119.053591
37.645782	-119.0538
37.645135	-119.054618
37.643996	-119.052
37.642975	-119.051074
37.641641	-119.049276
37.638824	-119.046844
37.638608	-119.046367
37.637046	-119.045318
37.636589	-119.044364
37.636526	-119.043594
37.635231	-119.042494
37.63385	-119.040078
37.633642	-119.039237
37.632766	-119.038261
37.632535	-119.036873
37.632649	-119.035363
37.631033	-119.034122
37.630535	-119.032565
37.62939	-119.032341
37.628653	-119.032706
37.627863	-119.031453
37.624936	-119.030828
37.620892	-119.030887
37.618836	-119.031966
37.617036	-119.031466
37.613836	-119.031966
37.606036	-119.034465
37.603536	-119.034365
37.602883	-119.033957
