38.606185	-122.13778
38.609889	-122.139948
38.609681	-122.14198
38.612785	-122.144796
38.615521	-122.145292
38.616449	-122.146396
38.618817	-122.147724
38.620529	-122.149804
38.621121	-122.150092
38.621905	-122.151068
38.622817	-122.151356
38.624433	-122.150828
38.625025	-122.151084
38.625297	-122.151772
38.624737	-122.153212
38.623249	-122.154972
38.622785	-122.156396
38.622689	-122.157564
38.619297	-122.160924
38.619441	-122.162124
38.617681	-122.165965
38.619297	-122.168349
38.621921	-122.168477
38.622433	-122.168189
38.624641	-122.168461
38.625809	-122.169421
38.627761	-122.169485
38.629825	-122.170381
38.630209	-122.169805
38.630369	-122.168285
38.631649	-122.166653
38.631713	-122.165133
38.632689	-122.16254
38.635105	-122.161212
38.635761	-122.161212
38.637201	-122.162556
38.637345	-122.163005
38.638561	-122.163645
38.640257	-122.165949
38.641921	-122.165933
38.643616	-122.162429
38.644096	-122.162333
38.644912	-122.163053
38.64696	-122.163165
38.648128	-122.163805
38.649728	-122.165213
38.652672	-122.166477
38.655296	-122.168301
38.656512	-122.171773
38.658736	-122.176125
38.657888	-122.177453
38.658144	-122.179421
38.6576	-122.180589
38.657808	-122.182061
38.657088	-122.182621
38.657136	-122.183245
38.659552	-122.187037
38.66032	-122.187453
38.661728	-122.189821
38.662272	-122.190221
38.663312	-122.191933
38.665808	-122.193565
38.667744	-122.196429
38.668704	-122.19715
38.6692	-122.198334
38.673184	-122.199966
38.676032	-122.202686
38.677184	-122.203422
38.67864	-122.20291
38.678976	-122.202062
38.680272	-122.200478
38.682288	-122.199726
38.683312	-122.199726
38.685728	-122.201182
38.686304	-122.201998
38.687616	-122.202254
38.688336	-122.201998
38.688976	-122.202462
38.689424	-122.203358
38.690352	-122.203582
38.691472	-122.204542
38.693344	-122.207198
38.695536	-122.208206
38.6956	-122.208622
38.694976	-122.209422
38.69488	-122.21099
38.69592	-122.212094
38.695952	-122.212574
38.695264	-122.213006
38.694208	-122.21235
38.693888	-122.212526
38.693408	-122.213822
38.693408	-122.214622
38.69472	-122.216846
38.694976	-122.217694
38.694928	-122.219038
38.69536	-122.22059
38.696016	-122.221646
38.699984	-122.224206
38.704511	-122.223038
38.709503	-122.225054
38.720623	-122.228415
38.721087	-122.225326
38.721951	-122.224974
38.724319	-122.226383
38.724911	-122.226143
38.725471	-122.226943
38.727007	-122.226527
38.727007	-122.227519
38.727487	-122.228319
38.729135	-122.229295
38.729487	-122.229775
38.730031	-122.229663
38.730783	-122.230815
38.732191	-122.230191
38.732671	-122.231007
38.733791	-122.231231
38.734959	-122.231951
38.736175	-122.233791
38.736879	-122.234175
38.737823	-122.233503
38.738175	-122.233567
38.738703	-122.235007
38.740223	-122.235135
38.740367	-122.235855
38.742111	-122.237727
38.742319	-122.238719
38.742975	-122.239503
38.742959	-122.241279
38.746367	-122.242607
38.747359	-122.243567
38.748799	-122.244415
38.749855	-122.246943
38.751023	-122.247167
38.755262	-122.250111
38.758334	-122.250063
38.758846	-122.250591
38.762958	-122.251551
38.764286	-122.251375
38.767726	-122.251983
38.769982	-122.252831
38.772686	-122.253055
38.77523	-122.254303
38.776062	-122.254303
38.778558	-122.255311
38.781134	-122.255695
38.783662	-122.256863
38.785533	-122.258335
38.786253	-122.259775
38.787597	-122.260031
38.788861	-122.259327
38.789517	-122.259263
38.791005	-122.261535
38.792317	-122.261407
38.793165	-122.261807
38.795277	-122.263743
38.796797	-122.265599
38.800701	-122.267023
38.801869	-122.269279
38.803357	-122.270511
38.804765	-122.270735
38.809437	-122.273983
38.811101	-122.274591
38.812845	-122.274623
38.817324	-122.276607
38.81862	-122.276607
38.82206	-122.278783
38.82462	-122.281647
38.826476	-122.282655
38.828476	-122.283007
38.8335	-122.285343
38.838012	-122.286927
38.839932	-122.287999
38.839292	-122.289759
38.838684	-122.296031
38.839228	-122.298111
38.839612	-122.301855
38.839852	-122.302447
38.841884	-122.302607
38.842396	-122.303007
38.842332	-122.303919
38.841068	-122.307007
38.841068	-122.308319
38.840028	-122.311583
38.839468	-122.315359
38.840796	-122.317647
38.843852	-122.319967
38.846252	-122.324047
38.845932	-122.326207
38.842364	-122.329759
38.842172	-122.331135
38.842364	-122.332671
38.843388	-122.334431
38.843468	-122.335439
38.842172	-122.338336
38.842076	-122.34208
38.841292	-122.343552
38.839516	-122.344624
38.838892	-122.345776
38.83606	-122.348624
38.835756	-122.349968
38.837148	-122.354304
38.838156	-122.356112
38.8407	-122.362048
38.843212	-122.366656
38.844651	-122.371552
38.845739	-122.373024
38.847179	-122.373584
38.848459	-122.375184
38.849211	-122.37696
38.849243	-122.379536
38.852475	-122.385184
38.853787	-122.385248
38.855179	-122.387168
38.855707	-122.38752
38.856811	-122.38984
38.859611	-122.391904
38.862939	-122.393456
38.864267	-122.395088
38.866795	-122.392416
38.867291	-122.391088
38.867627	-122.390816
38.868713	-122.391198
38.869323	-122.392032
38.869723	-122.393824
38.870731	-122.39536
38.871819	-122.395296
38.872155	-122.395792
38.873403	-122.395936
38.874059	-122.3964
38.874875	-122.398336
38.875851	-122.399744
38.876235	-122.401824
38.878202	-122.402976
38.87865	-122.403664
38.878458	-122.403984
38.879194	-122.404528
38.880362	-122.406096
38.881178	-122.40624
38.883402	-122.405264
38.885754	-122.407792
38.887802	-122.4092
38.889402	-122.411072
38.89001	-122.41136
38.891482	-122.411408
38.893146	-122.41336
38.894202	-122.413488
38.897098	-122.415552
38.89785	-122.416704
38.898154	-122.419104
38.898666	-122.419904
38.899162	-122.420144
38.90089	-122.422048
38.90233	-122.421488
38.90377	-122.421904
38.90553	-122.419856
38.906378	-122.417264
38.907354	-122.415824
38.909098	-122.41664
38.909562	-122.416512
38.912537	-122.412384
38.914585	-122.41104
38.918553	-122.409856
38.921433	-122.407328
38.923097	-122.404688
38.925289	-122.404032
38.925208	-122.376126
38.924665	-122.374304
38.924617	-122.371151
38.925016	-122.365308
38.925225	-122.354729
38.924601	-122.341407
38.923945	-122.337967
38.924386	-122.282691
38.923897	-122.247341
38.924761	-122.229373
38.925401	-122.207772
38.925273	-122.193051
38.925722	-122.150827
38.92553	-122.120074
38.925913	-122.017221
38.925483	-122.006736
38.925055	-121.864029
38.924473	-121.835814
38.922793	-121.83295
38.919033	-121.830038
38.918473	-121.828918
38.918057	-121.82679
38.917913	-121.82079
38.915369	-121.813174
38.915241	-121.806261
38.915065	-121.805525
38.913865	-121.804389
38.911881	-121.804597
38.910793	-121.805843
38.910103	-121.808291
38.911678	-121.814338
38.91121	-121.815254
38.91057	-121.814998
38.908826	-121.812181
38.90689	-121.807765
38.905898	-121.803317
38.905466	-121.797157
38.906362	-121.792581
38.90593	-121.791861
38.904538	-121.791109
38.903323	-121.791077
38.901995	-121.791861
38.901051	-121.792885
38.900536	-121.79458
38.900874	-121.798139
38.902003	-121.803534
38.90172	-121.803989
38.897419	-121.803093
38.894747	-121.805061
38.893211	-121.805845
38.891675	-121.806101
38.890315	-121.806773
38.887739	-121.809157
38.885787	-121.813333
38.884955	-121.816325
38.882874	-121.817237
38.881018	-121.816917
38.879098	-121.815717
38.876523	-121.814901
38.871995	-121.809925
38.870795	-121.805013
38.869979	-121.804005
38.867835	-121.803109
38.865179	-121.802933
38.864507	-121.802517
38.864235	-121.801269
38.864763	-121.799861
38.866299	-121.797429
38.866555	-121.796565
38.866459	-121.795957
38.865371	-121.794661
38.862971	-121.793029
38.862603	-121.791989
38.863035	-121.790453
38.864219	-121.788789
38.863659	-121.786709
38.863099	-121.785893
38.861307	-121.784485
38.858459	-121.784549
38.856683	-121.784277
38.856443	-121.783893
38.856555	-121.783109
38.857355	-121.781845
38.860171	-121.779077
38.861259	-121.776661
38.861467	-121.775637
38.861259	-121.772084
38.861515	-121.77002
38.861883	-121.769028
38.863787	-121.766196
38.863963	-121.764196
38.863483	-121.761812
38.862267	-121.759028
38.862603	-121.7581
38.863291	-121.7581
38.865386	-121.759501
38.867195	-121.760228
38.868107	-121.75946
38.868443	-121.758548
38.868859	-121.754884
38.871243	-121.749748
38.871227	-121.748676
38.870603	-121.747748
38.866379	-121.746644
38.865147	-121.745876
38.864155	-121.744804
38.862763	-121.740484
38.860827	-121.737812
38.860299	-121.73626
38.859499	-121.731572
38.858427	-121.729571
38.857227	-121.728483
38.854717	-121.728499
38.853408	-121.728164
38.852875	-121.726515
38.852763	-121.724515
38.852315	-121.723459
38.851307	-121.723149
38.850731	-121.72346
38.848459	-121.727171
38.84607	-121.728681
38.844696	-121.728685
38.841254	-121.72597
38.840764	-121.726339
38.83998	-121.729155
38.83926	-121.729923
38.83574	-121.730883
38.834716	-121.730419
38.829596	-121.725362
38.827086	-121.723805
38.824837	-121.723339
38.821293	-121.723654
38.818375	-121.724415
38.816652	-121.724371
38.813549	-121.723507
38.809581	-121.723907
38.803757	-121.723347
38.802717	-121.722675
38.802237	-121.721874
38.802189	-121.720258
38.802717	-121.716162
38.801197	-121.71141
38.801037	-121.70749
38.801629	-121.70517
38.802909	-121.702402
38.803028	-121.701251
38.802245	-121.699228
38.801341	-121.69832
38.797363	-121.696688
38.79575	-121.693903
38.79555	-121.692449
38.795629	-121.690673
38.794829	-121.690546
38.792361	-121.692338
38.791833	-121.693128
38.790977	-121.69343
38.789819	-121.69337
38.787755	-121.692402
38.786585	-121.691189
38.785788	-121.690897
38.784157	-121.691217
38.783581	-121.690848
38.782134	-121.688573
38.780378	-121.687617
38.776952	-121.68665
38.77534	-121.68665
38.77408	-121.687013
38.771209	-121.689433
38.769559	-121.692132
38.768286	-121.692673
38.767678	-121.692529
38.763902	-121.687649
38.76339	-121.685985
38.763294	-121.684241
38.763742	-121.681665
38.763454	-121.680273
38.760675	-121.677723
38.76011	-121.676366
38.760046	-121.674462
38.75931	-121.670018
38.757758	-121.670336
38.756798	-121.67208
38.754494	-121.674192
38.754046	-121.674256
38.751966	-121.676336
38.749694	-121.677152
38.749758	-121.67688
38.747999	-121.676848
38.744575	-121.675056
38.743167	-121.67368
38.742799	-121.672784
38.743743	-121.670432
38.745614	-121.668752
38.747262	-121.667904
38.749406	-121.668
38.75091	-121.668816
38.751822	-121.66888
38.753518	-121.668176
38.755358	-121.66536
38.755585	-121.664611
38.755193	-121.664574
38.755128	-121.663282
38.755406	-121.66336
38.754334	-121.65904
38.754366	-121.65824
38.755326	-121.657952
38.75803	-121.658144
38.760734	-121.659568
38.765284	-121.664204
38.767053	-121.664383
38.768253	-121.663359
38.768733	-121.662159
38.769021	-121.659919
38.768836	-121.658058
38.766839	-121.657737
38.76515	-121.656016
38.764382	-121.654352
38.764222	-121.652144
38.76467	-121.649552
38.765502	-121.647408
38.76595	-121.645263
38.766046	-121.641631
38.767262	-121.638767
38.769005	-121.640111
38.769853	-121.642015
38.770093	-121.643695
38.771229	-121.646464
38.772829	-121.648592
38.773773	-121.648112
38.774077	-121.646752
38.773997	-121.645264
38.773293	-121.641663
38.772765	-121.640399
38.770317	-121.637391
38.769077	-121.636628
38.766957	-121.636095
38.766893	-121.634255
38.769613	-121.632639
38.770653	-121.632319
38.773309	-121.632239
38.775261	-121.631663
38.776253	-121.630431
38.776989	-121.628367
38.777741	-121.627919
38.778525	-121.628319
38.778957	-121.628095
38.779949	-121.628831
38.781661	-121.631535
38.782397	-121.631727
38.783565	-121.630655
38.784907	-121.627963
38.785293	-121.625999
38.785181	-121.624111
38.78262	-121.617167
38.781724	-121.613823
38.78086	-121.60811
38.779356	-121.604862
38.778108	-121.603022
38.774876	-121.599838
38.765676	-121.59387
38.76286	-121.592622
38.760227	-121.592327
38.753985	-121.593406
38.748846	-121.595502
38.740638	-121.601102
38.736942	-121.602606
38.73347	-121.60363
38.727471	-121.60459
38.719519	-121.605278
38.718319	-121.605774
38.714608	-121.60843
38.709041	-121.614222
38.70405	-121.620782
38.697571	-121.630446
38.695043	-121.632446
38.692291	-121.633614
38.689843	-121.634158
38.686164	-121.633774
38.680644	-121.631918
38.677445	-121.63019
38.674757	-121.628014
38.661108	-121.609569
38.655207	-121.603469
38.644106	-121.594069
38.642405	-121.589769
38.642705	-121.587169
38.648604	-121.576068
38.647602	-121.570469
38.645104	-121.566868
38.642304	-121.5651
38.618604	-121.561568
38.608204	-121.558268
38.599405	-121.549869
38.597704	-121.544567
38.601904	-121.539067
38.604604	-121.527667
38.602704	-121.515766
38.600904	-121.511566
38.596803	-121.508668
38.586305	-121.506269
38.580505	-121.508266
38.575005	-121.511566
38.568705	-121.518966
38.566205	-121.520965
38.553105	-121.514066
38.54629	-121.51129
38.541666	-121.512618
38.540194	-121.513546
38.532106	-121.528467
38.527906	-121.530767
38.523106	-121.525566
38.520866	-121.52465
38.518962	-121.525178
38.516866	-121.533211
38.515206	-121.547267
38.513806	-121.551867
38.50653	-121.556747
38.498007	-121.559167
38.481207	-121.547467
38.474707	-121.538766
38.472809	-121.508867
38.469807	-121.505168
38.466563	-121.504139
38.455608	-121.501865
38.450132	-121.501033
38.445572	-121.501257
38.441892	-121.502329
38.440718	-121.502982
38.438606	-121.504872
38.437286	-121.506585
38.435885	-121.509753
38.434796	-121.51356
38.434518	-121.515352
38.434821	-121.527046
38.433892	-121.530316
38.432709	-121.531913
38.43146	-121.5326
38.429316	-121.532425
38.416581	-121.523449
38.410453	-121.518521
38.407239	-121.516506
38.40215	-121.514169
38.399942	-121.513481
38.396038	-121.513081
38.388742	-121.514121
38.38719	-121.514825
38.385094	-121.516457
38.382886	-121.519433
38.380582	-121.523241
38.378981	-121.524258
38.375237	-121.523988
38.371479	-121.522185
38.366888	-121.521049
38.36212	-121.520777
38.360104	-121.521641
38.357907	-121.525422
38.354439	-121.529353
38.349847	-121.533929
38.347591	-121.537225
38.346263	-121.541097
38.345847	-121.543001
38.345735	-121.545429
38.345063	-121.549737
38.343543	-121.556681
38.342567	-121.559353
38.335927	-121.566713
38.3355	-121.566729
38.333624	-121.569131
38.331017	-121.571869
38.32764	-121.574634
38.327016	-121.575577
38.328711	-121.578567
38.330983	-121.581016
38.331622	-121.583864
38.33119	-121.584488
38.328791	-121.585704
38.325479	-121.585224
38.32412	-121.585929
38.323336	-121.587081
38.322664	-121.589417
38.321912	-121.590185
38.320104	-121.589977
38.317544	-121.590329
38.314036	-121.592249
38.313089	-121.593273
38.313048	-121.61633
38.313732	-121.693697
38.314606	-121.694003
38.328578	-121.694061
38.32895	-121.694375
38.343609	-121.694252
38.344208	-121.693894
38.360064	-121.694017
38.360165	-121.693761
38.372356	-121.693944
38.487604	-121.693639
38.487615	-121.695797
38.523942	-121.695089
38.52705	-121.694679
38.52685	-121.697311
38.527361	-121.698895
38.527233	-121.699953
38.527427	-121.700735
38.528991	-121.702271
38.528932	-121.702874
38.530291	-121.7034
38.530418	-121.704351
38.532194	-121.704655
38.531874	-121.705951
38.532546	-121.706383
38.533441	-121.706354
38.535397	-121.707968
38.535427	-121.708413
38.535171	-121.708638
38.535395	-121.709807
38.535749	-121.71021
38.537426	-121.710896
38.537868	-121.712269
38.536719	-121.716468
38.535219	-121.71988
38.534927	-121.721257
38.534932	-121.722789
38.535915	-121.724237
38.53625	-121.726426
38.535963	-121.728923
38.536143	-121.731979
38.537439	-121.734155
38.537432	-121.737589
38.537704	-121.738594
38.533486	-121.7438
38.531342	-121.747786
38.530364	-121.750875
38.529514	-121.757197
38.528294	-121.760281
38.525917	-121.764717
38.525858	-121.766108
38.526642	-121.767744
38.527858	-121.768386
38.530819	-121.768504
38.532232	-121.770682
38.532347	-121.771409
38.531903	-121.773038
38.530196	-121.776354
38.530218	-121.778878
38.529906	-121.779704
38.527198	-121.782915
38.524475	-121.783729
38.523287	-121.783559
38.523122	-121.786471
38.524492	-121.789846
38.526937	-121.794762
38.527103	-121.799949
38.526697	-121.803047
38.526877	-121.803799
38.526873	-121.809177
38.526393	-121.810304
38.526013	-121.813308
38.529296	-121.825143
38.529757	-121.832557
38.533374	-121.839293
38.53422	-121.841905
38.535238	-121.84406
38.536609	-121.848797
38.536934	-121.854453
38.538098	-121.857277
38.538512	-121.86012
38.538185	-121.863817
38.537553	-121.86514
38.537435	-121.867439
38.538484	-121.87172
38.538043	-121.876077
38.538026	-121.880618
38.53905	-121.883609
38.53876	-121.885882
38.537819	-121.888421
38.535923	-121.890587
38.535097	-121.89113
38.533429	-121.893784
38.532378	-121.900484
38.529787	-121.907737
38.529576	-121.908969
38.529534	-121.914104
38.529914	-121.91977
38.529555	-121.921099
38.529705	-121.925323
38.530381	-121.929447
38.531503	-121.932772
38.532382	-121.937581
38.532714	-121.937912
38.533384	-121.940285
38.533068	-121.941547
38.532466	-121.942422
38.529179	-121.944227
38.527393	-121.946529
38.525285	-121.9547
38.524382	-121.955911
38.523008	-121.960398
38.523084	-121.962722
38.522802	-121.963606
38.521193	-121.965564
38.51999	-121.968049
38.518463	-121.969261
38.51578	-121.970689
38.515116	-121.972358
38.513653	-121.974699
38.510349	-121.976337
38.508277	-121.978068
38.507688	-121.979004
38.507543	-121.980489
38.50642	-121.982824
38.506449	-121.983375
38.505916	-121.984983
38.505402	-121.985656
38.503617	-121.985556
38.502987	-121.98657
38.502876	-121.988172
38.502062	-121.989989
38.50143	-121.990785
38.50115	-121.993479
38.500594	-121.994685
38.500421	-121.995927
38.499908	-121.996559
38.498554	-121.996984
38.494494	-122.002809
38.493902	-122.003077
38.493864	-122.003832
38.49354	-122.004515
38.493794	-122.005182
38.49314	-122.004475
38.490989	-122.009607
38.489029	-122.011601
38.488711	-122.013474
38.489285	-122.018939
38.489846	-122.02054
38.491137	-122.02279
38.491825	-122.025899
38.493513	-122.029226
38.494156	-122.031085
38.495024	-122.032154
38.497162	-122.036347
38.498086	-122.037381
38.498789	-122.03773
38.499064	-122.038436
38.504038	-122.041179
38.50544	-122.041345
38.507812	-122.044456
38.507788	-122.045307
38.509594	-122.047189
38.513124	-122.05234
38.516141	-122.055463
38.517441	-122.057415
38.517279	-122.058289
38.516788	-122.058939
38.516469	-122.05895
38.516073	-122.05979
38.515342	-122.06452
38.514107	-122.068462
38.514095	-122.070509
38.513849	-122.071384
38.513731	-122.074267
38.51423	-122.078092
38.51403	-122.07998
38.514808	-122.081217
38.514994	-122.082134
38.514605	-122.084037
38.514477	-122.086855
38.515996	-122.090775
38.515976	-122.091619
38.515531	-122.092267
38.513963	-122.093164
38.513058	-122.095016
38.512686	-122.098397
38.513359	-122.099581
38.513348	-122.103281
38.515171	-122.103787
38.517043	-122.104923
38.521411	-122.109595
38.521939	-122.109771
38.523139	-122.109387
38.523923	-122.110107
38.524051	-122.111563
38.525827	-122.112075
38.526627	-122.112731
38.528994	-122.112955
38.529522	-122.112763
38.529666	-122.112011
38.530642	-122.111643
38.531298	-122.111883
38.53269	-122.113227
38.53277	-122.113979
38.53373	-122.114955
38.535202	-122.115291
38.535874	-122.115115
38.537218	-122.114075
38.53789	-122.114027
38.540994	-122.115003
38.542274	-122.115803
38.546434	-122.117275
38.551522	-122.118331
38.555618	-122.119963
38.560482	-122.120971
38.562434	-122.122315
38.572626	-122.125467
38.572818	-122.125915
38.575138	-122.126187
38.576946	-122.127755
38.578738	-122.127883
38.580194	-122.128843
38.581842	-122.129195
38.582946	-122.128971
38.583697	-122.128123
38.586289	-122.129003
38.586993	-122.128987
38.589441	-122.130363
38.590241	-122.130476
38.591649	-122.132412
38.595073	-122.134156
38.596529	-122.133724
38.597601	-122.13382
38.600609	-122.135756
38.601633	-122.135836
38.602625	-122.1367
38.603809	-122.137036
38.604673	-122.136892
38.606185	-122.13778
