31.297674	-94.392939
31.297464	-94.392254
31.293573	-94.389636
31.292451	-94.388387
31.292341	-94.386764
31.291859	-94.386413
31.290248	-94.387081
31.290033	-94.386657
31.290168	-94.385814
31.290009	-94.385391
31.288292	-94.38617
31.285324	-94.386881
31.284768	-94.38665
31.283091	-94.38742
31.281312	-94.386587
31.282027	-94.383594
31.281081	-94.382638
31.278879	-94.382269
31.276683	-94.383296
31.274109	-94.383027
31.274587	-94.381607
31.275562	-94.38082
31.274365	-94.379805
31.272868	-94.377962
31.273416	-94.376918
31.274394	-94.376853
31.273986	-94.376277
31.271438	-94.375633
31.270964	-94.3752
31.268907	-94.374518
31.266162	-94.374185
31.265539	-94.373794
31.264775	-94.372607
31.263929	-94.372714
31.263561	-94.371629
31.263931	-94.371233
31.264914	-94.370947
31.264602	-94.369701
31.262548	-94.368418
31.260983	-94.366691
31.260833	-94.365444
31.260337	-94.364631
31.260423	-94.363899
31.260872	-94.363269
31.26025	-94.359071
31.259372	-94.357426
31.258599	-94.35787
31.257628	-94.35916
31.256868	-94.358808
31.256135	-94.359299
31.255168	-94.359445
31.254045	-94.359197
31.253866	-94.358823
31.254486	-94.356514
31.253814	-94.356048
31.252497	-94.35568
31.25146	-94.35652
31.251078	-94.356063
31.25116	-94.354318
31.250391	-94.355588
31.248795	-94.356083
31.247772	-94.357107
31.246925	-94.357193
31.246916	-94.356228
31.248293	-94.354744
31.248566	-94.353544
31.247595	-94.351672
31.247456	-94.35052
31.247052	-94.350559
31.246634	-94.351281
31.246692	-94.352537
31.245611	-94.352418
31.245165	-94.351192
31.243751	-94.350184
31.243798	-94.349471
31.244273	-94.348346
31.244079	-94.348037
31.243312	-94.347992
31.24319	-94.347131
31.242858	-94.346991
31.242133	-94.347312
31.241248	-94.349207
31.240159	-94.349529
31.238302	-94.348747
31.236953	-94.347664
31.236354	-94.346654
31.23632	-94.345979
31.236819	-94.345031
31.236923	-94.34428
31.236615	-94.3437
31.234681	-94.343286
31.233893	-94.341638
31.231819	-94.341569
31.229239	-94.338297
31.229796	-94.338268
31.230273	-94.338725
31.230967	-94.338929
31.231096	-94.338638
31.230868	-94.337374
31.229565	-94.335354
31.228469	-94.336435
31.227896	-94.336296
31.226982	-94.334884
31.22673	-94.333798
31.22623	-94.33394
31.225554	-94.335263
31.224651	-94.335641
31.223238	-94.334961
31.222825	-94.334438
31.222776	-94.333904
31.223531	-94.331709
31.223177	-94.327991
31.223775	-94.32843
31.224117	-94.330049
31.224867	-94.329588
31.225526	-94.328199
31.225549	-94.327562
31.224643	-94.326535
31.223799	-94.324871
31.223879	-94.323398
31.2247	-94.322009
31.224481	-94.321429
31.223181	-94.320786
31.221882	-94.321166
31.221712	-94.320838
31.221953	-94.319994
31.222751	-94.31957
31.223369	-94.317966
31.223861	-94.313262
31.223739	-94.312559
31.223164	-94.311793
31.222607	-94.31157
31.222212	-94.311777
31.221504	-94.313148
31.220939	-94.312653
31.22	-94.310998
31.219605	-94.31084
31.218656	-94.31252
31.218341	-94.312633
31.217864	-94.312354
31.218006	-94.310208
31.217826	-94.309187
31.217204	-94.308506
31.215896	-94.308594
31.21466	-94.307389
31.214513	-94.306574
31.214979	-94.305411
31.21495	-94.30336
31.214175	-94.303091
31.213564	-94.304301
31.213568	-94.306325
31.213278	-94.306447
31.212898	-94.306139
31.212408	-94.303097
31.211447	-94.302838
31.212618	-94.299143
31.21204	-94.296559
31.212884	-94.294824
31.212649	-94.29445
31.209485	-94.294123
31.208168	-94.293369
31.207544	-94.291966
31.207807	-94.290551
31.207605	-94.290392
31.205977	-94.291335
31.202285	-94.289399
31.201582	-94.288596
31.20133	-94.287885
31.201947	-94.285673
31.202174	-94.282225
31.201906	-94.281617
31.200549	-94.280854
31.200435	-94.280377
31.201215	-94.279381
31.201311	-94.278641
31.201066	-94.277443
31.200249	-94.27649
31.199934	-94.276632
31.199575	-94.278394
31.198938	-94.278396
31.19825	-94.277593
31.198257	-94.276853
31.1993	-94.274349
31.198944	-94.273666
31.197763	-94.272556
31.19624	-94.269863
31.191357	-94.265517
31.190814	-94.264414
31.189878	-94.264455
31.188904	-94.265732
31.187832	-94.266336
31.18453	-94.265458
31.18254	-94.263481
31.181159	-94.263092
31.180334	-94.262206
31.18017	-94.260821
31.180387	-94.260436
31.181105	-94.260508
31.182059	-94.2613
31.182559	-94.261289
31.183083	-94.2608
31.182675	-94.258976
31.182729	-94.257833
31.182104	-94.256112
31.182289	-94.255812
31.18316	-94.255602
31.184306	-94.255738
31.185225	-94.25536
31.186819	-94.253818
31.18828	-94.250572
31.187323	-94.249704
31.186899	-94.249764
31.186034	-94.250859
31.184844	-94.251812
31.183764	-94.251455
31.183656	-94.250979
31.184636	-94.248641
31.184757	-94.247779
31.184498	-94.247151
31.183141	-94.246486
31.182082	-94.246833
31.180103	-94.245897
31.179158	-94.24676
31.178778	-94.247678
31.178674	-94.249037
31.1781	-94.249328
31.177171	-94.248935
31.17662	-94.245374
31.179059	-94.240847
31.18027	-94.239225
31.180343	-94.238775
31.178347	-94.2384
31.177886	-94.237791
31.177586	-94.232825
31.177125	-94.232553
31.176043	-94.233538
31.175114	-94.233342
31.175081	-94.232583
31.175921	-94.231139
31.176251	-94.230014
31.176291	-94.228834
31.175345	-94.227758
31.175014	-94.227007
31.175167	-94.22593
31.176112	-94.224833
31.176007	-94.224383
31.174051	-94.223925
31.173703	-94.223297
31.17354	-94.220187
31.173265	-94.218997
31.17219	-94.218848
31.171674	-94.220478
31.171079	-94.22068
31.170131	-94.21973
31.169008	-94.219675
31.168071	-94.220097
31.164419	-94.219556
31.164039	-94.219172
31.162704	-94.21611
31.162259	-94.215885
31.1607	-94.216383
31.15999	-94.215915
31.160101	-94.211239
31.159834	-94.211061
31.159163	-94.211267
31.158566	-94.212327
31.158211	-94.212421
31.157233	-94.211803
31.156788	-94.211063
31.156577	-94.209752
31.156697	-94.207766
31.156147	-94.206239
31.154506	-94.204517
31.154327	-94.203402
31.153972	-94.202915
31.153252	-94.202831
31.150837	-94.203564
31.15083	-94.204408
31.151816	-94.205643
31.152253	-94.20673
31.151954	-94.207489
31.151292	-94.207536
31.150468	-94.207134
31.148236	-94.204073
31.147604	-94.20204
31.145647	-94.199223
31.144371	-94.198821
31.144161	-94.199271
31.144194	-94.200142
31.144574	-94.20106
31.144227	-94.201238
31.143038	-94.200349
31.142472	-94.198963
31.141647	-94.198355
31.139577	-94.194582
31.139608	-94.19402
31.14048	-94.192792
31.140196	-94.191041
31.139355	-94.189431
31.13841	-94.189713
31.137683	-94.191147
31.136166	-94.192872
31.135455	-94.192732
31.135066	-94.192152
31.135195	-94.191308
31.136035	-94.191045
31.137311	-94.189798
31.137536	-94.188505
31.137205	-94.188281
31.136688	-94.188384
31.135186	-94.189903
31.134402	-94.189923
31.131556	-94.186291
31.129766	-94.181741
31.127972	-94.180572
31.123963	-94.178593
31.123683	-94.17757
31.123835	-94.177097
31.124733	-94.17634
31.126214	-94.173934
31.126262	-94.173166
31.125193	-94.172399
31.124203	-94.172249
31.122967	-94.170756
31.122297	-94.169228
31.122439	-94.168671
31.12402	-94.166957
31.124146	-94.166429
31.123957	-94.165497
31.122992	-94.163809
31.122395	-94.161547
31.121485	-94.16056
31.119339	-94.159233
31.118782	-94.157355
31.117475	-94.157083
31.115692	-94.158024
31.11502	-94.157978
31.114584	-94.157606
31.115093	-94.156063
31.115841	-94.155508
31.116068	-94.154761
31.11471	-94.151678
31.115101	-94.15027
31.114714	-94.146494
31.11516	-94.144241
31.114228	-94.143752
31.112659	-94.144875
31.112196	-94.144785
31.111005	-94.143516
31.110858	-94.141505
31.110246	-94.141241
31.109349	-94.141286
31.107322	-94.142534
31.106946	-94.142301
31.106919	-94.141046
31.107918	-94.139714
31.106579	-94.139096
31.105985	-94.139329
31.105249	-94.140418
31.104838	-94.140524
31.104549	-94.140204
31.105215	-94.137664
31.105543	-94.137158
31.106828	-94.136352
31.107258	-94.135646
31.107691	-94.133955
31.107521	-94.133173
31.105875	-94.131411
31.105747	-94.130721
31.105124	-94.130336
31.104168	-94.130223
31.101747	-94.131951
31.101061	-94.131999
31.09928	-94.129632
31.074796	-94.253703
31.052058	-94.366182
31.050006	-94.375199
31.032916	-94.460115
31.033141	-94.461569
31.032687	-94.464028
31.031178	-94.466737
31.030326	-94.467751
31.027822	-94.469353
31.026431	-94.471521
31.026124	-94.472985
31.027221	-94.473849
31.027486	-94.474398
31.027986	-94.478286
31.028977	-94.478693
31.029458	-94.479304
31.029416	-94.481941
31.029763	-94.482902
31.031035	-94.484648
31.03136	-94.485457
31.031883	-94.48563
31.033349	-94.484494
31.034395	-94.484402
31.036484	-94.485587
31.038397	-94.485312
31.039333	-94.486152
31.039061	-94.488869
31.038549	-94.490408
31.038643	-94.490826
31.039136	-94.490927
31.040448	-94.489112
31.040676	-94.489271
31.040579	-94.490962
31.041489	-94.491176
31.043332	-94.490598
31.044212	-94.490891
31.044912	-94.491836
31.04495	-94.49286
31.04403	-94.493879
31.042686	-94.494084
31.041884	-94.496054
31.042864	-94.497311
31.042288	-94.500126
31.042438	-94.500439
31.044298	-94.501448
31.044569	-94.502324
31.044227	-94.502587
31.043172	-94.502551
31.043147	-94.503269
31.043502	-94.503974
31.044743	-94.504376
31.045005	-94.505175
31.045755	-94.505944
31.045784	-94.506332
31.045525	-94.506616
31.044839	-94.506701
31.043256	-94.508122
31.043271	-94.508927
31.043916	-94.509435
31.046738	-94.510035
31.047183	-94.51078
31.046137	-94.512114
31.046329	-94.512543
31.048103	-94.513232
31.048166	-94.514162
31.048746	-94.516034
31.051404	-94.517178
31.051669	-94.517843
31.050913	-94.519694
31.051143	-94.520445
31.050963	-94.521084
31.049507	-94.520754
31.048643	-94.521286
31.048469	-94.522778
31.048662	-94.523155
31.049755	-94.522808
31.050512	-94.52293
31.051243	-94.523909
31.051647	-94.523925
31.05279	-94.522794
31.053229	-94.523328
31.053148	-94.523844
31.051389	-94.525449
31.051109	-94.526173
31.051269	-94.526539
31.053773	-94.526119
31.055861	-94.526727
31.05587	-94.527321
31.053741	-94.528116
31.054014	-94.530151
31.054484	-94.530829
31.055628	-94.53102
31.056855	-94.533966
31.056744	-94.534309
31.056232	-94.534349
31.054082	-94.533414
31.053652	-94.533503
31.052014	-94.535354
31.051889	-94.536818
31.052157	-94.537205
31.052602	-94.537231
31.053275	-94.536811
31.054189	-94.537616
31.054446	-94.538214
31.053757	-94.539247
31.053381	-94.542407
31.053815	-94.543381
31.055132	-94.544274
31.055317	-94.544651
31.057628	-94.545895
31.059189	-94.547731
31.057901	-94.549281
31.057167	-94.549231
31.056888	-94.54847
31.055418	-94.54859
31.054668	-94.547208
31.053475	-94.547706
31.053391	-94.548471
31.053707	-94.548916
31.055036	-94.549522
31.055185	-94.550904
31.054455	-94.552554
31.054438	-94.553282
31.05494	-94.554756
31.055907	-94.55526
31.057255	-94.554247
31.057502	-94.554309
31.056956	-94.557839
31.057091	-94.558263
31.058984	-94.557978
31.059291	-94.558443
31.059072	-94.559522
31.05807	-94.559869
31.057875	-94.560278
31.058616	-94.561794
31.059439	-94.561913
31.060665	-94.560807
31.062302	-94.561141
31.063666	-94.562236
31.063649	-94.562916
31.063325	-94.563159
31.062417	-94.562541
31.062101	-94.562747
31.062408	-94.564644
31.064317	-94.565633
31.064217	-94.567739
31.062972	-94.567776
31.061671	-94.568224
31.061601	-94.568616
31.063099	-94.569488
31.063873	-94.568955
31.06426	-94.56898
31.064635	-94.570021
31.063222	-94.570879
31.063224	-94.571435
31.064581	-94.571754
31.065614	-94.573558
31.06643	-94.574261
31.066883	-94.574307
31.067685	-94.573238
31.068143	-94.573283
31.068523	-94.574009
31.068286	-94.574571
31.067189	-94.574963
31.068771	-94.579104
31.06812	-94.581067
31.06804	-94.582201
31.067574	-94.582567
31.065671	-94.581712
31.064723	-94.582376
31.064761	-94.582674
31.065587	-94.58319
31.066201	-94.584283
31.066514	-94.585649
31.066087	-94.589488
31.068255	-94.592245
31.06894	-94.591542
31.070844	-94.590932
31.072821	-94.594414
31.072502	-94.595568
31.072022	-94.595685
31.071228	-94.595221
31.070567	-94.595292
31.070291	-94.596935
31.069337	-94.598117
31.068615	-94.59843
31.06856	-94.598918
31.069223	-94.599949
31.070845	-94.601528
31.071456	-94.602746
31.072265	-94.602735
31.073354	-94.601978
31.074169	-94.602087
31.075951	-94.604072
31.077731	-94.604782
31.077669	-94.605193
31.076961	-94.605708
31.076549	-94.605682
31.075879	-94.60453
31.074928	-94.604744
31.074667	-94.605142
31.074639	-94.606081
31.075439	-94.606741
31.077563	-94.607083
31.07784	-94.607347
31.077928	-94.609561
31.077511	-94.611226
31.078025	-94.612356
31.078965	-94.612305
31.079702	-94.611426
31.080163	-94.610131
31.081862	-94.609489
31.082423	-94.610169
31.082559	-94.611149
31.082406	-94.611529
31.08092	-94.612251
31.080731	-94.612871
31.081155	-94.614622
31.081568	-94.614553
31.082018	-94.612874
31.082716	-94.614428
31.083099	-94.61457
31.084968	-94.61425
31.085205	-94.614407
31.085021	-94.615868
31.083632	-94.616848
31.084133	-94.618151
31.085383	-94.618129
31.085884	-94.618699
31.086271	-94.619804
31.085409	-94.620776
31.085373	-94.621701
31.087304	-94.622275
31.087414	-94.623202
31.087179	-94.623641
31.08534	-94.623519
31.085547	-94.624521
31.086605	-94.624658
31.086667	-94.625533
31.085217	-94.627111
31.083767	-94.628207
31.083587	-94.630113
31.085736	-94.632768
31.087335	-94.632197
31.088058	-94.634456
31.088862	-94.633574
31.089114	-94.633605
31.090011	-94.635049
31.089852	-94.635407
31.089013	-94.635403
31.08911	-94.636264
31.088298	-94.636761
31.088281	-94.638068
31.087205	-94.639349
31.086811	-94.640361
31.086868	-94.640895
31.088085	-94.643132
31.089709	-94.644065
31.091482	-94.645545
31.091947	-94.646251
31.093965	-94.647253
31.095869	-94.647692
31.097895	-94.647684
31.098673	-94.647964
31.098965	-94.648398
31.098993	-94.649284
31.098699	-94.650141
31.096139	-94.65292
31.093763	-94.655046
31.092898	-94.655048
31.0919	-94.654069
31.090369	-94.654304
31.090306	-94.654637
31.090679	-94.654831
31.09077	-94.655394
31.090309	-94.655557
31.088858	-94.654819
31.088254	-94.655067
31.087835	-94.655815
31.086743	-94.65644
31.086108	-94.65716
31.085424	-94.657228
31.084851	-94.65848
31.085448	-94.658411
31.086234	-94.660252
31.085818	-94.66077
31.085717	-94.661755
31.085963	-94.662724
31.086764	-94.663839
31.088266	-94.663283
31.088398	-94.663649
31.088173	-94.664394
31.088539	-94.666146
31.089348	-94.66793
31.088576	-94.668367
31.088073	-94.668358
31.087994	-94.668788
31.088789	-94.66925
31.088324	-94.670462
31.088494	-94.670947
31.089588	-94.671332
31.090148	-94.672296
31.090574	-94.67247
31.09059	-94.671608
31.090829	-94.671589
31.091222	-94.672561
31.0925	-94.672654
31.093091	-94.672262
31.092699	-94.672005
31.092621	-94.670858
31.093019	-94.670195
31.093628	-94.67003
31.095165	-94.670474
31.09556	-94.670912
31.095831	-94.673013
31.094516	-94.674579
31.093134	-94.678405
31.093212	-94.678775
31.0942	-94.679368
31.095424	-94.678849
31.096036	-94.679274
31.096186	-94.686615
31.096852	-94.688281
31.097652	-94.688766
31.097926	-94.690576
31.097011	-94.689995
31.09656	-94.690117
31.096294	-94.69135
31.095724	-94.691947
31.095955	-94.693406
31.096586	-94.69403
31.097564	-94.693611
31.097471	-94.694358
31.09687	-94.695128
31.096891	-94.695406
31.097446	-94.695529
31.097437	-94.696222
31.098677	-94.696612
31.09798	-94.697979
31.096827	-94.696886
31.096185	-94.69705
31.096138	-94.698031
31.096597	-94.69882
31.097884	-94.69984
31.099419	-94.699191
31.099258	-94.700277
31.100477	-94.701125
31.101927	-94.702671
31.101988	-94.703189
31.101202	-94.703927
31.099978	-94.703431
31.098957	-94.703869
31.098824	-94.704143
31.099704	-94.706431
31.102586	-94.705657
31.102708	-94.706011
31.101138	-94.7088
31.10125	-94.709171
31.103091	-94.70919
31.103995	-94.709807
31.104087	-94.7084
31.104426	-94.707897
31.104787	-94.707943
31.105339	-94.709352
31.105663	-94.711077
31.105512	-94.711775
31.103521	-94.712801
31.103556	-94.713119
31.104722	-94.713912
31.104609	-94.71509
31.103696	-94.715397
31.103711	-94.715749
31.104815	-94.716464
31.10521	-94.71582
31.105424	-94.715874
31.10714	-94.719076
31.106176	-94.721715
31.107482	-94.722979
31.108524	-94.723577
31.10825	-94.724009
31.10627	-94.725281
31.105848	-94.726522
31.105935	-94.728427
31.105027	-94.729873
31.104994	-94.732068
31.104331	-94.734147
31.10435	-94.735096
31.104823	-94.735993
31.104169	-94.736822
31.104036	-94.737407
31.10357	-94.737591
31.10369	-94.738594
31.104588	-94.739838
31.104324	-94.740526
31.104615	-94.742381
31.105552	-94.743096
31.105612	-94.74374
31.106626	-94.745424
31.106681	-94.745884
31.106181	-94.746713
31.106821	-94.747183
31.106857	-94.747693
31.105535	-94.748184
31.105844	-94.749201
31.105919	-94.750876
31.105442	-94.751441
31.10631	-94.752079
31.106699	-94.75302
31.109108	-94.75454
31.111057	-94.76074
31.114938	-94.765418
31.114709	-94.766178
31.114909	-94.767145
31.114647	-94.768053
31.116442	-94.76942
31.11716	-94.769483
31.117333	-94.769734
31.117222	-94.770708
31.117604	-94.772198
31.116764	-94.7726
31.117098	-94.773951
31.118964	-94.776837
31.119936	-94.777032
31.12017	-94.778176
31.12186	-94.780601
31.122569	-94.780314
31.123615	-94.780875
31.123288	-94.781594
31.122201	-94.782596
31.122213	-94.783123
31.123381	-94.785201
31.122867	-94.786816
31.123212	-94.7871
31.12379	-94.786953
31.124054	-94.787988
31.124649	-94.788894
31.12414	-94.790156
31.124757	-94.790445
31.12581	-94.792405
31.126185	-94.79239
31.126354	-94.793786
31.127793	-94.795392
31.128059	-94.793495
31.128331	-94.7935
31.128545	-94.794316
31.130759	-94.79611
31.131406	-94.797908
31.130943	-94.800072
31.132225	-94.802747
31.131985	-94.803216
31.130443	-94.802533
31.130072	-94.802646
31.131057	-94.806258
31.133227	-94.810858
31.133471	-94.811873
31.133396	-94.812748
31.131825	-94.813205
31.130613	-94.813036
31.130518	-94.813854
31.131871	-94.816433
31.132047	-94.818279
31.133159	-94.819189
31.13592	-94.819928
31.138402	-94.822666
31.138703	-94.822648
31.139246	-94.821781
31.139608	-94.821845
31.140224	-94.822758
31.140231	-94.823233
31.139296	-94.823654
31.13826	-94.824843
31.138025	-94.825659
31.138388	-94.826632
31.139789	-94.827341
31.139765	-94.827994
31.138656	-94.829385
31.138932	-94.830105
31.140189	-94.831083
31.141401	-94.831285
31.141816	-94.832551
31.141487	-94.836088
31.14199	-94.83704
31.143305	-94.836854
31.143453	-94.839719
31.143237	-94.841655
31.144411	-94.84156
31.144743	-94.84181
31.144524	-94.842414
31.145934	-94.842482
31.146715	-94.843021
31.148709	-94.843271
31.149373	-94.844217
31.149162	-94.845301
31.147773	-94.845704
31.149336	-94.847732
31.149369	-94.848873
31.149039	-94.849963
31.147844	-94.851474
31.148022	-94.852208
31.149926	-94.852846
31.150266	-94.853945
31.150075	-94.856555
31.15094	-94.85611
31.153113	-94.85605
31.154394	-94.855345
31.154554	-94.853939
31.154022	-94.853027
31.154883	-94.849959
31.155975	-94.850297
31.156262	-94.850708
31.156262	-94.851699
31.15733	-94.850741
31.15948	-94.849829
31.161808	-94.851108
31.163034	-94.850803
31.163168	-94.851683
31.163583	-94.852438
31.167053	-94.853943
31.167834	-94.853536
31.169516	-94.853589
31.170393	-94.854256
31.172433	-94.85516
31.173044	-94.854937
31.173711	-94.854138
31.173851	-94.853198
31.173009	-94.852696
31.171964	-94.853175
31.172036	-94.851973
31.171767	-94.851896
31.17108	-94.850713
31.17119	-94.849997
31.172471	-94.851321
31.173953	-94.85143
31.174542	-94.851234
31.17608	-94.852109
31.17755	-94.852336
31.178112	-94.852128
31.178185	-94.851407
31.177901	-94.850272
31.178553	-94.850074
31.181408	-94.851587
31.183011	-94.851793
31.183468	-94.852102
31.184451	-94.854403
31.185396	-94.854205
31.184874	-94.852873
31.189274	-94.853816
31.189623	-94.854261
31.190251	-94.857697
31.191452	-94.858192
31.195089	-94.860659
31.195859	-94.860536
31.195949	-94.860075
31.195266	-94.858534
31.195814	-94.858358
31.197864	-94.85904
31.198603	-94.859574
31.200992	-94.862887
31.201706	-94.862762
31.202895	-94.861689
31.203423	-94.861862
31.202821	-94.862906
31.203198	-94.863397
31.205459	-94.864465
31.207576	-94.86486
31.208296	-94.866222
31.209734	-94.866304
31.210617	-94.865102
31.210412	-94.863319
31.210911	-94.862661
31.211191	-94.862764
31.21146	-94.863589
31.211325	-94.863922
31.211555	-94.864958
31.212067	-94.865744
31.212286	-94.865594
31.212114	-94.8649
31.212786	-94.861404
31.21324	-94.861421
31.213783	-94.862942
31.215312	-94.863963
31.216617	-94.863522
31.216847	-94.863096
31.216901	-94.861748
31.216039	-94.860025
31.216056	-94.859359
31.219014	-94.859048
31.219051	-94.859381
31.218211	-94.860941
31.218609	-94.86194
31.219866	-94.862903
31.220341	-94.862888
31.220133	-94.861365
31.220522	-94.860056
31.220476	-94.858373
31.220797	-94.858404
31.22206	-94.859879
31.222234	-94.861849
31.222763	-94.862956
31.22333	-94.863333
31.224135	-94.86317
31.224584	-94.862549
31.225265	-94.864228
31.22565	-94.86465
31.226014	-94.864584
31.226552	-94.863116
31.229732	-94.863397
31.23214	-94.864456
31.232399	-94.863909
31.232474	-94.861595
31.232746	-94.861169
31.234495	-94.860436
31.234955	-94.860501
31.23529	-94.862003
31.235074	-94.863413
31.237519	-94.865245
31.238793	-94.866952
31.240306	-94.867806
31.242683	-94.868281
31.243625	-94.868137
31.244659	-94.868721
31.244952	-94.869702
31.244731	-94.870218
31.243616	-94.870662
31.243603	-94.870911
31.246267	-94.873418
31.248051	-94.874266
31.249647	-94.874546
31.250331	-94.875072
31.25046	-94.87572
31.250171	-94.875897
31.249861	-94.875619
31.248838	-94.875847
31.248557	-94.876616
31.248764	-94.878994
31.248597	-94.879587
31.247519	-94.880107
31.247512	-94.880605
31.248821	-94.882742
31.249579	-94.883139
31.249848	-94.883037
31.250055	-94.88224
31.255301	-94.88406
31.25578	-94.884745
31.255737	-94.885487
31.254802	-94.885825
31.254988	-94.887484
31.255525	-94.888823
31.2553	-94.889823
31.253785	-94.891128
31.254498	-94.892695
31.255172	-94.892563
31.25603	-94.894533
31.25678	-94.894351
31.257177	-94.895739
31.257865	-94.896777
31.257834	-94.897578
31.259652	-94.89776
31.260052	-94.897319
31.26088	-94.897541
31.261574	-94.898213
31.262478	-94.897076
31.262449	-94.896293
31.262622	-94.896153
31.263617	-94.89667
31.264288	-94.897499
31.264997	-94.897207
31.265549	-94.895885
31.268405	-94.892026
31.26966	-94.891025
31.271824	-94.890432
31.276501	-94.887995
31.276973	-94.887505
31.276854	-94.886653
31.277657	-94.883694
31.278192	-94.882737
31.281397	-94.879991
31.281612	-94.879462
31.281567	-94.87845
31.281933	-94.87761
31.282567	-94.87697
31.283394	-94.876713
31.285076	-94.877496
31.287497	-94.877834
31.288352	-94.878376
31.289491	-94.880167
31.289399	-94.880988
31.287791	-94.882171
31.287171	-94.883228
31.287489	-94.883832
31.290627	-94.884042
31.295661	-94.886169
31.295017	-94.887545
31.294019	-94.888333
31.292147	-94.888027
31.29217	-94.888634
31.292797	-94.889489
31.293638	-94.889925
31.294702	-94.889479
31.295734	-94.889888
31.296067	-94.890478
31.296024	-94.890955
31.295682	-94.891221
31.293104	-94.891072
31.292455	-94.89143
31.291784	-94.892655
31.291707	-94.894681
31.294081	-94.894632
31.294933	-94.895119
31.296074	-94.896522
31.296386	-94.896382
31.296471	-94.89518
31.299426	-94.8946
31.300735	-94.896701
31.301632	-94.895984
31.302274	-94.897514
31.303551	-94.897755
31.304342	-94.898313
31.306497	-94.897462
31.308166	-94.898614
31.308732	-94.899371
31.309528	-94.899588
31.310191	-94.900458
31.311742	-94.900955
31.312582	-94.900344
31.312981	-94.900779
31.312892	-94.901467
31.313256	-94.901546
31.314014	-94.900612
31.315725	-94.899986
31.318538	-94.896888
31.31939	-94.896584
31.319781	-94.898046
31.320685	-94.898534
31.32353	-94.897019
31.324147	-94.898636
31.324942	-94.898332
31.326972	-94.899017
31.328332	-94.901423
31.328999	-94.903407
31.329574	-94.903775
31.331527	-94.901821
31.331862	-94.902022
31.331178	-94.903088
31.331241	-94.903399
31.332851	-94.904777
31.332044	-94.907149
31.333287	-94.908339
31.334523	-94.908932
31.335888	-94.90888
31.337059	-94.909502
31.337036	-94.909969
31.336051	-94.910456
31.336029	-94.910873
31.337385	-94.911933
31.337216	-94.913151
31.337556	-94.915388
31.339515	-94.917635
31.338937	-94.917996
31.336559	-94.91635
31.335989	-94.916674
31.335942	-94.917752
31.336797	-94.918027
31.337575	-94.918945
31.337395	-94.921707
31.338224	-94.922677
31.339654	-94.925808
31.34027	-94.928623
31.340753	-94.929322
31.340642	-94.929889
31.340336	-94.930062
31.338419	-94.929235
31.338166	-94.930321
31.338363	-94.932249
31.33858	-94.932556
31.339861	-94.932204
31.340139	-94.933229
31.34091	-94.933961
31.341879	-94.935869
31.341549	-94.937274
31.342993	-94.940111
31.342608	-94.940361
31.341579	-94.940064
31.340469	-94.940335
31.340382	-94.940981
31.341856	-94.942174
31.341762	-94.942591
31.340762	-94.943389
31.338225	-94.944481
31.338214	-94.944865
31.338631	-94.945152
31.34086	-94.945372
31.340701	-94.947077
31.338723	-94.947255
31.338589	-94.947587
31.339901	-94.949254
31.340272	-94.950916
31.340968	-94.951868
31.341057	-94.952745
31.34194	-94.953237
31.342201	-94.953668
31.342183	-94.954512
31.342556	-94.954637
31.343237	-94.954202
31.343518	-94.953614
31.344096	-94.954171
31.343457	-94.95631
31.342688	-94.957481
31.342847	-94.95782
31.344218	-94.958001
31.345037	-94.957281
31.344921	-94.956409
31.345788	-94.954884
31.347869	-94.956392
31.349774	-94.955311
31.350374	-94.956402
31.34886	-94.958852
31.348975	-94.961341
31.352511	-94.961363
31.3531	-94.961096
31.353799	-94.960067
31.353792	-94.959355
31.352769	-94.958972
31.352929	-94.957209
31.353623	-94.957058
31.355478	-94.958646
31.356957	-94.95766
31.356911	-94.957044
31.356462	-94.956879
31.35564	-94.957875
31.354899	-94.955912
31.354984	-94.955553
31.356151	-94.955732
31.357054	-94.954103
31.358174	-94.952711
31.358163	-94.952257
31.35765	-94.951595
31.357656	-94.951203
31.358126	-94.950603
31.359822	-94.949802
31.360591	-94.950551
31.359461	-94.951442
31.359076	-94.952291
31.35915	-94.952675
31.361344	-94.953484
31.361097	-94.955163
31.361402	-94.956004
31.361813	-94.955865
31.362922	-94.954617
31.364063	-94.955353
31.364121	-94.955623
31.363007	-94.956602
31.362769	-94.957671
31.363157	-94.958382
31.364956	-94.959003
31.366166	-94.958697
31.366967	-94.956741
31.367859	-94.956935
31.368461	-94.957603
31.36902	-94.957522
31.370621	-94.956026
31.371216	-94.955935
31.372503	-94.956391
31.373512	-94.955317
31.374221	-94.955889
31.374478	-94.957031
31.37588	-94.95753
31.37764	-94.957226
31.378558	-94.957462
31.379227	-94.957196
31.379164	-94.956679
31.378858	-94.956362
31.380908	-94.954878
31.3806	-94.953769
31.379408	-94.953104
31.379985	-94.950432
31.380378	-94.949715
31.38146	-94.949735
31.382393	-94.950467
31.382219	-94.951759
31.382383	-94.952268
31.38362	-94.952766
31.384703	-94.953554
31.384914	-94.95461
31.384619	-94.955637
31.385493	-94.957479
31.385954	-94.957648
31.386711	-94.956993
31.387128	-94.959431
31.387544	-94.95946
31.388009	-94.958509
31.388285	-94.95844
31.388884	-94.959415
31.391205	-94.966254
31.392446	-94.965917
31.393125	-94.966162
31.393887	-94.966025
31.394793	-94.964607
31.395558	-94.964521
31.396604	-94.965759
31.397412	-94.967635
31.396948	-94.969369
31.398299	-94.971099
31.399759	-94.973581
31.399678	-94.975471
31.399033	-94.976666
31.399381	-94.97778
31.399959	-94.97814
31.400788	-94.978072
31.401756	-94.976859
31.402143	-94.975951
31.404114	-94.975935
31.40525	-94.976291
31.405075	-94.978985
31.405438	-94.979428
31.405975	-94.979364
31.406965	-94.97672
31.407443	-94.976049
31.409339	-94.976973
31.409303	-94.97735
31.408665	-94.978112
31.408686	-94.978403
31.409408	-94.978593
31.410099	-94.981108
31.411464	-94.983081
31.412542	-94.982721
31.41385	-94.984753
31.414417	-94.988061
31.413356	-94.990043
31.413945	-94.9922
31.413914	-94.993105
31.41422	-94.993832
31.415468	-94.994212
31.417766	-94.993635
31.417835	-94.994108
31.41678	-94.997132
31.416949	-94.997552
31.418689	-94.997671
31.42004	-94.998247
31.420698	-94.99928
31.420755	-95.000091
31.419551	-95.000186
31.418679	-94.999509
31.417968	-94.999557
31.417562	-95.000125
31.417744	-95.000837
31.420891	-95.005397
31.421349	-95.005566
31.423961	-95.004884
31.426155	-95.003131
31.500179	-94.902102
31.520212	-94.875211
31.526916	-94.865856
31.525598	-94.863935
31.523729	-94.864289
31.522671	-94.864192
31.520999	-94.864911
31.520342	-94.864773
31.52133	-94.862526
31.521065	-94.861854
31.519377	-94.860109
31.517674	-94.862617
31.517135	-94.862867
31.516101	-94.860829
31.515142	-94.861443
31.514582	-94.861038
31.512917	-94.858396
31.512969	-94.857318
31.513563	-94.856427
31.513243	-94.85633
31.51208	-94.857401
31.511317	-94.857046
31.510087	-94.855249
31.511633	-94.853886
31.511571	-94.853461
31.510947	-94.852815
31.511151	-94.85168
31.51073	-94.851659
31.508683	-94.853204
31.508472	-94.853066
31.508612	-94.851669
31.508175	-94.851703
31.507885	-94.852043
31.506544	-94.852522
31.506016	-94.852409
31.505156	-94.850868
31.505652	-94.850308
31.507369	-94.850021
31.50779	-94.849617
31.507951	-94.848217
31.50646	-94.845391
31.506096	-94.844008
31.506189	-94.843647
31.506808	-94.843207
31.507694	-94.84188
31.50787	-94.841198
31.50765	-94.840639
31.507721	-94.840041
31.505393	-94.840538
31.504863	-94.840212
31.504482	-94.839241
31.502051	-94.84076
31.50237	-94.838815
31.502223	-94.838594
31.50139	-94.838726
31.502193	-94.836688
31.502113	-94.835386
31.502488	-94.8346
31.501662	-94.833869
31.49949	-94.833402
31.497433	-94.833797
31.497145	-94.83534
31.496508	-94.836308
31.49601	-94.836367
31.49424	-94.834384
31.493977	-94.833312
31.494597	-94.83296
31.494039	-94.832189
31.493267	-94.832317
31.492915	-94.832765
31.493108	-94.831603
31.493705	-94.830553
31.493659	-94.830193
31.49137	-94.828831
31.491264	-94.828303
31.490732	-94.828362
31.490888	-94.82688
31.491727	-94.826569
31.490712	-94.82594
31.49013	-94.826027
31.489969	-94.825744
31.490389	-94.825236
31.490308	-94.825003
31.488983	-94.826051
31.488549	-94.826058
31.487448	-94.824997
31.48705	-94.823691
31.486008	-94.823511
31.484963	-94.823796
31.483912	-94.822765
31.484028	-94.821425
31.483454	-94.820601
31.483663	-94.820143
31.484655	-94.81996
31.485501	-94.82034
31.486611	-94.820212
31.487021	-94.819822
31.487172	-94.818962
31.486672	-94.816506
31.486958	-94.815947
31.485759	-94.815535
31.483988	-94.812377
31.484907	-94.8099
31.485955	-94.810906
31.486247	-94.811722
31.486609	-94.811995
31.487216	-94.811972
31.487723	-94.811576
31.489029	-94.808025
31.489496	-94.808624
31.48965	-94.808484
31.489225	-94.80607
31.488295	-94.805408
31.488767	-94.804807
31.489775	-94.804699
31.490404	-94.804291
31.490408	-94.80374
31.488926	-94.803033
31.489234	-94.801523
31.488191	-94.801738
31.487836	-94.8024
31.487608	-94.803915
31.487348	-94.803804
31.486514	-94.801136
31.486443	-94.800201
31.485174	-94.799995
31.485074	-94.799614
31.486001	-94.798386
31.486038	-94.797841
31.485241	-94.797604
31.484385	-94.799151
31.484232	-94.800475
31.483434	-94.799961
31.482875	-94.798053
31.482577	-94.797978
31.482177	-94.799217
31.481776	-94.798978
31.481367	-94.797171
31.481521	-94.796732
31.482626	-94.797525
31.482973	-94.797114
31.482949	-94.79669
31.482001	-94.795827
31.481364	-94.795878
31.48062	-94.796398
31.48019	-94.796389
31.480135	-94.796133
31.481156	-94.794825
31.481125	-94.794293
31.480629	-94.793964
31.481062	-94.793415
31.479342	-94.792593
31.47935	-94.792028
31.480464	-94.791002
31.48039	-94.788703
31.479517	-94.788833
31.479366	-94.787511
31.479677	-94.786715
31.480394	-94.786365
31.48081	-94.785235
31.480008	-94.784723
31.481128	-94.78296
31.481384	-94.780864
31.480083	-94.779008
31.48052	-94.777269
31.478897	-94.774955
31.477622	-94.773901
31.477409	-94.770778
31.477144	-94.770734
31.476108	-94.772189
31.475907	-94.771851
31.476123	-94.770852
31.47691	-94.770606
31.476614	-94.769745
31.476104	-94.769426
31.475663	-94.769666
31.475343	-94.771174
31.474352	-94.772185
31.474104	-94.772151
31.474021	-94.771417
31.473462	-94.770738
31.474319	-94.770258
31.474771	-94.769286
31.473815	-94.768958
31.471436	-94.766721
31.472146	-94.765324
31.472084	-94.764959
31.471034	-94.764703
31.469938	-94.765363
31.469496	-94.76506
31.469133	-94.764213
31.469398	-94.762652
31.470514	-94.762403
31.471516	-94.761525
31.471236	-94.761067
31.470165	-94.760546
31.469892	-94.759833
31.471141	-94.758797
31.471116	-94.758448
31.470408	-94.757845
31.470525	-94.75638
31.47112	-94.755708
31.471677	-94.755624
31.471521	-94.755337
31.470458	-94.755425
31.470277	-94.753006
31.469842	-94.752142
31.469124	-94.751684
31.469232	-94.75056
31.467465	-94.748891
31.46726	-94.748322
31.467565	-94.747834
31.467539	-94.747306
31.468041	-94.747199
31.467883	-94.746318
31.466477	-94.745242
31.46564	-94.743784
31.465381	-94.742824
31.465987	-94.742088
31.465166	-94.741833
31.46488	-94.741248
31.465856	-94.740641
31.466524	-94.74128
31.466797	-94.741225
31.46686	-94.740898
31.4665	-94.740428
31.465296	-94.73993
31.465185	-94.739377
31.464789	-94.73937
31.464571	-94.740693
31.464286	-94.740726
31.46442	-94.738626
31.464029	-94.738544
31.463614	-94.739423
31.463072	-94.739114
31.463342	-94.737755
31.463839	-94.737104
31.463861	-94.736512
31.462502	-94.735736
31.462779	-94.734813
31.463343	-94.735154
31.463982	-94.735123
31.464545	-94.735466
31.464873	-94.734362
31.465344	-94.733807
31.464406	-94.732963
31.463868	-94.732826
31.463513	-94.731562
31.462495	-94.731106
31.462382	-94.730744
31.462853	-94.730253
31.462737	-94.729802
31.461833	-94.729844
31.461778	-94.729198
31.460845	-94.728514
31.45981	-94.729343
31.458667	-94.728696
31.458336	-94.729143
31.457226	-94.728679
31.457201	-94.726386
31.456757	-94.722739
31.457105	-94.721751
31.456615	-94.721396
31.455977	-94.721416
31.456073	-94.72086
31.457318	-94.720671
31.458452	-94.721776
31.459151	-94.721269
31.459273	-94.72051
31.45823	-94.718776
31.457676	-94.716579
31.456847	-94.717271
31.456421	-94.717263
31.456399	-94.716386
31.457322	-94.715355
31.457475	-94.714768
31.456952	-94.712795
31.457174	-94.710442
31.4576	-94.708974
31.457036	-94.708578
31.456711	-94.704064
31.456385	-94.704069
31.456155	-94.704468
31.455905	-94.704365
31.45564	-94.70252
31.454466	-94.702324
31.453627	-94.701514
31.453219	-94.700581
31.453038	-94.698726
31.452393	-94.698094
31.452383	-94.695442
31.451706	-94.695488
31.451768	-94.695076
31.453386	-94.693956
31.453356	-94.693335
31.452975	-94.693184
31.452616	-94.692419
31.451986	-94.692062
31.451823	-94.690805
31.451417	-94.689892
31.451449	-94.689402
31.451985	-94.688763
31.451325	-94.687767
31.450817	-94.686349
31.451562	-94.685094
31.452334	-94.682981
31.452445	-94.681667
31.452073	-94.678811
31.453861	-94.677633
31.453969	-94.677342
31.453528	-94.676678
31.453679	-94.676328
31.454542	-94.67714
31.45482	-94.677075
31.455025	-94.676594
31.45367	-94.674431
31.452454	-94.674147
31.454228	-94.673351
31.455822	-94.673844
31.456257	-94.67368
31.456159	-94.672584
31.45553	-94.672391
31.454752	-94.671641
31.455321	-94.671136
31.456483	-94.67125
31.456875	-94.67081
31.456583	-94.669897
31.457411	-94.666556
31.457836	-94.665931
31.459223	-94.665096
31.459607	-94.664422
31.458745	-94.663048
31.457285	-94.661823
31.456754	-94.661832
31.45445	-94.66082
31.454176	-94.659178
31.453662	-94.659096
31.452833	-94.660361
31.452354	-94.660266
31.451505	-94.657375
31.448883	-94.651928
31.448181	-94.649213
31.443826	-94.641194
31.443649	-94.638563
31.444188	-94.635994
31.443985	-94.634756
31.443452	-94.634794
31.442253	-94.635852
31.440926	-94.635812
31.440756	-94.634639
31.440982	-94.633411
31.44175	-94.632756
31.443839	-94.632971
31.444714	-94.632437
31.444118	-94.630293
31.443321	-94.629395
31.442608	-94.626907
31.442095	-94.626672
31.441315	-94.627045
31.440942	-94.627541
31.440469	-94.629037
31.438852	-94.62793
31.439	-94.626911
31.440206	-94.625758
31.440234	-94.625044
31.439403	-94.623969
31.439242	-94.623153
31.439529	-94.62266
31.440235	-94.622933
31.441169	-94.62247
31.442131	-94.622382
31.442224	-94.621929
31.441865	-94.621548
31.440301	-94.621285
31.439301	-94.619707
31.439075	-94.618835
31.439194	-94.618541
31.44046	-94.618149
31.441283	-94.618769
31.441546	-94.617401
31.440154	-94.616421
31.440904	-94.615179
31.440307	-94.614452
31.441611	-94.613711
31.442305	-94.61166
31.442281	-94.610869
31.440207	-94.609503
31.440611	-94.607662
31.441184	-94.607339
31.442557	-94.60728
31.442659	-94.606874
31.442364	-94.606407
31.441991	-94.606317
31.440091	-94.607292
31.440184	-94.606011
31.440573	-94.605121
31.440532	-94.60419
31.440908	-94.603686
31.441542	-94.60398
31.44209	-94.603803
31.442527	-94.604729
31.44335	-94.605415
31.443475	-94.604068
31.443152	-94.603168
31.442504	-94.603054
31.441931	-94.602327
31.44358	-94.602165
31.444187	-94.601757
31.44481	-94.602225
31.445376	-94.602208
31.447553	-94.598717
31.446937	-94.596738
31.447111	-94.596275
31.448079	-94.595971
31.44881	-94.595359
31.449423	-94.594334
31.447823	-94.591149
31.447534	-94.591036
31.446766	-94.591987
31.44752	-94.593107
31.447404	-94.593739
31.446219	-94.594225
31.445251	-94.595386
31.444474	-94.595311
31.44472	-94.593002
31.443701	-94.590257
31.443785	-94.589654
31.444243	-94.589328
31.447639	-94.589246
31.447517	-94.588194
31.446602	-94.588177
31.446922	-94.586789
31.446469	-94.586823
31.445617	-94.58835
31.445164	-94.588337
31.444819	-94.587711
31.444831	-94.586374
31.44453	-94.586218
31.443781	-94.58747
31.443282	-94.587674
31.442672	-94.587296
31.442418	-94.586104
31.442616	-94.585612
31.444247	-94.584339
31.444093	-94.583381
31.443716	-94.582859
31.442937	-94.582652
31.441497	-94.583527
31.440907	-94.583573
31.440467	-94.583211
31.440248	-94.582245
31.43994	-94.582145
31.439644	-94.583363
31.439369	-94.583433
31.439034	-94.582995
31.438928	-94.58198
31.43773	-94.58287
31.437778	-94.583642
31.437407	-94.58375
31.436432	-94.583348
31.435924	-94.583449
31.435061	-94.584693
31.43454	-94.584323
31.433189	-94.581452
31.433418	-94.577223
31.432821	-94.573777
31.432483	-94.573075
31.43245	-94.572135
31.433209	-94.56754
31.433042	-94.566037
31.434079	-94.562729
31.434941	-94.56236
31.435219	-94.561763
31.435205	-94.559307
31.434789	-94.558042
31.433509	-94.556148
31.434812	-94.556197
31.435052	-94.555921
31.435123	-94.554838
31.433867	-94.552803
31.433142	-94.552257
31.433518	-94.550953
31.432898	-94.550359
31.432205	-94.550585
31.431235	-94.551539
31.430983	-94.55141
31.430882	-94.550179
31.430116	-94.548664
31.430231	-94.548004
31.431513	-94.546679
31.431855	-94.545121
31.431715	-94.544888
31.431094	-94.545037
31.429428	-94.54682
31.428311	-94.546722
31.426922	-94.547022
31.426212	-94.546335
31.426357	-94.545411
31.425399	-94.545857
31.424773	-94.544708
31.424199	-94.544706
31.422637	-94.546383
31.421081	-94.546276
31.420471	-94.545697
31.420371	-94.544513
31.419907	-94.543324
31.418717	-94.542286
31.41787	-94.542579
31.417408	-94.54332
31.416683	-94.543612
31.415252	-94.542831
31.415087	-94.542447
31.41391	-94.542002
31.413232	-94.541324
31.410762	-94.541856
31.410323	-94.541683
31.410546	-94.54041
31.406704	-94.541252
31.40576	-94.542356
31.404967	-94.542404
31.401821	-94.541458
31.400409	-94.540141
31.400059	-94.538104
31.398876	-94.537895
31.398609	-94.537061
31.399501	-94.535506
31.400103	-94.533315
31.399623	-94.532098
31.398829	-94.532034
31.398511	-94.530843
31.398654	-94.530634
31.399568	-94.53065
31.399409	-94.529994
31.39855	-94.528988
31.399955	-94.526984
31.400706	-94.526899
31.400635	-94.52451
31.401403	-94.523587
31.402546	-94.521332
31.402089	-94.520887
31.400931	-94.520743
31.401006	-94.519236
31.402108	-94.516907
31.403362	-94.516899
31.404295	-94.516406
31.404735	-94.516701
31.404306	-94.519229
31.404847	-94.519974
31.406418	-94.518504
31.406597	-94.516036
31.407538	-94.515468
31.408461	-94.516853
31.408692	-94.516883
31.409344	-94.515745
31.409875	-94.511127
31.410295	-94.511121
31.41119	-94.511673
31.411761	-94.51128
31.410899	-94.507433
31.40933	-94.507483
31.408365	-94.507158
31.406559	-94.505245
31.406333	-94.504504
31.406441	-94.503929
31.406882	-94.503556
31.407626	-94.503461
31.408675	-94.504905
31.409398	-94.505299
31.410061	-94.505215
31.410554	-94.504737
31.410829	-94.503501
31.410525	-94.502188
31.408531	-94.500842
31.408022	-94.500028
31.404881	-94.498364
31.40457	-94.49785
31.406088	-94.496975
31.405728	-94.495874
31.402167	-94.494032
31.402558	-94.492625
31.400304	-94.491665
31.399395	-94.493784
31.399032	-94.493845
31.399001	-94.489715
31.398579	-94.489466
31.397392	-94.490299
31.397575	-94.492649
31.397121	-94.493219
31.394716	-94.492515
31.394551	-94.492188
31.395031	-94.490884
31.393782	-94.48946
31.39376	-94.48883
31.395142	-94.488145
31.395064	-94.486753
31.394835	-94.486436
31.392721	-94.486576
31.390788	-94.487145
31.389767	-94.486772
31.389672	-94.486115
31.390736	-94.485076
31.389462	-94.483606
31.38834	-94.483705
31.387698	-94.482376
31.387932	-94.480652
31.386356	-94.478028
31.385924	-94.477676
31.384566	-94.477448
31.384149	-94.477012
31.38432	-94.476323
31.384681	-94.476055
31.38528	-94.476188
31.385802	-94.476661
31.386497	-94.476794
31.387037	-94.475846
31.385456	-94.47438
31.385648	-94.474171
31.387349	-94.474685
31.387459	-94.474383
31.38509	-94.471544
31.384784	-94.47166
31.383154	-94.474277
31.381427	-94.473518
31.38163	-94.472011
31.381838	-94.471801
31.383042	-94.471908
31.383974	-94.469789
31.383826	-94.469471
31.381677	-94.468548
31.380337	-94.469431
31.379908	-94.469323
31.380307	-94.468011
31.378812	-94.466233
31.378342	-94.466079
31.378009	-94.466676
31.378618	-94.469509
31.377306	-94.470015
31.376402	-94.469217
31.376	-94.46767
31.376137	-94.46686
31.375753	-94.466432
31.375185	-94.466458
31.374746	-94.467134
31.374519	-94.468252
31.374981	-94.47025
31.373684	-94.47146
31.372324	-94.470788
31.372423	-94.469476
31.372162	-94.468807
31.370442	-94.468938
31.369194	-94.469506
31.369129	-94.468463
31.367673	-94.468785
31.366071	-94.468176
31.364463	-94.466085
31.360489	-94.464099
31.360428	-94.461519
31.359581	-94.461331
31.356802	-94.461498
31.354916	-94.46204
31.354501	-94.461397
31.354579	-94.460759
31.353484	-94.460269
31.352618	-94.459518
31.351999	-94.457964
31.352231	-94.456146
31.351893	-94.455964
31.351076	-94.456209
31.350698	-94.457039
31.349959	-94.457585
31.348817	-94.457019
31.348255	-94.457604
31.347391	-94.457604
31.345297	-94.456886
31.34465	-94.456936
31.344213	-94.458225
31.343765	-94.458642
31.341185	-94.458201
31.339817	-94.457474
31.339192	-94.455732
31.339631	-94.454358
31.340751	-94.453573
31.340421	-94.45234
31.338121	-94.452071
31.337737	-94.452714
31.337666	-94.454618
31.336385	-94.455316
31.334378	-94.454769
31.332848	-94.453196
31.331482	-94.452234
31.329922	-94.45246
31.330407	-94.450956
31.329506	-94.449736
31.328426	-94.449462
31.327752	-94.451086
31.326677	-94.45009
31.325012	-94.449162
31.322333	-94.449011
31.321337	-94.449422
31.319636	-94.447866
31.317796	-94.447706
31.317348	-94.447251
31.317626	-94.446747
31.319914	-94.445243
31.319477	-94.444301
31.318536	-94.443794
31.317253	-94.442542
31.316697	-94.441289
31.316998	-94.440964
31.317681	-94.441506
31.318721	-94.441686
31.318863	-94.440766
31.318298	-94.439853
31.315084	-94.438805
31.313056	-94.438961
31.31261	-94.438056
31.313015	-94.436785
31.313219	-94.43434
31.313448	-94.433958
31.311928	-94.432985
31.313344	-94.432654
31.314676	-94.432696
31.314865	-94.432276
31.314586	-94.431748
31.313362	-94.431285
31.312425	-94.430196
31.312092	-94.429349
31.31322	-94.428658
31.313457	-94.42821
31.312397	-94.427355
31.312584	-94.426129
31.312256	-94.425675
31.311433	-94.425563
31.310889	-94.424836
31.311018	-94.423768
31.310234	-94.421556
31.308467	-94.422503
31.307611	-94.421388
31.309756	-94.418494
31.309527	-94.416607
31.308839	-94.415681
31.309395	-94.411224
31.309076	-94.41078
31.306801	-94.410372
31.306504	-94.410116
31.307283	-94.409645
31.307703	-94.406237
31.307414	-94.406
31.306654	-94.407182
31.306273	-94.407347
31.306043	-94.406876
31.306245	-94.405631
31.305877	-94.405158
31.304626	-94.406139
31.304031	-94.405861
31.303578	-94.404788
31.304172	-94.404147
31.303955	-94.402812
31.301976	-94.400682
31.301033	-94.401516
31.300634	-94.4008
31.301139	-94.397898
31.302018	-94.396904
31.302356	-94.396017
31.301861	-94.395187
31.30008	-94.395741
31.299753	-94.395118
31.299522	-94.393494
31.298986	-94.392898
31.297804	-94.393317
31.297674	-94.392939
