32.908997	-95.152153
32.875131	-95.152071
32.86513	-95.152284
32.647746	-95.152728
32.570115	-95.15341
32.568962	-95.155948
32.56716	-95.157821
32.564416	-95.159195
32.558877	-95.160459
32.554295	-95.162489
32.553931	-95.162367
32.552929	-95.160186
32.550452	-95.159623
32.545977	-95.163502
32.544359	-95.165305
32.543833	-95.166925
32.544389	-95.1682
32.547215	-95.169006
32.548231	-95.17003
32.548699	-95.171819
32.549262	-95.172333
32.550531	-95.172226
32.553193	-95.173034
32.555163	-95.174779
32.555424	-95.175817
32.553829	-95.177075
32.549967	-95.178259
32.548986	-95.179174
32.546886	-95.181957
32.546369	-95.182199
32.542541	-95.180965
32.541801	-95.181241
32.540959	-95.182995
32.540968	-95.183548
32.542287	-95.186753
32.541973	-95.189521
32.542299	-95.189955
32.542887	-95.190108
32.545727	-95.188959
32.546596	-95.189129
32.550102	-95.194786
32.551848	-95.197111
32.552791	-95.198832
32.553243	-95.200205
32.554138	-95.20141
32.556635	-95.203076
32.557308	-95.205295
32.558106	-95.206333
32.558992	-95.206779
32.559952	-95.206706
32.562976	-95.203541
32.563865	-95.202207
32.564372	-95.202031
32.566347	-95.202717
32.566842	-95.20332
32.567028	-95.205364
32.567498	-95.205351
32.567836	-95.203199
32.568934	-95.203248
32.570169	-95.203921
32.571784	-95.204289
32.572369	-95.204964
32.572288	-95.205915
32.57136	-95.206895
32.570003	-95.20713
32.569232	-95.20764
32.56863	-95.20848
32.568586	-95.21
32.569004	-95.212034
32.569118	-95.214119
32.568813	-95.214822
32.565513	-95.215141
32.56488	-95.216876
32.563229	-95.21874
32.563121	-95.219314
32.565973	-95.222969
32.565531	-95.223513
32.564268	-95.223278
32.563612	-95.22359
32.562993	-95.224412
32.562538	-95.225891
32.562134	-95.226309
32.5614	-95.226488
32.560754	-95.227157
32.560209	-95.228281
32.56095	-95.232642
32.561	-95.235696
32.560541	-95.23795
32.560704	-95.238315
32.561486	-95.238416
32.562813	-95.241106
32.567527	-95.244614
32.567998	-95.24415
32.568286	-95.242831
32.568769	-95.242557
32.56917	-95.24359
32.569158	-95.245546
32.569432	-95.246213
32.57152	-95.246338
32.571568	-95.245112
32.571891	-95.244898
32.573667	-95.248043
32.574202	-95.248114
32.574694	-95.24705
32.575243	-95.247164
32.57583	-95.247847
32.576	-95.249852
32.577294	-95.249999
32.577727	-95.250314
32.578366	-95.254527
32.577806	-95.25604
32.57718	-95.255943
32.576864	-95.254106
32.575435	-95.254308
32.575829	-95.25782
32.575198	-95.263923
32.574536	-95.264618
32.572577	-95.265621
32.572614	-95.268169
32.572282	-95.270033
32.572429	-95.270772
32.573602	-95.271425
32.573971	-95.272218
32.57388	-95.274332
32.572811	-95.274267
32.572738	-95.274639
32.573355	-95.275329
32.572516	-95.275925
32.573006	-95.276447
32.573157	-95.277092
32.571588	-95.277861
32.571576	-95.278141
32.573185	-95.278507
32.575418	-95.27995
32.575769	-95.279936
32.576192	-95.279078
32.57665	-95.279108
32.57709	-95.279603
32.576739	-95.280208
32.576769	-95.280647
32.577316	-95.280676
32.577458	-95.280133
32.57838	-95.280816
32.580005	-95.281255
32.580613	-95.283011
32.581125	-95.283474
32.581155	-95.284168
32.580343	-95.285546
32.580922	-95.28658
32.580205	-95.28755
32.580329	-95.288333
32.580696	-95.288907
32.580841	-95.290311
32.582016	-95.290779
32.583275	-95.290147
32.583184	-95.289475
32.585127	-95.289688
32.585504	-95.290049
32.585973	-95.292526
32.585059	-95.294016
32.585036	-95.295155
32.585545	-95.295235
32.58598	-95.294958
32.586487	-95.29402
32.586917	-95.296889
32.588535	-95.296764
32.588554	-95.298558
32.588965	-95.299291
32.58985	-95.299562
32.590362	-95.298337
32.590367	-95.297174
32.590846	-95.297114
32.591417	-95.297544
32.591667	-95.298173
32.5912	-95.299622
32.590331	-95.300241
32.59033	-95.302139
32.590646	-95.302692
32.59161	-95.303125
32.592128	-95.302995
32.592428	-95.303226
32.592228	-95.305887
32.592405	-95.306335
32.593306	-95.306393
32.594595	-95.305249
32.594973	-95.305478
32.595061	-95.306194
32.595463	-95.306733
32.596697	-95.307042
32.596735	-95.307343
32.595855	-95.308625
32.595115	-95.310416
32.593398	-95.310155
32.59321	-95.310401
32.593448	-95.313159
32.593918	-95.313508
32.594461	-95.313307
32.595149	-95.31349
32.596306	-95.314988
32.595813	-95.31776
32.595467	-95.318056
32.595557	-95.319014
32.599218	-95.322012
32.599432	-95.32252
32.599151	-95.322826
32.599106	-95.323405
32.600177	-95.325287
32.599897	-95.326011
32.599628	-95.326136
32.59968	-95.326636
32.602231	-95.329343
32.603211	-95.330016
32.604701	-95.329918
32.605672	-95.331217
32.605658	-95.331681
32.604252	-95.332164
32.604278	-95.333119
32.603768	-95.33528
32.604021	-95.336303
32.605295	-95.336679
32.605519	-95.337101
32.605431	-95.337752
32.605082	-95.337901
32.604059	-95.336948
32.60358	-95.336983
32.603001	-95.33835
32.603276	-95.339417
32.604444	-95.33918
32.605385	-95.33934
32.606019	-95.34047
32.605814	-95.341173
32.604241	-95.34092
32.603996	-95.341086
32.604079	-95.342616
32.603761	-95.344179
32.604277	-95.344472
32.605032	-95.343872
32.605511	-95.344194
32.605209	-95.345256
32.605522	-95.345716
32.606476	-95.34607
32.607075	-95.345829
32.607549	-95.34464
32.60803	-95.344756
32.609291	-95.34595
32.608894	-95.346391
32.608311	-95.346388
32.607439	-95.347711
32.606575	-95.346906
32.605235	-95.347105
32.605167	-95.347668
32.606108	-95.349087
32.607497	-95.350377
32.60745	-95.351238
32.60698	-95.351736
32.60622	-95.351611
32.605652	-95.350947
32.605125	-95.351497
32.605306	-95.353502
32.606358	-95.355434
32.606766	-95.356778
32.608077	-95.357814
32.608086	-95.358105
32.607073	-95.358705
32.606693	-95.359361
32.606979	-95.360977
32.606664	-95.361789
32.605206	-95.362334
32.604382	-95.363495
32.603606	-95.363558
32.603341	-95.363827
32.604148	-95.366074
32.604158	-95.367251
32.60484	-95.370215
32.602885	-95.371966
32.602871	-95.372535
32.603485	-95.373297
32.603037	-95.374691
32.600644	-95.374499
32.600154	-95.37416
32.599151	-95.374665
32.598351	-95.374428
32.597535	-95.37492
32.597439	-95.37567
32.599282	-95.378226
32.599297	-95.379534
32.59849	-95.380819
32.598492	-95.381931
32.599027	-95.382225
32.599973	-95.382143
32.600853	-95.38251
32.601484	-95.381779
32.601852	-95.381952
32.602142	-95.384097
32.601709	-95.384741
32.600572	-95.38483
32.600416	-95.385501
32.60053	-95.38748
32.599503	-95.387889
32.59894	-95.388751
32.5989	-95.389629
32.599162	-95.39002
32.599974	-95.389754
32.601022	-95.390785
32.60174	-95.393847
32.601197	-95.394847
32.601335	-95.395751
32.602049	-95.396793
32.603852	-95.395757
32.604553	-95.395834
32.604929	-95.396427
32.605119	-95.398434
32.60602	-95.398857
32.606401	-95.399583
32.606003	-95.399837
32.606006	-95.400353
32.604618	-95.400214
32.604551	-95.400563
32.606285	-95.401753
32.606243	-95.402206
32.604384	-95.401834
32.603893	-95.401435
32.60342	-95.401628
32.603443	-95.402221
32.604263	-95.403805
32.603692	-95.405325
32.604308	-95.405683
32.604942	-95.405451
32.605347	-95.404923
32.605489	-95.404155
32.606088	-95.403738
32.606735	-95.4041
32.606296	-95.406294
32.605539	-95.407777
32.604568	-95.408707
32.604613	-95.410724
32.60524	-95.410751
32.605728	-95.411919
32.607111	-95.413061
32.607041	-95.413753
32.606569	-95.414177
32.606453	-95.414959
32.605673	-95.415953
32.605274	-95.418919
32.605672	-95.419715
32.606816	-95.41976
32.6085	-95.418575
32.608942	-95.418949
32.609032	-95.422766
32.608742	-95.423094
32.608452	-95.422969
32.607868	-95.424139
32.607346	-95.424351
32.607191	-95.424802
32.607441	-95.425476
32.610129	-95.42806
32.61022	-95.428766
32.609977	-95.429111
32.608238	-95.429681
32.607515	-95.429285
32.6072	-95.428747
32.606609	-95.429179
32.606389	-95.430677
32.605931	-95.431476
32.606015	-95.432428
32.606468	-95.433102
32.607943	-95.432881
32.608145	-95.433105
32.606723	-95.435112
32.607056	-95.435678
32.608182	-95.435782
32.609175	-95.437126
32.610922	-95.436296
32.611205	-95.435525
32.61216	-95.435304
32.612305	-95.436755
32.611829	-95.437821
32.610317	-95.43773
32.610188	-95.437941
32.611261	-95.441026
32.611475	-95.443777
32.612251	-95.44333
32.612513	-95.443437
32.612568	-95.445293
32.612859	-95.445754
32.613656	-95.446077
32.613678	-95.446946
32.613304	-95.447152
32.611111	-95.445168
32.610508	-95.445629
32.609724	-95.445446
32.609242	-95.445924
32.608669	-95.445891
32.60843	-95.445427
32.608708	-95.444276
32.608583	-95.443717
32.607888	-95.442786
32.607571	-95.443001
32.607253	-95.446536
32.606144	-95.447344
32.606465	-95.448953
32.607235	-95.44931
32.607678	-95.450404
32.607166	-95.45053
32.606487	-95.449903
32.606281	-95.450182
32.606216	-95.452159
32.606541	-95.453141
32.605998	-95.454515
32.606043	-95.454979
32.607438	-95.456738
32.607318	-95.457566
32.60696	-95.45809
32.605739	-95.458807
32.60573	-95.459304
32.606093	-95.45998
32.607435	-95.460483
32.607889	-95.460408
32.60866	-95.459472
32.608995	-95.459515
32.609682	-95.460966
32.609478	-95.462409
32.608938	-95.462782
32.608469	-95.461802
32.607837	-95.461767
32.607456	-95.462136
32.607374	-95.462794
32.608734	-95.464198
32.608817	-95.465325
32.608548	-95.465858
32.607909	-95.465387
32.606724	-95.465213
32.606284	-95.465895
32.606448	-95.466403
32.607287	-95.466617
32.607325	-95.466821
32.606558	-95.467453
32.605676	-95.46876
32.605795	-95.469526
32.607233	-95.470211
32.607629	-95.470058
32.608092	-95.468883
32.607913	-95.467876
32.608376	-95.467304
32.608942	-95.467365
32.609309	-95.467933
32.608823	-95.468645
32.608838	-95.469272
32.609444	-95.469673
32.609406	-95.470358
32.609036	-95.470742
32.608171	-95.47092
32.607526	-95.471647
32.607591	-95.472234
32.607298	-95.472942
32.606504	-95.472624
32.606426	-95.47297
32.606789	-95.473419
32.606101	-95.474471
32.606299	-95.474963
32.607272	-95.475132
32.608114	-95.476075
32.609085	-95.4759
32.609249	-95.474798
32.609617	-95.474623
32.611067	-95.475305
32.611342	-95.475844
32.611309	-95.476429
32.610037	-95.476458
32.609929	-95.477249
32.610152	-95.47786
32.611862	-95.478192
32.612592	-95.47952
32.612938	-95.481035
32.612177	-95.481559
32.611599	-95.482611
32.612194	-95.484503
32.612461	-95.484502
32.613549	-95.483034
32.613933	-95.4833
32.614463	-95.484674
32.614323	-95.485098
32.613123	-95.485399
32.612929	-95.48647
32.613832	-95.488093
32.614424	-95.490606
32.616068	-95.491838
32.616501	-95.491725
32.61746	-95.490757
32.617575	-95.492049
32.618665	-95.494023
32.618864	-95.495437
32.618418	-95.496717
32.618544	-95.497731
32.619535	-95.498821
32.619622	-95.499729
32.61931	-95.500467
32.62033	-95.501869
32.620222	-95.502279
32.619335	-95.503021
32.618941	-95.50376
32.618961	-95.50511
32.619337	-95.506466
32.620766	-95.507603
32.621088	-95.509369
32.620421	-95.51011
32.620328	-95.510945
32.621276	-95.511651
32.622075	-95.512792
32.623143	-95.51263
32.623309	-95.513333
32.622915	-95.513826
32.622768	-95.514515
32.62417	-95.516012
32.624814	-95.516188
32.625594	-95.515758
32.626776	-95.513598
32.627001	-95.512009
32.626792	-95.510979
32.626996	-95.510699
32.628245	-95.511526
32.628238	-95.512918
32.629157	-95.513076
32.63057	-95.513829
32.631487	-95.513905
32.631645	-95.512169
32.6323	-95.511604
32.632807	-95.511683
32.633262	-95.512511
32.633862	-95.515065
32.633803	-95.515712
32.633342	-95.516623
32.63366	-95.517624
32.634366	-95.517767
32.635337	-95.517254
32.636114	-95.518284
32.637279	-95.518384
32.637099	-95.519433
32.637909	-95.519882
32.638247	-95.520748
32.638706	-95.520811
32.639305	-95.519804
32.639708	-95.519556
32.640045	-95.519824
32.640103	-95.520675
32.642083	-95.52253
32.644112	-95.524945
32.644554	-95.525974
32.644523	-95.526596
32.644067	-95.527487
32.64438	-95.528267
32.646272	-95.528858
32.647489	-95.530238
32.647526	-95.530688
32.646842	-95.531306
32.647328	-95.532519
32.647185	-95.533044
32.646071	-95.533173
32.646045	-95.533509
32.647101	-95.535562
32.647167	-95.536667
32.646436	-95.538689
32.646894	-95.542096
32.647593	-95.542411
32.648263	-95.541953
32.648572	-95.542213
32.648781	-95.543366
32.64914	-95.543667
32.651296	-95.543659
32.651615	-95.543244
32.650793	-95.541218
32.65092	-95.540685
32.651503	-95.540592
32.653267	-95.54199
32.654671	-95.542006
32.654953	-95.54223
32.655977	-95.545118
32.65776	-95.547155
32.659077	-95.549559
32.659585	-95.551722
32.660778	-95.553651
32.658678	-95.554245
32.659675	-95.555357
32.660942	-95.555505
32.660846	-95.557344
32.661279	-95.557956
32.661337	-95.558471
32.661901	-95.559406
32.662056	-95.560363
32.663587	-95.561292
32.664087	-95.561281
32.664324	-95.560985
32.665065	-95.561132
32.665664	-95.562678
32.664636	-95.563384
32.664561	-95.564464
32.665076	-95.565305
32.665457	-95.565272
32.666193	-95.564577
32.665929	-95.563068
32.666942	-95.563095
32.668232	-95.563741
32.668132	-95.564759
32.668794	-95.565728
32.6698	-95.565729
32.670415	-95.566186
32.670841	-95.567455
32.671242	-95.567641
32.671802	-95.567399
32.672119	-95.566828
32.672894	-95.566707
32.673468	-95.567197
32.673845	-95.568174
32.673754	-95.568461
32.672922	-95.568357
32.672544	-95.568957
32.672562	-95.571037
32.673079	-95.571892
32.673871	-95.572181
32.674312	-95.571347
32.67531	-95.570688
32.675917	-95.571025
32.675471	-95.57175
32.675711	-95.572943
32.674591	-95.57355
32.67577	-95.574666
32.675916	-95.575386
32.673958	-95.578087
32.674113	-95.579124
32.673564	-95.580742
32.673943	-95.582458
32.67483	-95.583692
32.675294	-95.583008
32.675663	-95.583129
32.67625	-95.584164
32.676661	-95.584106
32.677461	-95.583013
32.677782	-95.583046
32.678866	-95.584684
32.679488	-95.5849
32.680436	-95.583896
32.681866	-95.584308
32.683013	-95.58602
32.683028	-95.586803
32.682719	-95.587089
32.681903	-95.587188
32.68188	-95.587752
32.683563	-95.589119
32.68294	-95.589946
32.682381	-95.591861
32.682637	-95.592442
32.683923	-95.592683
32.683965	-95.593462
32.684396	-95.594165
32.68524	-95.593957
32.686072	-95.592934
32.686708	-95.593106
32.687171	-95.595114
32.687482	-95.595131
32.687894	-95.594522
32.687928	-95.592685
32.688191	-95.59261
32.688648	-95.593386
32.690378	-95.595159
32.692464	-95.594126
32.693179	-95.59321
32.694118	-95.594034
32.694214	-95.594803
32.693911	-95.59509
32.692601	-95.59488
32.69236	-95.595268
32.693005	-95.596038
32.692959	-95.596941
32.693522	-95.597376
32.69388	-95.597309
32.694561	-95.596229
32.695217	-95.596925
32.69521	-95.597841
32.694436	-95.598831
32.694386	-95.59995
32.694695	-95.600363
32.696002	-95.600193
32.696824	-95.600615
32.696927	-95.6013
32.696165	-95.602453
32.69605	-95.603241
32.696294	-95.604027
32.696852	-95.604284
32.69758	-95.60415
32.699185	-95.602715
32.698982	-95.60431
32.699331	-95.604623
32.699942	-95.604435
32.700291	-95.604897
32.701158	-95.604744
32.702145	-95.605462
32.704448	-95.604607
32.704924	-95.605114
32.704956	-95.60567
32.703899	-95.606685
32.703677	-95.607252
32.703818	-95.607724
32.704808	-95.607913
32.705012	-95.608413
32.704504	-95.609629
32.704546	-95.610231
32.705061	-95.61122
32.705126	-95.612637
32.705488	-95.614063
32.70626	-95.61569
32.70664	-95.615808
32.707375	-95.61549
32.708095	-95.615764
32.708176	-95.616691
32.707506	-95.617565
32.707679	-95.618426
32.709131	-95.619698
32.710228	-95.621073
32.709888	-95.621677
32.70919	-95.621467
32.708312	-95.620508
32.70805	-95.620907
32.708019	-95.623298
32.708905	-95.623915
32.708961	-95.624415
32.708351	-95.624909
32.708337	-95.625558
32.708703	-95.626279
32.710009	-95.627477
32.710744	-95.627502
32.71304	-95.626675
32.714078	-95.62681
32.717031	-95.629798
32.717284	-95.631234
32.717046	-95.6318
32.715846	-95.63187
32.716417	-95.634036
32.716923	-95.634618
32.721064	-95.634949
32.745374	-95.638329
32.750127	-95.638733
32.960434	-95.665389
32.961866	-95.417576
32.962598	-95.305729
32.961829	-95.172947
32.962533	-95.173158
32.96255	-95.172577
32.963292	-95.17259
32.963633	-95.173151
32.963797	-95.174422
32.964011	-95.174357
32.964391	-95.174787
32.96472	-95.175915
32.965414	-95.175524
32.965325	-95.175837
32.965562	-95.175785
32.965507	-95.175244
32.965848	-95.175368
32.966012	-95.175068
32.966502	-95.175224
32.96726	-95.174305
32.967167	-95.173666
32.967869	-95.173803
32.968151	-95.174194
32.968601	-95.173835
32.968904	-95.174063
32.969305	-95.173626
32.969437	-95.172648
32.97025	-95.172687
32.970519	-95.172133
32.972513	-95.171748
32.972377	-95.171057
32.972712	-95.17079
32.97258	-95.169675
32.973542	-95.168605
32.973674	-95.167738
32.974075	-95.167823
32.974784	-95.167373
32.97542	-95.165886
32.975163	-95.165332
32.975322	-95.165038
32.976492	-95.164732
32.97685	-95.164895
32.977058	-95.163936
32.977834	-95.164379
32.978013	-95.16404
32.978499	-95.164438
32.978702	-95.163727
32.979152	-95.164007
32.979219	-95.163375
32.980092	-95.163505
32.98019	-95.16254
32.981921	-95.161901
32.983005	-95.162057
32.982967	-95.16235
32.983247	-95.162331
32.983494	-95.163041
32.984758	-95.163967
32.985087	-95.16293
32.984977	-95.162585
32.985709	-95.162578
32.985737	-95.161874
32.986012	-95.162226
32.98644	-95.162134
32.986534	-95.161736
32.987166	-95.162167
32.987209	-95.162825
32.988028	-95.16231
32.987836	-95.162656
32.988205	-95.163112
32.988051	-95.16353
32.988545	-95.163216
32.98848	-95.163751
32.988892	-95.163738
32.988765	-95.162897
32.989084	-95.161951
32.989386	-95.161768
32.989424	-95.161312
32.990101	-95.161807
32.992063	-95.161853
32.9927	-95.162681
32.993952	-95.16212
32.9942	-95.162296
32.994261	-95.16163
32.994706	-95.161493
32.994723	-95.159882
32.994459	-95.159146
32.995316	-95.159445
32.995558	-95.158989
32.99459	-95.158239
32.994695	-95.157613
32.995849	-95.157378
32.995832	-95.15818
32.996271	-95.157808
32.996496	-95.158121
32.997047	-95.157521
32.9972	-95.157899
32.99691	-95.158558
32.997267	-95.158636
32.997542	-95.157977
32.998261	-95.158342
32.99813	-95.157821
32.99775	-95.157527
32.998728	-95.15722
32.998914	-95.156875
32.999234	-95.156888
32.999398	-95.156327
32.999841	-95.156454
33.000763	-95.156103
33.001023	-95.156436
33.001409	-95.156263
33.001979	-95.154703
33.002889	-95.154135
33.003104	-95.152643
33.002741	-95.152673
33.002735	-95.152138
33.004345	-95.152065
33.005384	-95.151602
33.006054	-95.151695
33.006258	-95.151088
33.006926	-95.151397
33.006818	-95.151695
33.007537	-95.152378
33.007562	-95.153008
33.007893	-95.153131
33.008142	-95.152901
33.008311	-95.153158
33.007798	-95.154117
33.007866	-95.154411
33.009072	-95.154618
33.009313	-95.154178
33.011384	-95.153816
33.011746	-95.153433
33.012448	-95.15365
33.013469	-95.152211
33.011412	-95.150535
33.005998	-95.149962
33.000121	-95.150309
32.990285	-95.152248
32.949658	-95.152273
32.949047	-95.152619
32.948822	-95.152378
32.922713	-95.152266
32.916651	-95.152553
32.908997	-95.152153
