37.334699	-89.413802
37.334264	-89.385008
37.333818	-89.384361
37.334361	-89.383982
37.335252	-89.250082
37.335109	-89.248439
37.333004	-89.245435
37.332173	-89.245237
37.331669	-89.243803
37.33194	-89.243108
37.332024	-89.24056
37.331402	-89.237668
37.331608	-89.23338
37.331868	-89.232488
37.332142	-89.228734
37.331776	-89.223439
37.332184	-89.222867
37.331128	-89.221753
37.330574	-89.221852
37.330216	-89.222332
37.329571	-89.222317
37.327515	-89.219593
37.3275	-89.217907
37.326996	-89.216961
37.325966	-89.216717
37.324383	-89.215488
37.322716	-89.211201
37.323422	-89.209659
37.322678	-89.20879
37.322377	-89.207569
37.321393	-89.206569
37.319142	-89.208858
37.318783	-89.208812
37.317418	-89.207233
37.317395	-89.205974
37.306583	-89.203321
37.291081	-89.202556
37.289376	-89.202723
37.28526	-89.206325
37.284704	-89.207358
37.280329	-89.21051
37.280064	-89.211069
37.281012	-89.212987
37.280269	-89.21413
37.27972	-89.216638
37.279905	-89.217925
37.279548	-89.21867
37.27933	-89.220702
37.2775	-89.221807
37.277413	-89.223847
37.276715	-89.22578
37.275875	-89.226056
37.275537	-89.227238
37.274871	-89.227422
37.274029	-89.22724
37.273435	-89.227706
37.272751	-89.229391
37.272545	-89.232769
37.272072	-89.233708
37.272332	-89.234738
37.270729	-89.238125
37.266377	-89.242367
37.265213	-89.241528
37.264889	-89.241673
37.265011	-89.242443
37.263951	-89.242955
37.263962	-89.243275
37.264756	-89.243672
37.264691	-89.244015
37.264023	-89.244603
37.26408	-89.245801
37.263359	-89.245976
37.263069	-89.246411
37.262287	-89.246319
37.261387	-89.24767
37.260739	-89.247677
37.2603	-89.248402
37.25969	-89.248501
37.2589	-89.247471
37.258427	-89.247555
37.25819	-89.248112
37.257706	-89.248303
37.257366	-89.249394
37.256378	-89.250714
37.255875	-89.250416
37.255005	-89.248417
37.254494	-89.24828
37.253693	-89.248776
37.253174	-89.249714
37.25261	-89.249692
37.252514	-89.250027
37.252907	-89.250378
37.252777	-89.251744
37.251824	-89.251385
37.251313	-89.250256
37.251694	-89.248929
37.251164	-89.248364
37.250321	-89.249089
37.248965	-89.249452
37.248738	-89.249838
37.248902	-89.250332
37.249817	-89.250912
37.249863	-89.251347
37.249459	-89.251553
37.247872	-89.250061
37.243318	-89.250367
37.242017	-89.251121
37.241694	-89.252009
37.240628	-89.252278
37.240265	-89.252079
37.2379	-89.252995
37.234806	-89.254834
37.23346	-89.2552
37.232136	-89.255039
37.231755	-89.256405
37.231018	-89.256321
37.228924	-89.257824
37.228146	-89.256474
37.227612	-89.256451
37.227497	-89.25687
37.22818	-89.258969
37.228115	-89.25996
37.227345	-89.260594
37.227082	-89.261235
37.227681	-89.261761
37.228547	-89.261578
37.229004	-89.261181
37.229585	-89.259523
37.230942	-89.261362
37.230954	-89.261747
37.228868	-89.262356
37.228385	-89.263054
37.226577	-89.263782
37.226509	-89.265127
37.225706	-89.265065
37.226638	-89.266417
37.226728	-89.267053
37.225999	-89.267811
37.225241	-89.267382
37.223759	-89.265202
37.222034	-89.266158
37.222025	-89.265769
37.222642	-89.264765
37.221835	-89.263703
37.221487	-89.263721
37.220656	-89.263087
37.220723	-89.262431
37.220387	-89.261508
37.220051	-89.261279
37.218665	-89.262262
37.218063	-89.262201
37.217813	-89.261592
37.216168	-89.262509
37.215378	-89.262044
37.214237	-89.26239
37.213924	-89.262209
37.213206	-89.262911
37.213182	-89.264172
37.212844	-89.264632
37.212274	-89.264518
37.210537	-89.26185
37.209748	-89.261071
37.209832	-89.260549
37.210939	-89.260573
37.211237	-89.260188
37.21068	-89.259259
37.209759	-89.259099
37.208973	-89.259695
37.208771	-89.26051
37.208253	-89.261242
37.207781	-89.261279
37.207405	-89.259572
37.206767	-89.259616
37.205757	-89.260483
37.205217	-89.261517
37.204079	-89.262132
37.20454	-89.26332
37.204333	-89.263841
37.203759	-89.263781
37.202543	-89.259435
37.202024	-89.259323
37.201628	-89.260776
37.201536	-89.262766
37.200599	-89.262188
37.200389	-89.260761
37.200069	-89.260235
37.19857	-89.259873
37.197415	-89.260387
37.197506	-89.258952
37.196397	-89.258876
37.19573	-89.258135
37.195966	-89.257803
37.198467	-89.258009
37.198922	-89.257724
37.198103	-89.256284
37.196964	-89.255754
37.196559	-89.254799
37.196476	-89.252877
37.196127	-89.252329
37.195229	-89.252258
37.193567	-89.253335
37.19311	-89.254177
37.193252	-89.25551
37.193041	-89.255905
37.192449	-89.255212
37.192102	-89.252993
37.191693	-89.252366
37.190581	-89.251963
37.189671	-89.253118
37.189291	-89.252952
37.189108	-89.252053
37.188597	-89.252273
37.188445	-89.252952
37.188601	-89.254991
37.18799	-89.25608
37.185344	-89.258432
37.184597	-89.257892
37.184203	-89.257911
37.184433	-89.259235
37.183079	-89.260797
37.183137	-89.261513
37.183835	-89.262102
37.184379	-89.264727
37.184113	-89.265616
37.182076	-89.266334
37.180525	-89.26731
37.18007	-89.267271
37.179414	-89.266688
37.178904	-89.264778
37.17847	-89.264651
37.176913	-89.265885
37.175969	-89.265874
37.175573	-89.265209
37.175639	-89.263688
37.174772	-89.263582
37.174296	-89.26453
37.17251	-89.265229
37.17151	-89.266625
37.171074	-89.26675
37.170162	-89.265284
37.170018	-89.264419
37.170884	-89.263117
37.170751	-89.262478
37.17018	-89.261931
37.167587	-89.261225
37.166676	-89.261327
37.163494	-89.263196
37.16346	-89.263855
37.163781	-89.264682
37.16352	-89.266673
37.16298	-89.267274
37.16161	-89.267139
37.161242	-89.267775
37.161395	-89.269185
37.161169	-89.269415
37.159113	-89.268784
37.158881	-89.267924
37.159281	-89.263762
37.158943	-89.261523
37.159144	-89.259479
37.159544	-89.258542
37.160102	-89.258068
37.160833	-89.257899
37.161293	-89.257379
37.161276	-89.256941
37.160501	-89.256534
37.159939	-89.256577
37.158598	-89.257363
37.157835	-89.258243
37.155033	-89.259576
37.151527	-89.260051
37.150043	-89.259651
37.147986	-89.258378
37.146585	-89.257881
37.144472	-89.258142
37.143635	-89.258963
37.142659	-89.260675
37.142524	-89.261986
37.141344	-89.263275
37.140762	-89.264688
37.140699	-89.265873
37.138342	-89.267841
37.13698	-89.268138
37.134577	-89.268043
37.133275	-89.268562
37.131719	-89.269688
37.129416	-89.272388
37.126968	-89.273631
37.12578	-89.273454
37.124216	-89.272739
37.122915	-89.270419
37.122497	-89.2692
37.122005	-89.268793
37.121244	-89.268791
37.120093	-89.267921
37.118795	-89.269533
37.118423	-89.269278
37.117734	-89.265985
37.117368	-89.265318
37.116748	-89.265098
37.116351	-89.265284
37.116529	-89.266873
37.115994	-89.267188
37.115716	-89.266992
37.114939	-89.264709
37.115061	-89.263477
37.114562	-89.262606
37.113503	-89.26251
37.112587	-89.262843
37.112475	-89.263264
37.113522	-89.265086
37.113044	-89.265696
37.111915	-89.265884
37.110759	-89.265675
37.109781	-89.264932
37.108715	-89.263538
37.108567	-89.26182
37.10807	-89.261153
37.107591	-89.261033
37.106635	-89.261836
37.105742	-89.261779
37.105117	-89.261187
37.104239	-89.259423
37.102697	-89.258477
37.102697	-89.257981
37.103886	-89.25658
37.103955	-89.255523
37.103153	-89.253687
37.102322	-89.253503
37.101725	-89.252994
37.100497	-89.253898
37.099393	-89.253973
37.099673	-89.250641
37.09878	-89.249173
37.098881	-89.248604
37.099772	-89.248609
37.100143	-89.247972
37.100055	-89.246503
37.100777	-89.244351
37.100594	-89.244011
37.099041	-89.243877
37.09599	-89.242849
37.09492	-89.242161
37.094788	-89.241138
37.096763	-89.241362
37.096983	-89.240673
37.096705	-89.239894
37.095641	-89.238391
37.094768	-89.237708
37.093816	-89.237869
37.093712	-89.239421
37.092814	-89.239948
37.092481	-89.239688
37.0924	-89.237703
37.093017	-89.236384
37.093036	-89.235626
37.092725	-89.235023
37.092347	-89.234856
37.091289	-89.235136
37.090818	-89.234822
37.090061	-89.232874
37.089883	-89.231723
37.090436	-89.23032
37.091099	-89.229579
37.091714	-89.228211
37.091466	-89.226694
37.091843	-89.225737
37.091662	-89.224687
37.091008	-89.223514
37.090757	-89.222397
37.090983	-89.221031
37.090075	-89.218186
37.08946	-89.213058
37.08833	-89.211683
37.087675	-89.209463
37.087521	-89.208077
37.086121	-89.205347
37.086162	-89.204324
37.085723	-89.202797
37.085894	-89.202079
37.086332	-89.201701
37.087972	-89.201981
37.08848	-89.201416
37.088986	-89.198989
37.089099	-89.196686
37.088573	-89.195511
37.087724	-89.195145
37.087174	-89.195419
37.086453	-89.197388
37.085808	-89.19721
37.085596	-89.195434
37.085006	-89.193534
37.084494	-89.192722
37.08353	-89.192047
37.082597	-89.190513
37.081659	-89.189536
37.08103	-89.188321
37.080346	-89.187709
37.079214	-89.185992
37.079152	-89.184876
37.078845	-89.184478
37.077294	-89.18451
37.076298	-89.183601
37.076133	-89.183106
37.074913	-89.182199
37.073269	-89.181671
37.072081	-89.18064
37.070264	-89.18088
37.06909	-89.179637
37.068853	-89.176641
37.069693	-89.176152
37.07011	-89.175544
37.070109	-89.173545
37.06962	-89.172978
37.068467	-89.173064
37.068021	-89.172435
37.068085	-89.171934
37.066627	-89.173053
37.065871	-89.174118
37.06373	-89.174662
37.061651	-89.175993
37.056953	-89.178084
37.046056	-89.181594
37.044793	-89.181593
37.04045	-89.18256
37.037704	-89.182822
37.033304	-89.181936
37.026516	-89.181194
37.022173	-89.179935
37.020615	-89.179188
37.016742	-89.176459
37.013206	-89.175256
37.01096	-89.174055
37.008243	-89.172052
37.008197	-89.171543
37.005146	-89.168151
37.003958	-89.167853
37.00369	-89.166658
37.003004	-89.16709
37.000731	-89.163588
37.000399	-89.162542
36.984552	-89.138937
36.980876	-89.134272
36.978897	-89.141562
36.978837	-89.144469
36.977636	-89.149882
36.972765	-89.161776
36.970298	-89.170009
36.970885	-89.177235
36.973518	-89.185491
36.979995	-89.192097
36.985659	-89.194087
36.989768	-89.195039
36.993407	-89.195279
37.000051	-89.195029
37.011723	-89.198488
37.016164	-89.200793
37.018856	-89.203408
37.020057	-89.205053
37.0205	-89.206187
37.026136	-89.215673
37.027695	-89.219185
37.032442	-89.227632
37.033892	-89.22939
37.035681	-89.232257
37.037277	-89.234053
37.041012	-89.237111
37.044807	-89.239374
37.057783	-89.245648
37.072014	-89.25493
37.065274	-89.259481
37.064731	-89.259307
37.06407	-89.259935
37.064097	-89.261671
37.064813	-89.264479
37.065222	-89.280362
37.06567	-89.281577
37.065809	-89.283473
37.066734	-89.283668
37.067343	-89.294015
37.068699	-89.300182
37.069135	-89.305238
37.069654	-89.307726
37.068371	-89.30829
37.057897	-89.310819
37.055941	-89.310396
37.050432	-89.307397
37.047565	-89.304752
37.044982	-89.301368
37.040408	-89.291185
37.03614	-89.277715
37.034706	-89.27521
37.028683	-89.266286
37.023288	-89.260003
37.015496	-89.257608
37.00005	-89.263527
36.996302	-89.266242
36.993401	-89.269564
36.990495	-89.274198
36.98867	-89.278628
36.992189	-89.29213
37.012767	-89.317168
37.01609	-89.322982
37.019936	-89.331164
37.025521	-89.345996
37.030156	-89.362397
37.038482	-89.376632
37.040669	-89.37961
37.04301	-89.381644
37.046441	-89.383937
37.048251	-89.384681
37.05513	-89.385434
37.057748	-89.385186
37.065692	-89.380977
37.075436	-89.377091
37.081833	-89.375538
37.085936	-89.375615
37.090765	-89.377113
37.094586	-89.37871
37.104425	-89.385067
37.108277	-89.388976
37.111197	-89.393427
37.115352	-89.40099
37.119949	-89.408419
37.122507	-89.41173
37.12505	-89.414471
37.138235	-89.42558
37.15209	-89.435202
37.161287	-89.438275
37.17445	-89.447237
37.18812	-89.456105
37.199517	-89.461862
37.203351	-89.462676
37.2182	-89.467631
37.221844	-89.4675
37.225863	-89.465785
37.236575	-89.459969
37.240368	-89.458302
37.242594	-89.457832
37.247066	-89.458246
37.248661	-89.458827
37.250577	-89.460692
37.25152	-89.46266
37.252736	-89.466869
37.253357	-89.470525
37.253052	-89.479205
37.251959	-89.484128
37.251315	-89.489915
37.258474	-89.496386
37.263738	-89.502303
37.271373	-89.509264
37.278909	-89.515362
37.283172	-89.51767
37.286256	-89.518468
37.289354	-89.518392
37.292039	-89.51769
37.29536	-89.515734
37.308478	-89.512833
37.310825	-89.511842
37.31426	-89.509699
37.315662	-89.508174
37.322828	-89.497279
37.324795	-89.49516
37.331361	-89.491194
37.333368	-89.489005
37.334829	-89.48606
37.334699	-89.413802
