#GsakName=Sabratah Surman
32.86769,12.22486
32.86764,12.22486
32.86764,12.22514
32.86736,12.22514
32.86736,12.22852
32.86736,12.22930
32.86764,12.22930
32.86764,12.23014
32.86736,12.23014
32.86736,12.23069
32.86716,12.23069
32.86708,12.23069
32.86708,12.23114
32.86708,12.23125
32.86701,12.23125
32.86681,12.23125
32.86681,12.23157
32.86681,12.23181
32.86665,12.23181
32.86653,12.23181
32.86653,12.23199
32.86653,12.23236
32.86629,12.23236
32.86625,12.23236
32.86625,12.23242
32.86625,12.23292
32.86597,12.23292
32.86597,12.23319
32.86574,12.23319
32.86570,12.23319
32.86570,12.23326
32.86570,12.23347
32.86556,12.23347
32.86542,12.23347
32.86542,12.23368
32.86542,12.23375
32.86537,12.23375
32.86514,12.23375
32.86514,12.23403
32.86486,12.23403
32.86486,12.23454
32.86486,12.23458
32.86483,12.23458
32.86458,12.23458
32.86458,12.23505
32.86458,12.23514
32.86454,12.23514
32.86431,12.23514
32.86431,12.23542
32.86403,12.23542
32.86403,12.23569
32.86375,12.23569
32.86375,12.23625
32.86347,12.23625
32.86347,12.23680
32.86319,12.23680
32.86319,12.23830
32.86319,12.23847
32.86312,12.23847
32.86292,12.23847
32.86292,12.23897
32.86292,12.24014
32.86264,12.24014
32.86264,12.24069
32.86236,12.24069
32.86236,12.24097
32.86210,12.24097
32.86208,12.24097
32.86208,12.24101
32.86208,12.24125
32.86199,12.24125
32.86181,12.24125
32.86181,12.24153
32.86153,12.24153
32.86153,12.24181
32.86125,12.24181
32.86125,12.24230
32.86125,12.24236
32.86121,12.24236
32.86097,12.24236
32.86097,12.24264
32.86069,12.24264
32.86069,12.24300
32.86069,12.24319
32.86054,12.24319
32.86042,12.24319
32.86042,12.24335
32.86042,12.24375
32.86010,12.24375
32.85986,12.24375
32.85986,12.24403
32.85959,12.24403
32.85959,12.24431
32.85931,12.24431
32.85931,12.24458
32.85903,12.24458
32.85903,12.24486
32.85875,12.24486
32.85875,12.24514
32.85847,12.24514
32.85847,12.24542
32.85820,12.24542
32.85820,12.24597
32.85792,12.24597
32.85792,12.24653
32.85764,12.24653
32.85764,12.24708
32.85736,12.24708
32.85736,12.24792
32.85708,12.24792
32.85708,12.24863
32.85708,12.24875
32.85703,12.24875
32.85681,12.24875
32.85681,12.24923
32.85681,12.25125
32.85597,12.25125
32.85597,12.25153
32.85574,12.25153
32.85569,12.25153
32.85569,12.25164
32.85569,12.25208
32.85549,12.25208
32.85541,12.25208
32.85541,12.25224
32.85541,12.25292
32.85514,12.25292
32.85514,12.25319
32.85482,12.25319
32.85458,12.25319
32.85458,12.25347
32.85430,12.25347
32.85430,12.25375
32.85403,12.25375
32.85403,12.25421
32.85403,12.25431
32.85395,12.25431
32.85375,12.25431
32.85375,12.25457
32.85375,12.25458
32.85374,12.25458
32.85347,12.25458
32.85347,12.25492
32.85347,12.25542
32.85320,12.25542
32.85320,12.25597
32.85265,12.25597
32.85236,12.25597
32.85236,12.25625
32.85209,12.25625
32.85209,12.25653
32.85181,12.25653
32.85181,12.25680
32.85153,12.25680
32.85153,12.25736
32.85125,12.25736
32.85125,12.25764
32.85097,12.25764
32.85097,12.25820
32.85069,12.25820
32.85069,12.25903
32.85042,12.25903
32.85042,12.25951
32.85042,12.25958
32.85038,12.25958
32.85014,12.25958
32.85014,12.26000
32.85014,12.26014
32.85007,12.26014
32.84986,12.26014
32.84986,12.26069
32.84958,12.26069
32.84958,12.26097
32.84930,12.26097
32.84930,12.26233
32.84930,12.26236
32.84929,12.26236
32.84903,12.26236
32.84903,12.26311
32.84903,12.26319
32.84900,12.26319
32.84875,12.26319
32.84875,12.26390
32.84875,12.26403
32.84871,12.26403
32.84847,12.26403
32.84847,12.26458
32.84819,12.26458
32.84819,12.26542
32.84792,12.26542
32.84792,12.26597
32.84764,12.26597
32.84764,12.26764
32.84736,12.26764
32.84736,12.26819
32.84708,12.26819
32.84708,12.26931
32.84712,12.26931
32.84736,12.26931
32.84736,12.26986
32.84708,12.26986
32.84708,12.27070
32.84681,12.27070
32.84681,12.27097
32.84653,12.27097
32.84653,12.27125
32.84626,12.27125
32.84625,12.27125
32.84625,12.27129
32.84625,12.27153
32.84614,12.27153
32.84598,12.27153
32.84598,12.27181
32.84570,12.27181
32.84570,12.27236
32.84542,12.27236
32.84542,12.27292
32.84514,12.27292
32.84514,12.27347
32.84486,12.27347
32.84486,12.27403
32.84458,12.27403
32.84458,12.27458
32.84431,12.27458
32.84431,12.27647
32.84431,12.27653
32.84429,12.27653
32.84403,12.27653
32.84403,12.27739
32.84403,12.27792
32.84387,12.27792
32.84375,12.27792
32.84375,12.27831
32.84375,12.27875
32.84362,12.27875
32.84347,12.27875
32.84347,12.27923
32.84347,12.27931
32.84345,12.27931
32.84319,12.27931
32.84319,12.27986
32.84292,12.27986
32.84292,12.28042
32.84264,12.28042
32.84264,12.28121
32.84264,12.28125
32.84262,12.28125
32.84236,12.28125
32.84236,12.28182
32.84236,12.28264
32.84208,12.28264
32.84208,12.28292
32.84186,12.28292
32.84180,12.28292
32.84180,12.28304
32.84180,12.28347
32.84161,12.28347
32.84153,12.28347
32.84153,12.28364
32.84153,12.28430
32.84125,12.28430
32.84125,12.28458
32.84113,12.28458
32.84069,12.28458
32.84069,12.28486
32.84042,12.28486
32.84042,12.28597
32.84014,12.28597
32.84014,12.28725
32.84014,12.28736
32.84010,12.28736
32.83986,12.28736
32.83986,12.28792
32.83958,12.28792
32.83958,12.28847
32.83931,12.28847
32.83931,12.28931
32.83903,12.28931
32.83903,12.29014
32.83875,12.29014
32.83875,12.29070
32.83847,12.29070
32.83847,12.29201
32.83847,12.29264
32.83826,12.29264
32.83820,12.29264
32.83820,12.29284
32.83820,12.29319
32.83808,12.29319
32.83792,12.29319
32.83792,12.29368
32.83792,12.29403
32.83780,12.29403
32.83764,12.29403
32.83764,12.29451
32.83764,12.29486
32.83752,12.29486
32.83736,12.29486
32.83736,12.29532
32.83736,12.29542
32.83732,12.29542
32.83681,12.29542
32.83681,12.29569
32.83653,12.29569
32.83653,12.29772
32.83653,12.29903
32.83625,12.29903
32.83625,12.29958
32.83597,12.29958
32.83597,12.29986
32.83579,12.29986
32.83569,12.29986
32.83569,12.30014
32.83542,12.30014
32.83542,12.30069
32.83514,12.30069
32.83514,12.30181
32.83486,12.30181
32.83486,12.30236
32.83458,12.30236
32.83458,12.30375
32.83430,12.30375
32.83430,12.30481
32.83430,12.30486
32.83429,12.30486
32.83403,12.30486
32.83403,12.30597
32.83375,12.30597
32.83375,12.30760
32.83375,12.30792
32.83369,12.30792
32.83347,12.30792
32.83347,12.30896
32.83347,12.30903
32.83345,12.30903
32.83319,12.30903
32.83319,12.30958
32.83292,12.30958
32.83292,12.31055
32.83292,12.31097
32.83277,12.31097
32.83264,12.31097
32.83264,12.31134
32.83264,12.31153
32.83257,12.31153
32.83236,12.31153
32.83236,12.31213
32.83236,12.31236
32.83228,12.31236
32.83208,12.31236
32.83208,12.31292
32.83181,12.31292
32.83181,12.31347
32.83153,12.31347
32.83153,12.31430
32.83125,12.31430
32.83125,12.31542
32.83097,12.31542
32.83097,12.31625
32.83069,12.31625
32.83069,12.31708
32.83042,12.31708
32.83042,12.31792
32.83014,12.31792
32.83014,12.31903
32.82986,12.31903
32.82986,12.31986
32.82958,12.31986
32.82958,12.32042
32.82930,12.32042
32.82930,12.32097
32.82903,12.32097
32.82903,12.32208
32.82875,12.32208
32.82875,12.32346
32.82875,12.32347
32.82847,12.32347
32.82847,12.32431
32.82819,12.32431
32.82819,12.32486
32.82791,12.32486
32.82791,12.32569
32.82764,12.32569
32.82764,12.32653
32.82736,12.32653
32.82736,12.32736
32.82708,12.32736
32.82708,12.32849
32.82708,12.32875
32.82699,12.32875
32.82681,12.32875
32.82681,12.32929
32.82681,12.32958
32.82670,12.32958
32.82653,12.32958
32.82653,12.33014
32.82625,12.33014
32.82625,12.33106
32.82625,12.33125
32.82619,12.33125
32.82597,12.33125
32.82597,12.33195
32.82597,12.33208
32.82593,12.33208
32.82570,12.33208
32.82570,12.33285
32.82570,12.33292
32.82567,12.33292
32.82542,12.33292
32.82542,12.33375
32.82514,12.33375
32.82514,12.33458
32.82486,12.33458
32.82486,12.33542
32.82459,12.33542
32.82459,12.33625
32.82431,12.33625
32.82431,12.33680
32.82403,12.33680
32.82403,12.33792
32.82375,12.33792
32.82375,12.33931
32.82347,12.33931
32.82347,12.34014
32.82319,12.34014
32.82319,12.34125
32.82292,12.34125
32.82292,12.34328
32.82292,12.34347
32.82288,12.34347
32.82264,12.34347
32.82264,12.34708
32.82236,12.34708
32.82236,12.34999
32.82236,12.35014
32.82234,12.35014
32.82208,12.35014
32.82208,12.35113
32.82208,12.35181
32.82189,12.35181
32.82180,12.35181
32.82180,12.35209
32.82180,12.35236
32.82173,12.35236
32.82153,12.35236
32.82153,12.35264
32.82125,12.35264
32.82125,12.35319
32.82097,12.35319
32.82097,12.35403
32.82069,12.35403
32.82069,12.35486
32.82097,12.35486
32.82097,12.35542
32.82069,12.35542
32.82069,12.35653
32.82042,12.35653
32.82042,12.35874
32.82042,12.35875
32.82014,12.35875
32.82014,12.35958
32.81986,12.35958
32.81986,12.36170
32.81986,12.36292
32.81963,12.36292
32.81958,12.36292
32.81958,12.36318
32.81958,12.36347
32.81953,12.36347
32.81931,12.36347
32.81931,12.36375
32.81903,12.36375
32.81903,12.36486
32.81875,12.36486
32.81875,12.36542
32.81847,12.36542
32.81847,12.36653
32.81820,12.36653
32.81820,12.36792
32.81792,12.36792
32.81792,12.37006
32.81792,12.37042
32.81786,12.37042
32.81764,12.37042
32.81764,12.37125
32.81736,12.37125
32.81736,12.37264
32.81708,12.37264
32.81708,12.37458
32.81681,12.37458
32.81681,12.37634
32.81681,12.37653
32.81678,12.37653
32.81653,12.37653
32.81653,12.37846
32.81653,12.37986
32.81634,12.37986
32.81625,12.37986
32.81625,12.38069
32.81597,12.38069
32.81597,12.38236
32.81625,12.38236
32.81625,12.38319
32.81653,12.38319
32.81653,12.38347
32.81667,12.38347
32.81681,12.38347
32.81681,12.38375
32.81736,12.38375
32.81736,12.38431
32.81708,12.38431
32.81708,12.38514
32.81681,12.38514
32.81681,12.38597
32.81677,12.38597
32.81653,12.38597
32.81653,12.38736
32.81673,12.38736
32.81681,12.38736
32.81681,12.38875
32.81670,12.38875
32.81653,12.38875
32.81653,12.39570
32.81625,12.39570
32.81625,12.40042
32.81597,12.40042
32.81597,12.40681
32.81597,12.40792
32.81592,12.40792
32.81569,12.40792
32.81569,12.41486
32.81542,12.41486
32.81542,12.41597
32.81569,12.41597
32.81569,12.41625
32.81610,12.41625
32.81625,12.41625
32.81625,12.41684
32.81625,12.41736
32.81648,12.41736
32.81653,12.41736
32.81653,12.41747
32.81653,12.41792
32.81625,12.41792
32.81625,12.41903
32.81653,12.41903
32.81653,12.41986
32.81681,12.41986
32.81681,12.42014
32.81764,12.42014
32.81764,12.41999
32.81764,12.41986
32.81792,12.41986
32.81792,12.41958
32.81820,12.41958
32.81820,12.42069
32.81847,12.42069
32.81847,12.42125
32.81875,12.42125
32.81875,12.42264
32.81847,12.42264
32.81847,12.42292
32.81820,12.42292
32.81820,12.42320
32.81805,12.42320
32.81792,12.42320
32.81792,12.42347
32.81764,12.42347
32.81764,12.42375
32.81736,12.42375
32.81736,12.42430
32.81764,12.42430
32.81764,12.42458
32.81791,12.42458
32.81792,12.42597
32.81764,12.42597
32.81764,12.42625
32.81752,12.42625
32.81736,12.42625
32.81736,12.42681
32.81708,12.42681
32.81708,12.42708
32.81681,12.42708
32.81681,12.42931
32.81653,12.42931
32.81653,12.43091
32.81653,12.43125
32.81646,12.43125
32.81625,12.43125
32.81625,12.43245
32.81625,12.43292
32.81620,12.43292
32.81597,12.43292
32.81597,12.43506
32.81597,12.43986
32.81569,12.43986
32.81569,12.44014
32.81543,12.44014
32.81542,12.44014
32.81542,12.44025
32.81542,12.44097
32.81534,12.44097
32.81514,12.44097
32.81514,12.44153
32.81486,12.44153
32.81486,12.44181
32.81458,12.44181
32.81458,12.44264
32.81430,12.44264
32.81430,12.44569
32.81458,12.44569
32.81458,12.44597
32.81486,12.44597
32.81486,12.44653
32.81511,12.44653
32.81514,12.44653
32.81514,12.44681
32.81542,12.44681
32.81542,12.44764
32.81514,12.44764
32.81514,12.44875
32.81486,12.44875
32.81486,12.44931
32.81458,12.44931
32.81458,12.44986
32.81441,12.44986
32.81430,12.44986
32.81430,12.45034
32.81430,12.45069
32.81419,12.45069
32.81403,12.45069
32.81403,12.45097
32.81375,12.45097
32.81375,12.45125
32.81347,12.45125
32.81347,12.45180
32.81319,12.45180
32.81319,12.45292
32.81292,12.45292
32.81292,12.45347
32.81264,12.45347
32.81264,12.45403
32.81236,12.45403
32.81236,12.45486
32.81208,12.45486
32.81208,12.45542
32.81236,12.45542
32.81236,12.45569
32.81264,12.45569
32.81292,12.45569
32.81292,12.45847
32.81264,12.45847
32.81264,12.45903
32.81250,12.45903
32.81236,12.45903
32.81236,12.45931
32.81208,12.45931
32.81208,12.45958
32.81181,12.45958
32.81181,12.46042
32.81153,12.46042
32.81153,12.46125
32.81125,12.46125
32.81125,12.46181
32.81097,12.46181
32.81097,12.46292
32.81125,12.46292
32.81125,12.46319
32.81208,12.46319
32.81208,12.46297
32.81208,12.46292
32.81236,12.46292
32.81236,12.46264
32.81347,12.46264
32.81347,12.46597
32.81319,12.46597
32.81319,12.46681
32.81347,12.46681
32.81347,12.46708
32.81403,12.46708
32.81403,12.46736
32.81430,12.46736
32.81430,12.46819
32.81403,12.46819
32.81403,12.46847
32.81375,12.46847
32.81375,12.46875
32.81347,12.46875
32.81347,12.46903
32.81321,12.46903
32.81319,12.46903
32.81319,12.46910
32.81319,12.46931
32.81313,12.46931
32.81292,12.46931
32.81292,12.46959
32.81264,12.46959
32.81264,12.46986
32.81236,12.46986
32.81236,12.47097
32.81264,12.47097
32.81264,12.47102
32.81264,12.47180
32.81236,12.47180
32.81236,12.47208
32.81211,12.47208
32.81153,12.47208
32.81153,12.47236
32.81097,12.47236
32.81097,12.47208
32.81042,12.47208
32.81042,12.47236
32.81014,12.47236
32.81014,12.47320
32.81042,12.47320
32.81042,12.47347
32.81070,12.47347
32.81070,12.47375
32.81098,12.47375
32.81125,12.47375
32.81125,12.47403
32.81153,12.47403
32.81153,12.47458
32.81125,12.47458
32.81125,12.47514
32.81097,12.47514
32.81097,12.47542
32.81070,12.47542
32.81070,12.47570
32.81042,12.47570
32.81042,12.47542
32.81014,12.47542
32.81014,12.47528
32.81014,12.47514
32.80958,12.47514
32.80958,12.47542
32.80931,12.47542
32.80931,12.47692
32.80931,12.47708
32.80923,12.47708
32.80903,12.47708
32.80903,12.47736
32.80875,12.47736
32.80875,12.47792
32.80847,12.47792
32.80847,12.47847
32.80819,12.47847
32.80819,12.47931
32.80792,12.47931
32.80791,12.48153
32.80764,12.48153
32.80764,12.48208
32.80791,12.48208
32.80791,12.48319
32.80764,12.48319
32.80764,12.48514
32.80791,12.48514
32.80792,12.48570
32.80806,12.48570
32.80819,12.48570
32.80819,12.48708
32.80847,12.48708
32.80847,12.48819
32.80819,12.48819
32.80819,12.48847
32.80792,12.48847
32.80791,12.48958
32.80764,12.48958
32.80764,12.48986
32.80750,12.48986
32.80736,12.48986
32.80736,12.48958
32.80680,12.48958
32.80680,12.48986
32.80653,12.48986
32.80653,12.49069
32.80680,12.49069
32.80680,12.49097
32.80708,12.49097
32.80708,12.49206
32.80708,12.49208
32.80736,12.49208
32.80736,12.49264
32.80708,12.49264
32.80708,12.49486
32.80680,12.49486
32.80680,12.49569
32.80653,12.49569
32.80653,12.49597
32.80637,12.49597
32.80625,12.49597
32.80625,12.49653
32.80597,12.49653
32.80597,12.49680
32.80570,12.49680
32.80570,12.49709
32.80542,12.49709
32.80542,12.49819
32.80570,12.49819
32.80570,12.50014
32.80597,12.50014
32.80597,12.50153
32.80611,12.50153
32.80625,12.50153
32.80625,12.50180
32.80653,12.50180
32.80653,12.50375
32.80680,12.50375
32.80680,12.50458
32.80653,12.50458
32.80653,12.50597
32.80647,12.50597
32.80625,12.50597
32.80625,12.50715
32.80625,12.50792
32.80611,12.50792
32.80597,12.50792
32.80597,12.50869
32.80597,12.50931
32.80586,12.50931
32.80570,12.50931
32.80570,12.51018
32.80570,12.51070
32.80555,12.51070
32.80542,12.51070
32.80542,12.51118
32.80542,12.51236
32.80514,12.51236
32.80514,12.51319
32.80486,12.51319
32.80486,12.51403
32.80459,12.51403
32.80459,12.51458
32.80430,12.51458
32.80430,12.51486
32.80408,12.51486
32.80403,12.51486
32.80403,12.51458
32.80319,12.51458
32.80319,12.51486
32.80292,12.51486
32.80292,12.51597
32.80264,12.51597
32.80264,12.51681
32.80236,12.51681
32.80236,12.51736
32.80181,12.51736
32.80181,12.51764
32.80153,12.51764
32.80153,12.51819
32.80181,12.51819
32.80181,12.51847
32.80208,12.51847
32.80208,12.51875
32.80264,12.51875
32.80264,12.51903
32.80292,12.51903
32.80292,12.51931
32.80319,12.51931
32.80319,12.51933
32.80319,12.51958
32.80328,12.51958
32.80347,12.51958
32.80347,12.52014
32.80375,12.52014
32.80375,12.52153
32.80356,12.52153
32.80347,12.52153
32.80347,12.52191
32.80347,12.52430
32.80319,12.52430
32.80319,12.52542
32.80292,12.52542
32.80292,12.52569
32.80264,12.52569
32.80264,12.52542
32.80263,12.52542
32.80208,12.52542
32.80208,12.52569
32.80181,12.52569
32.80181,12.52698
32.80181,12.52708
32.80208,12.52708
32.80208,12.52736
32.80161,12.52736
32.80097,12.52736
32.80097,12.52764
32.80069,12.52764
32.80069,12.52819
32.80097,12.52819
32.80097,12.52847
32.80133,12.52847
32.80181,12.52847
32.80181,12.53430
32.80153,12.53430
32.80153,12.53458
32.80133,12.53458
32.80125,12.53458
32.80125,12.53514
32.80097,12.53514
32.80097,12.53569
32.80069,12.53569
32.80069,12.53782
32.80069,12.53847
32.80054,12.53847
32.80014,12.53847
32.80014,12.53958
32.79986,12.53958
32.79986,12.54069
32.79958,12.54069
32.79958,12.54153
32.79986,12.54153
32.79986,12.54236
32.80006,12.54236
32.80014,12.54236
32.80014,12.54681
32.79995,12.54681
32.79986,12.54681
32.79986,12.54764
32.79958,12.54764
32.79958,12.54847
32.79931,12.54847
32.79931,12.55069
32.79903,12.55069
32.79903,12.55292
32.79919,12.55292
32.79931,12.55292
32.79937,12.55499
32.79931,12.55542
32.79847,12.55542
32.79847,12.55569
32.79835,12.55569
32.79792,12.55569
32.79792,12.55653
32.79764,12.55653
32.79764,12.55681
32.79736,12.55681
32.79736,12.55736
32.79708,12.55736
32.79708,12.55764
32.79681,12.55764
32.79681,12.55819
32.79653,12.55819
32.79653,12.56264
32.79681,12.56264
32.79681,12.56347
32.79690,12.56347
32.79708,12.56347
32.79708,12.56575
32.79708,12.56736
32.79681,12.56736
32.79681,12.56931
32.79653,12.56931
32.79653,12.57125
32.79625,12.57125
32.79625,12.57319
32.79674,12.57319
32.79681,12.57319
32.79681,12.57569
32.79653,12.57569
32.79653,12.57597
32.79641,12.57597
32.79625,12.57597
32.79625,12.57653
32.79597,12.57653
32.79597,12.57792
32.79570,12.57792
32.79570,12.58070
32.79590,12.58070
32.79597,12.58070
32.79597,12.58431
32.79577,12.58431
32.79570,12.58431
32.79570,12.58458
32.79542,12.58458
32.79542,12.58486
32.79514,12.58486
32.79514,12.58625
32.79542,12.58625
32.79542,12.58653
32.79570,12.58653
32.79570,12.58764
32.79571,12.58764
32.79597,12.58764
32.79597,12.58958
32.79571,12.58958
32.79570,12.58958
32.79570,12.59022
32.79570,12.59042
32.79567,12.59042
32.79542,12.59042
32.79542,12.59208
32.79514,12.59208
32.79514,12.59375
32.79486,12.59375
32.79486,12.59629
32.79486,12.59681
32.79479,12.59681
32.79458,12.59681
32.79458,12.59876
32.79458,12.59903
32.79457,12.59903
32.79430,12.59903
32.79430,12.59958
32.79403,12.59958
32.79403,12.60375
32.79430,12.60375
32.79430,12.60820
32.79446,12.60820
32.79458,12.60820
32.79458,12.61042
32.79449,12.61042
32.79430,12.61042
32.79430,12.61458
32.79449,12.61458
32.79458,12.61458
32.79458,12.61535
32.79458,12.61903
32.79430,12.61903
32.79430,12.62193
32.79430,12.62236
32.79417,12.62236
32.79403,12.62236
32.79403,12.62264
32.79375,12.62264
32.79375,12.62292
32.79347,12.62292
32.79347,12.62319
32.79319,12.62319
32.79319,12.62375
32.79292,12.62375
32.79292,12.62458
32.79264,12.62458
32.79264,12.62625
32.79292,12.62625
32.79292,12.62653
32.79313,12.62653
32.79319,12.62653
32.79319,12.62708
32.79347,12.62708
32.79347,12.63035
32.79347,12.63431
32.79375,12.63431
32.79375,12.63708
32.79403,12.63708
32.79403,12.63889
32.79403,12.63935
32.79403,12.64180
32.79386,12.64180
32.79375,12.64180
32.79375,12.64342
32.79375,12.64958
32.79347,12.64958
32.79347,12.64986
32.79331,12.64986
32.79319,12.64986
32.79319,12.65014
32.79292,12.65014
32.79292,12.65042
32.79264,12.65042
32.79264,12.65069
32.79236,12.65069
32.79236,12.65097
32.79208,12.65097
32.79208,12.65319
32.79181,12.65319
32.79181,12.65347
32.79153,12.65347
32.79153,12.65431
32.79181,12.65431
32.79181,12.65508
32.47412,12.61932
32.46832,12.58472
32.46051,12.39990
32.45532,12.17871
32.47272,12.21552
32.60687,12.23791
32.73029,12.25330
32.86792,12.21991
32.86792,12.22000
32.86792,12.22486
32.86769,12.22486
