# GsakName=Aude
43.32611, 02.92134, 
43.32415, 02.91901, 
43.32378, 02.91880, 
43.32298, 02.91790, 
43.32209, 02.91677, 
43.32148, 02.91563, 
43.32125, 02.91539, 
43.31971, 02.91414, 
43.31997, 02.91232, 
43.31996, 02.91209, 
43.31986, 02.91167, 
43.32024, 02.91019, 
43.32040, 02.91018, 
43.32132, 02.90871, 
43.32181, 02.90734, 
43.32201, 02.90693, 
43.32244, 02.90641, 
43.32260, 02.90612, 
43.32283, 02.90380, 
43.32372, 02.90284, 
43.32494, 02.90022, 
43.32510, 02.89862, 
43.32513, 02.89775, 
43.32599, 02.89561, 
43.32614, 02.89478, 
43.32785, 02.89077, 
43.32822, 02.89048, 
43.32827, 02.89047, 
43.32834, 02.89055, 
43.32858, 02.89043, 
43.32869, 02.89046, 
43.32882, 02.89028, 
43.32877, 02.89015, 
43.32905, 02.89008, 
43.32909, 02.89024, 
43.32914, 02.89025, 
43.32957, 02.89002, 
43.32979, 02.88996, 
43.32998, 02.88687, 
43.33075, 02.88594, 
43.33128, 02.88574, 
43.33256, 02.88619, 
43.33485, 02.88424, 
43.33589, 02.88546, 
43.33706, 02.88650, 
43.33773, 02.88598, 
43.33846, 02.88642, 
43.33895, 02.88651, 
43.33987, 02.88714, 
43.34078, 02.88908, 
43.34132, 02.89140, 
43.34160, 02.89178, 
43.34275, 02.89224, 
43.34359, 02.89238, 
43.34363, 02.89215, 
43.34447, 02.89174, 
43.34539, 02.89095, 
43.34626, 02.89113, 
43.34721, 02.89075, 
43.34755, 02.89054, 
43.34855, 02.89123, 
43.35151, 02.88930, 
43.35151, 02.88930, 
43.35425, 02.88766, 
43.35734, 02.89006, 
43.36109, 02.89424, 
43.36109, 02.89424, 
43.36749, 02.89391, 
43.37139, 02.88291, 
43.37359, 02.87451, 
43.37979, 02.87631, 
43.38143, 02.87450, 
43.38143, 02.87450, 
43.38079, 02.87056, 
43.38149, 02.86908, 
43.38182, 02.86863, 
43.38192, 02.86855, 
43.38203, 02.86853, 
43.38218, 02.86866, 
43.38226, 02.86912, 
43.38237, 02.86947, 
43.38258, 02.86958, 
43.38272, 02.86957, 
43.38302, 02.86928, 
43.38334, 02.86917, 
43.38371, 02.86914, 
43.38408, 02.86847, 
43.38448, 02.86811, 
43.38457, 02.86810, 
43.38457, 02.86810, 
43.37909, 02.85940, 
43.37039, 02.85878, 
43.37039, 02.85878, 
43.36950, 02.85931, 
43.36942, 02.85932, 
43.36902, 02.85914, 
43.36863, 02.85924, 
43.36777, 02.85995, 
43.36728, 02.86064, 
43.36650, 02.86201, 
43.36647, 02.86229, 
43.36608, 02.86304, 
43.36550, 02.86350, 
43.36515, 02.86356, 
43.36422, 02.86339, 
43.36362, 02.86346, 
43.36175, 02.86274, 
43.36157, 02.86274, 
43.36147, 02.86279, 
43.36128, 02.86308, 
43.36121, 02.86328, 
43.36119, 02.86379, 
43.36108, 02.86438, 
43.36111, 02.86479, 
43.36105, 02.86533, 
43.36009, 02.86644, 
43.35964, 02.86733, 
43.35953, 02.86854, 
43.35967, 02.86964, 
43.35958, 02.86984, 
43.35849, 02.86975, 
43.35730, 02.86950, 
43.35603, 02.86973, 
43.35514, 02.86945, 
43.35471, 02.86980, 
43.35442, 02.86986, 
43.35388, 02.86971, 
43.35358, 02.86969, 
43.35280, 02.86996, 
43.35234, 02.87003, 
43.35208, 02.87027, 
43.35119, 02.87078, 
43.35095, 02.87111, 
43.35098, 02.87133, 
43.35080, 02.87174, 
43.35011, 02.87172, 
43.34990, 02.87210, 
43.34994, 02.87247, 
43.34983, 02.87252, 
43.34799, 02.87208, 
43.34736, 02.87216, 
43.34727, 02.87222, 
43.34700, 02.87216, 
43.34650, 02.87218, 
43.34611, 02.87246, 
43.34570, 02.87248, 
43.34531, 02.87260, 
43.34458, 02.87270, 
43.34457, 02.87265, 
43.34416, 02.87250, 
43.34346, 02.87199, 
43.34301, 02.87201, 
43.34290, 02.87196, 
43.34267, 02.87167, 
43.34247, 02.87114, 
43.34037, 02.87577, 
43.33970, 02.87542, 
43.33963, 02.87519, 
43.33928, 02.87478, 
43.33940, 02.87435, 
43.33947, 02.87387, 
43.33945, 02.87306, 
43.33778, 02.87180, 
43.33718, 02.87204, 
43.33624, 02.87184, 
43.33593, 02.87192, 
43.33545, 02.87181, 
43.33508, 02.87194, 
43.33485, 02.87180, 
43.33467, 02.87159, 
43.33459, 02.87106, 
43.33427, 02.87075, 
43.33371, 02.87057, 
43.33300, 02.87045, 
43.33292, 02.87051, 
43.33230, 02.87045, 
43.33116, 02.86955, 
43.32974, 02.86863, 
43.32849, 02.86430, 
43.32774, 02.86153, 
43.32672, 02.85690, 
43.32576, 02.84618, 
43.32576, 02.84618, 
43.32569, 02.84609, 
43.32543, 02.84557, 
43.32349, 02.84198, 
43.32284, 02.84075, 
43.32285, 02.84046, 
43.32283, 02.84032, 
43.32280, 02.84019, 
43.32269, 02.83999, 
43.32259, 02.83964, 
43.32254, 02.83952, 
43.32250, 02.83924, 
43.32247, 02.83917, 
43.32230, 02.83888, 
43.32218, 02.83861, 
43.32214, 02.83849, 
43.32212, 02.83814, 
43.32213, 02.83787, 
43.32228, 02.83729, 
43.32241, 02.83692, 
43.32245, 02.83673, 
43.32255, 02.83656, 
43.32264, 02.83645, 
43.32283, 02.83630, 
43.32280, 02.83606, 
43.32270, 02.83564, 
43.32267, 02.83544, 
43.32270, 02.83495, 
43.32275, 02.83459, 
43.32274, 02.83439, 
43.32264, 02.83360, 
43.32260, 02.83342, 
43.32249, 02.83312, 
43.32229, 02.83225, 
43.32235, 02.83190, 
43.32232, 02.83173, 
43.32224, 02.83143, 
43.32224, 02.83136, 
43.32227, 02.83108, 
43.32227, 02.83091, 
43.32225, 02.83080, 
43.32227, 02.83066, 
43.32235, 02.83039, 
43.32236, 02.83028, 
43.32236, 02.83018, 
43.32231, 02.83000, 
43.32217, 02.82968, 
43.32214, 02.82955, 
43.32228, 02.82870, 
43.32231, 02.82864, 
43.32310, 02.82780, 
43.32312, 02.82776, 
43.32357, 02.82599, 
43.32358, 02.82589, 
43.32354, 02.82391, 
43.32331, 02.82286, 
43.32330, 02.82276, 
43.32345, 02.82232, 
43.32333, 02.82172, 
43.32351, 02.82141, 
43.32354, 02.82124, 
43.32265, 02.81954, 
43.32297, 02.81950, 
43.32336, 02.81927, 
43.32379, 02.81871, 
43.32397, 02.81799, 
43.32397, 02.81799, 
43.32404, 02.81756, 
43.32398, 02.81747, 
43.32352, 02.81264, 
43.32146, 02.80843, 
43.32120, 02.80824, 
43.32122, 02.80811, 
43.32112, 02.80790, 
43.32038, 02.80711, 
43.31959, 02.80575, 
43.31916, 02.80573, 
43.31880, 02.80581, 
43.31823, 02.80520, 
43.31797, 02.80509, 
43.31767, 02.80525, 
43.31755, 02.80522, 
43.31745, 02.80527, 
43.31737, 02.80543, 
43.31706, 02.80562, 
43.31677, 02.80567, 
43.31612, 02.80598, 
43.31603, 02.80618, 
43.31567, 02.80640, 
43.31565, 02.80634, 
43.31528, 02.80672, 
43.31499, 02.80718, 
43.31465, 02.80745, 
43.31462, 02.80804, 
43.31453, 02.80827, 
43.31417, 02.80853, 
43.31409, 02.80882, 
43.31318, 02.81034, 
43.31296, 02.81055, 
43.31271, 02.81060, 
43.31250, 02.81096, 
43.31216, 02.81133, 
43.31200, 02.81214, 
43.31194, 02.81224, 
43.31141, 02.81266, 
43.31141, 02.81309, 
43.31070, 02.81594, 
43.31056, 02.81628, 
43.31050, 02.81681, 
43.31029, 02.81745, 
43.30993, 02.81814, 
43.30979, 02.81822, 
43.30947, 02.81823, 
43.30938, 02.81818, 
43.30887, 02.81755, 
43.30735, 02.81613, 
43.30590, 02.81374, 
43.30518, 02.81207, 
43.30431, 02.80931, 
43.30431, 02.80931, 
43.30278, 02.80720, 
43.29489, 02.79620, 
43.28189, 02.78931, 
43.27446, 02.78703, 
43.27446, 02.78703, 
43.27413, 02.78704, 
43.27351, 02.78688, 
43.27340, 02.78727, 
43.27235, 02.78751, 
43.27077, 02.78601, 
43.27033, 02.78554, 
43.26988, 02.78480, 
43.26761, 02.78340, 
43.26534, 02.77939, 
43.26448, 02.77498, 
43.26331, 02.77480, 
43.26191, 02.77346, 
43.26172, 02.77371, 
43.26108, 02.77330, 
43.26108, 02.77294, 
43.26092, 02.77226, 
43.25975, 02.77216, 
43.25967, 02.77158, 
43.25942, 02.77126, 
43.25893, 02.77127, 
43.25840, 02.77201, 
43.25832, 02.77189, 
43.25781, 02.77219, 
43.25729, 02.76987, 
43.25701, 02.76809, 
43.25670, 02.76660, 
43.25558, 02.76300, 
43.25533, 02.76130, 
43.25474, 02.75256, 
43.25603, 02.75167, 
43.25734, 02.75039, 
43.25848, 02.74884, 
43.25970, 02.74683, 
43.25996, 02.74589, 
43.26072, 02.74469, 
43.26162, 02.74424, 
43.26242, 02.74398, 
43.26323, 02.74343, 
43.26371, 02.74317, 
43.26435, 02.74237, 
43.26456, 02.74185, 
43.26464, 02.74100, 
43.26464, 02.74100, 
43.26515, 02.74032, 
43.26575, 02.73965, 
43.26672, 02.73916, 
43.26732, 02.73773, 
43.26818, 02.73612, 
43.26890, 02.73460, 
43.27010, 02.73117, 
43.27027, 02.73117, 
43.27289, 02.72532, 
43.27476, 02.72064, 
43.27600, 02.71761, 
43.27645, 02.71606, 
43.27712, 02.71465, 
43.27510, 02.71364, 
43.27432, 02.71310, 
43.27473, 02.71168, 
43.27507, 02.71005, 
43.27411, 02.70955, 
43.27390, 02.70946, 
43.27390, 02.70946, 
43.27387, 02.70938, 
43.27384, 02.70928, 
43.27377, 02.70906, 
43.27359, 02.70867, 
43.27359, 02.70747, 
43.27450, 02.70495, 
43.27489, 02.70498, 
43.27661, 02.70319, 
43.27681, 02.70307, 
43.27681, 02.70307, 
43.27820, 02.70235, 
43.27904, 02.70078, 
43.27903, 02.70026, 
43.28012, 02.69890, 
43.28054, 02.69895, 
43.28095, 02.69937, 
43.28126, 02.69937, 
43.28143, 02.69915, 
43.28186, 02.69908, 
43.28241, 02.70066, 
43.28284, 02.70117, 
43.28506, 02.70193, 
43.28547, 02.70198, 
43.28566, 02.70170, 
43.28606, 02.70167, 
43.28664, 02.70188, 
43.28706, 02.70188, 
43.28914, 02.70383, 
43.29433, 02.70689, 
43.29553, 02.70218, 
43.29686, 02.70327, 
43.29855, 02.70512, 
43.29884, 02.70566, 
43.29906, 02.70482, 
43.30037, 02.70275, 
43.30095, 02.70219, 
43.30237, 02.69936, 
43.30248, 02.69845, 
43.30412, 02.69924, 
43.30501, 02.69984, 
43.30523, 02.69949, 
43.30558, 02.69942, 
43.30622, 02.69962, 
43.30652, 02.69925, 
43.30822, 02.69918, 
43.30822, 02.69918, 
43.30858, 02.69872, 
43.30990, 02.70016, 
43.31026, 02.70081, 
43.31043, 02.70136, 
43.31147, 02.70083, 
43.31299, 02.69895, 
43.31350, 02.69862, 
43.31567, 02.69830, 
43.31611, 02.69809, 
43.31645, 02.69728, 
43.31783, 02.69679, 
43.31834, 02.69675, 
43.31827, 02.69632, 
43.31955, 02.69477, 
43.31978, 02.69471, 
43.32019, 02.69417, 
43.32051, 02.69322, 
43.32047, 02.69227, 
43.32063, 02.69186, 
43.32125, 02.69139, 
43.32240, 02.68932, 
43.32256, 02.68927, 
43.32274, 02.68944, 
43.32297, 02.68908, 
43.32273, 02.68871, 
43.32277, 02.68848, 
43.32303, 02.68822, 
43.32310, 02.68790, 
43.32310, 02.68790, 
43.32028, 02.68763, 
43.31696, 02.68765, 
43.31528, 02.68238, 
43.31474, 02.68271, 
43.31435, 02.68280, 
43.31434, 02.68191, 
43.31430, 02.68152, 
43.31430, 02.68077, 
43.31436, 02.68039, 
43.31455, 02.67937, 
43.31455, 02.67884, 
43.31420, 02.67616, 
43.31419, 02.67583, 
43.31411, 02.67570, 
43.31398, 02.67568, 
43.31343, 02.67540, 
43.31295, 02.67524, 
43.31266, 02.67524, 
43.31237, 02.67536, 
43.31206, 02.67554, 
43.31110, 02.67604, 
43.31047, 02.67631, 
43.30946, 02.67682, 
43.30833, 02.67709, 
43.30695, 02.67778, 
43.30655, 02.67788, 
43.30637, 02.67788, 
43.30596, 02.67780, 
43.30593, 02.67773, 
43.30610, 02.67708, 
43.30608, 02.67700, 
43.30542, 02.67663, 
43.30574, 02.67621, 
43.30587, 02.67589, 
43.30599, 02.67546, 
43.30603, 02.67521, 
43.30597, 02.67513, 
43.30575, 02.67534, 
43.30465, 02.67496, 
43.30395, 02.67475, 
43.30319, 02.67441, 
43.30242, 02.67397, 
43.30237, 02.67402, 
43.30235, 02.67398, 
43.30238, 02.67393, 
43.30229, 02.67388, 
43.30256, 02.67350, 
43.30280, 02.67319, 
43.30290, 02.67292, 
43.30294, 02.67268, 
43.30303, 02.67250, 
43.30327, 02.67216, 
43.30336, 02.67207, 
43.30343, 02.67194, 
43.30307, 02.67179, 
43.30279, 02.67177, 
43.30181, 02.67166, 
43.30168, 02.67168, 
43.30119, 02.67179, 
43.30101, 02.67102, 
43.30039, 02.66944, 
43.30028, 02.66903, 
43.30016, 02.66870, 
43.30023, 02.66837, 
43.30008, 02.66793, 
43.29948, 02.66774, 
43.29993, 02.66557, 
43.29881, 02.66543, 
43.29685, 02.66488, 
43.29656, 02.66349, 
43.29623, 02.66055, 
43.29617, 02.65900, 
43.29608, 02.65887, 
43.29462, 02.65862, 
43.29429, 02.65872, 
43.29364, 02.65906, 
43.29291, 02.65935, 
43.29277, 02.65937, 
43.29277, 02.65937, 
43.29370, 02.65587, 
43.29408, 02.65304, 
43.29381, 02.65132, 
43.29386, 02.64942, 
43.29362, 02.64903, 
43.29398, 02.64833, 
43.29443, 02.64422, 
43.29443, 02.64422, 
43.29448, 02.64375, 
43.29612, 02.64312, 
43.29504, 02.63991, 
43.29472, 02.63901, 
43.29538, 02.63757, 
43.29561, 02.63683, 
43.29567, 02.63635, 
43.29583, 02.63598, 
43.29593, 02.63556, 
43.29683, 02.63430, 
43.29727, 02.63377, 
43.29747, 02.63339, 
43.29802, 02.63272, 
43.29835, 02.63219, 
43.29837, 02.63192, 
43.29778, 02.63192, 
43.29704, 02.63207, 
43.29674, 02.63206, 
43.29635, 02.63180, 
43.29605, 02.63133, 
43.29591, 02.63114, 
43.29570, 02.63113, 
43.29549, 02.63095, 
43.29533, 02.63069, 
43.29522, 02.63011, 
43.29469, 02.62965, 
43.29365, 02.62916, 
43.29229, 02.62850, 
43.29007, 02.62764, 
43.28945, 02.62743, 
43.28858, 02.62703, 
43.28591, 02.62084, 
43.28433, 02.61717, 
43.28433, 02.61717, 
43.29809, 02.60133, 
43.29846, 02.60157, 
43.29933, 02.60211, 
43.29939, 02.60172, 
43.30037, 02.60144, 
43.30149, 02.60114, 
43.30223, 02.60147, 
43.30239, 02.60089, 
43.30253, 02.60065, 
43.30453, 02.60081, 
43.30460, 02.60205, 
43.30477, 02.60206, 
43.30484, 02.60226, 
43.30511, 02.60210, 
43.30542, 02.60183, 
43.30565, 02.60188, 
43.30605, 02.60193, 
43.30627, 02.60175, 
43.30698, 02.60125, 
43.30729, 02.60086, 
43.30763, 02.60030, 
43.30772, 02.60008, 
43.30786, 02.59968, 
43.30807, 02.59955, 
43.30840, 02.59940, 
43.30946, 02.59911, 
43.31016, 02.59867, 
43.31033, 02.59835, 
43.31047, 02.59781, 
43.31053, 02.59777, 
43.31061, 02.59890, 
43.31107, 02.59944, 
43.31121, 02.59925, 
43.31399, 02.59977, 
43.31399, 02.59977, 
43.31393, 02.59937, 
43.31393, 02.59902, 
43.31385, 02.59826, 
43.31396, 02.59753, 
43.31419, 02.59741, 
43.31422, 02.59728, 
43.31416, 02.59706, 
43.31421, 02.59683, 
43.31416, 02.59642, 
43.31423, 02.59625, 
43.31498, 02.59605, 
43.31559, 02.59591, 
43.31600, 02.59557, 
43.31617, 02.59527, 
43.31664, 02.59515, 
43.31688, 02.59500, 
43.31706, 02.59481, 
43.31734, 02.59425, 
43.31733, 02.59392, 
43.31733, 02.59358, 
43.31742, 02.59298, 
43.31734, 02.59264, 
43.31736, 02.59247, 
43.31758, 02.59231, 
43.31789, 02.59216, 
43.31797, 02.59196, 
43.31816, 02.59170, 
43.32026, 02.59122, 
43.32099, 02.59113, 
43.32153, 02.59092, 
43.32428, 02.58992, 
43.32598, 02.58913, 
43.32626, 02.58915, 
43.32627, 02.58933, 
43.32789, 02.58905, 
43.32823, 02.58907, 
43.32896, 02.58874, 
43.32951, 02.58795, 
43.33039, 02.58723, 
43.33044, 02.58708, 
43.33145, 02.58629, 
43.33348, 02.58567, 
43.33464, 02.58109, 
43.33474, 02.57960, 
43.33497, 02.57611, 
43.33425, 02.57484, 
43.33452, 02.57068, 
43.33758, 02.55574, 
43.33758, 02.55574, 
43.33671, 02.55364, 
43.33611, 02.55299, 
43.33511, 02.55240, 
43.33416, 02.55159, 
43.33591, 02.54914, 
43.33714, 02.54920, 
43.33860, 02.54772, 
43.34045, 02.54710, 
43.34207, 02.54680, 
43.34480, 02.54463, 
43.34555, 02.53996, 
43.34555, 02.53996, 
43.34604, 02.53999, 
43.34621, 02.54007, 
43.34621, 02.54030, 
43.34600, 02.54062, 
43.34581, 02.54087, 
43.34584, 02.54107, 
43.34600, 02.54112, 
43.34621, 02.54112, 
43.34632, 02.54125, 
43.34636, 02.54171, 
43.34647, 02.54196, 
43.34671, 02.54214, 
43.34696, 02.54234, 
43.34709, 02.54269, 
43.34711, 02.54302, 
43.34725, 02.54333, 
43.34745, 02.54345, 
43.34770, 02.54348, 
43.34814, 02.54349, 
43.34846, 02.54335, 
43.34868, 02.54336, 
43.34880, 02.54348, 
43.34881, 02.54364, 
43.34873, 02.54378, 
43.34856, 02.54397, 
43.34846, 02.54423, 
43.34848, 02.54445, 
43.34858, 02.54456, 
43.34875, 02.54450, 
43.34895, 02.54434, 
43.34925, 02.54471, 
43.34952, 02.54493, 
43.34992, 02.54508, 
43.35036, 02.54543, 
43.35059, 02.54546, 
43.35101, 02.54530, 
43.35115, 02.54535, 
43.35135, 02.54554, 
43.35146, 02.54574, 
43.35159, 02.54637, 
43.35170, 02.54661, 
43.35191, 02.54684, 
43.35208, 02.54681, 
43.35262, 02.54635, 
43.35286, 02.54634, 
43.35309, 02.54622, 
43.35373, 02.54545, 
43.35373, 02.54545, 
43.35412, 02.54541, 
43.35563, 02.54608, 
43.35614, 02.54662, 
43.35664, 02.54751, 
43.35692, 02.54833, 
43.35726, 02.54903, 
43.35765, 02.54947, 
43.35805, 02.54956, 
43.35841, 02.54934, 
43.35888, 02.54923, 
43.35933, 02.54917, 
43.35971, 02.54931, 
43.36003, 02.54911, 
43.36037, 02.54907, 
43.36089, 02.54939, 
43.36122, 02.55000, 
43.36153, 02.55016, 
43.36196, 02.55129, 
43.36158, 02.55198, 
43.36161, 02.55231, 
43.36174, 02.55291, 
43.36192, 02.55301, 
43.36222, 02.55314, 
43.36247, 02.55307, 
43.36254, 02.55270, 
43.36275, 02.55252, 
43.36305, 02.55252, 
43.36341, 02.55261, 
43.36380, 02.55232, 
43.36398, 02.55239, 
43.36421, 02.55292, 
43.36446, 02.55335, 
43.36480, 02.55373, 
43.36488, 02.55420, 
43.36501, 02.55433, 
43.36589, 02.55443, 
43.36605, 02.55466, 
43.36604, 02.55486, 
43.36555, 02.55601, 
43.36576, 02.55673, 
43.36588, 02.55698, 
43.36621, 02.55721, 
43.36669, 02.55731, 
43.36713, 02.55660, 
43.36785, 02.55607, 
43.36819, 02.55619, 
43.36963, 02.55682, 
43.37022, 02.55689, 
43.37022, 02.55689, 
43.37263, 02.55296, 
43.37336, 02.55291, 
43.37449, 02.55328, 
43.37474, 02.55336, 
43.37480, 02.55330, 
43.37557, 02.55297, 
43.37603, 02.55288, 
43.37660, 02.55259, 
43.37724, 02.55179, 
43.37735, 02.55178, 
43.37850, 02.55182, 
43.37897, 02.55242, 
43.37936, 02.55288, 
43.37959, 02.55315, 
43.38089, 02.55326, 
43.38255, 02.55348, 
43.38291, 02.55348, 
43.38385, 02.55501, 
43.38476, 02.55657, 
43.38704, 02.55585, 
43.38801, 02.55550, 
43.38830, 02.55540, 
43.38852, 02.55570, 
43.38968, 02.55717, 
43.39334, 02.55991, 
43.39513, 02.56310, 
43.39518, 02.56313, 
43.39589, 02.56392, 
43.39777, 02.56586, 
43.39777, 02.56586, 
43.39787, 02.56698, 
43.39945, 02.56806, 
43.40026, 02.56904, 
43.39991, 02.57141, 
43.39973, 02.57246, 
43.39956, 02.57354, 
43.39956, 02.57354, 
43.39828, 02.57678, 
43.39813, 02.58018, 
43.39901, 02.58645, 
43.39958, 02.58732, 
43.40070, 02.58820, 
43.40160, 02.58959, 
43.40340, 02.59300, 
43.40602, 02.59197, 
43.40705, 02.59244, 
43.40827, 02.59417, 
43.40835, 02.59438, 
43.40862, 02.59473, 
43.41014, 02.59497, 
43.41098, 02.59475, 
43.41204, 02.59399, 
43.41235, 02.58886, 
43.41213, 02.58684, 
43.41229, 02.58567, 
43.41227, 02.58305, 
43.41257, 02.58007, 
43.41309, 02.57963, 
43.41516, 02.57959, 
43.41713, 02.57792, 
43.41713, 02.57792, 
43.41794, 02.57585, 
43.41856, 02.57507, 
43.41919, 02.57418, 
43.41977, 02.57368, 
43.42087, 02.57072, 
43.42166, 02.56942, 
43.42268, 02.56603, 
43.42268, 02.56603, 
43.42263, 02.56506, 
43.42139, 02.56294, 
43.42031, 02.56114, 
43.42046, 02.56088, 
43.42319, 02.55661, 
43.42418, 02.55474, 
43.42429, 02.55432, 
43.42466, 02.55295, 
43.42467, 02.55250, 
43.42468, 02.55188, 
43.42471, 02.55116, 
43.42472, 02.55044, 
43.42468, 02.55008, 
43.42444, 02.54755, 
43.42434, 02.54652, 
43.42441, 02.54605, 
43.42456, 02.54527, 
43.42466, 02.54468, 
43.42492, 02.54323, 
43.42506, 02.54241, 
43.42505, 02.54202, 
43.42505, 02.54150, 
43.42475, 02.53917, 
43.42442, 02.53331, 
43.42427, 02.53280, 
43.42411, 02.53211, 
43.42379, 02.53120, 
43.42368, 02.53046, 
43.42333, 02.53002, 
43.42343, 02.52666, 
43.42352, 02.52501, 
43.42347, 02.52372, 
43.42355, 02.52322, 
43.42365, 02.51903, 
43.42365, 02.51903, 
43.42457, 02.51845, 
43.42490, 02.51822, 
43.42628, 02.51628, 
43.42722, 02.51502, 
43.42983, 02.51205, 
43.42887, 02.50827, 
43.42937, 02.50442, 
43.42915, 02.50274, 
43.42996, 02.50165, 
43.43012, 02.50135, 
43.43110, 02.49908, 
43.43156, 02.49840, 
43.43187, 02.49786, 
43.43267, 02.49712, 
43.43454, 02.49768, 
43.43635, 02.49737, 
43.43706, 02.49694, 
43.43708, 02.49460, 
43.43708, 02.49460, 
43.43768, 02.49261, 
43.43782, 02.49222, 
43.43814, 02.49167, 
43.43835, 02.49061, 
43.43673, 02.48644, 
43.43676, 02.48426, 
43.43684, 02.48396, 
43.43684, 02.48286, 
43.43690, 02.48168, 
43.43694, 02.48133, 
43.43687, 02.48063, 
43.43674, 02.47937, 
43.43663, 02.47853, 
43.43679, 02.47568, 
43.43739, 02.47468, 
43.43687, 02.47445, 
43.43687, 02.47445, 
43.43652, 02.47436, 
43.43636, 02.47399, 
43.43627, 02.47324, 
43.43630, 02.47269, 
43.43626, 02.47243, 
43.43593, 02.47206, 
43.43598, 02.47174, 
43.43581, 02.47123, 
43.43557, 02.47082, 
43.43553, 02.47049, 
43.43529, 02.46979, 
43.43515, 02.46928, 
43.43515, 02.46928, 
43.43511, 02.46792, 
43.43530, 02.46673, 
43.43586, 02.46497, 
43.43568, 02.46462, 
43.43569, 02.46430, 
43.43556, 02.46399, 
43.43577, 02.46355, 
43.43573, 02.46309, 
43.43513, 02.46202, 
43.43492, 02.46119, 
43.43366, 02.46059, 
43.43291, 02.45948, 
43.43291, 02.45948, 
43.43322, 02.45732, 
43.43283, 02.45675, 
43.43276, 02.45596, 
43.43208, 02.45412, 
43.43213, 02.45327, 
43.43182, 02.45248, 
43.43251, 02.44997, 
43.43268, 02.44963, 
43.43270, 02.44867, 
43.43280, 02.44815, 
43.43277, 02.44717, 
43.43332, 02.44673, 
43.43330, 02.44641, 
43.43349, 02.44615, 
43.43374, 02.44519, 
43.43372, 02.44404, 
43.43388, 02.44369, 
43.43398, 02.44314, 
43.43395, 02.44272, 
43.43408, 02.44235, 
43.43435, 02.44212, 
43.43447, 02.44149, 
43.43450, 02.44093, 
43.43428, 02.44073, 
43.43419, 02.43938, 
43.43427, 02.43839, 
43.43420, 02.43798, 
43.43481, 02.43680, 
43.43467, 02.43632, 
43.43494, 02.43580, 
43.43506, 02.43511, 
43.43487, 02.43447, 
43.43453, 02.43413, 
43.43413, 02.43298, 
43.43417, 02.43270, 
43.43431, 02.43236, 
43.43464, 02.43225, 
43.43490, 02.43236, 
43.43535, 02.43210, 
43.43552, 02.43173, 
43.43584, 02.43134, 
43.43599, 02.43081, 
43.43565, 02.42954, 
43.43586, 02.42872, 
43.43556, 02.42781, 
43.43510, 02.42727, 
43.43509, 02.42680, 
43.43478, 02.42662, 
43.43461, 02.42640, 
43.43433, 02.42631, 
43.43420, 02.42639, 
43.43391, 02.42630, 
43.43359, 02.42605, 
43.43311, 02.42549, 
43.43277, 02.42520, 
43.43271, 02.42501, 
43.43261, 02.42487, 
43.43266, 02.42468, 
43.43253, 02.42448, 
43.43155, 02.42357, 
43.43136, 02.42348, 
43.43118, 02.42342, 
43.43118, 02.42342, 
43.43104, 02.42332, 
43.43084, 02.42309, 
43.43067, 02.42273, 
43.43039, 02.42246, 
43.43024, 02.42227, 
43.42995, 02.42162, 
43.42990, 02.42131, 
43.42965, 02.42071, 
43.42960, 02.42060, 
43.42950, 02.42055, 
43.42935, 02.42057, 
43.42915, 02.42060, 
43.42896, 02.42056, 
43.42881, 02.42049, 
43.42851, 02.42046, 
43.42842, 02.42039, 
43.42837, 02.42027, 
43.42834, 02.41968, 
43.42856, 02.41950, 
43.42869, 02.41935, 
43.42876, 02.41916, 
43.42874, 02.41902, 
43.42849, 02.41851, 
43.42834, 02.41833, 
43.42810, 02.41814, 
43.42799, 02.41797, 
43.42791, 02.41772, 
43.42775, 02.41760, 
43.42767, 02.41748, 
43.42789, 02.41684, 
43.42791, 02.41656, 
43.42786, 02.41620, 
43.42770, 02.41588, 
43.42774, 02.41578, 
43.42757, 02.41500, 
43.42747, 02.41471, 
43.42731, 02.41450, 
43.42718, 02.41438, 
43.42693, 02.41432, 
43.42678, 02.41425, 
43.42665, 02.41410, 
43.42654, 02.41381, 
43.42635, 02.41281, 
43.42627, 02.41264, 
43.42599, 02.41244, 
43.42595, 02.41217, 
43.42580, 02.41190, 
43.42590, 02.41164, 
43.42590, 02.41149, 
43.42573, 02.41080, 
43.42563, 02.41055, 
43.42561, 02.41017, 
43.42548, 02.40992, 
43.42547, 02.40965, 
43.42526, 02.40915, 
43.42523, 02.40860, 
43.42519, 02.40836, 
43.42492, 02.40748, 
43.42472, 02.40702, 
43.42471, 02.40593, 
43.42481, 02.40531, 
43.42485, 02.40471, 
43.42482, 02.40375, 
43.42492, 02.40312, 
43.42492, 02.40312, 
43.42477, 02.40310, 
43.42448, 02.40331, 
43.42437, 02.40360, 
43.42393, 02.40405, 
43.42380, 02.40401, 
43.42360, 02.40412, 
43.42342, 02.40427, 
43.42310, 02.40435, 
43.42215, 02.40521, 
43.42194, 02.40553, 
43.42162, 02.40584, 
43.42113, 02.40641, 
43.42095, 02.40655, 
43.42070, 02.40659, 
43.42050, 02.40645, 
43.41987, 02.40674, 
43.41949, 02.40703, 
43.41949, 02.40703, 
43.41928, 02.40677, 
43.41925, 02.40635, 
43.41929, 02.40622, 
43.41927, 02.40602, 
43.41936, 02.40584, 
43.41944, 02.40558, 
43.41950, 02.40531, 
43.41947, 02.40510, 
43.41936, 02.40482, 
43.41900, 02.40449, 
43.41853, 02.40388, 
43.41848, 02.40369, 
43.41832, 02.40361, 
43.41788, 02.40301, 
43.41766, 02.40275, 
43.41750, 02.40248, 
43.41715, 02.40204, 
43.41696, 02.40148, 
43.41685, 02.40136, 
43.41682, 02.40123, 
43.41672, 02.40101, 
43.41691, 02.40054, 
43.41697, 02.39875, 
43.41692, 02.39852, 
43.41692, 02.39825, 
43.41666, 02.39742, 
43.41655, 02.39721, 
43.41657, 02.39692, 
43.41671, 02.39651, 
43.41692, 02.39624, 
43.41705, 02.39596, 
43.41724, 02.39574, 
43.41724, 02.39565, 
43.41755, 02.39559, 
43.41764, 02.39538, 
43.41782, 02.39530, 
43.41802, 02.39507, 
43.41837, 02.39509, 
43.41866, 02.39497, 
43.41914, 02.39415, 
43.41948, 02.39365, 
43.41961, 02.39332, 
43.41961, 02.39332, 
43.41953, 02.39311, 
43.41977, 02.39193, 
43.41981, 02.39159, 
43.41986, 02.39123, 
43.41990, 02.38963, 
43.41962, 02.38811, 
43.41870, 02.38414, 
43.42039, 02.38338, 
43.42105, 02.38289, 
43.42142, 02.38252, 
43.42202, 02.38175, 
43.42233, 02.38115, 
43.42287, 02.37984, 
43.42315, 02.37881, 
43.42325, 02.37811, 
43.42326, 02.37762, 
43.42336, 02.37626, 
43.42298, 02.37546, 
43.42292, 02.37516, 
43.42346, 02.36757, 
43.42402, 02.36490, 
43.42429, 02.36407, 
43.42470, 02.36313, 
43.42553, 02.36169, 
43.43122, 02.35254, 
43.43284, 02.34833, 
43.43277, 02.34629, 
43.43256, 02.34366, 
43.43229, 02.34191, 
43.43361, 02.33922, 
43.43415, 02.33829, 
43.43555, 02.33704, 
43.43703, 02.33522, 
43.43736, 02.33326, 
43.43808, 02.33190, 
43.43845, 02.32982, 
43.43877, 02.32713, 
43.43866, 02.32458, 
43.43992, 02.31801, 
43.44008, 02.31606, 
43.44149, 02.31166, 
43.44432, 02.30897, 
43.44723, 02.30649, 
43.44762, 02.30394, 
43.44730, 02.30341, 
43.44692, 02.30189, 
43.44607, 02.29951, 
43.44607, 02.29951, 
43.44477, 02.29625, 
43.44439, 02.29454, 
43.44421, 02.29222, 
43.44435, 02.29009, 
43.44405, 02.28591, 
43.44361, 02.28505, 
43.44226, 02.28327, 
43.44107, 02.28197, 
43.44173, 02.28084, 
43.44274, 02.27976, 
43.44579, 02.27505, 
43.44731, 02.27368, 
43.44938, 02.27018, 
43.44970, 02.26919, 
43.45120, 02.26776, 
43.45193, 02.26674, 
43.45288, 02.26576, 
43.45324, 02.26554, 
43.45362, 02.26506, 
43.45398, 02.26470, 
43.45470, 02.26472, 
43.45613, 02.26345, 
43.45676, 02.26309, 
43.45742, 02.26252, 
43.45805, 02.26226, 
43.45885, 02.26204, 
43.45946, 02.26193, 
43.45946, 02.26193, 
43.45905, 02.26085, 
43.45748, 02.25910, 
43.45229, 02.25610, 
43.45179, 02.24891, 
43.43459, 02.23891, 
43.43079, 02.23431, 
43.43079, 02.22611, 
43.42769, 02.22371, 
43.40248, 02.22680, 
43.38889, 02.22061, 
43.38599, 02.21340, 
43.38809, 02.20450, 
43.39479, 02.19260, 
43.39629, 02.19000, 
43.41719, 02.17280, 
43.41739, 02.16581, 
43.42009, 02.16390, 
43.41278, 02.15561, 
43.41079, 02.14181, 
43.40618, 02.14281, 
43.40332, 02.13345, 
43.40333, 02.13331, 
43.40333, 02.13331, 
43.40358, 02.13286, 
43.40354, 02.13265, 
43.40314, 02.13227, 
43.40307, 02.13211, 
43.40280, 02.13191, 
43.40244, 02.13187, 
43.40214, 02.13161, 
43.40198, 02.13148, 
43.40191, 02.13135, 
43.40190, 02.13106, 
43.40186, 02.13086, 
43.40147, 02.13011, 
43.40121, 02.12987, 
43.40084, 02.12996, 
43.40040, 02.13003, 
43.40013, 02.12984, 
43.39989, 02.12959, 
43.39975, 02.12922, 
43.39970, 02.12891, 
43.39954, 02.12825, 
43.39934, 02.12794, 
43.39933, 02.12751, 
43.39924, 02.12723, 
43.39928, 02.12675, 
43.39928, 02.12623, 
43.39952, 02.12589, 
43.39982, 02.12569, 
43.40001, 02.12537, 
43.40009, 02.12493, 
43.40004, 02.12460, 
43.39991, 02.12429, 
43.39964, 02.12400, 
43.39944, 02.12380, 
43.39935, 02.12358, 
43.39940, 02.12311, 
43.39939, 02.12242, 
43.39925, 02.12206, 
43.39920, 02.12180, 
43.39923, 02.12152, 
43.39947, 02.12077, 
43.39951, 02.11937, 
43.39954, 02.11892, 
43.39947, 02.11813, 
43.39935, 02.11780, 
43.39913, 02.11771, 
43.39887, 02.11774, 
43.39873, 02.11772, 
43.39868, 02.11753, 
43.39877, 02.11689, 
43.39886, 02.11669, 
43.39884, 02.11637, 
43.39862, 02.11601, 
43.39856, 02.11573, 
43.39857, 02.11553, 
43.39877, 02.11485, 
43.39878, 02.11459, 
43.39894, 02.11390, 
43.39896, 02.11357, 
43.39887, 02.11332, 
43.39870, 02.11327, 
43.39838, 02.11309, 
43.39811, 02.11311, 
43.39789, 02.11287, 
43.39764, 02.11283, 
43.39745, 02.11276, 
43.39723, 02.11276, 
43.39707, 02.11246, 
43.39681, 02.11240, 
43.39658, 02.11209, 
43.39616, 02.11116, 
43.39618, 02.11095, 
43.39630, 02.11085, 
43.39664, 02.11076, 
43.39664, 02.11076, 
43.39419, 02.10713, 
43.39866, 02.09135, 
43.40039, 02.08701, 
43.39779, 02.07911, 
43.39758, 02.07511, 
43.39625, 02.07244, 
43.39625, 02.07244, 
43.39680, 02.07225, 
43.39735, 02.07198, 
43.39797, 02.07171, 
43.39833, 02.07141, 
43.39855, 02.07083, 
43.39861, 02.07036, 
43.39887, 02.07005, 
43.39911, 02.06979, 
43.39951, 02.06934, 
43.40013, 02.06888, 
43.40057, 02.06868, 
43.40097, 02.06858, 
43.40130, 02.06831, 
43.40173, 02.06817, 
43.40230, 02.06839, 
43.40250, 02.06823, 
43.40305, 02.06826, 
43.40331, 02.06815, 
43.40379, 02.06755, 
43.40412, 02.06730, 
43.40448, 02.06674, 
43.40517, 02.06625, 
43.40528, 02.06647, 
43.40593, 02.06761, 
43.40594, 02.06780, 
43.40607, 02.06816, 
43.40625, 02.06907, 
43.40629, 02.06962, 
43.40635, 02.07061, 
43.40621, 02.07131, 
43.40634, 02.07163, 
43.40685, 02.07170, 
43.40688, 02.07151, 
43.40742, 02.07108, 
43.40767, 02.07067, 
43.40804, 02.07030, 
43.40812, 02.06969, 
43.40831, 02.06941, 
43.40905, 02.06870, 
43.40991, 02.06860, 
43.41028, 02.06840, 
43.41056, 02.06836, 
43.41080, 02.06811, 
43.41067, 02.06767, 
43.41088, 02.06686, 
43.41116, 02.06646, 
43.41123, 02.06542, 
43.41152, 02.06526, 
43.41187, 02.06496, 
43.41210, 02.06443, 
43.41233, 02.06417, 
43.41269, 02.06376, 
43.41311, 02.06383, 
43.41335, 02.06318, 
43.41356, 02.06318, 
43.41375, 02.06302, 
43.41403, 02.06256, 
43.41458, 02.06175, 
43.41490, 02.06160, 
43.41516, 02.06125, 
43.41537, 02.06122, 
43.41584, 02.06124, 
43.41658, 02.06095, 
43.41728, 02.06103, 
43.41785, 02.06083, 
43.41839, 02.06096, 
43.41872, 02.06125, 
43.41890, 02.06126, 
43.41922, 02.06070, 
43.41928, 02.06016, 
43.41959, 02.05990, 
43.41982, 02.05955, 
43.42011, 02.05953, 
43.42071, 02.05940, 
43.42088, 02.05895, 
43.42109, 02.05897, 
43.42124, 02.05915, 
43.42149, 02.05919, 
43.42198, 02.05868, 
43.42202, 02.05822, 
43.42240, 02.05749, 
43.42268, 02.05745, 
43.42319, 02.05700, 
43.42339, 02.05651, 
43.42394, 02.05626, 
43.42441, 02.05618, 
43.42457, 02.05607, 
43.42480, 02.05570, 
43.42503, 02.05557, 
43.42541, 02.05568, 
43.42564, 02.05551, 
43.42571, 02.05514, 
43.42594, 02.05494, 
43.42628, 02.05503, 
43.42640, 02.05464, 
43.42665, 02.05445, 
43.42715, 02.05452, 
43.42766, 02.05498, 
43.42802, 02.05533, 
43.42830, 02.05520, 
43.42854, 02.05475, 
43.42904, 02.05428, 
43.43017, 02.05327, 
43.43045, 02.05292, 
43.43045, 02.05292, 
43.43061, 02.05287, 
43.43067, 02.05274, 
43.43063, 02.05223, 
43.43082, 02.05186, 
43.43094, 02.05178, 
43.43114, 02.05124, 
43.43116, 02.05105, 
43.43129, 02.05072, 
43.43140, 02.05054, 
43.43165, 02.05032, 
43.43182, 02.04978, 
43.43182, 02.04959, 
43.43204, 02.04897, 
43.43236, 02.04897, 
43.43270, 02.04851, 
43.43275, 02.04833, 
43.43289, 02.04828, 
43.43306, 02.04789, 
43.43300, 02.04757, 
43.43320, 02.04701, 
43.43313, 02.04660, 
43.43333, 02.04635, 
43.43357, 02.04625, 
43.43366, 02.04608, 
43.43388, 02.04551, 
43.43414, 02.04529, 
43.43414, 02.04467, 
43.43420, 02.04426, 
43.43419, 02.04411, 
43.43402, 02.04393, 
43.43401, 02.04362, 
43.43393, 02.04313, 
43.43396, 02.04300, 
43.43410, 02.04290, 
43.43415, 02.04283, 
43.43413, 02.04273, 
43.43406, 02.04263, 
43.43400, 02.04206, 
43.43399, 02.04173, 
43.43402, 02.04156, 
43.43410, 02.04154, 
43.43427, 02.04172, 
43.43435, 02.04170, 
43.43432, 02.04059, 
43.43463, 02.04046, 
43.43465, 02.04035, 
43.43439, 02.04007, 
43.43447, 02.03971, 
43.43457, 02.03956, 
43.43467, 02.03957, 
43.43478, 02.03974, 
43.43488, 02.03967, 
43.43489, 02.03948, 
43.43499, 02.03941, 
43.43680, 02.02917, 
43.43680, 02.02917, 
43.43469, 02.03019, 
43.43376, 02.03059, 
43.43330, 02.03071, 
43.43269, 02.03072, 
43.43172, 02.03091, 
43.43090, 02.03143, 
43.43058, 02.03199, 
43.43011, 02.03230, 
43.42998, 02.03252, 
43.42976, 02.03265, 
43.42974, 02.03288, 
43.42920, 02.03371, 
43.42875, 02.03424, 
43.42883, 02.03446, 
43.42861, 02.03475, 
43.42848, 02.03519, 
43.42777, 02.03615, 
43.42740, 02.03650, 
43.42712, 02.03710, 
43.42669, 02.03758, 
43.42655, 02.03764, 
43.42643, 02.03779, 
43.42638, 02.03793, 
43.42600, 02.03827, 
43.42558, 02.03850, 
43.42484, 02.03912, 
43.42411, 02.03955, 
43.42379, 02.03907, 
43.42338, 02.03866, 
43.42286, 02.03830, 
43.42242, 02.03779, 
43.42091, 02.03459, 
43.42084, 02.03439, 
43.42025, 02.03299, 
43.41917, 02.03045, 
43.41940, 02.02971, 
43.41961, 02.02901, 
43.41962, 02.02887, 
43.41971, 02.02857, 
43.41967, 02.02848, 
43.41972, 02.02832, 
43.41984, 02.02823, 
43.41986, 02.02814, 
43.41984, 02.02806, 
43.41988, 02.02796, 
43.41988, 02.02789, 
43.42000, 02.02758, 
43.42001, 02.02747, 
43.42011, 02.02719, 
43.42028, 02.02691, 
43.42048, 02.02685, 
43.42061, 02.02688, 
43.42070, 02.02677, 
43.42073, 02.02669, 
43.42101, 02.02650, 
43.42115, 02.02631, 
43.42125, 02.02612, 
43.42128, 02.02603, 
43.42141, 02.02572, 
43.42141, 02.02559, 
43.42150, 02.02545, 
43.42158, 02.02517, 
43.42167, 02.02504, 
43.42174, 02.02488, 
43.42174, 02.02482, 
43.42184, 02.02457, 
43.42191, 02.02446, 
43.42205, 02.02411, 
43.42221, 02.02380, 
43.42223, 02.02367, 
43.42231, 02.02352, 
43.42233, 02.02338, 
43.42245, 02.02331, 
43.42251, 02.02318, 
43.42251, 02.02310, 
43.42253, 02.02301, 
43.42246, 02.02294, 
43.42255, 02.02280, 
43.42263, 02.02261, 
43.42278, 02.02244, 
43.42276, 02.02229, 
43.42280, 02.02218, 
43.42286, 02.02211, 
43.42286, 02.02201, 
43.42293, 02.02178, 
43.42291, 02.02168, 
43.42294, 02.02156, 
43.42290, 02.02121, 
43.42290, 02.02100, 
43.42286, 02.02079, 
43.42287, 02.02061, 
43.42282, 02.02047, 
43.42282, 02.02047, 
43.42267, 02.02031, 
43.42253, 02.02001, 
43.42221, 02.01935, 
43.42177, 02.01839, 
43.42177, 02.01839, 
43.42133, 02.01821, 
43.42109, 02.01769, 
43.42096, 02.01755, 
43.42037, 02.01748, 
43.41969, 02.01756, 
43.41963, 02.01753, 
43.41938, 02.01718, 
43.41918, 02.01705, 
43.41890, 02.01695, 
43.41859, 02.01678, 
43.41822, 02.01670, 
43.41816, 02.01657, 
43.41816, 02.01611, 
43.41809, 02.01560, 
43.41779, 02.01481, 
43.41755, 02.01460, 
43.41723, 02.01438, 
43.41688, 02.01421, 
43.41654, 02.01423, 
43.41613, 02.01437, 
43.41521, 02.01437, 
43.41476, 02.01430, 
43.41476, 02.01430, 
43.41490, 02.01321, 
43.41496, 02.01253, 
43.41494, 02.01191, 
43.41489, 02.01137, 
43.41481, 02.01063, 
43.41466, 02.00982, 
43.41475, 02.00777, 
43.41478, 02.00748, 
43.41476, 02.00702, 
43.41461, 02.00658, 
43.41403, 02.00549, 
43.41396, 02.00517, 
43.41376, 02.00458, 
43.41373, 02.00432, 
43.41379, 02.00368, 
43.41379, 02.00313, 
43.41390, 02.00209, 
43.41392, 02.00097, 
43.41369, 01.99958, 
43.41352, 01.99900, 
43.41316, 01.99758, 
43.41276, 01.99678, 
43.41199, 01.99575, 
43.41189, 01.99565, 
43.41143, 01.99513, 
43.41110, 01.99486, 
43.41060, 01.99405, 
43.41013, 01.99285, 
43.40979, 01.99235, 
43.40899, 01.99163, 
43.40846, 01.99081, 
43.40776, 01.98925, 
43.40752, 01.98801, 
43.40952, 01.98579, 
43.41088, 01.98413, 
43.41149, 01.98352, 
43.41293, 01.98270, 
43.41362, 01.98222, 
43.41423, 01.98192, 
43.41450, 01.98186, 
43.41486, 01.98169, 
43.41532, 01.98153, 
43.41656, 01.98037, 
43.41833, 01.97818, 
43.41619, 01.97811, 
43.41446, 01.97873, 
43.41456, 01.97856, 
43.41499, 01.97757, 
43.41572, 01.97717, 
43.41614, 01.97673, 
43.41724, 01.97439, 
43.41765, 01.97379, 
43.41852, 01.97282, 
43.41891, 01.97254, 
43.41918, 01.97247, 
43.41924, 01.97241, 
43.42018, 01.97237, 
43.42089, 01.97217, 
43.42073, 01.97126, 
43.41900, 01.96871, 
43.41899, 01.96862, 
43.41872, 01.96826, 
43.41838, 01.96806, 
43.41777, 01.96810, 
43.41744, 01.96806, 
43.41692, 01.96793, 
43.41670, 01.96776, 
43.41670, 01.96769, 
43.41522, 01.96594, 
43.41537, 01.96579, 
43.41710, 01.96294, 
43.41746, 01.96261, 
43.41800, 01.96225, 
43.41854, 01.96201, 
43.41869, 01.96200, 
43.41917, 01.96260, 
43.41938, 01.96269, 
43.41998, 01.96325, 
43.42210, 01.96371, 
43.42252, 01.96381, 
43.42270, 01.96390, 
43.42270, 01.96390, 
43.42323, 01.96204, 
43.42342, 01.96127, 
43.42392, 01.96075, 
43.42454, 01.95945, 
43.42493, 01.95896, 
43.42517, 01.95865, 
43.42555, 01.95798, 
43.42555, 01.95798, 
43.42558, 01.95796, 
43.42558, 01.95715, 
43.42548, 01.95650, 
43.42553, 01.95613, 
43.42574, 01.95560, 
43.42637, 01.95475, 
43.42645, 01.95428, 
43.42401, 01.95454, 
43.42001, 01.95020, 
43.41958, 01.94964, 
43.41942, 01.94975, 
43.41945, 01.94872, 
43.41965, 01.94750, 
43.42002, 01.94620, 
43.42081, 01.94413, 
43.42223, 01.94057, 
43.42298, 01.93792, 
43.42334, 01.93707, 
43.42518, 01.93447, 
43.42469, 01.93347, 
43.42430, 01.93290, 
43.42442, 01.93245, 
43.42411, 01.93205, 
43.42355, 01.93097, 
43.42179, 01.92758, 
43.42200, 01.92663, 
43.42119, 01.92588, 
43.42125, 01.92563, 
43.42093, 01.92533, 
43.42113, 01.92343, 
43.42124, 01.92297, 
43.42159, 01.92051, 
43.42097, 01.92032, 
43.42141, 01.91906, 
43.42040, 01.91822, 
43.42024, 01.91816, 
43.41984, 01.91893, 
43.41943, 01.91910, 
43.41885, 01.91923, 
43.41873, 01.91948, 
43.41822, 01.91985, 
43.41792, 01.92008, 
43.41759, 01.92013, 
43.41652, 01.91977, 
43.41631, 01.92003, 
43.41623, 01.92031, 
43.41570, 01.92032, 
43.41544, 01.92071, 
43.41517, 01.92094, 
43.41416, 01.92108, 
43.41398, 01.92124, 
43.41350, 01.92128, 
43.41323, 01.92031, 
43.41325, 01.92000, 
43.41307, 01.91926, 
43.41270, 01.91885, 
43.41241, 01.91831, 
43.41211, 01.91826, 
43.41172, 01.91808, 
43.41053, 01.91827, 
43.41021, 01.91812, 
43.40976, 01.91788, 
43.40954, 01.91763, 
43.40905, 01.91737, 
43.40865, 01.91746, 
43.40844, 01.91725, 
43.40784, 01.91719, 
43.40765, 01.91727, 
43.40732, 01.91686, 
43.40727, 01.91644, 
43.40746, 01.91628, 
43.40734, 01.91505, 
43.40715, 01.91439, 
43.40686, 01.91394, 
43.40677, 01.91370, 
43.40689, 01.91342, 
43.40692, 01.91262, 
43.40686, 01.91182, 
43.40663, 01.91145, 
43.40662, 01.91109, 
43.40643, 01.91077, 
43.40627, 01.91029, 
43.40557, 01.91113, 
43.40461, 01.91200, 
43.40429, 01.91034, 
43.40338, 01.91119, 
43.40088, 01.91458, 
43.40003, 01.91339, 
43.39933, 01.91228, 
43.39902, 01.91169, 
43.39891, 01.91165, 
43.39765, 01.91086, 
43.39765, 01.91086, 
43.39671, 01.90893, 
43.39369, 01.90708, 
43.39410, 01.90601, 
43.39342, 01.90463, 
43.39402, 01.90248, 
43.39510, 01.90163, 
43.39560, 01.90042, 
43.39575, 01.89939, 
43.39594, 01.89899, 
43.39663, 01.89769, 
43.39657, 01.89658, 
43.39661, 01.89616, 
43.39681, 01.89581, 
43.39681, 01.89545, 
43.39681, 01.89545, 
43.39699, 01.89567, 
43.39722, 01.89563, 
43.39758, 01.89573, 
43.39773, 01.89615, 
43.39811, 01.89634, 
43.39819, 01.89662, 
43.39841, 01.89704, 
43.39880, 01.89717, 
43.39898, 01.89695, 
43.39915, 01.89673, 
43.39941, 01.89654, 
43.39981, 01.89712, 
43.40018, 01.89729, 
43.40033, 01.89763, 
43.40126, 01.89754, 
43.40180, 01.89756, 
43.40217, 01.89799, 
43.40296, 01.89812, 
43.40314, 01.89879, 
43.40349, 01.89936, 
43.40369, 01.89901, 
43.40469, 01.90054, 
43.40371, 01.90213, 
43.40564, 01.90352, 
43.40601, 01.90187, 
43.40651, 01.90192, 
43.40681, 01.90162, 
43.40726, 01.90084, 
43.40744, 01.89937, 
43.40783, 01.89992, 
43.40755, 01.90220, 
43.40746, 01.90451, 
43.40764, 01.90489, 
43.40790, 01.90471, 
43.40843, 01.90452, 
43.40909, 01.90359, 
43.40969, 01.90216, 
43.41037, 01.90094, 
43.41148, 01.89838, 
43.41226, 01.89746, 
43.41556, 01.89738, 
43.41767, 01.89664, 
43.41737, 01.89615, 
43.41837, 01.89581, 
43.41865, 01.89510, 
43.41863, 01.89437, 
43.41844, 01.89395, 
43.41859, 01.89345, 
43.41904, 01.89212, 
43.41938, 01.89155, 
43.41963, 01.89065, 
43.41981, 01.89017, 
43.42044, 01.88934, 
43.42089, 01.88925, 
43.42138, 01.88849, 
43.42188, 01.88835, 
43.42394, 01.88681, 
43.42394, 01.88649, 
43.42367, 01.88602, 
43.42374, 01.88549, 
43.42406, 01.88483, 
43.42400, 01.88451, 
43.42471, 01.88323, 
43.42599, 01.88247, 
43.42644, 01.88196, 
43.42665, 01.88125, 
43.42665, 01.88029, 
43.42766, 01.87821, 
43.42803, 01.87750, 
43.42797, 01.87722, 
43.42900, 01.87399, 
43.42916, 01.87274, 
43.42980, 01.87259, 
43.43098, 01.87333, 
43.43340, 01.87475, 
43.43407, 01.87470, 
43.43581, 01.87496, 
43.43596, 01.87435, 
43.43646, 01.87342, 
43.43719, 01.87334, 
43.43757, 01.87298, 
43.43803, 01.87173, 
43.43843, 01.87028, 
43.43892, 01.86908, 
43.43922, 01.86796, 
43.43953, 01.86742, 
43.44049, 01.86634, 
43.44091, 01.86605, 
43.44181, 01.86365, 
43.44181, 01.86365, 
43.43849, 01.85390, 
43.43439, 01.85260, 
43.43368, 01.84840, 
43.42529, 01.85341, 
43.42429, 01.85070, 
43.41499, 01.84770, 
43.41819, 01.84241, 
43.41629, 01.82900, 
43.41019, 01.82351, 
43.40448, 01.82240, 
43.39905, 01.82192, 
43.39905, 01.82192, 
43.39730, 01.82494, 
43.39717, 01.82510, 
43.39708, 01.82526, 
43.39681, 01.82544, 
43.39661, 01.82546, 
43.39639, 01.82553, 
43.39621, 01.82559, 
43.39599, 01.82571, 
43.39576, 01.82582, 
43.39544, 01.82593, 
43.39515, 01.82608, 
43.39500, 01.82614, 
43.39435, 01.82459, 
43.39238, 01.81996, 
43.39198, 01.81957, 
43.39217, 01.81924, 
43.39311, 01.81708, 
43.39327, 01.81606, 
43.39376, 01.81458, 
43.39424, 01.81390, 
43.39439, 01.81365, 
43.39459, 01.81322, 
43.39449, 01.81285, 
43.39486, 01.81266, 
43.39554, 01.81211, 
43.39485, 01.81045, 
43.39414, 01.80888, 
43.39397, 01.80830, 
43.39383, 01.80768, 
43.39327, 01.80540, 
43.39284, 01.80382, 
43.39258, 01.80304, 
43.39079, 01.80520, 
43.39046, 01.80490, 
43.39006, 01.80446, 
43.38906, 01.80331, 
43.38880, 01.80357, 
43.38837, 01.80308, 
43.38797, 01.80284, 
43.38766, 01.80281, 
43.38702, 01.80257, 
43.38526, 01.80620, 
43.38458, 01.80733, 
43.38416, 01.80812, 
43.38384, 01.80904, 
43.38363, 01.80949, 
43.38348, 01.80991, 
43.38329, 01.81013, 
43.38309, 01.81025, 
43.38276, 01.81038, 
43.38224, 01.81075, 
43.38187, 01.81104, 
43.38175, 01.81104, 
43.38175, 01.81081, 
43.38109, 01.80957, 
43.38087, 01.80902, 
43.38047, 01.80742, 
43.38000, 01.80607, 
43.37970, 01.80522, 
43.37943, 01.80482, 
43.37909, 01.80478, 
43.37861, 01.80485, 
43.37829, 01.80468, 
43.37756, 01.80401, 
43.37672, 01.80280, 
43.37663, 01.80264, 
43.37637, 01.80198, 
43.37626, 01.80135, 
43.37612, 01.80125, 
43.37521, 01.80453, 
43.37466, 01.80567, 
43.37415, 01.80597, 
43.37335, 01.80602, 
43.37284, 01.80708, 
43.37212, 01.80774, 
43.37171, 01.80731, 
43.37086, 01.80681, 
43.37067, 01.80662, 
43.37041, 01.80619, 
43.36992, 01.80646, 
43.36947, 01.80544, 
43.36951, 01.80497, 
43.36946, 01.80446, 
43.36934, 01.80421, 
43.36917, 01.80409, 
43.36850, 01.80311, 
43.36828, 01.80311, 
43.36790, 01.80337, 
43.36774, 01.80337, 
43.36747, 01.80321, 
43.36721, 01.80321, 
43.36699, 01.80303, 
43.36701, 01.80258, 
43.36679, 01.80256, 
43.36679, 01.80226, 
43.36632, 01.80209, 
43.36621, 01.80173, 
43.36604, 01.80224, 
43.36637, 01.80253, 
43.36648, 01.80272, 
43.36615, 01.80441, 
43.36595, 01.80501, 
43.36549, 01.80582, 
43.36484, 01.80675, 
43.36367, 01.80604, 
43.36320, 01.80540, 
43.36297, 01.80490, 
43.36287, 01.80482, 
43.36277, 01.80455, 
43.36263, 01.80451, 
43.36237, 01.80546, 
43.35833, 01.80449, 
43.35817, 01.80451, 
43.35794, 01.80415, 
43.35668, 01.80568, 
43.35696, 01.80625, 
43.35310, 01.81123, 
43.35336, 01.81124, 
43.35016, 01.81539, 
43.35017, 01.81552, 
43.34960, 01.81678, 
43.34900, 01.81662, 
43.34780, 01.81622, 
43.34657, 01.81573, 
43.34585, 01.81531, 
43.34568, 01.81516, 
43.34515, 01.81473, 
43.34471, 01.81429, 
43.34455, 01.81401, 
43.34433, 01.81343, 
43.34420, 01.81307, 
43.34410, 01.81280, 
43.34389, 01.81267, 
43.34363, 01.81263, 
43.34306, 01.81271, 
43.34295, 01.81254, 
43.34287, 01.81257, 
43.34252, 01.81285, 
43.34225, 01.81287, 
43.34207, 01.81296, 
43.34190, 01.81316, 
43.34146, 01.81350, 
43.34130, 01.81350, 
43.34121, 01.81309, 
43.34135, 01.81291, 
43.34147, 01.81247, 
43.34131, 01.81177, 
43.34135, 01.81150, 
43.34135, 01.80919, 
43.34100, 01.80799, 
43.34075, 01.80682, 
43.34066, 01.80596, 
43.34071, 01.80512, 
43.34087, 01.80411, 
43.34145, 01.80193, 
43.34185, 01.80029, 
43.34147, 01.79981, 
43.34045, 01.79887, 
43.34026, 01.79836, 
43.34026, 01.79759, 
43.34023, 01.79723, 
43.34202, 01.79436, 
43.34219, 01.79395, 
43.34250, 01.79319, 
43.34339, 01.79080, 
43.34414, 01.78891, 
43.34447, 01.78783, 
43.34488, 01.78615, 
43.34524, 01.78451, 
43.34563, 01.78364, 
43.34617, 01.78244, 
43.34493, 01.78146, 
43.34340, 01.78036, 
43.34225, 01.77990, 
43.34244, 01.77810, 
43.34244, 01.77678, 
43.34230, 01.77499, 
43.34227, 01.77358, 
43.34181, 01.77282, 
43.34083, 01.77187, 
43.33773, 01.77408, 
43.33719, 01.77350, 
43.33710, 01.77183, 
43.33774, 01.77101, 
43.33833, 01.77043, 
43.33865, 01.76947, 
43.33909, 01.76892, 
43.33996, 01.76780, 
43.34106, 01.76639, 
43.34163, 01.76538, 
43.34190, 01.76459, 
43.34222, 01.76365, 
43.34263, 01.76280, 
43.34310, 01.76166, 
43.34340, 01.76077, 
43.34370, 01.76029, 
43.34396, 01.75941, 
43.34439, 01.75893, 
43.34439, 01.75893, 
43.34417, 01.75845, 
43.34269, 01.75575, 
43.33419, 01.73981, 
43.33889, 01.73380, 
43.33768, 01.73050, 
43.33541, 01.73331, 
43.33318, 01.73581, 
43.33045, 01.73351, 
43.32798, 01.73121, 
43.32488, 01.73491, 
43.32179, 01.73411, 
43.32048, 01.74170, 
43.31248, 01.74101, 
43.31289, 01.73671, 
43.30563, 01.71833, 
43.30279, 01.71110, 
43.29938, 01.71781, 
43.29358, 01.72171, 
43.29039, 01.71591, 
43.27408, 01.70610, 
43.27118, 01.69830, 
43.27118, 01.69830, 
43.26519, 01.70580, 
43.25629, 01.71001, 
43.24658, 01.70841, 
43.24218, 01.71220, 
43.23808, 01.71091, 
43.23629, 01.71700, 
43.22939, 01.71990, 
43.22218, 01.72961, 
43.21818, 01.72750, 
43.21449, 01.73081, 
43.20739, 01.72710, 
43.20529, 01.72110, 
43.20089, 01.71970, 
43.19748, 01.71400, 
43.19049, 01.71601, 
43.18439, 01.71930, 
43.18829, 01.73211, 
43.18478, 01.73401, 
43.18408, 01.74191, 
43.16638, 01.76340, 
43.15709, 01.78680, 
43.14908, 01.78861, 
43.15629, 01.79681, 
43.15309, 01.81110, 
43.14329, 01.83211, 
43.14479, 01.85281, 
43.14779, 01.85450, 
43.15419, 01.84620, 
43.15528, 01.85151, 
43.15869, 01.85381, 
43.15799, 01.85761, 
43.14299, 01.86021, 
43.14119, 01.87701, 
43.14449, 01.88540, 
43.13469, 01.88811, 
43.13049, 01.88551, 
43.12259, 01.88691, 
43.12419, 01.89151, 
43.12179, 01.89331, 
43.12168, 01.89811, 
43.11688, 01.89771, 
43.11559, 01.90291, 
43.13099, 01.91301, 
43.13209, 01.92561, 
43.12318, 01.93740, 
43.12229, 01.94971, 
43.12428, 01.95270, 
43.11439, 01.95991, 
43.10558, 01.95691, 
43.09898, 01.95772, 
43.09359, 01.96151, 
43.08679, 01.96002, 
43.08089, 01.95521, 
43.08168, 01.95941, 
43.06849, 01.96391, 
43.06649, 01.95211, 
43.06459, 01.94601, 
43.05458, 01.95061, 
43.04699, 01.94792, 
43.04479, 01.95701, 
43.04898, 01.96192, 
43.04638, 01.97891, 
43.04358, 01.98240, 
43.03778, 01.98372, 
43.03139, 01.99251, 
43.02539, 01.99251, 
43.00948, 01.97711, 
43.00339, 01.99281, 
42.98909, 01.99502, 
42.98518, 01.99131, 
42.97229, 01.99601, 
42.96619, 01.99191, 
42.95998, 02.00431, 
42.96199, 02.01152, 
42.95929, 02.01161, 
42.95538, 02.00501, 
42.95949, 01.99292, 
42.95899, 01.98291, 
42.96349, 01.96761, 
42.96218, 01.96432, 
42.95919, 01.96601, 
42.95499, 01.95941, 
42.95528, 01.94381, 
42.93969, 01.94101, 
42.92788, 01.98702, 
42.92019, 01.98681, 
42.91888, 01.99321, 
42.90588, 01.99941, 
42.90178, 01.99051, 
42.89539, 01.99321, 
42.89069, 01.98961, 
42.88029, 01.98731, 
42.87038, 01.99361, 
42.85888, 01.96400, 
42.85638, 01.95011, 
42.85168, 01.88171, 
42.84288, 01.88261, 
42.83429, 01.87831, 
42.82729, 01.86521, 
42.81709, 01.86332, 
42.80619, 01.90030, 
42.77988, 01.92301, 
42.77419, 01.93231, 
42.76778, 01.91331, 
42.75718, 01.91731, 
42.75659, 01.92871, 
42.75669, 01.93332, 
42.74429, 01.95332, 
42.73649, 01.95292, 
42.73679, 02.00131, 
42.73418, 02.01072, 
42.74099, 02.02111, 
42.73969, 02.02872, 
42.74199, 02.03341, 
42.74559, 02.03391, 
42.74839, 02.03881, 
42.74719, 02.04471, 
42.75549, 02.05571, 
42.74949, 02.08382, 
42.74158, 02.08682, 
42.73509, 02.09341, 
42.71409, 02.13761, 
42.71079, 02.14192, 
42.70529, 02.14372, 
42.70219, 02.14981, 
42.70168, 02.16192, 
42.69669, 02.17372, 
42.67989, 02.17982, 
42.67249, 02.17021, 
42.66339, 02.16751, 
42.66339, 02.16751, 
42.66009, 02.17561, 
42.64579, 02.17611, 
42.65149, 02.18572, 
42.65109, 02.19511, 
42.65908, 02.19571, 
42.66109, 02.20372, 
42.67189, 02.22122, 
42.67579, 02.23522, 
42.67768, 02.24662, 
42.68805, 02.25060, 
42.69989, 02.26062, 
42.70289, 02.26641, 
42.70929, 02.26772, 
42.70388, 02.27702, 
42.70168, 02.29402, 
42.70709, 02.31322, 
42.70740, 02.32461, 
42.72688, 02.34912, 
42.72808, 02.35741, 
42.73319, 02.36112, 
42.74997, 02.35246, 
42.74997, 02.35246, 
42.75742, 02.35041, 
42.75742, 02.35041, 
42.76479, 02.35163, 
42.76561, 02.35144, 
42.76708, 02.35089, 
42.76948, 02.34931, 
42.77157, 02.34531, 
42.77399, 02.34355, 
42.77588, 02.34309, 
42.77906, 02.34383, 
42.78070, 02.34420, 
42.78183, 02.34401, 
42.78816, 02.34341, 
42.79162, 02.34304, 
42.80128, 02.34291, 
42.80128, 02.34291, 
42.80162, 02.33365, 
42.81147, 02.33417, 
42.81330, 02.33426, 
42.81349, 02.33419, 
42.81357, 02.33378, 
42.81397, 02.33404, 
42.81424, 02.33410, 
42.81451, 02.33394, 
42.81471, 02.33406, 
42.81496, 02.33408, 
42.81527, 02.33390, 
42.81548, 02.33367, 
42.81573, 02.33337, 
42.81612, 02.33324, 
42.81642, 02.33271, 
42.81755, 02.33203, 
42.81778, 02.33205, 
42.81815, 02.33217, 
42.81860, 02.33237, 
42.81887, 02.33239, 
42.81926, 02.33237, 
42.81966, 02.33244, 
42.81993, 02.33239, 
42.82025, 02.33219, 
42.82267, 02.32968, 
42.82307, 02.32642, 
42.82411, 02.32006, 
42.82433, 02.31970, 
42.83000, 02.32298, 
42.82880, 02.32806, 
42.83339, 02.32409, 
42.83505, 02.32587, 
42.83661, 02.32731, 
42.83684, 02.32742, 
42.83739, 02.32754, 
42.83798, 02.33086, 
42.83882, 02.33189, 
42.83911, 02.33374, 
42.83914, 02.33483, 
42.84044, 02.33634, 
42.84063, 02.33668, 
42.84099, 02.33748, 
42.84067, 02.33905, 
42.84053, 02.33971, 
42.84058, 02.34039, 
42.84065, 02.34101, 
42.84109, 02.34204, 
42.84127, 02.34279, 
42.84139, 02.34400, 
42.84146, 02.34605, 
42.84186, 02.34881, 
42.84184, 02.35150, 
42.84325, 02.35279, 
42.84444, 02.35353, 
42.84419, 02.35827, 
42.84426, 02.35911, 
42.84540, 02.36386, 
42.84558, 02.36395, 
42.84571, 02.36484, 
42.84575, 02.36559, 
42.84565, 02.36694, 
42.84570, 02.36787, 
42.84602, 02.36840, 
42.84598, 02.36935, 
42.84623, 02.36999, 
42.84639, 02.37063, 
42.84731, 02.37857, 
42.84774, 02.37861, 
42.84819, 02.37911, 
42.84836, 02.38012, 
42.84858, 02.38219, 
42.84570, 02.39694, 
42.84344, 02.40122, 
42.84344, 02.40122, 
42.84268, 02.40512, 
42.84192, 02.40907, 
42.84189, 02.40927, 
42.84174, 02.41101, 
42.84124, 02.41738, 
42.84099, 02.42025, 
42.84156, 02.42228, 
42.84045, 02.42929, 
42.83994, 02.43253, 
42.83929, 02.43667, 
42.83927, 02.43677, 
42.83873, 02.43853, 
42.83799, 02.44093, 
42.83745, 02.44265, 
42.83717, 02.44353, 
42.83709, 02.44849, 
42.83701, 02.45340, 
42.83719, 02.45636, 
42.83725, 02.45722, 
42.83729, 02.45745, 
42.83786, 02.45994, 
42.83852, 02.46286, 
42.83852, 02.46286, 
42.83900, 02.46770, 
42.83963, 02.47450, 
42.84175, 02.47625, 
42.84324, 02.47926, 
42.84324, 02.47931, 
42.84451, 02.48191, 
42.84589, 02.48767, 
42.84596, 02.48800, 
42.84673, 02.49343, 
42.85047, 02.50043, 
42.85060, 02.50075, 
42.85157, 02.50165, 
42.85141, 02.50213, 
42.85126, 02.50380, 
42.85133, 02.50487, 
42.85128, 02.50543, 
42.85119, 02.50583, 
42.85107, 02.50629, 
42.85093, 02.50683, 
42.85086, 02.50726, 
42.85076, 02.50768, 
42.85037, 02.50875, 
42.84853, 02.51172, 
42.84639, 02.51519, 
42.84269, 02.51674, 
42.84457, 02.51998, 
42.84457, 02.52502, 
42.84367, 02.53051, 
42.84469, 02.53592, 
42.84527, 02.54296, 
42.84524, 02.54585, 
42.84399, 02.55198, 
42.84530, 02.55257, 
42.84626, 02.55176, 
42.84665, 02.55196, 
42.84632, 02.55555, 
42.84567, 02.55885, 
42.84567, 02.55885, 
42.84550, 02.55965, 
42.84480, 02.56270, 
42.84401, 02.56613, 
42.84341, 02.56865, 
42.84313, 02.57266, 
42.84200, 02.57609, 
42.84193, 02.57658, 
42.84214, 02.57744, 
42.84207, 02.57958, 
42.84083, 02.58312, 
42.84076, 02.58620, 
42.83929, 02.59149, 
42.83817, 02.59414, 
42.83812, 02.59426, 
42.83785, 02.59514, 
42.83749, 02.59631, 
42.83714, 02.59689, 
42.83675, 02.59757, 
42.83723, 02.59880, 
42.83727, 02.60053, 
42.83689, 02.60224, 
42.83608, 02.60419, 
42.83626, 02.60543, 
42.83622, 02.60764, 
42.83606, 02.60763, 
42.83604, 02.60948, 
42.83569, 02.61102, 
42.83628, 02.61419, 
42.83639, 02.61781, 
42.83643, 02.61838, 
42.83667, 02.62166, 
42.83672, 02.62182, 
42.83693, 02.62284, 
42.83735, 02.62500, 
42.83741, 02.62582, 
42.83746, 02.62643, 
42.83810, 02.62833, 
42.83838, 02.63151, 
42.83826, 02.63422, 
42.83764, 02.63646, 
42.83832, 02.63999, 
42.83832, 02.63999, 
42.83749, 02.66762, 
42.83039, 02.68721, 
42.83059, 02.70681, 
42.83539, 02.71651, 
42.83369, 02.72391, 
42.83779, 02.74261, 
42.84489, 02.75092, 
42.89459, 02.79181, 
42.90010, 02.82140, 
42.90719, 02.82831, 
42.91279, 02.83880, 
42.91579, 02.84760, 
42.91539, 02.85670, 
42.91910, 02.87021, 
42.90059, 02.88821, 
42.89689, 02.91001, 
42.88460, 02.92440, 
42.86539, 02.99570, 
42.85360, 03.01153, 
42.85360, 03.01153, 
42.84188, 03.03608, 
42.83828, 03.04373, 
42.83828, 03.04373, 
42.84476, 03.04414, 
42.85636, 03.04665, 
42.85900, 03.04716, 
42.86649, 03.04918, 
42.86885, 03.04982, 
42.86957, 03.05001, 
42.86984, 03.05013, 
42.87035, 03.04996, 
42.87250, 03.05352, 
42.87368, 03.05395, 
42.87373, 03.05402, 
42.87378, 03.05407, 
42.87384, 03.05408, 
42.87387, 03.05406, 
42.87389, 03.05402, 
42.87390, 03.05393, 
42.87389, 03.05385, 
42.87384, 03.05380, 
42.87378, 03.05380, 
42.87373, 03.05384, 
42.87265, 03.05336, 
42.87174, 03.05199, 
42.87122, 03.05093, 
42.87079, 03.05002, 
42.87072, 03.04991, 
42.87074, 03.04984, 
42.87174, 03.04915, 
42.87181, 03.04920, 
42.87198, 03.04913, 
42.87252, 03.04890, 
42.87271, 03.04884, 
42.87283, 03.04876, 
42.87334, 03.04898, 
42.87388, 03.04903, 
42.87413, 03.05011, 
42.87407, 03.05025, 
42.87390, 03.05068, 
42.87381, 03.05098, 
42.87378, 03.05123, 
42.87375, 03.05153, 
42.87375, 03.05183, 
42.87371, 03.05219, 
42.87369, 03.05277, 
42.87375, 03.05279, 
42.87378, 03.05269, 
42.87379, 03.05251, 
42.87383, 03.05229, 
42.87386, 03.05210, 
42.87387, 03.05182, 
42.87391, 03.05137, 
42.87396, 03.05094, 
42.87404, 03.05066, 
42.87414, 03.05042, 
42.87433, 03.05023, 
42.87495, 03.05005, 
42.87566, 03.05005, 
42.88036, 03.05087, 
42.88278, 03.05157, 
42.88408, 03.05242, 
42.88429, 03.05308, 
42.88457, 03.05308, 
42.88471, 03.05252, 
42.88540, 03.05271, 
42.88593, 03.05120, 
42.88659, 03.05139, 
42.88659, 03.05139, 
42.88919, 03.05295, 
42.89186, 03.05358, 
42.89867, 03.05487, 
42.91676, 03.05932, 
42.91797, 03.06021, 
42.91974, 03.05940, 
42.92172, 03.05679, 
42.92265, 03.05493, 
42.92351, 03.05419, 
42.92435, 03.05489, 
42.92572, 03.05455, 
42.92680, 03.05209, 
42.92743, 03.04830, 
42.92892, 03.04516, 
42.92990, 03.04014, 
42.93322, 03.03907, 
42.93631, 03.03886, 
42.95985, 03.04276, 
42.97009, 03.04602, 
42.97155, 03.04631, 
42.97229, 03.04666, 
42.97275, 03.04694, 
42.97336, 03.04700, 
42.97422, 03.04727, 
42.97496, 03.04753, 
42.97585, 03.04779, 
42.97697, 03.04802, 
42.97794, 03.04843, 
42.97873, 03.04851, 
42.97933, 03.04876, 
42.97974, 03.04880, 
42.98035, 03.04918, 
42.98091, 03.04930, 
42.98223, 03.04973, 
42.98343, 03.05029, 
42.98511, 03.05086, 
42.98598, 03.05111, 
42.98766, 03.05175, 
42.98966, 03.05256, 
42.99030, 03.05280, 
42.99081, 03.05298, 
42.99208, 03.05339, 
42.99336, 03.05374, 
42.99449, 03.05428, 
42.99558, 03.05484, 
42.99638, 03.05519, 
42.99716, 03.05559, 
42.99782, 03.05585, 
42.99829, 03.05613, 
42.99894, 03.05643, 
42.99907, 03.05660, 
42.99934, 03.05676, 
42.99979, 03.05675, 
43.00016, 03.05677, 
43.00044, 03.05685, 
43.00108, 03.05719, 
43.00164, 03.05747, 
43.00249, 03.05792, 
43.00385, 03.05874, 
43.00423, 03.05890, 
43.00483, 03.05919, 
43.00557, 03.05953, 
43.00602, 03.05983, 
43.00729, 03.06069, 
43.00834, 03.06140, 
43.00901, 03.06200, 
43.00970, 03.06254, 
43.01087, 03.06326, 
43.01149, 03.06369, 
43.01189, 03.06395, 
43.01215, 03.06420, 
43.01238, 03.06470, 
43.01278, 03.06530, 
43.01321, 03.06589, 
43.01367, 03.06591, 
43.01279, 03.06852, 
43.01274, 03.06851, 
43.01270, 03.06854, 
43.01267, 03.06862, 
43.01268, 03.06867, 
43.01272, 03.06872, 
43.01237, 03.06975, 
43.01235, 03.06977, 
43.01236, 03.06982, 
43.01241, 03.06981, 
43.01278, 03.06871, 
43.01282, 03.06864, 
43.01365, 03.06618, 
43.01427, 03.06656, 
43.01416, 03.06687, 
43.01416, 03.06689, 
43.01417, 03.06691, 
43.01418, 03.06692, 
43.01420, 03.06692, 
43.01421, 03.06691, 
43.01424, 03.06684, 
43.01424, 03.06686, 
43.01424, 03.06687, 
43.01424, 03.06689, 
43.01425, 03.06688, 
43.01430, 03.06701, 
43.01429, 03.06701, 
43.01430, 03.06704, 
43.01431, 03.06703, 
43.01434, 03.06713, 
43.01434, 03.06714, 
43.01434, 03.06716, 
43.01435, 03.06715, 
43.01439, 03.06726, 
43.01438, 03.06727, 
43.01439, 03.06729, 
43.01440, 03.06728, 
43.01444, 03.06740, 
43.01379, 03.06882, 
43.01378, 03.06887, 
43.01380, 03.06893, 
43.01384, 03.06896, 
43.01388, 03.06896, 
43.01393, 03.06890, 
43.01393, 03.06885, 
43.01392, 03.06881, 
43.01390, 03.06877, 
43.01451, 03.06743, 
43.01452, 03.06740, 
43.01451, 03.06738, 
43.01450, 03.06735, 
43.01448, 03.06735, 
43.01447, 03.06735, 
43.01444, 03.06738, 
43.01440, 03.06728, 
43.01441, 03.06727, 
43.01440, 03.06726, 
43.01440, 03.06726, 
43.01435, 03.06715, 
43.01436, 03.06714, 
43.01435, 03.06712, 
43.01435, 03.06713, 
43.01431, 03.06703, 
43.01432, 03.06702, 
43.01431, 03.06700, 
43.01431, 03.06701, 
43.01426, 03.06688, 
43.01427, 03.06687, 
43.01426, 03.06685, 
43.01425, 03.06686, 
43.01424, 03.06683, 
43.01480, 03.06510, 
43.01546, 03.06428, 
43.01591, 03.06417, 
43.01595, 03.06417, 
43.01689, 03.06416, 
43.01791, 03.06411, 
43.02028, 03.06477, 
43.02286, 03.06610, 
43.02393, 03.06680, 
43.02514, 03.06732, 
43.05794, 03.08543, 
43.05919, 03.08611, 
43.09227, 03.11012, 
43.09227, 03.11012, 
43.09461, 03.11240, 
43.10909, 03.12638, 
43.11034, 03.12761, 
43.11129, 03.12856, 
43.11185, 03.12913, 
43.11357, 03.13074, 
43.12135, 03.13623, 
43.13250, 03.14464, 
43.15316, 03.16507, 
43.16681, 03.17966, 
43.17049, 03.18195, 
43.17056, 03.18200, 
43.17056, 03.18200, 
43.17065, 03.18207, 
43.17373, 03.18582, 
43.17595, 03.18866, 
43.17602, 03.18990, 
43.17627, 03.19050, 
43.17597, 03.19059, 
43.17602, 03.19175, 
43.17623, 03.19188, 
43.17648, 03.19238, 
43.17680, 03.19279, 
43.17720, 03.19249, 
43.17820, 03.19172, 
43.18086, 03.19484, 
43.18233, 03.19654, 
43.18674, 03.20232, 
43.18686, 03.20227, 
43.18792, 03.20360, 
43.19625, 03.21339, 
43.19917, 03.21768, 
43.20179, 03.22126, 
43.20302, 03.22252, 
43.20361, 03.22309, 
43.20568, 03.22622, 
43.20790, 03.23046, 
43.20947, 03.23287, 
43.21111, 03.23553, 
43.21087, 03.23627, 
43.21150, 03.23738, 
43.21198, 03.23855, 
43.21200, 03.23942, 
43.21255, 03.24036, 
43.21255, 03.24036, 
43.21729, 03.23290, 
43.21767, 03.23205, 
43.22005, 03.22579, 
43.22180, 03.22732, 
43.23061, 03.21651, 
43.23574, 03.21020, 
43.23606, 03.20971, 
43.23909, 03.20819, 
43.24015, 03.20698, 
43.24086, 03.20560, 
43.24168, 03.20405, 
43.24239, 03.20359, 
43.24503, 03.20217, 
43.24511, 03.20226, 
43.24934, 03.20059, 
43.24987, 03.19947, 
43.25016, 03.19863, 
43.25032, 03.19778, 
43.25021, 03.19609, 
43.25023, 03.19435, 
43.25032, 03.19215, 
43.25021, 03.19093, 
43.25012, 03.18992, 
43.25055, 03.18870, 
43.25109, 03.18773, 
43.25107, 03.18699, 
43.25097, 03.18621, 
43.25057, 03.18473, 
43.24967, 03.18224, 
43.24921, 03.18120, 
43.24905, 03.18076, 
43.24866, 03.18005, 
43.24818, 03.17927, 
43.24732, 03.17829, 
43.24622, 03.17737, 
43.24501, 03.17640, 
43.24431, 03.17556, 
43.24390, 03.17510, 
43.24347, 03.17500, 
43.24339, 03.17444, 
43.24313, 03.17286, 
43.24302, 03.17133, 
43.24298, 03.16963, 
43.24300, 03.16804, 
43.24328, 03.16689, 
43.24362, 03.16572, 
43.24409, 03.16346, 
43.24426, 03.16242, 
43.24406, 03.16165, 
43.24385, 03.16120, 
43.24325, 03.16035, 
43.24262, 03.15899, 
43.24229, 03.15802, 
43.24222, 03.15736, 
43.24242, 03.15593, 
43.24301, 03.15442, 
43.24356, 03.15348, 
43.24423, 03.15270, 
43.24490, 03.15219, 
43.24528, 03.15186, 
43.24575, 03.15135, 
43.24631, 03.15035, 
43.24664, 03.14950, 
43.24686, 03.14845, 
43.24704, 03.14575, 
43.24726, 03.14369, 
43.24824, 03.14361, 
43.24844, 03.14372, 
43.24881, 03.14419, 
43.24919, 03.14479, 
43.24955, 03.14525, 
43.25003, 03.14573, 
43.25084, 03.14662, 
43.25177, 03.14719, 
43.25249, 03.14745, 
43.25346, 03.14732, 
43.25407, 03.14667, 
43.25492, 03.14638, 
43.25687, 03.14525, 
43.25846, 03.14375, 
43.25892, 03.14298, 
43.25939, 03.14154, 
43.25957, 03.14151, 
43.25965, 03.14129, 
43.25965, 03.14129, 
43.26279, 03.12351, 
43.25589, 03.11971, 
43.25400, 03.11381, 
43.27069, 03.07251, 
43.27991, 03.05426, 
43.27991, 03.05426, 
43.28059, 03.05005, 
43.28081, 03.04860, 
43.28112, 03.04669, 
43.28170, 03.04295, 
43.28233, 03.03909, 
43.28277, 03.03624, 
43.28276, 03.03622, 
43.28245, 03.03610, 
43.28244, 03.03606, 
43.28244, 03.03593, 
43.28247, 03.03563, 
43.28244, 03.03557, 
43.28138, 03.03457, 
43.28000, 03.03321, 
43.27997, 03.03316, 
43.27993, 03.03305, 
43.27990, 03.03292, 
43.28048, 03.03088, 
43.28050, 03.03084, 
43.28125, 03.02980, 
43.28144, 03.02952, 
43.28162, 03.02923, 
43.28181, 03.02888, 
43.28190, 03.02874, 
43.28191, 03.02869, 
43.28159, 03.02791, 
43.28159, 03.02787, 
43.28190, 03.02713, 
43.28204, 03.02675, 
43.28209, 03.02650, 
43.28223, 03.02554, 
43.28225, 03.02532, 
43.28226, 03.02510, 
43.28226, 03.02487, 
43.28224, 03.02470, 
43.28212, 03.02391, 
43.28188, 03.02256, 
43.28185, 03.02231, 
43.28183, 03.02225, 
43.28181, 03.02223, 
43.28136, 03.02221, 
43.28125, 03.02222, 
43.28124, 03.02220, 
43.28123, 03.02222, 
43.28110, 03.02221, 
43.28056, 03.02229, 
43.28033, 03.02234, 
43.27988, 03.02251, 
43.27963, 03.02255, 
43.27857, 03.02263, 
43.27823, 03.02267, 
43.27727, 03.02281, 
43.27705, 03.02283, 
43.27702, 03.02283, 
43.27702, 03.02279, 
43.27722, 03.01941, 
43.27725, 03.01909, 
43.27725, 03.01900, 
43.27723, 03.01893, 
43.27716, 03.01796, 
43.27715, 03.01756, 
43.27715, 03.01704, 
43.27717, 03.01692, 
43.27716, 03.01689, 
43.27660, 03.01621, 
43.27487, 03.01419, 
43.27483, 03.01413, 
43.27480, 03.01406, 
43.27470, 03.01368, 
43.27388, 03.01079, 
43.27388, 03.01075, 
43.27475, 03.00939, 
43.27478, 03.00935, 
43.27483, 03.00934, 
43.27555, 03.00938, 
43.27571, 03.00941, 
43.27588, 03.00944, 
43.27601, 03.00949, 
43.27742, 03.01028, 
43.27748, 03.01035, 
43.27755, 03.01048, 
43.27764, 03.01077, 
43.27770, 03.01090, 
43.27779, 03.01101, 
43.27829, 03.01143, 
43.27850, 03.01159, 
43.27875, 03.01174, 
43.27935, 03.01200, 
43.28025, 03.01242, 
43.28029, 03.01242, 
43.28040, 03.01236, 
43.28040, 03.01236, 
43.28063, 03.01192, 
43.28066, 03.01195, 
43.28130, 03.01305, 
43.28163, 03.01407, 
43.28167, 03.01417, 
43.28170, 03.01408, 
43.28189, 03.01287, 
43.28420, 03.00756, 
43.28447, 03.00683, 
43.28495, 03.00539, 
43.28510, 03.00476, 
43.28513, 03.00475, 
43.28645, 03.00476, 
43.28824, 03.00469, 
43.28826, 03.00471, 
43.29020, 03.00461, 
43.29036, 03.00461, 
43.29065, 03.00477, 
43.29241, 03.00480, 
43.29194, 03.00691, 
43.29194, 03.00696, 
43.29408, 03.00491, 
43.29455, 03.00442, 
43.29464, 03.00435, 
43.29469, 03.00434, 
43.29539, 03.00435, 
43.29643, 03.00429, 
43.29648, 03.00436, 
43.29738, 03.00473, 
43.29815, 03.00514, 
43.29856, 03.00538, 
43.29898, 03.00574, 
43.29908, 03.00579, 
43.29946, 03.00586, 
43.29987, 03.00603, 
43.30010, 03.00623, 
43.30010, 03.00623, 
43.30421, 03.00527, 
43.30682, 03.00603, 
43.30831, 03.00654, 
43.30851, 03.00653, 
43.30863, 03.00643, 
43.30948, 03.00312, 
43.31261, 03.00384, 
43.31303, 03.00310, 
43.31358, 03.00238, 
43.31554, 03.00250, 
43.31574, 03.00351, 
43.31565, 03.00436, 
43.31800, 03.00487, 
43.31936, 03.00439, 
43.31989, 03.00403, 
43.31992, 03.00399, 
43.31978, 03.00303, 
43.31975, 02.99973, 
43.31950, 02.99656, 
43.31923, 02.99374, 
43.31921, 02.99105, 
43.31917, 02.99096, 
43.31926, 02.99085, 
43.31933, 02.99061, 
43.31933, 02.99061, 
43.31499, 02.97221, 
43.31216, 02.95727, 
43.31216, 02.95727, 
43.31224, 02.95718, 
43.31227, 02.95702, 
43.31227, 02.95619, 
43.31237, 02.95623, 
43.31236, 02.95526, 
43.31237, 02.95517, 
43.31219, 02.94759, 
43.31215, 02.94693, 
43.31204, 02.94628, 
43.31192, 02.94640, 
43.31175, 02.94561, 
43.31185, 02.94554, 
43.31195, 02.94585, 
43.31199, 02.94580, 
43.31614, 02.93674, 
43.31649, 02.93615, 
43.31737, 02.93596, 
43.31782, 02.93564, 
43.31836, 02.93515, 
43.31878, 02.93520, 
43.31921, 02.93513, 
43.31941, 02.93524, 
43.31989, 02.93532, 
43.32042, 02.93560, 
43.32051, 02.93552, 
43.32056, 02.93530, 
43.32058, 02.93449, 
43.32063, 02.93435, 
43.32095, 02.93366, 
43.32109, 02.93345, 
43.32126, 02.93331, 
43.32156, 02.93235, 
43.32167, 02.93212, 
43.32171, 02.93207, 
43.32175, 02.93213, 
43.32188, 02.93183, 
43.32281, 02.93047, 
43.32342, 02.92836, 
43.32375, 02.92626, 
43.32426, 02.92447, 
43.32449, 02.92383, 
43.32497, 02.92285, 
43.32611, 02.92134, 
