32.093581	-93.162129
32.094291	-93.161683
32.0951	-93.161967
32.095809	-93.161456
32.096727	-93.159375
32.098019	-93.159336
32.098459	-93.159633
32.098706	-93.159485
32.098641	-93.158283
32.09913	-93.157146
32.101098	-93.154593
32.101131	-93.154134
32.102506	-93.152796
32.102621	-93.152208
32.104512	-93.152395
32.105683	-93.153099
32.105987	-93.153784
32.106636	-93.154068
32.107197	-93.154882
32.107885	-93.155004
32.108846	-93.155643
32.109596	-93.155779
32.11113	-93.157336
32.112142	-93.157271
32.112527	-93.156825
32.112934	-93.15751
32.113214	-93.157561
32.113456	-93.158304
32.114078	-93.158369
32.113484	-93.158931
32.113754	-93.159306
32.11354	-93.160243
32.11376	-93.160979
32.114458	-93.161244
32.115702	-93.163157
32.118045	-93.164229
32.1186	-93.164138
32.11898	-93.164642
32.119464	-93.164571
32.120151	-93.164978
32.120234	-93.164803
32.121026	-93.16501
32.121994	-93.166115
32.121802	-93.166813
32.12195	-93.167187
32.122664	-93.166787
32.122836	-93.167246
32.123699	-93.167594
32.124474	-93.167368
32.12482	-93.167937
32.125157	-93.168039
32.125366	-93.1674
32.125785	-93.16738
32.126429	-93.168201
32.128348	-93.168252
32.128475	-93.169112
32.127567	-93.169138
32.127919	-93.170107
32.127775	-93.170546
32.127952	-93.171244
32.128574	-93.171697
32.129707	-93.171283
32.129877	-93.173202
32.130681	-93.173958
32.132033	-93.172982
32.132226	-93.173519
32.132116	-93.174301
32.133507	-93.174391
32.133474	-93.173557
32.134866	-93.173602
32.134639	-93.174553
32.134887	-93.175108
32.134734	-93.175806
32.135064	-93.176226
32.135465	-93.176246
32.136153	-93.177668
32.136598	-93.177428
32.137048	-93.176381
32.13778	-93.176498
32.138727	-93.178062
32.140074	-93.178779
32.140091	-93.179244
32.139629	-93.179329
32.140344	-93.180712
32.141208	-93.181229
32.14294	-93.185663
32.14371	-93.186135
32.144601	-93.185999
32.145443	-93.18671
32.146867	-93.18638
32.148159	-93.1866
32.147911	-93.186956
32.148412	-93.187162
32.148021	-93.125089
32.148308	-93.117208
32.148451	-93.002463
32.147799	-93.00016
32.148138	-92.973013
32.147942	-92.93908
32.147339	-92.93921
32.146349	-92.938188
32.145519	-92.938007
32.145238	-92.937555
32.144852	-92.937652
32.144616	-92.938247
32.143814	-92.937904
32.142983	-92.93813
32.142108	-92.936656
32.141965	-92.937193
32.140397	-92.935545
32.140124	-92.935512
32.139612	-92.936101
32.139342	-92.93592
32.139062	-92.93506
32.138771	-92.935125
32.138683	-92.934743
32.138357	-92.93486
32.138039	-92.934116
32.137583	-92.93389
32.136884	-92.932332
32.13651	-92.932184
32.13612	-92.932597
32.136532	-92.93283
32.136373	-92.93336
32.13458	-92.932875
32.134739	-92.932358
32.134541	-92.931887
32.133755	-92.931822
32.13326	-92.932184
32.132413	-92.931997
32.132418	-92.932565
32.131037	-92.9323
32.130933	-92.932507
32.131273	-92.932804
32.130988	-92.933082
32.130499	-92.932501
32.130411	-92.933147
32.130136	-92.933082
32.130063	-92.93146
32.128965	-92.931447
32.12946	-92.931887
32.129486	-92.932236
32.128189	-92.933011
32.127975	-92.931292
32.12726	-92.931299
32.126824	-92.931687
32.126033	-92.931557
32.125852	-92.930995
32.125219	-92.930982
32.125357	-92.931512
32.124063	-92.931331
32.123562	-92.93181
32.122484	-92.931221
32.122435	-92.930129
32.120399	-92.928682
32.120637	-92.928617
32.120466	-92.92801
32.119735	-92.927829
32.119735	-92.92726
32.119146	-92.927092
32.119245	-92.926634
32.118722	-92.926136
32.117297	-92.925736
32.116193	-92.926098
32.115764	-92.926531
32.115665	-92.925923
32.113872	-92.925057
32.11314	-92.92518
32.113008	-92.92456
32.112695	-92.924373
32.112288	-92.924903
32.111589	-92.923526
32.111122	-92.923959
32.111188	-92.922803
32.110554	-92.922783
32.1105	-92.921969
32.111077	-92.92151
32.108629	-92.920949
32.108927	-92.919708
32.108376	-92.919702
32.1083	-92.919307
32.108938	-92.919146
32.109994	-92.91974
32.109851	-92.919062
32.108795	-92.918758
32.108767	-92.918461
32.107315	-92.918035
32.107007	-92.91755
32.106765	-92.916013
32.106358	-92.91653
32.106017	-92.916465
32.105438	-92.915192
32.104961	-92.915334
32.104246	-92.913816
32.103806	-92.914482
32.10358	-92.914146
32.10342	-92.912763
32.102677	-92.912893
32.103167	-92.911852
32.102293	-92.912286
32.100714	-92.911659
32.099818	-92.911853
32.098909	-92.911576
32.098031	-92.912151
32.098025	-92.910846
32.097606	-92.910846
32.096925	-92.911408
32.095929	-92.91084
32.095858	-92.909774
32.094043	-92.91055
32.094098	-92.909633
32.093024	-92.90951
32.093394	-92.908431
32.093097	-92.908418
32.092739	-92.909168
32.092184	-92.909116
32.091782	-92.908057
32.092419	-92.907889
32.092177	-92.907314
32.091408	-92.907101
32.091529	-92.906597
32.09133	-92.906171
32.091687	-92.905705
32.091154	-92.905686
32.090302	-92.904827
32.090307	-92.905538
32.089416	-92.904892
32.089224	-92.905209
32.088624	-92.905099
32.088316	-92.903988
32.088047	-92.903937
32.087981	-92.905196
32.087668	-92.905326
32.087573	-92.904964
32.087134	-92.904893
32.086788	-92.90521
32.085924	-92.904997
32.085555	-92.905656
32.084797	-92.905281
32.084027	-92.905482
32.082608	-92.905127
32.082172	-92.904753
32.08148	-92.904663
32.081508	-92.905405
32.081051	-92.905806
32.081057	-92.906239
32.082146	-92.906452
32.081601	-92.907059
32.081722	-92.907569
32.082178	-92.907543
32.082608	-92.9091
32.082158	-92.910185
32.08064	-92.908306
32.08059	-92.909701
32.079804	-92.910386
32.078946	-92.910296
32.077433	-92.910949
32.07728	-92.911627
32.076037	-92.911627
32.075651	-92.91093
32.07492	-92.910937
32.074655	-92.910362
32.074728	-92.909645
32.073797	-92.909813
32.073666	-92.909632
32.073023	-92.909923
32.072814	-92.909219
32.073556	-92.908818
32.073318	-92.908437
32.072825	-92.908554
32.072709	-92.908089
32.072286	-92.908522
32.071923	-92.908322
32.072049	-92.907611
32.070641	-92.906753
32.0702	-92.905383
32.069128	-92.904919
32.069243	-92.904441
32.069018	-92.903614
32.06833	-92.903259
32.068033	-92.902484
32.068444	-92.902232
32.067169	-92.901729
32.067054	-92.902
32.066294	-92.901923
32.06432	-92.902376
32.064078	-92.901801
32.063648	-92.90226
32.063523	-92.901931
32.062649	-92.903184
32.062258	-92.903184
32.061444	-92.902132
32.061966	-92.901634
32.061548	-92.901305
32.061433	-92.901647
32.059887	-92.900627
32.059292	-92.900905
32.05942	-92.9017
32.058957	-92.901984
32.05898	-92.901538
32.057803	-92.901423
32.057631	-92.901106
32.058121	-92.899679
32.057401	-92.899156
32.056823	-92.899298
32.056097	-92.898395
32.056019	-92.897122
32.055771	-92.896729
32.055503	-92.897226
32.054546	-92.897375
32.055007	-92.895838
32.053725	-92.896135
32.0536	-92.89733
32.052543	-92.896155
32.052625	-92.89713
32.052284	-92.897066
32.051834	-92.896007
32.051048	-92.89655
32.050976	-92.895853
32.050624	-92.895653
32.050613	-92.896498
32.049864	-92.895808
32.048765	-92.895292
32.048419	-92.895873
32.04909	-92.896486
32.046841	-92.897475
32.046714	-92.896449
32.046923	-92.895958
32.046807	-92.895712
32.046334	-92.896029
32.046284	-92.897185
32.045977	-92.897301
32.045779	-92.896843
32.045526	-92.896804
32.045372	-92.897967
32.044856	-92.898193
32.044894	-92.898457
32.04403	-92.897631
32.04392	-92.896262
32.043414	-92.895753
32.042375	-92.896489
32.042555	-92.895585
32.042198	-92.895605
32.041627	-92.896412
32.041044	-92.896193
32.040213	-92.895134
32.040613	-92.894902
32.039712	-92.894366
32.038849	-92.894528
32.038634	-92.895038
32.037979	-92.894444
32.037666	-92.894664
32.036775	-92.894587
32.036775	-92.893741
32.035845	-92.892702
32.034822	-92.892431
32.035372	-92.891624
32.034519	-92.89196
32.033914	-92.891728
32.034056	-92.891425
32.033544	-92.890786
32.034249	-92.889933
32.033501	-92.889462
32.032814	-92.889785
32.031758	-92.88976
32.031498	-92.889476
32.031025	-92.889489
32.030195	-92.888812
32.031202	-92.888289
32.02987	-92.886979
32.028578	-92.88696
32.029035	-92.88847
32.028072	-92.888193
32.027577	-92.887161
32.02646	-92.887168
32.026564	-92.887891
32.025745	-92.887394
32.025931	-92.886806
32.025751	-92.886736
32.025306	-92.887414
32.025073	-92.886562
32.024772	-92.886594
32.02431	-92.88775
32.023683	-92.88724
32.023232	-92.887828
32.022495	-92.887867
32.022941	-92.887357
32.022599	-92.887092
32.022149	-92.887435
32.021841	-92.887061
32.022191	-92.886667
32.021251	-92.886338
32.020608	-92.886429
32.020636	-92.885893
32.019613	-92.885997
32.02008	-92.886745
32.019965	-92.887029
32.019212	-92.886997
32.018594	-92.886636
32.018743	-92.886107
32.018144	-92.886043
32.018134	-92.886566
32.016323	-92.886618
32.016312	-92.887322
32.015917	-92.887038
32.015774	-92.887832
32.014977	-92.888297
32.013129	-92.888731
32.012634	-92.888189
32.013497	-92.887226
32.013458	-92.886407
32.01205	-92.884703
32.011654	-92.884962
32.011583	-92.886589
32.011001	-92.887764
32.008629	-92.887804
32.008212	-92.888527
32.007019	-92.888779
32.005403	-92.889709
32.003874	-92.89124
32.00217	-92.891692
32.000163	-92.893455
31.999208	-92.895811
31.998125	-92.896702
31.997184	-92.896354
31.996898	-92.89669
31.996877	-92.89771
31.996107	-92.899924
31.995398	-92.900544
31.994964	-92.901544
31.994667	-92.901518
31.993836	-92.900202
31.993028	-92.901377
31.99179	-92.901603
31.991515	-92.901048
31.989568	-92.900907
31.989244	-92.901366
31.987973	-92.901043
31.987946	-92.90063
31.989254	-92.89903
31.987874	-92.898662
31.987824	-92.898436
31.988627	-92.897571
31.988566	-92.897268
31.987763	-92.896746
31.989033	-92.896461
31.989154	-92.895545
31.988384	-92.895539
31.988016	-92.895158
31.987136	-92.895171
31.987119	-92.894075
31.988301	-92.894074
31.988692	-92.893796
31.989038	-92.892989
31.988372	-92.893125
31.987393	-92.892752
31.987487	-92.892274
31.98802	-92.891686
31.987618	-92.891287
31.987315	-92.889925
31.98732	-92.888331
31.986704	-92.886905
31.985516	-92.886764
31.985114	-92.886416
31.984377	-92.886345
31.983629	-92.885655
31.982848	-92.886572
31.981225	-92.884779
31.981346	-92.884553
31.982523	-92.88452
31.982671	-92.884249
31.981642	-92.882888
31.981142	-92.883495
31.98046	-92.88336
31.977408	-92.884407
31.976006	-92.884563
31.975714	-92.884937
31.975258	-92.884925
31.974862	-92.884499
31.972777	-92.884423
31.969807	-92.883231
31.966503	-92.884168
31.963221	-92.883509
31.960865	-92.884868
31.956563	-92.885034
31.955675	-92.88481
31.953329	-92.883033
31.951687	-92.882968
31.951545	-92.881364
31.950803	-92.879798
31.950151	-92.87732
31.949604	-92.877273
31.949138	-92.877605
31.949044	-92.875531
31.948813	-92.875156
31.948907	-92.874587
31.947756	-92.872798
31.946754	-92.872252
31.94553	-92.872261
31.945282	-92.872631
31.945289	-92.873301
31.942548	-92.875156
31.942789	-92.875924
31.942518	-92.876267
31.941961	-92.876151
31.941869	-92.87668
31.941335	-92.877271
31.941981	-92.878253
31.941265	-92.87911
31.94059	-92.879373
31.93997	-92.882998
31.939467	-92.884016
31.939537	-92.884637
31.939233	-92.884867
31.938174	-92.884396
31.937183	-92.884552
31.935862	-92.885369
31.934654	-92.885459
31.934376	-92.885877
31.934256	-92.88683
31.933771	-92.887487
31.931574	-92.887814
31.930038	-92.887125
31.929353	-92.887991
31.927295	-92.888543
31.926929	-92.888934
31.926806	-92.889557
31.926981	-92.890234
31.926622	-92.891389
31.926166	-92.891762
31.925626	-92.891702
31.924936	-92.892049
31.924193	-92.891898
31.92121	-92.89348
31.920622	-92.893562
31.919352	-92.893105
31.916813	-92.894691
31.915524	-92.89399
31.913278	-92.89427
31.907009	-92.893601
31.906224	-92.893308
31.905604	-92.892533
31.904795	-92.892128
31.901446	-92.892582
31.899411	-92.893897
31.897383	-92.895862
31.895529	-92.899269
31.893909	-92.901088
31.891896	-92.901254
31.890845	-92.901831
31.885429	-92.90181
31.883178	-92.902268
31.879805	-92.902161
31.875162	-92.902683
31.872619	-92.904378
31.870141	-92.905245
31.869395	-92.906222
31.867528	-92.905759
31.866177	-92.904905
31.863842	-92.902013
31.862442	-92.901341
31.861225	-92.900397
31.860419	-92.898854
31.859415	-92.8982
31.858164	-92.898472
31.856971	-92.899122
31.856143	-92.899938
31.856247	-92.901428
31.85229	-92.905614
31.850751	-92.908368
31.850958	-92.909602
31.85173	-92.910749
31.8517	-92.91124
31.851272	-92.911289
31.850856	-92.912131
31.851564	-92.913438
31.851635	-92.915061
31.851277	-92.916298
31.852248	-92.916914
31.853076	-92.917986
31.853243	-92.921032
31.853927	-92.924576
31.854636	-92.926119
31.85399	-92.930546
31.854378	-92.932331
31.853873	-92.933605
31.854055	-92.935142
31.853495	-92.937756
31.854186	-92.939514
31.853963	-92.940986
31.854268	-92.942245
31.855466	-92.942721
31.855801	-92.944509
31.857252	-92.946339
31.856553	-92.949411
31.856053	-92.950039
31.855287	-92.950115
31.853711	-92.947591
31.8529	-92.946769
31.849409	-92.94635
31.848753	-92.946621
31.8485	-92.94733
31.848676	-92.948245
31.849534	-92.949972
31.849589	-92.950874
31.849176	-92.951202
31.848522	-92.951086
31.846454	-92.949855
31.845629	-92.948496
31.842995	-92.946408
31.842439	-92.946318
31.840998	-92.947832
31.840278	-92.948179
31.838963	-92.949468
31.838204	-92.949519
31.837836	-92.948533
31.837836	-92.946214
31.837341	-92.944919
31.835719	-92.944468
31.835669	-92.943927
31.836753	-92.942709
31.836819	-92.942284
31.836533	-92.941936
31.83524	-92.942065
31.833959	-92.941749
31.83221	-92.940815
31.830626	-92.938644
31.82941	-92.938425
31.826952	-92.938696
31.822777	-92.938457
31.822156	-92.939011
31.822013	-92.939932
31.823377	-92.942522
31.825571	-92.945717
31.826709	-92.946851
31.827144	-92.947895
31.82683	-92.949563
31.826214	-92.950387
31.824872	-92.951231
31.822496	-92.951012
31.820676	-92.950264
31.817953	-92.947546
31.8156	-92.942444
31.814973	-92.94198
31.814148	-92.942206
31.81049	-92.94694
31.810512	-92.948253
31.810143	-92.948621
31.806866	-92.947107
31.802768	-92.945908
31.80103	-92.945934
31.800447	-92.946198
31.797251	-92.95048
31.796608	-92.951768
31.796025	-92.95189
31.795299	-92.950969
31.794595	-92.950943
31.793929	-92.952135
31.793451	-92.95245
31.790987	-92.951806
31.789793	-92.951819
31.789496	-92.952289
31.789265	-92.953879
31.788913	-92.954046
31.788627	-92.953795
31.78816	-92.951535
31.787808	-92.951355
31.784585	-92.952108
31.783688	-92.952552
31.780784	-92.955326
31.77921	-92.95776
31.778445	-92.960329
31.778489	-92.961558
31.781299	-92.9668
31.781271	-92.96745
31.780902	-92.967792
31.779516	-92.96801
31.776915	-92.967043
31.776244	-92.967063
31.773994	-92.96824
31.771063	-92.968239
31.769985	-92.968805
31.767097	-92.969397
31.76625	-92.970014
31.765562	-92.970986
31.764737	-92.97163
31.763065	-92.971764
31.760496	-92.971384
31.758836	-92.969896
31.758423	-92.969844
31.757241	-92.970423
31.755279	-92.972187
31.753781	-92.972493
31.753599	-92.971325
31.752956	-92.970218
31.752231	-92.969555
31.750795	-92.968881
31.744604	-92.968967
31.74204	-92.968312
31.737397	-92.968814
31.734567	-92.968346
31.73134	-92.968497
31.724244	-92.97074
31.721583	-92.972091
31.72049	-92.973023
31.712423	-92.976035
31.710554	-92.975215
31.709297	-92.974028
31.707741	-92.971705
31.707231	-92.969979
31.706927	-92.966426
31.705948	-92.96293
31.705016	-92.961585
31.701294	-92.959858
31.70008	-92.959924
31.698689	-92.960678
31.687248	-92.965075
31.68342	-92.965759
31.681985	-92.965412
31.679894	-92.963782
31.677347	-92.954573
31.67594	-92.950954
31.675331	-92.945311
31.675435	-92.941021
31.677755	-92.930946
31.677866	-92.929432
31.677424	-92.927663
31.676931	-92.926877
31.675876	-92.926231
31.674481	-92.926036
31.672236	-92.926749
31.670815	-92.926882
31.668316	-92.926201
31.665941	-92.924674
31.663547	-92.921585
31.662506	-92.919292
31.661623	-92.915787
31.660746	-92.910138
31.660692	-92.904766
31.65951	-92.902801
31.656988	-92.902396
31.653613	-92.902933
31.647692	-92.904907
31.638384	-92.908774
31.635646	-92.90956
31.630733	-92.910164
31.628551	-92.909994
31.627109	-92.909554
31.625169	-92.908313
31.623628	-92.906321
31.622001	-92.903607
31.621133	-92.901485
31.6178	-92.886745
31.616891	-92.884679
31.616602	-92.883074
31.616492	-92.878088
31.616759	-92.875153
31.617664	-92.871434
31.617196	-92.869061
31.613348	-92.862239
31.60673	-92.85284
31.603936	-92.847603
31.601233	-92.840947
31.600755	-92.838245
31.600649	-92.828931
31.598871	-92.82102
31.598498	-92.815969
31.598733	-92.808327
31.598548	-92.806206
31.597012	-92.801416
31.595088	-92.798458
31.592574	-92.795485
31.590392	-92.793613
31.578661	-92.787369
31.577712	-92.786041
31.576943	-92.783482
31.573668	-92.77967
31.569414	-92.775515
31.567095	-92.772889
31.565634	-92.770813
31.563878	-92.767677
31.561498	-92.762049
31.558838	-92.757052
31.557938	-92.756174
31.556193	-92.755734
31.555307	-92.75618
31.551717	-92.760141
31.550172	-92.761342
31.548527	-92.761614
31.547388	-92.76131
31.546592	-92.760123
31.544375	-92.754786
31.541426	-92.750149
31.538583	-92.747803
31.535851	-92.74418
31.533088	-92.737912
31.526924	-92.729308
31.525824	-92.727436
31.525651	-92.720154
31.524552	-92.717099
31.523684	-92.716444
31.522399	-92.716519
31.519286	-92.718529
31.517594	-92.718983
31.486473	-92.761551
31.476473	-92.761651
31.476958	-92.779032
31.469775	-92.779152
31.46947	-92.787565
31.462475	-92.787652
31.462374	-92.79595
31.455772	-92.795951
31.455271	-92.813551
31.441278	-92.813156
31.441276	-92.830247
31.433772	-92.830338
31.433767	-92.846832
31.418875	-92.846957
31.418874	-92.871547
31.403976	-92.871553
31.403775	-92.888581
31.389491	-92.888386
31.389174	-92.913491
31.368236	-92.913019
31.367797	-92.94734
31.346751	-92.947095
31.346644	-92.981464
31.348029	-92.982666
31.348338	-92.982655
31.348432	-92.983084
31.349587	-92.983348
31.349641	-92.985027
31.350037	-92.98479
31.350081	-92.985072
31.350472	-92.985053
31.350923	-92.984515
31.350967	-92.984874
31.351984	-92.98506
31.352347	-92.985618
31.35376	-92.986695
31.354222	-92.987599
31.354783	-92.987837
31.354662	-92.988176
31.355025	-92.988247
31.354887	-92.98867
31.355151	-92.988683
31.35591	-92.989632
31.356504	-92.989645
31.3569	-92.989979
31.357824	-92.989793
31.358065	-92.990229
31.35811	-92.989896
31.358577	-92.99023
31.358659	-92.991166
31.359028	-92.991076
31.359418	-92.991608
31.360007	-92.991487
31.360248	-92.992218
31.360473	-92.991988
31.360191	-93.007211
31.360479	-93.032309
31.364296	-93.032306
31.364605	-93.134845
31.364818	-93.150429
31.364507	-93.236104
31.395429	-93.236424
31.441133	-93.236106
31.538339	-93.236662
31.53793	-93.253597
31.538388	-93.262022
31.537919	-93.264123
31.537549	-93.291754
31.53811	-93.337456
31.552281	-93.337692
31.575495	-93.337475
31.578546	-93.337225
31.581211	-93.337543
31.621794	-93.338397
31.643014	-93.338095
31.649411	-93.339113
31.663423	-93.339064
31.678321	-93.338326
31.700938	-93.338256
31.714259	-93.338972
31.714345	-93.416047
31.714562	-93.42037
31.714485	-93.441743
31.743394	-93.440902
31.748524	-93.440954
31.750121	-93.441429
31.789009	-93.440653
31.807124	-93.441126
31.845233	-93.441171
31.859764	-93.440949
31.875164	-93.441557
31.893879	-93.44095
31.89418	-93.440415
31.895066	-93.440474
31.895542	-93.440201
31.895756	-93.439742
31.896698	-93.439923
31.898066	-93.439581
31.897937	-93.43908
31.89859	-93.438759
31.898407	-93.438073
31.89906	-93.438044
31.899157	-93.437689
31.899492	-93.437948
31.899645	-93.437698
31.900125	-93.438176
31.900264	-93.437652
31.900689	-93.437814
31.900894	-93.4383
31.901218	-93.437953
31.901861	-93.438475
31.902112	-93.438045
31.902344	-93.438434
31.903403	-93.438364
31.903641	-93.438063
31.903926	-93.438124
31.904326	-93.43748
31.905268	-93.437524
31.906	-93.438857
31.908762	-93.439681
31.908976	-93.439408
31.910356	-93.439945
31.910541	-93.440317
31.911999	-93.439959
31.912465	-93.440436
31.91373	-93.44057
31.913815	-93.439804
31.914579	-93.438838
31.915364	-93.438381
31.915223	-93.437001
31.915512	-93.436704
31.916495	-93.43678
31.917176	-93.436508
31.917901	-93.435115
31.918973	-93.435514
31.919607	-93.434628
31.921253	-93.433294
31.92201	-93.433112
31.922061	-93.431628
31.92253	-93.431113
31.922997	-93.431211
31.923632	-93.430085
31.924724	-93.430399
31.925344	-93.429557
31.923636	-93.428116
31.923729	-93.426608
31.925031	-93.425128
31.925884	-93.424864
31.92789	-93.425242
31.928388	-93.424814
31.928709	-93.424858
31.929759	-93.424075
31.931234	-93.423963
31.931716	-93.4234
31.931762	-93.422597
31.931274	-93.42126
31.932912	-93.420039
31.933784	-93.420373
31.934048	-93.419503
31.933837	-93.418656
31.934217	-93.417423
31.934289	-93.41585
31.93381	-93.414742
31.932718	-93.414206
31.931088	-93.415133
31.930386	-93.415215
31.929429	-93.416027
31.929071	-93.415936
31.928716	-93.415249
31.927154	-93.41564
31.924195	-93.414266
31.923386	-93.413521
31.922056	-93.411557
31.919217	-93.408405
31.918889	-93.407601
31.918615	-93.403913
31.918762	-93.402543
31.917896	-93.39891
31.91857	-93.395184
31.920661	-93.39134
31.923675	-93.388844
31.924369	-93.388976
31.925266	-93.387704
31.92589	-93.385647
31.925918	-93.384222
31.925177	-93.383606
31.924658	-93.382406
31.922617	-93.381404
31.923303	-93.380175
31.923384	-93.379156
31.923036	-93.378033
31.923442	-93.377477
31.924302	-93.377214
31.926253	-93.377286
31.928573	-93.37628
31.932712	-93.377907
31.932962	-93.37517
31.932919	-93.371752
31.932356	-93.372159
31.932216	-93.354624
31.931528	-93.354948
31.930498	-93.354679
31.929192	-93.353551
31.928482	-93.35331
31.928091	-93.353498
31.927152	-93.354817
31.925684	-93.358798
31.924904	-93.359848
31.923919	-93.360009
31.921994	-93.359339
31.920276	-93.357432
31.919635	-93.354588
31.919061	-93.353111
31.918603	-93.352674
31.915052	-93.352859
31.913969	-93.352079
31.913015	-93.34991
31.912537	-93.349902
31.911455	-93.351758
31.910493	-93.352216
31.909735	-93.352107
31.908935	-93.351489
31.908043	-93.348772
31.90685	-93.34633
31.906373	-93.345961
31.905359	-93.34598
31.904442	-93.346692
31.901327	-93.350551
31.900594	-93.350737
31.898736	-93.350481
31.897243	-93.345512
31.895696	-93.34254
31.894041	-93.33493
31.893788	-93.332485
31.893968	-93.330039
31.893531	-93.326625
31.892842	-93.324851
31.891098	-93.322672
31.889286	-93.32173
31.888736	-93.320977
31.888413	-93.318881
31.889374	-93.317215
31.889968	-93.315091
31.891479	-93.313612
31.89251	-93.311865
31.894274	-93.310388
31.89762	-93.303806
31.89762	-93.302678
31.896955	-93.300878
31.895809	-93.299884
31.893334	-93.300019
31.89283	-93.299804
31.892486	-93.297602
31.890056	-93.294218
31.889575	-93.293144
31.889346	-93.291774
31.890491	-93.28839
31.890514	-93.287584
31.889551	-93.285221
31.887442	-93.282375
31.887006	-93.280763
31.887074	-93.279528
31.888381	-93.281407
31.890535	-93.279849
31.891176	-93.277566
31.893742	-93.275362
31.894223	-93.273912
31.894015	-93.269989
31.895089	-93.267225
31.895637	-93.266609
31.899009	-93.264801
31.901024	-93.264291
31.902286	-93.263619
31.903294	-93.262652
31.907257	-93.260044
31.910441	-93.256979
31.912478	-93.254346
31.913049	-93.254243
31.913304	-93.253719
31.913006	-93.253278
31.911597	-93.253008
31.911039	-93.251706
31.910087	-93.247386
31.910891	-93.245472
31.907191	-93.243014
31.90352	-93.239501
31.972781	-93.23847
31.972454	-93.178983
31.972628	-93.173676
31.972385	-93.173527
31.972206	-93.150191
31.972366	-93.149035
31.972346	-93.125165
31.97261	-93.121188
31.972728	-93.122686
31.973615	-93.124305
31.976023	-93.126288
31.976482	-93.12782
31.977656	-93.128899
31.979944	-93.129567
31.980655	-93.130219
31.981623	-93.131886
31.98182	-93.133811
31.982378	-93.135347
31.983242	-93.1361
31.987095	-93.135073
31.988151	-93.134268
31.988516	-93.134266
31.989685	-93.13615
31.989525	-93.138592
31.989708	-93.139268
31.991015	-93.140745
31.993405	-93.141367
31.994068	-93.141789
31.993925	-93.143267
31.994326	-93.143798
31.996264	-93.144355
31.996679	-93.146393
31.996933	-93.146688
31.998031	-93.146862
31.998816	-93.145991
31.999535	-93.146745
32.00029	-93.146936
32.000577	-93.147639
32.001835	-93.148077
32.002992	-93.149987
32.002723	-93.152898
32.003824	-93.154382
32.004269	-93.154569
32.005105	-93.153143
32.004268	-93.151433
32.005004	-93.151284
32.005951	-93.151606
32.005952	-93.152026
32.005274	-93.151871
32.005522	-93.154169
32.007205	-93.154943
32.007377	-93.154581
32.008125	-93.154729
32.009088	-93.15653
32.008862	-93.156556
32.00867	-93.157085
32.009407	-93.158098
32.01065	-93.158382
32.010958	-93.158827
32.011969	-93.159388
32.012058	-93.160169
32.012625	-93.160957
32.01372	-93.161382
32.013692	-93.162196
32.01389	-93.161757
32.013802	-93.161131
32.012591	-93.160627
32.012189	-93.159291
32.010897	-93.158298
32.009979	-93.157963
32.010126	-93.157698
32.010705	-93.157775
32.011491	-93.157394
32.013004	-93.158517
32.013624	-93.157929
32.01324	-93.158239
32.013097	-93.157987
32.013334	-93.1576
32.015687	-93.15634
32.015693	-93.155798
32.017332	-93.15572
32.016578	-93.155985
32.016506	-93.156818
32.0182	-93.157786
32.01874	-93.159115
32.019483	-93.15998
32.020246	-93.15987
32.019565	-93.15956
32.018487	-93.157669
32.016787	-93.156857
32.016716	-93.15623
32.017255	-93.156004
32.017634	-93.156236
32.017552	-93.155578
32.019278	-93.156307
32.019675	-93.157721
32.01973	-93.157391
32.019844	-93.157624
32.021413	-93.157662
32.024751	-93.156492
32.026066	-93.157357
32.026764	-93.158635
32.027749	-93.158906
32.028458	-93.157989
32.028084	-93.15695
32.028139	-93.156323
32.028683	-93.15611
32.029057	-93.156646
32.029474	-93.15671
32.029314	-93.154263
32.030679	-93.153798
32.032109	-93.15208
32.032663	-93.151854
32.032713	-93.151202
32.033934	-93.152099
32.034044	-93.151318
32.034435	-93.150982
32.034495	-93.14991
32.035578	-93.148347
32.036942	-93.148172
32.038893	-93.145266
32.039889	-93.145588
32.040428	-93.145427
32.040087	-93.144852
32.040664	-93.144645
32.040988	-93.143832
32.04189	-93.143857
32.040443	-93.141533
32.042643	-93.141396
32.043308	-93.140479
32.043638	-93.14055
32.044513	-93.141596
32.044744	-93.142351
32.044535	-93.143191
32.045046	-93.143132
32.046141	-93.141563
32.046563	-93.14133
32.048098	-93.141342
32.047598	-93.140619
32.04735	-93.139379
32.047514	-93.138843
32.048206	-93.138249
32.048537	-93.138785
32.049411	-93.139127
32.049208	-93.137725
32.049813	-93.137544
32.050269	-93.137776
32.05055	-93.138919
32.050825	-93.138816
32.05143	-93.137634
32.051192	-93.135903
32.051605	-93.135419
32.052903	-93.137639
32.053531	-93.137658
32.054251	-93.137174
32.054251	-93.136573
32.05639	-93.136256
32.056336	-93.137321
32.060467	-93.13914
32.060962	-93.139928
32.062821	-93.141328
32.063526	-93.142768
32.064857	-93.142819
32.065522	-93.142322
32.065967	-93.143826
32.06665	-93.144091
32.067414	-93.143367
32.068723	-93.143179
32.069152	-93.143715
32.070208	-93.143663
32.070269	-93.144573
32.070532	-93.144896
32.072117	-93.145419
32.072442	-93.145302
32.072699	-93.145606
32.072635	-93.147505
32.073256	-93.147821
32.074373	-93.147717
32.075775	-93.149428
32.07582	-93.150358
32.076425	-93.152147
32.077185	-93.152909
32.077075	-93.153665
32.078246	-93.15462
32.077866	-93.155234
32.078071	-93.155693
32.07894	-93.15524
32.079347	-93.155751
32.079375	-93.156248
32.080084	-93.157217
32.080486	-93.157262
32.080788	-93.156125
32.081359	-93.156738
32.081729	-93.157914
32.081536	-93.158224
32.081592	-93.16002
32.081262	-93.160524
32.082984	-93.161363
32.083292	-93.161938
32.083692	-93.161905
32.083742	-93.161136
32.084524	-93.161382
32.086894	-93.162951
32.088572	-93.163319
32.089364	-93.163222
32.090898	-93.164035
32.092312	-93.163583
32.092278	-93.164209
32.093317	-93.164306
32.093626	-93.163201
32.093411	-93.162303
32.093581	-93.162129
