32.483299	-91.934276
32.483322	-91.934465
32.484367	-91.934654
32.484769	-91.935405
32.485652	-91.935347
32.489064	-91.934088
32.489424	-91.933259
32.491083	-91.933188
32.491501	-91.933654
32.492601	-91.932329
32.492992	-91.930045
32.492866	-91.929297
32.494402	-91.927105
32.494936	-91.926733
32.495738	-91.925003
32.495842	-91.923728
32.496529	-91.922623
32.496642	-91.921229
32.497422	-91.919716
32.498747	-91.918349
32.500171	-91.918185
32.505902	-91.913057
32.505774	-91.910353
32.506126	-91.909617
32.507438	-91.908288
32.507598	-91.906656
32.50819	-91.90592
32.509022	-91.903968
32.509838	-91.903312
32.511277	-91.9028
32.511902	-91.902208
32.512605	-91.901984
32.513309	-91.90096
32.515853	-91.90024
32.51899	-91.90088
32.52102	-91.900672
32.523549	-91.898752
32.524637	-91.8988
32.525613	-91.899232
32.527565	-91.898992
32.529037	-91.899504
32.531581	-91.898592
32.532653	-91.89872
32.53566	-91.897824
32.53774	-91.896
32.538477	-91.894048
32.539949	-91.892896
32.540157	-91.891856
32.541869	-91.890832
32.543388	-91.889168
32.543565	-91.887712
32.543948	-91.8872
32.542125	-91.883424
32.541356	-91.882464
32.541356	-91.881536
32.539645	-91.881184
32.538109	-91.879504
32.537229	-91.87736
32.535837	-91.877744
32.534125	-91.877664
32.533085	-91.876832
32.531917	-91.874696
32.530085	-91.87426
32.52901	-91.873205
32.527911	-91.871472
32.527223	-91.871066
32.525117	-91.868821
32.524223	-91.867306
32.522483	-91.866439
32.521476	-91.860976
32.521157	-91.860327
32.518592	-91.857811
32.518271	-91.857081
32.517744	-91.853593
32.518067	-91.851781
32.517747	-91.849293
32.517197	-91.847346
32.51729	-91.845264
32.517542	-91.844453
32.518298	-91.843696
32.518527	-91.842669
32.518092	-91.841587
32.518138	-91.840992
32.518825	-91.840371
32.518482	-91.839262
32.519993	-91.838803
32.521186	-91.83929
32.522399	-91.839263
32.523615	-91.838128
32.525194	-91.838696
32.526043	-91.837642
32.526775	-91.837398
32.527119	-91.836966
32.527647	-91.837047
32.528219	-91.837858
32.529182	-91.837913
32.529755	-91.838697
32.530717	-91.838508
32.532068	-91.839049
32.533946	-91.838996
32.535849	-91.839997
32.538048	-91.839619
32.539938	-91.838594
32.540613	-91.838805
32.541573	-91.837952
32.543531	-91.837652
32.545417	-91.835675
32.546073	-91.834307
32.546472	-91.83275
32.547717	-91.832642
32.548885	-91.831939
32.549756	-91.830912
32.550649	-91.830452
32.551498	-91.828505
32.552002	-91.828045
32.553559	-91.825286
32.553742	-91.823987
32.553537	-91.821255
32.55388	-91.819822
32.553835	-91.818415
32.554706	-91.816873
32.55576	-91.816359
32.556469	-91.815629
32.558028	-91.815304
32.558878	-91.815573
32.559345	-91.814645
32.560296	-91.814333
32.562918	-91.814896
32.564431	-91.816118
32.565337	-91.817476
32.566276	-91.817787
32.566789	-91.817498
32.567203	-91.816579
32.56758	-91.813336
32.569505	-91.810786
32.571316	-91.80432
32.570926	-91.802588
32.569464	-91.801243
32.570566	-91.79786
32.570113	-91.797416
32.568534	-91.798104
32.56789	-91.798051
32.566311	-91.796749
32.564225	-91.794083
32.56384	-91.792992
32.563927	-91.792534
32.565033	-91.791194
32.565326	-91.790031
32.565295	-91.788729
32.564615	-91.78666
32.563859	-91.78542
32.562638	-91.784972
32.560834	-91.785424
32.560212	-91.785238
32.559443	-91.784512
32.559731	-91.780771
32.560425	-91.779311
32.561435	-91.778237
32.561617	-91.777532
32.561512	-91.776087
32.560822	-91.775103
32.558543	-91.774141
32.556911	-91.772185
32.555253	-91.770961
32.554375	-91.769798
32.554143	-91.768449
32.554321	-91.767021
32.555571	-91.763873
32.557581	-91.761194
32.559272	-91.760714
32.559632	-91.760188
32.559305	-91.75787
32.559519	-91.757126
32.560957	-91.756077
32.561341	-91.755523
32.56149	-91.754703
32.560547	-91.753417
32.559263	-91.75298
32.558906	-91.754296
32.558363	-91.755232
32.558058	-91.75533
32.557336	-91.754594
32.55717	-91.750562
32.557484	-91.74773
32.558566	-91.7452
32.558906	-91.742286
32.559731	-91.740995
32.561299	-91.739651
32.568568	-91.736806
32.570403	-91.735377
32.571477	-91.735118
32.575383	-91.735483
32.576196	-91.736025
32.576948	-91.737087
32.57788	-91.739421
32.578321	-91.739731
32.578954	-91.739161
32.579976	-91.73719
32.580578	-91.73682
32.583698	-91.736044
32.585334	-91.734937
32.586078	-91.735242
32.587854	-91.73477
32.588956	-91.733873
32.591043	-91.731004
32.593908	-91.7284
32.594714	-91.728145
32.595959	-91.728202
32.59693	-91.727864
32.599826	-91.72506
32.601186	-91.72324
32.603353	-91.721405
32.605725	-91.719885
32.606644	-91.717755
32.608728	-91.714566
32.610633	-91.713374
32.611755	-91.7114
32.61216	-91.708362
32.613177	-91.705991
32.611863	-91.702644
32.611451	-91.698928
32.61121	-91.698455
32.608511	-91.697749
32.607899	-91.697043
32.607844	-91.695211
32.608463	-91.690296
32.61099	-91.687616
32.613951	-91.687719
32.614846	-91.687068
32.615237	-91.685302
32.614839	-91.682757
32.613721	-91.679072
32.613495	-91.676884
32.612966	-91.674781
32.611198	-91.673022
32.611187	-91.671986
32.612049	-91.670893
32.613884	-91.669541
32.617004	-91.665733
32.618586	-91.662991
32.619717	-91.661694
32.621251	-91.660587
32.624504	-91.659686
32.627935	-91.656865
32.630682	-91.655295
32.632173	-91.653152
32.632779	-91.65306
32.634954	-91.654172
32.635966	-91.654032
32.638005	-91.652476
32.638731	-91.651225
32.638663	-91.648674
32.638956	-91.647871
32.639924	-91.647093
32.649589	-91.64271
32.651764	-91.64131
32.653717	-91.640871
32.656281	-91.640779
32.657425	-91.640437
32.657854	-91.63983
32.657853	-91.637118
32.658153	-91.636873
32.65873	-91.63714
32.660311	-91.639222
32.661188	-91.639164
32.662374	-91.637026
32.663449	-91.636605
32.667341	-91.637587
32.667212	-91.596876
32.618251	-91.597131
32.612558	-91.596489
32.5938	-91.595767
32.582192	-91.596027
32.582164	-91.554522
32.582445	-91.552802
32.581975	-91.546251
32.582214	-91.544519
32.582138	-91.52775
32.58235	-91.515333
32.582239	-91.466886
32.581956	-91.445299
32.577361	-91.444163
32.576101	-91.443081
32.57294	-91.439212
32.571244	-91.437832
32.568174	-91.436723
32.566754	-91.435858
32.564005	-91.432828
32.56215	-91.431422
32.561186	-91.430989
32.559973	-91.431043
32.558965	-91.431963
32.557727	-91.434181
32.555804	-91.436453
32.553078	-91.441592
32.552253	-91.442269
32.550994	-91.442485
32.550398	-91.442214
32.548383	-91.439645
32.547398	-91.438942
32.546481	-91.438698
32.544099	-91.440105
32.54309	-91.440997
32.542564	-91.442187
32.542816	-91.445919
32.541029	-91.449029
32.540594	-91.450516
32.541212	-91.455114
32.540363	-91.456223
32.537751	-91.457682
32.536721	-91.459007
32.536332	-91.460062
32.535942	-91.462955
32.535231	-91.464524
32.535001	-91.46831
32.534474	-91.468851
32.532848	-91.469418
32.531495	-91.471121
32.531106	-91.471067
32.529846	-91.468552
32.528473	-91.467929
32.526891	-91.468308
32.525562	-91.471146
32.525196	-91.471173
32.523386	-91.469496
32.522333	-91.469982
32.521141	-91.471929
32.51963	-91.473226
32.514772	-91.475008
32.513558	-91.476062
32.511908	-91.476629
32.509549	-91.476953
32.508266	-91.477682
32.507441	-91.478709
32.505676	-91.479844
32.501621	-91.481139
32.501323	-91.481707
32.501941	-91.482491
32.503407	-91.483168
32.503636	-91.484033
32.503361	-91.484789
32.502558	-91.485276
32.500602	-91.483788
32.50014	-91.483946
32.499135	-91.483486
32.498609	-91.482837
32.498517	-91.48208
32.49893	-91.480729
32.498632	-91.480296
32.497922	-91.480647
32.497394	-91.48208
32.494965	-91.484971
32.494553	-91.484998
32.493431	-91.483673
32.491118	-91.482077
32.490063	-91.482509
32.490018	-91.483996
32.487268	-91.486129
32.485711	-91.485831
32.485298	-91.485993
32.481862	-91.484911
32.480671	-91.486018
32.478701	-91.485558
32.476502	-91.485611
32.475792	-91.484935
32.475312	-91.482583
32.474601	-91.481908
32.47364	-91.482042
32.472883	-91.484204
32.472493	-91.484555
32.47176	-91.484501
32.471027	-91.483852
32.469997	-91.481906
32.468967	-91.480878
32.468394	-91.480635
32.466172	-91.480661
32.465485	-91.48012
32.464111	-91.478309
32.463561	-91.477985
32.460171	-91.47774
32.457835	-91.476415
32.454949	-91.475982
32.452818	-91.475008
32.45078	-91.474819
32.449588	-91.475385
32.448166	-91.477897
32.447526	-91.478491
32.446128	-91.478734
32.445487	-91.478301
32.444043	-91.475545
32.443357	-91.475302
32.441685	-91.475517
32.441066	-91.475301
32.440471	-91.474112
32.440081	-91.472086
32.439784	-91.471789
32.439141	-91.471762
32.436801	-91.472599
32.4363	-91.472396
32.435591	-91.471595
32.434354	-91.47146
32.433785	-91.471653
32.433584	-91.473563
32.432442	-91.474943
32.4322	-91.476555
32.432679	-91.477006
32.433999	-91.477291
32.4347	-91.476131
32.436597	-91.476011
32.437399	-91.477866
32.437514	-91.479109
32.438406	-91.48046
32.438796	-91.481675
32.438636	-91.48254
32.436917	-91.485267
32.434809	-91.486536
32.42922	-91.486614
32.425004	-91.487314
32.422576	-91.486475
32.419942	-91.484772
32.415864	-91.484635
32.415039	-91.485013
32.413848	-91.486796
32.41355	-91.48685
32.412633	-91.485363
32.411031	-91.484093
32.410161	-91.482553
32.40842	-91.481283
32.406405	-91.477421
32.405808	-91.476739
32.405603	-91.47769
32.405743	-91.481163
32.405534	-91.488952
32.405417	-91.595221
32.405569	-91.617034
32.405371	-91.634931
32.404863	-91.634181
32.404953	-91.632453
32.40461	-91.631427
32.404175	-91.631048
32.403579	-91.63113
32.403075	-91.631833
32.402549	-91.633642
32.40074	-91.636236
32.400329	-91.637694
32.400604	-91.638234
32.403101	-91.640582
32.403056	-91.641095
32.402621	-91.641365
32.39884	-91.641124
32.395794	-91.643043
32.393824	-91.643017
32.393594	-91.643314
32.393594	-91.64434
32.393985	-91.645663
32.393963	-91.646662
32.393619	-91.647688
32.393437	-91.649524
32.392933	-91.650119
32.390092	-91.648743
32.389611	-91.649121
32.389176	-91.650039
32.389108	-91.652577
32.388444	-91.654683
32.389724	-91.655901
32.391254	-91.656604
32.390998	-91.656882
32.387979	-91.657717
32.38666	-91.657794
32.38617	-91.658298
32.387712	-91.66254
32.388767	-91.664295
32.388561	-91.665619
32.388011	-91.666591
32.387897	-91.667347
32.388492	-91.669129
32.388171	-91.670533
32.387667	-91.670992
32.386637	-91.670911
32.384459	-91.669319
32.383544	-91.669454
32.383132	-91.670183
32.383086	-91.673639
32.383453	-91.674692
32.383384	-91.675961
32.384416	-91.679065
32.384324	-91.679956
32.383544	-91.680253
32.381645	-91.679498
32.380476	-91.678688
32.379468	-91.678364
32.378002	-91.67885
32.375963	-91.678634
32.374799	-91.679333
32.374673	-91.680494
32.373648	-91.68017
32.373144	-91.680386
32.372571	-91.683221
32.371266	-91.684976
32.371404	-91.68619
32.372915	-91.689511
32.372618	-91.69024
32.370052	-91.691184
32.370029	-91.691994
32.371129	-91.697825
32.370669	-91.698635
32.369594	-91.698824
32.366157	-91.697771
32.3643	-91.696907
32.363293	-91.696772
32.362377	-91.69742
32.361323	-91.701847
32.359398	-91.703386
32.358573	-91.703277
32.35768	-91.702198
32.356122	-91.701928
32.355755	-91.701415
32.356305	-91.699903
32.356167	-91.699606
32.354473	-91.698878
32.353738	-91.698958
32.353167	-91.700011
32.35248	-91.700632
32.351678	-91.700686
32.350257	-91.699633
32.349891	-91.699633
32.349593	-91.700011
32.349272	-91.701549
32.348242	-91.702278
32.344879	-91.701538
32.343895	-91.701948
32.342497	-91.703455
32.342481	-91.703876
32.34333	-91.705621
32.343522	-91.708908
32.343096	-91.711545
32.3432	-91.714178
32.342855	-91.714853
32.341572	-91.71577
32.339923	-91.715661
32.339442	-91.715958
32.338983	-91.716956
32.337815	-91.718359
32.336852	-91.718791
32.33589	-91.720329
32.334961	-91.722799
32.333621	-91.723188
32.333551	-91.723836
32.333941	-91.724672
32.33488	-91.725644
32.33488	-91.726319
32.333641	-91.728045
32.334123	-91.729664
32.334992	-91.730934
32.33497	-91.731717
32.333227	-91.736249
32.334142	-91.741727
32.334691	-91.742537
32.338631	-91.743619
32.339502	-91.744888
32.339432	-91.745967
32.338516	-91.746371
32.33776	-91.746182
32.337164	-91.746532
32.33565	-91.74963
32.335465	-91.752448
32.334069	-91.754473
32.333956	-91.756497
32.334804	-91.757468
32.335079	-91.760112
32.335355	-91.760841
32.334989	-91.7613
32.333179	-91.762299
32.332011	-91.762435
32.331255	-91.762975
32.330316	-91.76446
32.32972	-91.764055
32.32956	-91.76357
32.328117	-91.762464
32.327865	-91.76179
32.326864	-91.761225
32.325954	-91.762315
32.324844	-91.763078
32.324554	-91.762813
32.324603	-91.761152
32.324221	-91.760578
32.321609	-91.760471
32.320439	-91.75942
32.319637	-91.759123
32.317714	-91.759098
32.315263	-91.76007
32.314576	-91.760583
32.314186	-91.760557
32.313696	-91.76143
32.313729	-91.762416
32.31331	-91.763469
32.31172	-91.76585
32.310719	-91.766096
32.310266	-91.764835
32.310781	-91.760747
32.311321	-91.760019
32.310436	-91.759286
32.310377	-91.758129
32.310133	-91.757807
32.309779	-91.757921
32.30904	-91.759507
32.306305	-91.760966
32.305297	-91.761047
32.304707	-91.762062
32.304952	-91.762444
32.304856	-91.763573
32.305858	-91.764825
32.305624	-91.766285
32.305276	-91.766427
32.304744	-91.766143
32.301079	-91.767442
32.300182	-91.766996
32.30115	-91.764388
32.30178	-91.764474
32.302352	-91.763687
32.301678	-91.762993
32.298504	-91.76185
32.298622	-91.76288
32.297832	-91.764473
32.297922	-91.766237
32.297615	-91.767327
32.29714	-91.767792
32.296211	-91.768057
32.295637	-91.768939
32.295097	-91.769214
32.294459	-91.767734
32.294507	-91.767403
32.295209	-91.766701
32.295088	-91.765952
32.294652	-91.765345
32.294748	-91.764918
32.29587	-91.763942
32.295305	-91.762472
32.294424	-91.762918
32.293224	-91.762539
32.290201	-91.764887
32.28869	-91.767585
32.285688	-91.768638
32.284131	-91.768343
32.283405	-91.768722
32.282598	-91.767998
32.281208	-91.767827
32.280966	-91.768481
32.281633	-91.770124
32.278565	-91.773388
32.277351	-91.774117
32.275357	-91.774145
32.273662	-91.774631
32.272745	-91.774469
32.272675	-91.772319
32.27299	-91.771798
32.272183	-91.770726
32.271456	-91.771162
32.270885	-91.773513
32.26979	-91.773149
32.26885	-91.773285
32.267156	-91.774121
32.265255	-91.774446
32.263536	-91.774042
32.262734	-91.773233
32.262138	-91.771966
32.260184	-91.769857
32.259362	-91.770904
32.259338	-91.77151
32.259878	-91.772041
32.259895	-91.772752
32.259298	-91.772705
32.259185	-91.773141
32.258628	-91.773387
32.258215	-91.773188
32.257762	-91.770164
32.257188	-91.769165
32.256363	-91.769273
32.254554	-91.771377
32.254623	-91.773139
32.253743	-91.773736
32.253152	-91.773604
32.252152	-91.77257
32.252035	-91.772113
32.251072	-91.772106
32.249083	-91.771538
32.248052	-91.771539
32.247754	-91.772159
32.247571	-91.77375
32.247023	-91.774855
32.244709	-91.77553
32.243059	-91.775126
32.242761	-91.77607
32.243609	-91.778442
32.243609	-91.779412
32.243038	-91.780329
32.242322	-91.780606
32.241813	-91.780024
32.241138	-91.777642
32.239735	-91.776588
32.239106	-91.776587
32.2383	-91.777232
32.238121	-91.777858
32.238346	-91.778968
32.240184	-91.780535
32.240678	-91.782028
32.240243	-91.783511
32.239556	-91.784698
32.239328	-91.786234
32.23887	-91.787286
32.238069	-91.787555
32.237817	-91.78734
32.237175	-91.785291
32.236556	-91.784914
32.235456	-91.785373
32.234219	-91.78753
32.233531	-91.788285
32.231997	-91.789068
32.231814	-91.790065
32.232112	-91.791601
32.231631	-91.792114
32.229959	-91.792815
32.229089	-91.794001
32.228745	-91.794001
32.226774	-91.792411
32.225673	-91.792007
32.225102	-91.792196
32.224941	-91.792574
32.225125	-91.797048
32.224643	-91.798476
32.223843	-91.799366
32.223568	-91.800282
32.223545	-91.802331
32.221781	-91.804783
32.220796	-91.807263
32.221804	-91.807831
32.221904	-91.808188
32.22133	-91.809163
32.21924	-91.808449
32.218263	-91.808811
32.218095	-91.809273
32.218546	-91.811
32.218918	-91.811575
32.219521	-91.810575
32.221643	-91.810624
32.222264	-91.811403
32.222465	-91.812314
32.222166	-91.812873
32.221342	-91.812872
32.218705	-91.811929
32.217222	-91.813273
32.213672	-91.819768
32.212732	-91.820469
32.211357	-91.820738
32.206729	-91.819795
32.205973	-91.819256
32.20523	-91.819114
32.204942	-91.819821
32.205388	-91.821714
32.205033	-91.822544
32.203201	-91.824134
32.201391	-91.823972
32.199077	-91.824537
32.198183	-91.824133
32.197404	-91.824214
32.19596	-91.824914
32.194815	-91.824618
32.192272	-91.823028
32.190645	-91.822731
32.190002	-91.823162
32.19014	-91.823836
32.190942	-91.82451
32.19147	-91.825668
32.192431	-91.826315
32.192408	-91.8268
32.188515	-91.830221
32.186613	-91.830544
32.186154	-91.83111
32.183839	-91.831648
32.183473	-91.831998
32.183335	-91.833184
32.183084	-91.83348
32.182391	-91.832031
32.181649	-91.831575
32.181013	-91.830503
32.180011	-91.831715
32.179954	-91.832549
32.179566	-91.833374
32.180024	-91.834492
32.181942	-91.835558
32.181668	-91.836288
32.180006	-91.837234
32.179886	-91.835565
32.17933	-91.834834
32.177877	-91.835941
32.177337	-91.835988
32.176158	-91.837285
32.176068	-91.838072
32.176512	-91.838291
32.178012	-91.838085
32.178181	-91.838322
32.178164	-91.839915
32.177646	-91.841024
32.17533	-91.841608
32.175023	-91.841968
32.174998	-91.843134
32.176198	-91.844597
32.176173	-91.845175
32.175778	-91.845582
32.174971	-91.845685
32.173824	-91.846603
32.172845	-91.849446
32.173037	-91.850632
32.173955	-91.851297
32.174811	-91.851128
32.175198	-91.851337
32.17539	-91.852096
32.173904	-91.854484
32.174137	-91.854769
32.176219	-91.854772
32.176249	-91.856015
32.175668	-91.856877
32.174627	-91.85659
32.173901	-91.856712
32.173327	-91.85728
32.172688	-91.859062
32.173434	-91.862098
32.174111	-91.863094
32.174021	-91.863843
32.172327	-91.86421
32.171664	-91.864655
32.171632	-91.865157
32.172252	-91.865889
32.173793	-91.866109
32.174008	-91.866954
32.172443	-91.867994
32.172337	-91.868676
32.173982	-91.869277
32.174602	-91.870416
32.173827	-91.87086
32.173214	-91.870622
32.172244	-91.871331
32.171922	-91.871881
32.171824	-91.872734
32.172403	-91.873626
32.173661	-91.874264
32.173893	-91.875129
32.172624	-91.875835
32.17084	-91.876092
32.170603	-91.876629
32.171571	-91.880037
32.171343	-91.880366
32.169648	-91.880605
32.169168	-91.88131
32.168295	-91.883801
32.165951	-91.886684
32.165314	-91.886781
32.164037	-91.88497
32.163254	-91.885029
32.162529	-91.885978
32.162872	-91.887609
32.162683	-91.888156
32.162303	-91.888351
32.16149	-91.888135
32.161307	-91.887802
32.160614	-91.887625
32.158147	-91.889447
32.157345	-91.890875
32.154986	-91.890526
32.15423	-91.891173
32.153703	-91.893597
32.152558	-91.894432
32.15155	-91.894729
32.152513	-91.895914
32.152583	-91.897018
32.15224	-91.899442
32.152698	-91.900438
32.153087	-91.900519
32.153751	-91.89998
32.156046	-91.89377
32.156706	-91.893299
32.157347	-91.893272
32.158102	-91.893864
32.158333	-91.895911
32.158906	-91.896799
32.159571	-91.89688
32.160327	-91.896179
32.160601	-91.894536
32.160325	-91.893324
32.160508	-91.892247
32.161057	-91.891816
32.162112	-91.892031
32.162799	-91.892892
32.164932	-91.898413
32.165506	-91.901456
32.166584	-91.903503
32.166575	-91.904496
32.165716	-91.906238
32.165394	-91.90749
32.165599	-91.908594
32.166196	-91.909267
32.168647	-91.909967
32.16906	-91.910586
32.168625	-91.912122
32.166677	-91.913658
32.166128	-91.915597
32.166266	-91.917159
32.166725	-91.918641
32.167642	-91.920445
32.168053	-91.922115
32.16794	-91.923085
32.167299	-91.924755
32.165698	-91.926324
32.165351	-91.927558
32.165121	-91.93184
32.165443	-91.933241
32.166978	-91.935342
32.167872	-91.938009
32.168582	-91.939032
32.170415	-91.940648
32.171584	-91.940837
32.173302	-91.940325
32.174149	-91.940379
32.174677	-91.940702
32.175311	-91.941599
32.175455	-91.94285
32.174822	-91.944064
32.173896	-91.944898
32.172694	-91.945263
32.171857	-91.946315
32.171838	-91.947678
32.173063	-91.949896
32.174137	-91.950892
32.17455	-91.951777
32.173558	-91.954852
32.17022	-91.958935
32.169638	-91.960188
32.169409	-91.961671
32.169837	-91.965814
32.169778	-91.968255
32.169079	-91.970008
32.166742	-91.97288
32.16626	-91.974749
32.165914	-91.977783
32.166148	-91.979868
32.166634	-91.980603
32.167493	-91.981123
32.169049	-91.981235
32.173206	-91.977465
32.175337	-91.976333
32.17718	-91.975908
32.179178	-91.976119
32.182637	-91.97823
32.187956	-91.979926
32.188936	-91.981499
32.189281	-91.982714
32.18988	-91.983478
32.191305	-91.983825
32.19238	-91.983411
32.193292	-91.982313
32.194564	-91.979411
32.195051	-91.97685
32.197377	-91.973514
32.198617	-91.972684
32.202405	-91.973038
32.203584	-91.973761
32.20429	-91.975255
32.204413	-91.976203
32.204206	-91.977906
32.203384	-91.979819
32.200377	-91.983953
32.197414	-91.990511
32.19231	-91.997604
32.190862	-92.000132
32.190393	-92.000132
32.190103	-92.004208
32.190395	-92.006626
32.192504	-92.008819
32.193511	-92.009104
32.196135	-92.009083
32.197412	-92.008815
32.200243	-92.007569
32.201628	-92.006391
32.203158	-92.003076
32.204681	-91.998612
32.206116	-91.99662
32.210818	-91.991596
32.211998	-91.989184
32.213333	-91.980372
32.213904	-91.979469
32.216175	-91.977979
32.218645	-91.97774
32.220222	-91.978108
32.223399	-91.980255
32.22432	-91.98214
32.224296	-91.983087
32.223959	-91.983898
32.223089	-91.984835
32.218342	-91.986498
32.215198	-91.988405
32.213821	-91.990161
32.212564	-91.993017
32.211532	-91.998233
32.211686	-92.000132
32.212065	-92.000744
32.213228	-92.001558
32.213676	-92.001558
32.216105	-92.000132
32.216957	-91.998568
32.217428	-91.996167
32.218534	-91.993897
32.219259	-91.99309
32.221707	-91.991422
32.223695	-91.990876
32.225499	-91.99118
32.227093	-91.992589
32.228392	-91.995597
32.228776	-91.998083
32.228909	-92.005402
32.231052	-92.007477
32.232298	-92.007011
32.232672	-92.006301
32.233134	-92.001074
32.23375	-92.000132
32.235844	-91.998578
32.238269	-91.998074
32.244543	-91.998068
32.245593	-91.997758
32.246383	-91.996989
32.249232	-91.990465
32.250149	-91.987002
32.250833	-91.986159
32.252555	-91.986168
32.253107	-91.986635
32.253404	-91.987409
32.253357	-91.990046
32.251787	-91.993449
32.251564	-91.994836
32.252189	-91.998858
32.252851	-92.000132
32.256171	-92.001439
32.256818	-92.001437
32.258068	-92.000857
32.262949	-91.993732
32.26375	-91.992132
32.265749	-91.991532
32.270319	-91.991963
32.272562	-91.99261
32.275653	-91.992821
32.276795	-91.993367
32.277068	-92.034397
32.277675	-92.034669
32.278739	-92.034462
32.279705	-92.032881
32.280557	-92.032148
32.284123	-92.027605
32.285341	-92.026521
32.293761	-92.022211
32.297649	-92.019816
32.303827	-92.018905
32.308633	-92.017722
32.312691	-92.016235
32.318604	-92.015463
32.319094	-92.016655
32.319094	-92.018625
32.321976	-92.018047
32.323399	-92.01814
32.323807	-92.017455
32.324151	-92.014633
32.327303	-92.012293
32.327972	-92.012106
32.330806	-92.012302
32.332756	-92.01099
32.335177	-92.009828
32.338088	-92.009357
32.340078	-92.009812
32.342551	-92.01113
32.346846	-92.011604
32.348365	-92.011481
32.349908	-92.010569
32.352808	-92.006799
32.354244	-92.006193
32.359403	-92.007492
32.361075	-92.008697
32.362319	-92.009113
32.362305	-92.010549
32.362583	-92.011141
32.363106	-92.011423
32.364041	-92.010887
32.364763	-92.008739
32.370483	-92.0076
32.3735	-92.0049
32.380499	-92.00434
32.384898	-92.00154
32.387245	-91.999032
32.390746	-91.997331
32.391546	-91.997331
32.392646	-91.996631
32.392946	-91.995931
32.395142	-91.995631
32.39784	-91.993631
32.400101	-91.99416
32.401125	-91.994114
32.402071	-91.992848
32.401795	-91.991279
32.405285	-91.988856
32.406182	-91.987533
32.413915	-91.983617
32.415269	-91.981931
32.416353	-91.979498
32.417195	-91.978696
32.41597	-91.977343
32.41574	-91.976701
32.416103	-91.975506
32.417081	-91.975441
32.417116	-91.974816
32.417702	-91.974035
32.418644	-91.973535
32.419024	-91.973654
32.419603	-91.973385
32.4202	-91.97196
32.420108	-91.971392
32.420341	-91.971095
32.4221	-91.97118
32.422704	-91.972232
32.4234	-91.972548
32.425641	-91.970617
32.425505	-91.968024
32.426814	-91.96717
32.428249	-91.965208
32.431261	-91.964207
32.432215	-91.964606
32.432723	-91.964394
32.440041	-91.957155
32.441612	-91.952654
32.442923	-91.952103
32.444057	-91.951241
32.444471	-91.950167
32.445554	-91.949154
32.446837	-91.949086
32.446911	-91.94937
32.447243	-91.949386
32.448318	-91.948307
32.448737	-91.948331
32.449379	-91.947616
32.448971	-91.947013
32.448569	-91.944469
32.450817	-91.943796
32.452519	-91.943706
32.454667	-91.941254
32.455942	-91.941205
32.457112	-91.941953
32.457365	-91.942821
32.457934	-91.943489
32.457855	-91.943878
32.458595	-91.944828
32.459282	-91.944851
32.460424	-91.945589
32.466597	-91.942912
32.467073	-91.941592
32.468946	-91.940164
32.470045	-91.940363
32.470647	-91.939931
32.472943	-91.941278
32.474339	-91.94079
32.475257	-91.939628
32.479495	-91.937412
32.480756	-91.936439
32.481374	-91.935249
32.483299	-91.934276
