# GsakName=North Region
# This polygon is based on the official boundaries published by the Singapore Government https://data.gov.sg/dataset/master-plan-2014-region-boundary-no-sea
1.451449551	103.7766443
1.451419696	103.7765923
1.451381214	103.7765253
1.451280446	103.7763606
1.45126168	103.7763342
1.451208048	103.776222
1.451186604	103.776156
1.451163822	103.7761018
1.451108831	103.7759077
1.451073964	103.7757585
1.451072617	103.7757321
1.451088683	103.7756092
1.451087344	103.7755775
1.451079294	103.7755207
1.45106588	103.7754772
1.451036388	103.7754125
1.451028348	103.7753887
1.451020298	103.7753596
1.451008223	103.7752883
1.450994809	103.7752038
1.450965324	103.7750915
1.450947886	103.775011
1.450922154	103.7749248
1.450885499	103.7748142
1.450845296	103.7747118
1.450840566	103.7746885
1.450801557	103.7745709
1.450788552	103.7745429
1.450773177	103.774515
1.450764901	103.7744836
1.45074836	103.7744521
1.450734169	103.774409
1.450695171	103.7743194
1.450677435	103.7742868
1.450567494	103.774026
1.450528496	103.7739596
1.450482381	103.773891
1.450469375	103.773863
1.450420927	103.7737885
1.450366535	103.7736581
1.450351431	103.7736328
1.450307794	103.7735649
1.450263396	103.7734669
1.450235886	103.7734393
1.450147442	103.7732553
1.450138615	103.7732315
1.450085806	103.7731108
1.450034507	103.7729999
1.449968793	103.7728738
1.449945803	103.7728311
1.449904246	103.7727649
1.449873297	103.7727048
1.44983173	103.7726394
1.449818118	103.7726242
1.449765836	103.7725389
1.44970483	103.7724486
1.449673442	103.7723928
1.449620381	103.772317
1.449577938	103.772263
1.449540505	103.7722247
1.449466982	103.7721312
1.44944968	103.7721115
1.449427609	103.7720748
1.449379857	103.7720007
1.449345382	103.7719576
1.449313641	103.7719226
1.449281244	103.7718868
1.449276007	103.7718765
1.449220512	103.7718001
1.449220381	103.7718001
1.449220213	103.7717998
1.449213996	103.771796
1.449193436	103.7717918
1.44916528	103.77179
1.449164606	103.77179
1.448956834	103.7716079
1.4489504	103.7715917
1.448947071	103.7715671
1.448939348	103.7715535
1.448939186	103.7715534
1.448939051	103.7715532
1.448926783	103.7715451
1.44885368	103.7713373
1.448865843	103.7713111
1.448872472	103.7712926
1.448863862	103.771246
1.448863523	103.7712457
1.448861842	103.7712441
1.448624678	103.7710164
1.448569492	103.7709719
1.448492456	103.7708625
1.448501206	103.7707596
1.448567965	103.7706805
1.448706548	103.770618
1.450884688	103.7699515
1.452685974	103.769408
1.452666746	103.7693735
1.452630633	103.7693087
1.452591889	103.7692392
1.452488423	103.7690536
1.451527745	103.7693352
1.450586881	103.7696248
1.449826094	103.7698602
1.449825983	103.7698602
1.449637704	103.7698537
1.449437875	103.7698321
1.449244964	103.7697959
1.449055291	103.7697464
1.448869261	103.7696756
1.448688577	103.7695989
1.448514249	103.7695063
1.448347355	103.7694013
1.447903575	103.7690958
1.447751612	103.7689741
1.447627456	103.7688229
1.44738353	103.7684601
1.447274902	103.7682949
1.447153975	103.7681375
1.447025054	103.767985
1.44689181	103.7678398
1.446563525	103.7674902
1.446406777	103.7673658
1.446223686	103.7672785
1.445331802	103.7669105
1.445200387	103.7668691
1.44500026	103.7668396
1.444801373	103.7668492
1.444605263	103.766896
1.444426346	103.7669783
1.444334806	103.7669447
1.444213913	103.7670371
1.444196275	103.7670523
1.444184052	103.7670628
1.444186344	103.7670452
1.444196975	103.7669636
1.444197026	103.7669632
1.444197038	103.766911
1.444197045	103.7668913
1.444192543	103.7668374
1.444111302	103.766442
1.443957692	103.7661096
1.443835711	103.76584
1.443741011	103.7651571
1.443713902	103.7651032
1.443700365	103.7650268
1.443700429	103.7648516
1.443673377	103.764645
1.443582985	103.7645371
1.443449886	103.7643956
1.44332966	103.7642678
1.443447449	103.7640145
1.444252498	103.7622361
1.44431384	103.7621139
1.444329752	103.7620798
1.444349071	103.7620093
1.444356828	103.7619777
1.444352539	103.7618749
1.444140181	103.7604559
1.44412422	103.7603816
1.443646918	103.7593507
1.443565438	103.7591691
1.443527853	103.7590746
1.443461465	103.7588927
1.443451832	103.7588593
1.443399122	103.7585499
1.443385038	103.7584276
1.443378831	103.7583197
1.443383035	103.7581887
1.443389031	103.7580568
1.443399217	103.7579306
1.443419807	103.7578038
1.443459643	103.757551
1.443505958	103.7572824
1.443584979	103.7569043
1.443656751	103.7565717
1.443730375	103.7561955
1.443804071	103.7558458
1.443874507	103.7555693
1.44408183	103.7545829
1.444734803	103.7517026
1.444752037	103.7516114
1.444961246	103.7506137
1.445229419	103.7493348
1.446292593	103.7442035
1.446305035	103.7440785
1.446309773	103.7439571
1.446287442	103.7438199
1.446260516	103.7436965
1.446219175	103.7435605
1.446154652	103.743441
1.446081954	103.7433305
1.445990135	103.7432387
1.445893322	103.743151
1.445785132	103.7430735
1.445634354	103.7430062
1.445559557	103.7429738
1.445457815	103.7429469
1.445213491	103.742922
1.444816697	103.7429255
1.441559011	103.7429175
1.439279	103.7428978
1.439252602	103.742901
1.438706851	103.7429657
1.438831695	103.7429382
1.439131698	103.7428929
1.439211487	103.7428425
1.439265511	103.7427753
1.439276866	103.7426945
1.439229943	103.7425543
1.439177405	103.7424791
1.439087047	103.7424343
1.439077077	103.7424281
1.438995115	103.7423769
1.438947807	103.742328
1.43890773	103.7422572
1.438900076	103.7421607
1.438908896	103.740688
1.438907076	103.7403232
1.438904353	103.7402585
1.438901596	103.7395486
1.43889978	103.7392611
1.438913331	103.7389825
1.43890128	103.7387083
1.439000362	103.7386478
1.439146756	103.7385984
1.439286891	103.7385437
1.439428537	103.7384864
1.439575556	103.7384438
1.439719683	103.7384163
1.43991923	103.738387
1.44010142	103.7383746
1.440277574	103.73838
1.440426762	103.7383897
1.440508291	103.7384013
1.440597609	103.7384144
1.440697319	103.7384264
1.440782056	103.738424
1.440868505	103.7383937
1.440947247	103.7383624
1.44102147	103.7382867
1.441051761	103.7382437
1.441058108	103.7382027
1.441052825	103.7381705
1.441021125	103.73813
1.44095881	103.7380714
1.440958808	103.7380098
1.44094285	103.737996
1.440883407	103.7379513
1.440840569	103.7379002
1.440822677	103.7378789
1.440761673	103.7378576
1.440719635	103.7378438
1.440694518	103.7377896
1.44065775	103.7377464
1.440642218	103.7377355
1.44061467	103.7377265
1.440571109	103.7377157
1.44054117	103.7376978
1.440525145	103.7376759
1.440410804	103.7376331
1.440376436	103.7376011
1.440308455	103.7375763
1.440266808	103.7375655
1.440255842	103.7375584
1.44021123	103.7374947
1.440172107	103.7374694
1.440093162	103.7374485
1.440031499	103.7374419
1.439982341	103.7374216
1.43992328	103.737371
1.439857528	103.737329
1.439781895	103.7372943
1.43969121	103.7372766
1.439619974	103.7372679
1.439555977	103.7372727
1.439472447	103.7372854
1.439395416	103.7372863
1.439359883	103.7372698
1.439321881	103.7372411
1.439256433	103.7372303
1.439168266	103.7372287
1.439056356	103.7372223
1.438969205	103.7372355
1.438866232	103.7372259
1.438794381	103.7372042
1.438726702	103.7371753
1.438718078	103.7371716
1.438718546	103.7369979
1.43872771	103.7367991
1.438870389	103.7367876
1.438884869	103.7367878
1.438937717	103.7367884
1.43899843	103.7367835
1.439048298	103.7367773
1.439099847	103.7367676
1.439146485	103.7367594
1.439183369	103.7367498
1.439215557	103.7367395
1.439244238	103.7367339
1.439275591	103.7367313
1.439309546	103.7367366
1.43933503	103.7367395
1.439373138	103.7367456
1.439417587	103.7367513
1.439474604	103.7367515
1.439523493	103.7367506
1.439571546	103.7367448
1.439618715	103.7367375
1.439639931	103.7367349
1.439671877	103.7367289
1.439717058	103.7367214
1.439739191	103.7367179
1.439766381	103.7367154
1.439797326	103.736716
1.439837486	103.7367178
1.439853229	103.7367182
1.439885506	103.7367144
1.439905096	103.7367116
1.439927084	103.7367056
1.439951282	103.7366971
1.439989903	103.73668
1.440277411	103.7365625
1.440322219	103.7365431
1.440353716	103.7365432
1.440388757	103.7365485
1.440419637	103.7365537
1.440457487	103.7365652
1.440496952	103.7365776
1.440542188	103.7365916
1.440570426	103.7366044
1.44059621	103.7366367
1.440647116	103.7366846
1.44066919	103.7367107
1.440693311	103.7367328
1.440764215	103.7367747
1.44081735	103.7367933
1.440836974	103.7368008
1.440864778	103.7368185
1.440926759	103.736852
1.440949403	103.7368637
1.441020042	103.7368975
1.441084569	103.7369508
1.441131961	103.737011
1.441218728	103.7370671
1.441284166	103.7371208
1.441298528	103.7371388
1.441337654	103.7371819
1.44136655	103.7372247
1.441387181	103.7372504
1.441409086	103.7372756
1.441471678	103.7373291
1.441547279	103.7374096
1.441595086	103.7374589
1.441656345	103.7375171
1.441751782	103.7376033
1.441893709	103.7377245
1.441930634	103.7377617
1.441946008	103.7377752
1.441978497	103.7377946
1.441988713	103.7378018
1.442007746	103.7378253
1.442020993	103.737861
1.442025093	103.7379034
1.442024878	103.7379312
1.442033403	103.7379553
1.442044277	103.7379797
1.442056375	103.7380071
1.442089082	103.7380366
1.442136371	103.7380591
1.442149359	103.7380623
1.442178478	103.7380681
1.442203753	103.738073
1.442222473	103.7380916
1.442245707	103.738108
1.442278518	103.7381217
1.442302424	103.7381269
1.442326506	103.7381307
1.44234982	103.7381249
1.442394352	103.7381043
1.442404127	103.7380966
1.442418941	103.7380744
1.442452201	103.7380394
1.442470619	103.7380164
1.442472697	103.7379628
1.442450822	103.7378908
1.442445668	103.7378705
1.442442141	103.737851
1.442444442	103.7378394
1.442465497	103.7378143
1.442478132	103.7378071
1.442488807	103.7378069
1.442508523	103.7378056
1.442526071	103.7378051
1.442543101	103.7378099
1.442600888	103.7378251
1.442619393	103.7378364
1.442635053	103.7378601
1.442660839	103.7378944
1.442700048	103.7379076
1.442714168	103.7379092
1.442722128	103.737909
1.442735675	103.7379037
1.442749582	103.7378982
1.442762924	103.7378874
1.442772105	103.7378771
1.442780008	103.7378643
1.442786987	103.7378468
1.442792512	103.7378279
1.442793311	103.737804
1.442792201	103.7377582
1.442801698	103.7377373
1.442815144	103.7377095
1.442826823	103.7376913
1.44283687	103.7376722
1.442852322	103.7376479
1.442883822	103.7376114
1.442922498	103.7375607
1.44296152	103.7375068
1.443001654	103.7374588
1.443036571	103.7374173
1.443076891	103.7373703
1.443118504	103.7373294
1.443158151	103.7372936
1.443196683	103.7372613
1.443225365	103.737232
1.443261387	103.7371951
1.443292738	103.7371657
1.443328008	103.7371222
1.443390486	103.7370534
1.443423789	103.7370558
1.443456895	103.7370546
1.443491759	103.7370421
1.443514858	103.7370283
1.443531071	103.7370122
1.443547977	103.7369895
1.443555811	103.7369609
1.443568154	103.7369292
1.443579837	103.7369119
1.443615908	103.7368858
1.443702728	103.7367984
1.443720733	103.7367784
1.443733274	103.7367505
1.44374109	103.736718
1.443747988	103.736689
1.443719749	103.7366392
1.443708211	103.7366081
1.44369997	103.736586
1.443693913	103.7365667
1.443694343	103.7365417
1.443704323	103.7365074
1.44371831	103.7364793
1.443749746	103.736428
1.443778884	103.7363893
1.443817193	103.7363378
1.443850478	103.7362955
1.443883593	103.7362558
1.443922848	103.7362136
1.443960477	103.7361717
1.444006034	103.7361224
1.444040596	103.7360826
1.444074077	103.7360439
1.444111663	103.7359922
1.444153046	103.7359404
1.444186514	103.7358987
1.444220692	103.7358541
1.444245705	103.7358233
1.444269448	103.7357921
1.44431828	103.7357466
1.444365137	103.7357048
1.444395575	103.7356736
1.444435419	103.7356418
1.444458147	103.7356259
1.444492247	103.7356043
1.44451622	103.7355835
1.444541392	103.7355482
1.444561732	103.7355244
1.444590552	103.7354953
1.444609307	103.7354814
1.444634005	103.7354613
1.444656521	103.7354386
1.444690761	103.7354077
1.444731677	103.7353724
1.44476876	103.7353302
1.444801102	103.7352795
1.444813299	103.7352557
1.444826186	103.7352242
1.444845951	103.7351932
1.444854203	103.7351773
1.444873086	103.7351515
1.444900244	103.7351153
1.444923059	103.7350781
1.444948206	103.735037
1.444979066	103.7349787
1.445001118	103.7349332
1.445012421	103.7349116
1.445030218	103.734886
1.445053618	103.7348584
1.445073436	103.7348393
1.445091628	103.734821
1.445119183	103.7347923
1.445136818	103.7347708
1.445157171	103.7347499
1.44517697	103.7347266
1.445199299	103.7347026
1.445244161	103.73466
1.445259069	103.7346353
1.445279582	103.7346098
1.445291088	103.7345931
1.445296246	103.7345733
1.445304987	103.7345454
1.445309602	103.7345254
1.445311894	103.7345121
1.44532353	103.734484
1.445334083	103.7344569
1.445347575	103.7344389
1.445374923	103.7344046
1.445396121	103.7343704
1.445406344	103.7343502
1.445419252	103.7343237
1.445429413	103.7342895
1.445440679	103.7342598
1.445458412	103.7342196
1.445466765	103.7341856
1.445467713	103.734155
1.445469997	103.7341397
1.445463529	103.7341112
1.445434652	103.7340964
1.445396633	103.7340937
1.445372008	103.7340969
1.445351548	103.7341002
1.445336882	103.7341011
1.445321493	103.7341025
1.445290891	103.7341117
1.445274596	103.7341107
1.445254319	103.7341084
1.445236883	103.7341049
1.445199936	103.7340846
1.445190064	103.7340727
1.445178845	103.7340599
1.445174505	103.7340483
1.445171434	103.734035
1.445167461	103.7340179
1.445166744	103.7340015
1.445162953	103.7339781
1.445160792	103.733953
1.445160804	103.7339298
1.445162445	103.7339087
1.445171328	103.7338833
1.445177857	103.7338613
1.445188742	103.7338175
1.445194548	103.7337925
1.445204155	103.7337698
1.445217016	103.7337561
1.445230784	103.7337406
1.44524781	103.7337259
1.445265924	103.7337084
1.445281679	103.7337001
1.445304674	103.733696
1.445325858	103.7336964
1.445343056	103.7336989
1.445364596	103.7337101
1.445386196	103.7337461
1.445385558	103.7337896
1.445398218	103.7338188
1.445408526	103.7338424
1.445430058	103.7338698
1.445456265	103.7338831
1.445502649	103.7338904
1.445523109	103.7338873
1.44561437	103.7338661
1.445691148	103.7338435
1.445734426	103.7338298
1.445765933	103.7338192
1.445801065	103.7338057
1.445827324	103.7337926
1.445865174	103.7337705
1.445925479	103.7337408
1.445947756	103.7337267
1.445969489	103.733712
1.445991224	103.7336941
1.446008795	103.7336754
1.446045744	103.7336468
1.446100076	103.733614
1.446130324	103.7335883
1.446147171	103.7335707
1.44617108	103.7335494
1.446220356	103.7334903
1.446228695	103.7334687
1.446233951	103.7334561
1.446239028	103.7334412
1.446239038	103.7334213
1.446241782	103.733365
1.44623817	103.7333451
1.446236193	103.7333165
1.446238742	103.7332871
1.446242915	103.7332713
1.446257052	103.7332421
1.446272817	103.7332136
1.446280608	103.7332012
1.446288583	103.7331841
1.446297281	103.7331688
1.446308332	103.7331533
1.446313225	103.7331459
1.446328802	103.7331338
1.446367916	103.7331173
1.446391461	103.7331025
1.446409755	103.7330867
1.44642443	103.7330681
1.446444714	103.7330527
1.446462648	103.7330357
1.446479311	103.7330194
1.446497066	103.7329977
1.446522248	103.7329642
1.44653928	103.7329381
1.446550331	103.7329236
1.446559392	103.7329102
1.446567001	103.7328974
1.446571895	103.7328882
1.446581337	103.7328308
1.446584068	103.7328007
1.446591143	103.7327719
1.446600935	103.7327418
1.44660204	103.7327045
1.446607307	103.7326722
1.446601346	103.7326457
1.446590681	103.7326101
1.446583437	103.7325768
1.446543489	103.7325323
1.446512338	103.7325043
1.446490439	103.7324855
1.446470165	103.7324802
1.44642617	103.7324795
1.446413672	103.7324892
1.446401717	103.7324991
1.446397244	103.732503
1.446390125	103.7325092
1.446368391	103.7325243
1.446348651	103.7325367
1.446323297	103.7325491
1.446300478	103.7325634
1.446266971	103.7325877
1.446233648	103.7326076
1.446212275	103.7326237
1.446188368	103.73264
1.44616374	103.7326535
1.446130961	103.7326699
1.446106154	103.7326744
1.446092212	103.7326774
1.446067587	103.7326818
1.446034653	103.7326873
1.446003143	103.7326604
1.445997173	103.7326489
1.445995188	103.7326379
1.445995016	103.7326195
1.445997376	103.7326058
1.446004442	103.7325972
1.446014586	103.7325869
1.446028167	103.7325799
1.446043016	103.732574
1.446066923	103.7325599
1.446094266	103.7325499
1.446218669	103.732513
1.446234061	103.7325051
1.446240687	103.7324978
1.446248553	103.7324891
1.446252361	103.7324759
1.446252822	103.7324644
1.446253461	103.7324484
1.44626506	103.732426
1.446288422	103.7324138
1.446360315	103.7323811
1.446380058	103.7323647
1.446392016	103.7323477
1.446386053	103.7323256
1.446343619	103.7322645
1.446243825	103.7321633
1.446233514	103.732148
1.446222114	103.7321323
1.446216327	103.73212
1.446209997	103.7321069
1.446213995	103.7320772
1.446217436	103.7320727
1.446228121	103.7320696
1.446241337	103.7320703
1.446255458	103.7320729
1.446267405	103.7320761
1.446283335	103.7320823
1.44629858	103.7320864
1.446363694	103.7321396
1.446394095	103.7321742
1.446410559	103.7321932
1.446425758	103.7322141
1.44644403	103.7322408
1.446459145	103.73226
1.446466467	103.7322701
1.446486007	103.7322957
1.446502652	103.7323201
1.446519114	103.7323477
1.446535757	103.7323749
1.446542628	103.7323924
1.446562172	103.7324133
1.44658262	103.7324337
1.446628771	103.7324703
1.446666227	103.7325144
1.446678523	103.732546
1.446683581	103.7325683
1.446692617	103.7326027
1.446702912	103.7326518
1.446724595	103.7327399
1.446735987	103.7327682
1.446747749	103.7327817
1.446776894	103.7327886
1.446800069	103.7327881
1.446818182	103.7327717
1.446830502	103.7327551
1.446836664	103.7327414
1.44684627	103.7327207
1.446849004	103.7326854
1.446851367	103.7326674
1.446848843	103.7326466
1.446845414	103.7326229
1.4468447	103.7326106
1.446838905	103.7325834
1.44683657	103.7325672
1.44683133	103.7325445
1.446828082	103.7325225
1.446823206	103.732501
1.446822495	103.7324729
1.44682902	103.7324578
1.446839637	103.7324278
1.446848592	103.7324191
1.446875767	103.7323845
1.446877765	103.7323717
1.44688212	103.7323535
1.446882668	103.732345
1.446879421	103.7323193
1.446878524	103.7323041
1.446874368	103.7322858
1.446868945	103.7322674
1.446857372	103.7322421
1.446845255	103.7322122
1.446833679	103.7321899
1.446829885	103.7321729
1.44682428	103.7321592
1.446819943	103.7321423
1.446818139	103.7321299
1.446815791	103.7321169
1.446811816	103.7320992
1.446787225	103.7320356
1.446755573	103.7319711
1.446674518	103.7318577
1.446604841	103.7318283
1.446534711	103.7317999
1.446501107	103.7317849
1.446475765	103.7317736
1.446457666	103.7317609
1.446431971	103.7317319
1.446425459	103.7317193
1.44641768	103.7317081
1.44641008	103.7316975
1.446398863	103.7316825
1.446386559	103.7316661
1.44637878	103.7316553
1.44636919	103.731643
1.446361413	103.731629
1.446354537	103.7316169
1.446349473	103.7316072
1.446342964	103.7315904
1.446333019	103.7315641
1.446330305	103.7315583
1.446323433	103.7315444
1.446316017	103.7315311
1.446307695	103.7315179
1.446270595	103.7314849
1.44624888	103.7314629
1.446239471	103.7314516
1.446233682	103.7314415
1.446227167	103.7314363
1.446218299	103.731428
1.446213233	103.7314222
1.446206176	103.7314143
1.446199298	103.731408
1.446191337	103.7313998
1.446170161	103.7313831
1.446139223	103.7313407
1.446132531	103.7313248
1.446124576	103.7313036
1.446118789	103.7312888
1.446121157	103.7312632
1.446131482	103.7312499
1.446144883	103.7312454
1.44617367	103.7312445
1.446195031	103.7312517
1.446219356	103.7312723
1.446298756	103.7313186
1.446315204	103.7313441
1.446329678	103.7313641
1.446343064	103.731387
1.446353191	103.731412
1.446360964	103.7314374
1.446367657	103.7314483
1.446374528	103.7314661
1.446383389	103.7314856
1.446392796	103.7315018
1.446398585	103.7315124
1.446407812	103.731525
1.446420479	103.7315405
1.446431334	103.7315562
1.446442915	103.7315672
1.446455042	103.7315759
1.446466807	103.7315829
1.446480924	103.7315921
1.446496309	103.7316015
1.446515675	103.7316134
1.446528708	103.7316217
1.446543548	103.7316334
1.446562733	103.7316457
1.446582643	103.7316554
1.4466002	103.7316663
1.446619385	103.7316803
1.446628975	103.7316912
1.446636214	103.731698
1.446645261	103.7317088
1.44665449	103.7317207
1.446665706	103.7317371
1.446679278	103.7317512
1.446695384	103.7317656
1.446705701	103.731773
1.446720362	103.7317828
1.44673122	103.7317918
1.44674407	103.7318015
1.446758912	103.7318111
1.446772665	103.7318248
1.446788048	103.731839
1.446803249	103.7318525
1.446843233	103.7319075
1.446856801	103.731931
1.446869826	103.7319504
1.446884844	103.7319703
1.446897868	103.7319951
1.446906909	103.7320191
1.446913959	103.7320431
1.446919016	103.7320651
1.446922445	103.7320863
1.446926965	103.7321018
1.446932024	103.7321222
1.446938168	103.732144
1.446946847	103.7321698
1.446952449	103.7321907
1.446954251	103.7322078
1.446955512	103.7322197
1.446962201	103.7322401
1.446960374	103.7322719
1.44695928	103.7322867
1.446958552	103.7322982
1.446956911	103.732319
1.446955998	103.7323348
1.446953093	103.7323505
1.446949646	103.7323667
1.446946017	103.7323824
1.446946731	103.7324036
1.446946364	103.7324132
1.446946176	103.7324258
1.446945445	103.7324382
1.446943992	103.7324492
1.446939275	103.7324699
1.446933466	103.7324993
1.446933279	103.7325132
1.446933266	103.7325361
1.446933623	103.7325476
1.446934341	103.7325611
1.446940488	103.7325772
1.44694682	103.7325896
1.44695478	103.7326019
1.446965819	103.7326121
1.446994956	103.7326377
1.447017583	103.7326453
1.447038766	103.7326461
1.447068821	103.7326439
1.447104856	103.7326328
1.447165525	103.7326
1.447184657	103.7325867
1.447218337	103.7325523
1.447225695	103.732547
1.447275311	103.7325019
1.447338215	103.7324521
1.447396489	103.732424
1.447422738	103.7323941
1.447451063	103.7323395
1.447489614	103.7322601
1.447528331	103.7322036
1.447582757	103.7321406
1.447662345	103.7321018
1.447692178	103.7320784
1.447714529	103.7320554
1.447716917	103.7320527
1.447727969	103.7320368
1.447736306	103.7320204
1.447741382	103.7320057
1.447750084	103.7319846
1.447756795	103.7319592
1.4477579	103.7319203
1.447770343	103.7318842
1.44777797	103.7318573
1.447801376	103.7318166
1.447821159	103.7317702
1.44782915	103.731743
1.447829897	103.7316986
1.447834259	103.7316763
1.447839524	103.7316597
1.447845154	103.7316395
1.447853324	103.7316155
1.447864213	103.7315912
1.447873108	103.731569
1.44788182	103.7315472
1.447889628	103.7315232
1.44789961	103.7314997
1.44790197	103.731494
1.447916122	103.7314722
1.447945145	103.7314384
1.447959113	103.7314202
1.447973083	103.731399
1.447991586	103.7313761
1.448005558	103.7313508
1.448023881	103.7313258
1.448036401	103.7313029
1.4480462	103.7312836
1.448054739	103.7312457
1.448048583	103.7312298
1.44804533	103.7312098
1.448040078	103.731195
1.448030299	103.7311757
1.44801925	103.7311541
1.448009469	103.7311357
1.44800005	103.7311178
1.447986645	103.7310976
1.447973965	103.7310771
1.44795929	103.7310567
1.447947152	103.7310388
1.447939726	103.7310237
1.447928856	103.7310085
1.447919981	103.7309912
1.447909115	103.730971
1.447900059	103.7309495
1.447897349	103.730931
1.447893912	103.7309153
1.447893738	103.7308985
1.44789556	103.7308796
1.447895565	103.7308687
1.447893412	103.7308238
1.447896869	103.7308
1.447898874	103.7307795
1.447901056	103.730764
1.447899623	103.7307281
1.447897096	103.7307055
1.447893843	103.7306846
1.447879184	103.7306309
1.44787684	103.7306065
1.44788373	103.7306049
1.447893338	103.7306055
1.44791056	103.7306083
1.447924879	103.730612
1.447939563	103.7306141
1.44796077	103.7306226
1.447984475	103.7306411
1.447998095	103.7306661
1.447999535	103.7306883
1.448000975	103.7307094
1.448001694	103.7307232
1.448002049	103.7307379
1.44800204	103.7307548
1.448001853	103.7307669
1.448001482	103.7307874
1.447999297	103.7308073
1.44800219	103.7308194
1.448008168	103.7308293
1.448014327	103.7308399
1.448022119	103.7308471
1.448035349	103.7308558
1.448061119	103.7308747
1.448087189	103.7308938
1.448135395	103.7309123
1.448159685	103.7309195
1.448197929	103.7309388
1.448222022	103.7309526
1.448248671	103.7309785
1.448259903	103.7309962
1.448279285	103.7310272
1.448296858	103.7310543
1.44830555	103.7310739
1.448312616	103.7310847
1.448318955	103.7310945
1.448325298	103.7311012
1.44833309	103.7311096
1.44834034	103.7311132
1.448359735	103.7311188
1.448428087	103.7311088
1.448439328	103.7311086
1.448452017	103.7311113
1.448462528	103.7311199
1.448475212	103.731132
1.448486888	103.7311537
1.448502004	103.7311692
1.448515624	103.7311772
1.448537401	103.731179
1.448555871	103.7311661
1.448569475	103.7311524
1.448574198	103.7311326
1.44858019	103.731113
1.448583099	103.7310965
1.448586008	103.7310778
1.44859091	103.7310619
1.448593819	103.7310479
1.448605426	103.7310378
1.448620296	103.7310298
1.448641146	103.7310271
1.448649121	103.7310304
1.44865873	103.7310318
1.448667971	103.7310405
1.448675398	103.7310533
1.448695866	103.7310912
1.448713263	103.7311036
1.44872903	103.7311171
1.448746972	103.7311276
1.448765099	103.7311318
1.448790664	103.7311264
1.448858298	103.7311028
1.448903447	103.7310873
1.448933001	103.7310822
1.448948773	103.7310824
1.448966537	103.7310889
1.448977408	103.7311033
1.448980843	103.7311214
1.448964337	103.7311401
1.448942934	103.7311592
1.448902489	103.7311942
1.448869485	103.7312113
1.448833582	103.7312261
1.448811278	103.7312376
1.448789882	103.7312441
1.448752711	103.7312546
1.448720983	103.7312609
1.448686172	103.7312672
1.448650453	103.7312728
1.448609839	103.7312846
1.448561611	103.7312918
1.448538767	103.7312942
1.448516828	103.7312981
1.448500148	103.7313008
1.448478392	103.7313017
1.448451744	103.7312996
1.448433977	103.7313003
1.448414579	103.7313006
1.448395901	103.7313082
1.448374687	103.7313149
1.448350569	103.7313255
1.448284744	103.7313605
1.448255548	103.7313752
1.448222363	103.7313929
1.44819371	103.7314107
1.448166505	103.7314347
1.448149815	103.7314547
1.448137116	103.7314747
1.44812115	103.7314985
1.448116968	103.7315254
1.448123484	103.7315469
1.448129101	103.7315537
1.448138704	103.7315627
1.448147946	103.7315721
1.448163804	103.7315777
1.44819453	103.7315884
1.44821284	103.7315891
1.4482326	103.7315915
1.448250909	103.7315929
1.448280823	103.7315924
1.448325423	103.7315906
1.448350262	103.7315881
1.448383984	103.731583
1.448430037	103.731572
1.448482801	103.7315574
1.448582526	103.7315275
1.448651247	103.7315063
1.448695492	103.731487
1.448723596	103.7314767
1.448744997	103.7314616
1.448776005	103.7314472
1.448803024	103.7314333
1.448830766	103.7314239
1.448857602	103.7314151
1.448888971	103.7314068
1.448923972	103.7313818
1.448954622	103.7313569
1.448998877	103.7313169
1.449061454	103.7312509
1.449100638	103.731202
1.449144005	103.7311471
1.449147622	103.7311425
1.449163947	103.7311245
1.44917737	103.7311079
1.449192789	103.7310906
1.449213469	103.7310657
1.449225805	103.7310468
1.449240681	103.7310262
1.4492561	103.7310089
1.449316503	103.7309419
1.449335728	103.7309258
1.449363294	103.7309064
1.449381611	103.7308934
1.449423503	103.7308649
1.44945397	103.7308438
1.44948607	103.7308222
1.449507289	103.7308074
1.449531228	103.7307901
1.449555529	103.7307733
1.449578925	103.7307546
1.449601957	103.7307369
1.449620276	103.7307209
1.449648208	103.7306949
1.449669067	103.7306717
1.449691561	103.7306455
1.449715141	103.7306205
1.449752685	103.7305871
1.449787874	103.7305476
1.449834853	103.7304986
1.449875122	103.7304532
1.449895443	103.7304223
1.449919572	103.7303855
1.449942982	103.7303388
1.449971118	103.7302831
1.450372934	103.7296318
1.450427705	103.7295506
1.450748981	103.7290741
1.450828448	103.728889
1.450886837	103.728809
1.45107077	103.7283496
1.451184038	103.7273768
1.451136943	103.7271253
1.451172741	103.726937
1.451222597	103.7247777
1.45114639	103.7243327
1.451134127	103.7242611
1.451162339	103.7224571
1.451169631	103.7222243
1.451180028	103.7218923
1.451306271	103.7214733
1.451171579	103.7206549
1.451087634	103.7204099
1.451077579	103.7203389
1.451020894	103.7199387
1.451011862	103.7198749
1.451011862	103.7198749
1.451007635	103.7198451
1.451028441	103.71981
1.451093469	103.7197004
1.451093469	103.7197004
1.451094998	103.7196442
1.451095473	103.7196268
1.451095926	103.7195937
1.451093551	103.7195689
1.451086523	103.71955
1.451082379	103.7195299
1.451078895	103.7195021
1.451070699	103.719473
1.451065885	103.7194375
1.451063021	103.719419
1.451060186	103.7194041
1.451053727	103.7193885
1.45104394	103.7193642
1.451033217	103.7193357
1.45102388	103.7193
1.451017821	103.719267
1.451010089	103.7192285
1.451005328	103.7191994
1.451000112	103.7191807
1.450991606	103.7191361
1.450987727	103.7191043
1.450983532	103.7190779
1.450975205	103.719055
1.450965039	103.7190285
1.450957566	103.7189995
1.450947205	103.7189712
1.450939007	103.7189419
1.450930645	103.7189149
1.450907954	103.7188608
1.450739677	103.7182357
1.450737355	103.7182172
1.450738157	103.7182048
1.450739238	103.718182
1.450739915	103.7181459
1.450738328	103.7180932
1.450735978	103.7180713
1.450733478	103.7180532
1.450726733	103.7180247
1.450721636	103.7179987
1.45070873	103.7179688
1.450698717	103.7179309
1.450693946	103.7178866
1.450684053	103.7178492
1.450667088	103.7177654
1.450635217	103.7176625
1.450622048	103.7176337
1.450612669	103.717613
1.450598399	103.7175956
1.450596957	103.7175916
1.450577271	103.7175641
1.450542379	103.7175423
1.45051725	103.7175259
1.450492822	103.7175253
1.450472722	103.7175354
1.450421363	103.7175129
1.450371069	103.7175073
1.450348098	103.7175008
1.450326757	103.7174925
1.450322252	103.7174792
1.45033414	103.7174576
1.450352055	103.7174372
1.45041432	103.7173664
1.450465802	103.717277
1.450508627	103.7172161
1.450513354	103.7171923
1.450525979	103.7171287
1.450545605	103.7170538
1.450550978	103.7170323
1.450552702	103.7170254
1.450557991	103.7170054
1.450562165	103.7169881
1.450563108	103.7169606
1.450558832	103.716913
1.450549704	103.7168716
1.45054787	103.71686
1.450544099	103.7168392
1.450539956	103.7168264
1.450529483	103.7168104
1.450522094	103.7167897
1.45052302	103.7167748
1.450519783	103.7167603
1.450517454	103.7167439
1.450511512	103.7167227
1.450504681	103.7166913
1.450497494	103.7166559
1.450485988	103.7166029
1.450478434	103.7165698
1.45046656	103.7165218
1.450459191	103.7164871
1.45045037	103.7164542
1.450441731	103.7164215
1.450408897	103.7163516
1.450401695	103.7163259
1.450392314	103.7163068
1.450386004	103.7162901
1.450371778	103.7162408
1.45035356	103.7162009
1.450344018	103.7161664
1.450330494	103.716133
1.450315155	103.7161033
1.450303787	103.7160817
1.45029422	103.7160645
1.450290311	103.7160575
1.450275809	103.7160317
1.450241286	103.7160039
1.450240926	103.7160036
1.450222304	103.7159921
1.450198072	103.7159816
1.450178905	103.7159715
1.450166059	103.7159707
1.450147418	103.7159732
1.450127874	103.7159735
1.450101275	103.7159723
1.450077022	103.7159766
1.450047382	103.7159746
1.450042304	103.7159605
1.450054264	103.7159481
1.45006984	103.7159383
1.450086131	103.7159335
1.450105143	103.7159262
1.45013553	103.7159171
1.450177197	103.7159115
1.450203866	103.7158943
1.450204261	103.7158932
1.450219473	103.7159018
1.450223162	103.7158213
1.450226739	103.7157992
1.450222969	103.7157778
1.450214218	103.7157489
1.450207007	103.7156779
1.45020651	103.7156465
1.450201123	103.7156158
1.45019446	103.7155944
1.450186908	103.715559
1.450179538	103.7155252
1.450174152	103.715495
1.450165324	103.7154684
1.450157759	103.7154434
1.450141703	103.7154083
1.450131073	103.7153769
1.450116451	103.7153517
1.450103661	103.7153118
1.450085976	103.7152771
1.450072447	103.7152469
1.45005242	103.7152066
1.450040332	103.7151811
1.450029507	103.715158
1.450018503	103.7151347
1.449999559	103.7150949
1.449984411	103.7150586
1.449963296	103.7150178
1.449948315	103.7149919
1.449932796	103.7149618
1.449921623	103.7149291
1.44990953	103.7149079
1.449895295	103.7148653
1.449873294	103.7148128
1.449855623	103.7147689
1.449843923	103.7147247
1.449833305	103.7146843
1.449825025	103.7146545
1.449814933	103.7146239
1.449803629	103.7145569
1.449799506	103.7145287
1.449793246	103.7144769
1.449785322	103.714451
1.449776663	103.7144322
1.449763143	103.7143955
1.44974909	103.7143523
1.449723927	103.7142468
1.449725252	103.7141914
1.449722756	103.7141653
1.449702543	103.7140969
1.449700874	103.7140118
1.449689607	103.7139034
1.449669574	103.7138017
1.44966248	103.7137639
1.449657126	103.7137441
1.449652696	103.7137195
1.449645376	103.7136936
1.449634959	103.7136724
1.449626875	103.7136567
1.44960117	103.713611
1.449574176	103.7135602
1.449557613	103.7134914
1.449551461	103.7134203
1.449538073	103.713351
1.449538463	103.7133026
1.449530994	103.7132679
1.449519192	103.713231
1.449504827	103.713201
1.449487584	103.7131668
1.449468367	103.7131277
1.449442898	103.7130676
1.449432184	103.7130155
1.449428893	103.712944
1.449426983	103.7129228
1.449413655	103.7128588
1.449407806	103.7128268
1.449398854	103.7128014
1.449380512	103.7127622
1.449343978	103.7126835
1.449298834	103.7126045
1.449288979	103.7125692
1.449272264	103.7125388
1.449257322	103.7125181
1.449207266	103.7124688
1.449150835	103.712401
1.449132709	103.7123536
1.449113817	103.7123246
1.449095259	103.712303
1.44907286	103.7122916
1.449038143	103.7122833
1.449016232	103.7122863
1.448991854	103.7122962
1.448971995	103.7123175
1.448945665	103.7123036
1.448932927	103.7122892
1.448948698	103.7122653
1.448961511	103.7122556
1.448960654	103.712243
1.448955287	103.7122268
1.448945048	103.7122066
1.448928819	103.7121911
1.448906107	103.712167
1.448864277	103.7121251
1.4488403	103.7121008
1.448821023	103.7120779
1.448804094	103.7120558
1.448788797	103.7120332
1.448771151	103.7120096
1.448752986	103.7119799
1.448738431	103.7119522
1.448724611	103.7119223
1.448710796	103.7118907
1.448696437	103.7118593
1.448686223	103.7118325
1.448677632	103.7118074
1.448674103	103.7117836
1.448666956	103.7117595
1.448661426	103.7117387
1.448656996	103.7117142
1.44864774	103.7116738
1.44864153	103.711641
1.448635718	103.7115991
1.448632188	103.7115756
1.448629577	103.7115485
1.448626596	103.7115238
1.448621407	103.7115078
1.448608327	103.7114738
1.448589424	103.7114473
1.448575224	103.7114218
1.448558142	103.711393
1.448520891	103.711337
1.448504504	103.7113155
1.448482709	103.7112883
1.448459094	103.7112638
1.44844215	103.7112456
1.448413313	103.7112144
1.448358758	103.7111472
1.448304427	103.711055
1.448281743	103.7110236
1.448259582	103.7109975
1.448246614	103.7109809
1.448219022	103.710955
1.448192521	103.7109279
1.448117117	103.7108622
1.448092444	103.7107327
1.448060321	103.7105866
1.448045346	103.7105176
1.448013659	103.7104393
1.447969107	103.7103674
1.447967786	103.7103659
1.447877444	103.7102453
1.447827006	103.7102086
1.447773384	103.7101655
1.447739677	103.7101166
1.447695875	103.710052
1.447756449	103.7100505
1.447752969	103.7100337
1.447747806	103.7099846
1.447773148	103.7099746
1.447779873	103.7099557
1.447784726	103.7099183
1.447779601	103.7098796
1.447741022	103.7098613
1.447707495	103.7098645
1.44768628	103.7098867
1.44768415	103.7099227
1.447671057	103.7099372
1.447628457	103.7099351
1.44758937	103.7099032
1.447555277	103.7098723
1.447499837	103.7098279
1.447447147	103.7097948
1.447389031	103.7097621
1.447324529	103.7097178
1.447270012	103.7096793
1.447233187	103.7096456
1.44719312	103.7095926
1.447162155	103.7095509
1.447126244	103.7095172
1.44708112	103.7094458
1.447039639	103.7093766
1.446986357	103.7093039
1.446940412	103.7092554
1.446887655	103.7091998
1.446834448	103.7091468
1.446803539	103.7091222
1.446757942	103.7090431
1.446707787	103.7089573
1.446670895	103.7089047
1.446604414	103.7088145
1.446560636	103.7087394
1.446502869	103.7086771
1.446463716	103.7086268
1.446428672	103.7085841
1.446391772	103.7085311
1.446337545	103.7084471
1.446291112	103.7083879
1.446264714	103.7083537
1.446145267	103.7082445
1.446088655	103.7081881
1.446054579	103.7081488
1.44601428	103.7080938
1.445968085	103.7080424
1.445908442	103.7079751
1.445856793	103.707929
1.445789863	103.7078711
1.445769714	103.7078432
1.445735649	103.7078021
1.445688075	103.7077547
1.445624302	103.7076973
1.445601815	103.707668
1.445595541	103.7076601
1.445588223	103.7076615
1.445588626	103.7076614
1.44553945	103.7075881
1.445431659	103.7074257
1.445380516	103.7073466
1.445440154	103.7073374
1.445427236	103.7072431
1.445367586	103.7071325
1.445367607	103.7071325
1.445367449	103.7071289
1.44536568	103.7070885
1.445326988	103.7069908
1.445326435	103.7069908
1.445357954	103.7069657
1.445384529	103.7069472
1.445395158	103.7069393
1.445397202	103.7069336
1.44541358	103.7069314
1.445471618	103.706855
1.445462624	103.7068231
1.445462681	103.7068231
1.445457157	103.706796
1.445580332	103.7066891
1.445857651	103.7067
1.445857646	103.7066078
1.445856294	103.7066145
1.4457782	103.7066211
1.44577805	103.7066283
1.445736196	103.7066303
1.445718478	103.7066224
1.445722907	103.7066066
1.445738852	103.7065881
1.445741508	103.7065696
1.445718474	103.7065458
1.445702527	103.7065247
1.445683923	103.7064939
1.445677721	103.7064807
1.445635199	103.7064798
1.445582621	103.7065147
1.445345363	103.7066412
1.445326931	103.7066471
1.445295041	103.7066656
1.445272009	103.7066735
1.445245482	103.7066789
1.445125529	103.7067281
1.445103083	103.7066948
1.445102783	103.7067412
1.445102621	103.7067412
1.445102774	103.7067411
1.445102839	103.7066944
1.444938465	103.7064502
1.444929049	103.706439
1.444902817	103.706441
1.444831804	103.7064847
1.44482068	103.7064913
1.444812599	103.7064821
1.444243012	103.705831
1.444188765	103.705769
1.444022167	103.705504
1.44390534	103.7053181
1.443788521	103.7051323
1.443741573	103.7050576
1.443558963	103.704859
1.443539349	103.7048396
1.443476095	103.7047925
1.443399596	103.7047356
1.442847001	103.7043245
1.442831937	103.7042635
1.442790323	103.7042198
1.442735582	103.7041746
1.442717361	103.7041561
1.442708275	103.7041435
1.442702606	103.7041343
1.442699255	103.7041217
1.442687935	103.704101
1.442673147	103.7040837
1.442656073	103.7040652
1.442642381	103.7040548
1.442628664	103.7040478
1.442611548	103.704035
1.442595603	103.7040188
1.442580808	103.7040027
1.442572827	103.7039957
1.442556867	103.7039818
1.442546641	103.703968
1.442537531	103.7039588
1.442522735	103.7039426
1.442509102	103.7039242
1.442490955	103.7038954
1.442469359	103.7038677
1.442448918	103.703839
1.442437563	103.7038228
1.442422809	103.703801
1.442408079	103.7037757
1.442388778	103.703748
1.442370555	103.7037295
1.442351204	103.7037088
1.442329565	103.7036868
1.442304468	103.7036671
1.442270202	103.7036462
1.442221155	103.7036068
1.442178917	103.7035777
1.442145857	103.7035488
1.442104816	103.7035129
1.442047815	103.7034632
1.442014771	103.7034319
1.441991986	103.70341
1.441977205	103.7033915
1.441954462	103.7033639
1.441938519	103.7033477
1.441924852	103.7033338
1.4419054	103.7033268
1.441870957	103.7033298
1.441808971	103.7033337
1.441784896	103.7033311
1.441764312	103.7033218
1.441755168	103.7033171
1.441734618	103.7033031
1.441722065	103.7032939
1.441716422	103.7032812
1.441704071	103.7032445
1.441698477	103.7032251
1.441692976	103.703193
1.441689736	103.7031655
1.441686529	103.7031335
1.441679956	103.7030912
1.441669944	103.7030632
1.441615041	103.7030012
1.44151956	103.7029417
1.441405552	103.7028763
1.441344308	103.7028126
1.441287603	103.7027542
1.441209707	103.7026972
1.44111701	103.702656
1.441027442	103.7026094
1.440956747	103.7025498
1.440909257	103.7024882
1.440909264	103.7024882
1.440806074	103.7022991
1.440614751	103.7020448
1.440496579	103.7017538
1.440327315	103.7015212
1.440105786	103.7009829
1.439634518	103.700256
1.439556327	103.7000991
1.43951079	103.700071
1.439391646	103.6999977
1.438683205	103.6995288
1.437958185	103.6987315
1.437824133	103.6984332
1.437653965	103.6982447
1.437612735	103.6982209
1.437454818	103.6981295
1.436882445	103.6976294
1.436613819	103.6974061
1.435774205	103.6965806
1.435578685	103.6962972
1.435433286	103.6960864
1.435431578	103.6960871
1.435430042	103.6960849
1.435173862	103.6961957
1.435007025	103.6960962
1.434945709	103.6956514
1.434708236	103.6952515
1.434580967	103.6948436
1.434491693	103.6947259
1.434470265	103.6945031
1.43436142	103.6942847
1.434337447	103.6942417
1.434317596	103.6942048
1.434292223	103.694152
1.434263771	103.6941023
1.434238	103.6940579
1.434192914	103.6939771
1.434157607	103.6939266
1.434126256	103.6938791
1.434075021	103.6938012
1.434053901	103.6937652
1.434026294	103.6937271
1.434005539	103.6936902
1.433989121	103.6936521
1.433968061	103.6936035
1.433941655	103.693541
1.433900666	103.6934712
1.433869078	103.6934357
1.433843635	103.6934047
1.433780183	103.6933748
1.433740317	103.6933579
1.433679592	103.6933321
1.433609405	103.6933122
1.433570438	103.6932962
1.43355046	103.6932698
1.433552124	103.6932243
1.433578733	103.6932076
1.433605728	103.693186
1.433623856	103.6931689
1.433655203	103.6931428
1.433677018	103.6931099
1.433680403	103.6930817
1.433681979	103.6930545
1.433675628	103.6930243
1.433673865	103.693015
1.433673811	103.6930147
1.433672314	103.6930153
1.432634416	103.6933901
1.432430796	103.6943248
1.431525315	103.6950344
1.429347688	103.6954632
1.427740874	103.6957839
1.426108098	103.6971253
1.425736857	103.6970994
1.425643249	103.6971067
1.42431866	103.6970149
1.424260053	103.6970108
1.424238688	103.697073
1.424238328	103.6970729
1.42388573	103.6980919
1.423250849	103.6999266
1.423187166	103.7001109
1.423182384	103.7001094
1.423182333	103.7001095
1.423133756	103.700093
1.422347701	103.6998341
1.421825043	103.6996638
1.421004179	103.6994032
1.420210987	103.6991535
1.419369731	103.6988868
1.418691578	103.6986649
1.418650473	103.6986514
1.418636044	103.6986467
1.418761283	103.6992061
1.41868349	103.6997287
1.41866152	103.699805
1.418419999	103.700521
1.418302886	103.701048
1.41805411	103.7015654
1.417514376	103.7013162
1.41679776	103.7009845
1.416772564	103.7009728
1.416700762	103.7011175
1.416390537	103.7017429
1.416075571	103.7019694
1.415451506	103.7021431
1.415298888	103.7022267
1.415027973	103.7025028
1.413685992	103.7038546
1.412381404	103.7051497
1.412402773	103.705139
1.412391516	103.7051502
1.412317456	103.7052272
1.412261034	103.7053214
1.412224926	103.7054335
1.412184307	103.7055972
1.412178135	103.7056415
1.412164001	103.705743
1.41215498	103.7058843
1.412148217	103.7060346
1.412157257	103.7062566
1.412202422	103.7066535
1.412265502	103.7070814
1.412291514	103.7072855
1.412310295	103.7076806
1.412361376	103.7086256
1.412389228	103.7089528
1.412458839	103.7093907
1.412584118	103.7098425
1.412811462	103.7103817
1.412955289	103.7106814
1.412978489	103.7107551
1.412997051	103.7108703
1.412997058	103.7109994
1.412969239	103.7112898
1.4129275	103.7115341
1.412838699	103.7119935
1.412809478	103.7123001
1.412815986	103.7125035
1.412854987	103.7128747
1.412962203	103.7132232
1.413008604	103.7133678
1.413396246	103.7138614
1.413422739	103.7138951
1.413658341	103.7140988
1.414076398	103.7144602
1.414332315	103.714681
1.414398759	103.7148467
1.41443526	103.7150031
1.414448548	103.7151673
1.414455799	103.7152569
1.414457318	103.7153681
1.414455128	103.7155865
1.414447969	103.7157408
1.41441214	103.7159046
1.414355087	103.716035
1.414340475	103.7160684
1.414225805	103.7162464
1.413994074	103.7165004
1.413668343	103.716845
1.413474858	103.7170369
1.41343753	103.7170701
1.413328408	103.7171585
1.413289092	103.7171903
1.413182395	103.7172618
1.412949119	103.7174209
1.412284107	103.7178188
1.412133573	103.7179098
1.412133563	103.7179098
1.412071071	103.7179526
1.411988549	103.7179974
1.411988536	103.7179974
1.411928969	103.7180333
1.411068017	103.7185614
1.411073927	103.7228278
1.411075447	103.7249931
1.411071453	103.727348
1.411086076	103.7275201
1.411113315	103.727679
1.411174594	103.7278887
1.411249489	103.7280916
1.411318348	103.728264
1.411355555	103.7283413
1.411433317	103.7284772
1.41148314	103.7285539
1.411638137	103.728738
1.419796935	103.7368825
1.421021421	103.7380992
1.422173417	103.739212
1.422280703	103.7393286
1.422141549	103.7393738
1.421601263	103.7395496
1.421595844	103.7395514
1.420737087	103.7398308
1.420101488	103.7400379
1.419198957	103.7403319
1.41691139	103.741092
1.415268961	103.7416662
1.414418466	103.7419665
1.414214662	103.742034
1.413984671	103.7420866
1.413853487	103.7421075
1.413427925	103.7421416
1.413219112	103.7421417
1.412983895	103.7421202
1.412820054	103.7420965
1.412049541	103.741931
1.412000901	103.7419205
1.410940541	103.7416927
1.410656883	103.7416311
1.410395441	103.7415785
1.410193569	103.7415555
1.409988391	103.7415489
1.409614436	103.741549
1.409350676	103.7415691
1.408973377	103.7416504
1.408501096	103.741792
1.408258361	103.7418838
1.407724472	103.7421797
1.407207673	103.7425639
1.406874	103.7428914
1.406686821	103.7431017
1.406514605	103.7433145
1.406285669	103.7436866
1.406076778	103.7441357
1.405875735	103.7446715
1.40571256	103.7451353
1.405636513	103.7453788
1.405582757	103.7455592
1.405537379	103.7457499
1.405531741	103.7457796
1.405521328	103.7458123
1.405487955	103.7460176
1.405454216	103.7462252
1.405438388	103.7463342
1.405408946	103.7465968
1.405398893	103.7469095
1.405413063	103.7474485
1.405431292	103.748236
1.405409121	103.7486009
1.40534359	103.7491059
1.405212028	103.7497676
1.405157396	103.7500424
1.40506829	103.7504905
1.40494374	103.751015
1.404864531	103.7512576
1.404800195	103.7514123
1.404738139	103.7515437
1.40466547	103.7516675
1.404484419	103.7519088
1.40436937	103.7520385
1.404256146	103.7521478
1.404235701	103.7521723
1.404194767	103.7522195
1.404194236	103.752219
1.404050867	103.7523381
1.403830006	103.7524902
1.403668724	103.752575
1.403520225	103.7526462
1.403321062	103.7527196
1.403082278	103.7527974
1.402921541	103.7528339
1.402816178	103.7528496
1.402807579	103.7528469
1.402549083	103.7527581
1.402041202	103.7525925
1.40152248	103.7524256
1.401454221	103.7524037
1.401367266	103.7523743
1.40128302	103.7523441
1.401198553	103.7523211
1.401120751	103.752306
1.401057402	103.75229
1.40080717	103.752237
1.400573424	103.7521871
1.4003119	103.7521339
1.400009508	103.7520875
1.399955084	103.7520816
1.399419552	103.752017
1.399183804	103.7519891
1.399112346	103.7519849
1.399032615	103.7519805
1.398702623	103.7519784
1.398372632	103.7519938
1.398206528	103.7520048
1.397868267	103.7520293
1.397663766	103.7520559
1.397296259	103.7521118
1.396688687	103.7522091
1.39659732	103.7522244
1.396531317	103.7522354
1.395894265	103.7523422
1.395554258	103.7523956
1.394315459	103.752591
1.394177979	103.752613
1.392337613	103.7528789
1.391393894	103.7530308
1.391013611	103.7531001
1.390593731	103.7531609
1.390279369	103.7531992
1.388999409	103.7533208
1.388878259	103.7547237
1.388865898	103.7551295
1.388862771	103.7552321
1.388857307	103.7554115
1.388878304	103.7560992
1.388899297	103.7566827
1.388920292	103.7573288
1.38902519	103.7580999
1.389234961	103.7589335
1.389570582	103.7598921
1.389948152	103.7608716
1.39017889	103.7614759
1.390367682	103.7622053
1.390673442	103.7643155
1.390766277	103.7649562
1.390808253	103.7658732
1.390745361	103.7669778
1.390598606	103.7693744
1.390460054	103.7708391
1.390367953	103.7718127
1.390289735	103.7744408
1.390289453	103.7744503
1.386071005	103.7749878
1.384504739	103.7751837
1.383350893	103.775328
1.383114099	103.7753593
1.379828341	103.7759767
1.378137619	103.776446
1.376533512	103.7768913
1.375484591	103.7771828
1.374995821	103.7773186
1.374593947	103.7774308
1.372096012	103.7781282
1.371209282	103.7783746
1.371133995	103.7783955
1.370737001	103.7785058
1.368994734	103.7789547
1.368072464	103.7791583
1.367992591	103.7791751
1.366096542	103.7795116
1.36567008	103.779578
1.365383829	103.7796182
1.365378112	103.7796191
1.363781873	103.7798727
1.362156393	103.7802577
1.361068198	103.7806359
1.359748793	103.7812302
1.359095893	103.7815813
1.357858063	103.7824593
1.357032527	103.7831517
1.356483455	103.7836571
1.355737336	103.7844485
1.355256127	103.785083
1.354861326	103.785573
1.353699253	103.7873968
1.353461512	103.78777
1.353055337	103.7883951
1.352697698	103.7889287
1.352294331	103.7893916
1.351930641	103.789753
1.351524986	103.7901421
1.351105342	103.7905035
1.349270168	103.7916561
1.349366904	103.7920085
1.349406076	103.7921815
1.349463812	103.7924365
1.349485367	103.7927467
1.349543283	103.7934214
1.349526986	103.7940282
1.349436327	103.794546
1.349343886	103.7950718
1.349298704	103.7952729
1.349173867	103.795693
1.348882433	103.7964377
1.348539985	103.7970765
1.348128473	103.7976581
1.347789237	103.7980649
1.347378251	103.7984955
1.346129787	103.7996636
1.344349695	103.8013635
1.341845553	103.8037257
1.341352451	103.8042131
1.341352455	103.8046033
1.341352455	103.8046034
1.341351214	103.8046894
1.341350105	103.8047665
1.341346642	103.8050073
1.34134477	103.8051373
1.341090145	103.8058535
1.341334598	103.8068078
1.341029434	103.8073737
1.341365203	103.8078895
1.341409273	103.8079585
1.341537632	103.8081558
1.341670738	103.8083601
1.341810881	103.8085753
1.341790601	103.8089847
1.341776367	103.8092681
1.341765175	103.8094923
1.341744704	103.8099024
1.34147275	103.809889
1.340905724	103.8098611
1.340477994	103.8115857
1.34046253	103.811653
1.340457	103.811677
1.340454582	103.8116875
1.340303693	103.8116809
1.340275329	103.8116796
1.339940043	103.8116649
1.339914725	103.8116639
1.339914365	103.8116639
1.339572106	103.8116501
1.339453112	103.8117718
1.339444466	103.8117812
1.339351008	103.8118866
1.339000715	103.8123054
1.338981744	103.8123291
1.338962589	103.8123516
1.338952252	103.8123657
1.338939509	103.812385
1.338922343	103.8124134
1.338709433	103.8127524
1.33864461	103.8128549
1.338392122	103.8132625
1.338264734	103.8134672
1.338233361	103.8135186
1.338213703	103.8135519
1.338198019	103.8135799
1.338192405	103.8136023
1.338191793	103.8136228
1.338194543	103.8136606
1.338203346	103.8138079
1.338205567	103.8138796
1.338207434	103.8139095
1.338238893	103.8140566
1.338239862	103.8140596
1.338259701	103.8141179
1.33828161	103.8141808
1.338294334	103.8142282
1.338302487	103.8142655
1.338312261	103.8143059
1.338318761	103.8143407
1.338326441	103.8143774
1.338331652	103.8144102
1.338343461	103.8144895
1.338347823	103.8145303
1.338349134	103.8145441
1.338350083	103.8145587
1.338351329	103.8145707
1.338351048	103.8145771
1.33835043	103.8145802
1.338349301	103.8145835
1.338344411	103.8145933
1.338334783	103.8146138
1.338319566	103.8146405
1.338292408	103.8146889
1.3381469	103.8149532
1.338126357	103.8149913
1.33812427	103.8149944
1.338123807	103.8149949
1.338110492	103.8150028
1.33808506	103.8150171
1.338008068	103.8150617
1.337823148	103.8151703
1.337807535	103.8151811
1.33779216	103.815193
1.337778795	103.8152085
1.337758628	103.8152433
1.33774621	103.8152679
1.337728787	103.8152977
1.33765723	103.8154168
1.337634016	103.8154549
1.337585013	103.8155454
1.337485945	103.8157188
1.337420047	103.8158264
1.337272042	103.816053
1.337262436	103.8160642
1.337252336	103.8160737
1.337219638	103.8160995
1.337167305	103.8161377
1.33707786	103.8162045
1.336855501	103.8163675
1.336508353	103.8166234
1.336425592	103.816684
1.336400822	103.8167021
1.336376047	103.8167198
1.336364304	103.8167283
1.336356562	103.8167369
1.336347478	103.8167484
1.336339629	103.8167655
1.336312269	103.8168408
1.336236424	103.8170563
1.336129233	103.8173473
1.335964742	103.8178147
1.335919404	103.8179435
1.335880034	103.8180696
1.335865242	103.8181878
1.335857271	103.818229
1.335796618	103.818567
1.335787408	103.8186184
1.336415657	103.8188379
1.33670982	103.8189416
1.336989667	103.8190756
1.337860933	103.8194286
1.338411025	103.8196493
1.338898646	103.8198812
1.338993876	103.819929
1.33918079	103.8200614
1.339181071	103.8200614
1.339360746	103.8202507
1.339464289	103.8203569
1.339727933	103.8207151
1.339956887	103.8211285
1.340330573	103.8221421
1.340382406	103.8222827
1.340683555	103.8231897
1.340737388	103.8233719
1.340920971	103.8239933
1.340921286	103.8239944
1.341150206	103.8248004
1.341220582	103.8254653
1.341218177	103.8256705
1.341238507	103.8262208
1.34124834	103.8263917
1.341228676	103.8267678
1.341213929	103.8271684
1.341209012	103.827398
1.34119918	103.827652
1.341194265	103.8277887
1.341185969	103.8278586
1.341169377	103.8279631
1.341150019	103.8280894
1.341100243	103.8282735
1.341044937	103.8284604
1.341032437	103.8285009
1.340981333	103.8286664
1.34092326	103.8288505
1.340876249	103.8290017
1.340829238	103.8291638
1.340798819	103.8292874
1.340784992	103.8293918
1.340776697	103.8295127
1.3407684	103.8296364
1.340760105	103.8297737
1.340746278	103.8299468
1.340729686	103.8300787
1.340710328	103.8302573
1.340694932	103.8304031
1.34052402	103.831606
1.340450646	103.8322146
1.340420654	103.8329716
1.340498513	103.8335638
1.340610393	103.8339305
1.340767952	103.8343433
1.341094552	103.8349569
1.341246473	103.8352423
1.341266305	103.8352795
1.341677479	103.8359776
1.3416837	103.8359882
1.341793043	103.8361738
1.341963795	103.8364637
1.341995936	103.8365201
1.342341388	103.8361507
1.342418702	103.836068
1.342499471	103.8359816
1.342709391	103.8359246
1.342757369	103.8359981
1.342808365	103.8360762
1.342825124	103.8361019
1.342859515	103.8361549
1.342910459	103.8362333
1.342961302	103.8363115
1.343026705	103.8364122
1.343092624	103.8365136
1.343143595	103.8365921
1.343195261	103.8366716
1.343238616	103.8367384
1.343323491	103.8368642
1.343460437	103.8370762
1.343498801	103.8370722
1.343800415	103.8370412
1.34407602	103.8370129
1.344351571	103.8369847
1.344627167	103.8369564
1.344902782	103.8369281
1.345178414	103.8368999
1.345454065	103.8368717
1.345688538	103.8368476
1.345872761	103.8368285
1.346357137	103.8367788
1.346289771	103.8357824
1.346755546	103.835401
1.347079643	103.8351357
1.347678643	103.8345577
1.347318134	103.8352477
1.347389858	103.8356111
1.347529023	103.8354871
1.347542976	103.8354723
1.348606546	103.8344862
1.349142481	103.8339867
1.349573756	103.8338395
1.349571665	103.8338294
1.349556364	103.8337763
1.349541071	103.8337232
1.349518416	103.8336446
1.34949041	103.8335475
1.349437657	103.8333646
1.349412462	103.8332771
1.349431886	103.8332702
1.349633154	103.8331979
1.349658422	103.8330669
1.349679068	103.8329598
1.34969986	103.832852
1.349720976	103.8327424
1.349740926	103.8326389
1.349762796	103.8325254
1.349785466	103.8324078
1.349796519	103.8323505
1.349862473	103.8322863
1.349963246	103.8321881
1.350064843	103.8320891
1.350085372	103.8320691
1.350210528	103.8320697
1.35034855	103.8320703
1.350485407	103.832071
1.350629609	103.8320717
1.350800146	103.8320725
1.350817382	103.8320726
1.350917369	103.831978
1.350998861	103.8319006
1.351080896	103.8318227
1.351162932	103.8317448
1.351246214	103.8316657
1.351317949	103.8315976
1.351389682	103.8315295
1.351461417	103.8314613
1.35153314	103.8313932
1.351604867	103.8313251
1.351684513	103.8312494
1.351743965	103.8311924
1.351754972	103.8311814
1.351783406	103.8311522
1.351955444	103.8309801
1.352110858	103.8308245
1.352260141	103.8306751
1.352333855	103.8306038
1.352373357	103.8305656
1.35241286	103.8305274
1.352452362	103.8304891
1.352491875	103.8304509
1.352531378	103.8304127
1.352570878	103.8303744
1.352610383	103.8303362
1.352649885	103.830298
1.352665114	103.8302833
1.352711744	103.8302354
1.352773168	103.8301723
1.352811495	103.8301329
1.352849823	103.8300936
1.352888158	103.8300542
1.352926494	103.8300149
1.35296481	103.8299755
1.353003148	103.8299361
1.353041466	103.8298968
1.3530798	103.8298574
1.353117948	103.8298189
1.353298756	103.8293017
1.353352855	103.8291464
1.353407497	103.8289896
1.353461876	103.8288336
1.353516156	103.8286778
1.353570218	103.8285226
1.353624378	103.8283671
1.353678333	103.8282122
1.353732487	103.8280567
1.35378673	103.8279009
1.353890922	103.8276017
1.353975037	103.8273601
1.354074786	103.8270736
1.354124327	103.8269313
1.354189433	103.8267489
1.354194415	103.8267379
1.35411398	103.82658
1.353172044	103.8249946
1.352322678	103.8235465
1.352781042	103.8225241
1.35301646	103.8219238
1.353022032	103.8219096
1.353050991	103.8218358
1.35370662	103.8202115
1.354180843	103.8190366
1.354190452	103.8190297
1.354767846	103.8186149
1.354870318	103.8185372
1.356303259	103.818885
1.357446729	103.8191627
1.358291073	103.8195122
1.359135415	103.8198617
1.359882378	103.8201621
1.360707395	103.8204946
1.36096391	103.8205979
1.36114037	103.8206689
1.361201162	103.8206936
1.361307943	103.8213504
1.361562213	103.8229157
1.361709574	103.8239006
1.361775703	103.824344
1.362250874	103.8243496
1.362935497	103.8248763
1.363493022	103.8250551
1.362586013	103.8266977
1.362734843	103.8267079
1.362690195	103.8271046
1.364185933	103.8272459
1.364669125	103.8272921
1.364695318	103.8276709
1.365699621	103.8279916
1.366462795	103.8282352
1.366576866	103.8282426
1.367471642	103.8283
1.367986381	103.8280124
1.367994231	103.8280075
1.368255147	103.8278458
1.368925285	103.8274598
1.368968961	103.8274301
1.369014931	103.8274039
1.369062886	103.8273816
1.369112512	103.8273632
1.369163478	103.8273489
1.369215446	103.8273388
1.369268072	103.8273329
1.3692741	103.8273325
1.369356865	103.8273325
1.369456713	103.8273438
1.369518296	103.8273572
1.369568348	103.8273757
1.369600782	103.8273913
1.369692954	103.8274595
1.370133471	103.827803
1.370167156	103.82783
1.370209479	103.8278539
1.370275292	103.8278812
1.37034908	103.8279099
1.370440464	103.8279471
1.370470573	103.8279556
1.370530948	103.8279661
1.370603527	103.8279793
1.370682765	103.8279912
1.370778293	103.8279999
1.370865819	103.8280047
1.370974348	103.8280055
1.371075696	103.8280063
1.371204599	103.8280025
1.371282285	103.8280001
1.371364047	103.8279906
1.371762845	103.8279435
1.371861986	103.8279263
1.371990509	103.8278997
1.372116275	103.827869
1.372252168	103.8278269
1.372330751	103.8277998
1.372426591	103.8277609
1.37252712	103.827709
1.37261346	103.827665
1.372718187	103.827604
1.372793153	103.827548
1.372886187	103.8274746
1.372961982	103.8273979
1.373025233	103.8273139
1.373065925	103.8272551
1.373099303	103.8271857
1.373127083	103.8271283
1.373143641	103.8270592
1.373146418	103.8270377
1.373184168	103.8267452
1.373226803	103.8265623
1.373339888	103.826405
1.373445495	103.8263218
1.373513177	103.8263003
1.373675945	103.8263069
1.373891835	103.8264158
1.374022084	103.8264919
1.374202692	103.8265549
1.374419302	103.8265855
1.37460121	103.8265785
1.375378291	103.8264553
1.375961459	103.8263177
1.376191048	103.8263006
1.3762459	103.8263079
1.37633134	103.8263287
1.376411994	103.8263634
1.376504617	103.8264191
1.376615991	103.8265074
1.37684154	103.8267315
1.376983362	103.8269127
1.377032559	103.8270073
1.377050568	103.8270533
1.377221775	103.8274902
1.377241424	103.8275404
1.377258901	103.827585
1.377289039	103.8276458
1.377297074	103.8276606
1.377302088	103.8276687
1.377408487	103.8278319
1.37756783	103.8278123
1.377635892	103.8278039
1.377711163	103.8277946
1.378358899	103.8277148
1.378469891	103.8276821
1.37864337	103.8276021
1.379037173	103.827324
1.379093569	103.827282
1.379183288	103.8271354
1.379451541	103.8265866
1.379469505	103.8265439
1.379541608	103.8263955
1.379688748	103.8260451
1.379727145	103.8259078
1.379749249	103.8258181
1.379757223	103.8257131
1.379683467	103.825428
1.379681336	103.8254219
1.37961213	103.8252515
1.379603994	103.8252282
1.379560432	103.8251532
1.379555645	103.8251433
1.379537309	103.8251172
1.379477688	103.8250168
1.379332927	103.8248108
1.3791952	103.8246416
1.379183997	103.8246336
1.379070677	103.8245408
1.379032055	103.824513
1.378913017	103.8244162
1.378911284	103.8244149
1.378758707	103.8242939
1.378751403	103.8242887
1.378688418	103.8242045
1.378671349	103.8241817
1.37866027	103.8241575
1.378657442	103.8241193
1.37865125	103.8239438
1.378722409	103.8237222
1.378828063	103.8235618
1.378874839	103.8235081
1.37910764	103.8232977
1.379404206	103.8230417
1.379486217	103.8229676
1.379674482	103.822809
1.379694491	103.8227954
1.379719802	103.8227649
1.379749141	103.8226889
1.379763451	103.8226402
1.379765018	103.8226074
1.379760726	103.8225461
1.379736047	103.822453
1.37966227	103.8222569
1.379637983	103.8221998
1.37961598	103.8221052
1.379581955	103.8217739
1.37957642	103.8217087
1.379587219	103.8216442
1.379639647	103.8215105
1.379718614	103.8213439
1.379719853	103.8213413
1.379805031	103.8212366
1.379825158	103.8212112
1.379957244	103.8211163
1.380104986	103.8210495
1.380371672	103.8208711
1.380446193	103.820764
1.380471057	103.8206929
1.380541371	103.8204742
1.380554112	103.8202913
1.380551686	103.819996
1.380545496	103.8198876
1.380512604	103.8195919
1.380398603	103.8190467
1.380281068	103.8185338
1.380275359	103.8185139
1.380159279	103.8180603
1.380200321	103.8179046
1.380241363	103.8178193
1.380308525	103.8177748
1.380416941	103.8177524
1.380495209	103.8177597
1.380635971	103.817792
1.381283344	103.818134
1.382116093	103.8186163
1.382395842	103.818771
1.382693437	103.8189434
1.382693493	103.8189434
1.382795457	103.8190024
1.382807493	103.8190094
1.383200499	103.819237
1.38331136	103.819296
1.383383875	103.819338
1.383389133	103.8193411
1.383528705	103.8193626
1.384333038	103.8194108
1.384981634	103.8194588
1.38515943	103.8194694
1.385263315	103.81946
1.385349824	103.8194521
1.385365735	103.8194452
1.385585828	103.8193678
1.38560499	103.8193589
1.385729644	103.8193037
1.385863647	103.8192281
1.385938367	103.8191957
1.38605587	103.8191567
1.386217716	103.8190996
1.386318784	103.8190537
1.386391115	103.8190168
1.386535394	103.8189432
1.386687363	103.8188536
1.386765718	103.8187461
1.386780196	103.8186751
1.386727417	103.8182188
1.386685199	103.8180457
1.386416005	103.8174164
1.386392585	103.8173617
1.386434651	103.8172523
1.386586242	103.8168966
1.386833709	103.8167478
1.386920226	103.8167359
1.387509147	103.8168898
1.387578771	103.816939
1.387712555	103.8170555
1.387719128	103.8170601
1.387879767	103.8173397
1.387949489	103.8174738
1.388039571	103.8176889
1.388116649	103.8178474
1.388144269	103.8178932
1.388261876	103.8180701
1.388350681	103.8181419
1.388619776	103.818384
1.388971443	103.8181457
1.389403035	103.8179869
1.389930537	103.8179551
1.39045804	103.8180187
1.391793268	103.8183555
1.392823811	103.8186063
1.393447224	103.8187493
1.394340858	103.8188225
1.393534646	103.8218934
1.393137865	103.8234047
1.393099606	103.8236539
1.39306188	103.8239199
1.393028781	103.8241885
1.393000203	103.8244567
1.392974803	103.8247259
1.392954844	103.8249941
1.392937569	103.8252632
1.392924818	103.8255328
1.392915705	103.8258015
1.392911537	103.8260711
1.392911467	103.8263403
1.392914965	103.8266095
1.392922561	103.8268787
1.392934679	103.8271479
1.392943084	103.8272917
1.392947786	103.8273721
1.393265766	103.829735
1.393682739	103.8315169
1.393907718	103.8323571
1.39420213	103.8336375
1.394253077	103.833859
1.394307365	103.8340951
1.394336976	103.8342155
1.394350181	103.8342692
1.394382635	103.8344011
1.394395489	103.8344533
1.394405377	103.8344935
1.394451137	103.8346796
1.394540007	103.8350408
1.394728446	103.8356603
1.394961345	103.8364259
1.394989764	103.83654
1.395594465	103.8389669
1.395987187	103.8404651
1.396311447	103.8420449
1.3964371	103.8426813
1.396516838	103.8436396
1.396530852	103.8438081
1.396613088	103.8449399
1.396606649	103.8466306
1.396554819	103.8477917
1.396503035	103.8491682
1.396500876	103.8492256
1.396485651	103.8496303
1.396481855	103.8497311
1.396469066	103.850071
1.396601957	103.851036
1.396825921	103.8518625
1.396839879	103.8518842
1.396849627	103.8519239
1.396907659	103.8520371
1.397087633	103.8523882
1.397750392	103.853305
1.39794543	103.8535748
1.398770724	103.8547712
1.398904975	103.8549375
1.399054201	103.8550907
1.399217108	103.8552294
1.399392287	103.8553525
1.399578221	103.8554588
1.3997733	103.8555476
1.399778733	103.8555497
1.399784171	103.8555519
1.399789615	103.855554
1.399795064	103.8555562
1.399800518	103.8555583
1.399805978	103.8555604
1.399811444	103.8555625
1.399816913	103.8555645
1.399822389	103.8555666
1.399827871	103.8555686
1.399833356	103.8555706
1.399838848	103.8555727
1.399844344	103.8555747
1.399849847	103.8555766
1.399855353	103.8555786
1.399860865	103.8555806
1.399866382	103.8555825
1.399871903	103.8555845
1.39987743	103.8555864
1.399882961	103.8555883
1.399998307	103.8556245
1.400115405	103.8556546
1.400233932	103.8556785
1.400239697	103.8556796
1.400245465	103.8556805
1.400251237	103.8556815
1.400257009	103.8556825
1.400332269	103.8556936
1.400407859	103.8557023
1.400483695	103.8557085
1.400489536	103.8557089
1.400495379	103.8557092
1.400501223	103.8557096
1.400545612	103.8557117
1.400590036	103.855713
1.400634475	103.8557134
1.400634507	103.8557134
1.400634733	103.8557134
1.400640935	103.8557134
1.400647136	103.8557134
1.400653338	103.8557133
1.400659191	103.8557133
1.400665044	103.8557132
1.400670897	103.8557131
1.40067675	103.855713
1.400682603	103.8557129
1.400688454	103.8557128
1.400694306	103.8557126
1.400700157	103.8557125
1.400706008	103.8557123
1.400711858	103.8557121
1.400717709	103.8557119
1.400723395	103.8557117
1.400723558	103.8557117
1.400729406	103.8557115
1.400735255	103.8557112
1.400741102	103.8557109
1.400746949	103.8557107
1.400752795	103.8557104
1.400758641	103.8557101
1.400764486	103.8557098
1.40077033	103.8557094
1.40080148	103.8557074
1.400832601	103.8557049
1.400863684	103.8557021
1.40088891	103.8556994
1.400914105	103.8556965
1.400939265	103.8556933
1.40095473	103.8556912
1.400970181	103.855689
1.400985615	103.8556867
1.400997182	103.8556849
1.401075951	103.855671
1.401154188	103.8556545
1.4012318	103.8556352
1.401249523	103.8556304
1.401658496	103.8553724
1.401770222	103.855302
1.401802059	103.855287
1.402255732	103.8550732
1.402388182	103.8550107
1.402518987	103.8549491
1.402520705	103.8549483
1.402692498	103.8548673
1.402793167	103.8548527
1.403389934	103.8547662
1.404120454	103.8548109
1.404873445	103.8550566
1.405113657	103.8552221
1.405456502	103.8554584
1.405570244	103.8555367
1.405575571	103.8555431
1.405685337	103.8556857
1.40600855	103.8560616
1.406396202	103.8566123
1.408533522	103.8596488
1.409031726	103.8602492
1.409784716	103.8608857
1.410209039	103.8611343
1.410456014	103.8612789
1.411320607	103.8616384
1.412099354	103.8617846
1.412859707	103.8618639
1.413200909	103.8618405
1.413261863	103.8618363
1.413571007	103.8618151
1.41372619	103.8617852
1.414613431	103.8616141
1.415169905	103.8615214
1.415453351	103.8614742
1.416064039	103.8614292
1.416810435	103.8615191
1.41765861	103.8616989
1.418585947	103.8620585
1.421164388	103.863598
1.421865832	103.8640349
1.421902658	103.8640667
1.421970722	103.8641174
1.422021769	103.8641569
1.422099286	103.8642208
1.422174913	103.8642903
1.422284751	103.8643838
1.423015808	103.8651183
1.424635612	103.8670478
1.424983361	103.8674219
1.425077228	103.8672441
1.424855777	103.8669923
1.42485394	103.8669902
1.424787825	103.8669151
1.424789982	103.866895
1.42477114	103.8667827
1.424719514	103.8664753
1.424719517	103.8664753
1.424719487	103.8664751
1.424719492	103.8664748
1.424719446	103.8664749
1.424719415	103.8664747
1.424686289	103.8662757
1.424686283	103.8662757
1.424686271	103.8662756
1.424692208	103.8662406
1.424695185	103.866208
1.424690461	103.8661735
1.424681252	103.8661286
1.424678331	103.8660825
1.424678334	103.8660484
1.424677801	103.8659878
1.424674837	103.865937
1.42467066	103.8658759
1.424663786	103.8658305
1.42465772	103.8657869
1.42465124	103.8657385
1.424647305	103.8656787
1.42464516	103.8656261
1.424636991	103.865584
1.424629652	103.8655364
1.424622829	103.8654921
1.424618355	103.8654515
1.424602838	103.8654226
1.42459665	103.8653954
1.42459109	103.8653586
1.424584059	103.865329
1.424572599	103.8652977
1.424565996	103.8652694
1.424560532	103.8652422
1.424551727	103.865202
1.424542334	103.8651684
1.424529997	103.8651302
1.424512569	103.8651029
1.424490696	103.8650775
1.424470694	103.8650381
1.424448418	103.8650004
1.424424601	103.864957
1.424403021	103.8649264
1.424386016	103.864889
1.42435401	103.8648259
1.424315857	103.864748
1.424278796	103.8646891
1.424255852	103.8646336
1.424230356	103.8645816
1.42420498	103.8645435
1.424174314	103.8644972
1.424152848	103.864465
1.424129658	103.8644272
1.424106477	103.8643934
1.424086276	103.864365
1.424064611	103.8643287
1.42404858	103.8642852
1.424033228	103.8642521
1.424013216	103.8642201
1.423996762	103.8641791
1.423978138	103.864142
1.423967487	103.8641125
1.423961585	103.8640761
1.423955387	103.8640449
1.423944781	103.8640201
1.423934491	103.8639944
1.423921724	103.8639547
1.423896581	103.8639139
1.423876638	103.8638795
1.423858557	103.8638424
1.423835401	103.8638053
1.423822939	103.863794
1.42382293	103.863794
1.423836975	103.8637666
1.423848864	103.8637432
1.423881104	103.8636791
1.42393293	103.8635743
1.424004544	103.863429
1.42410299	103.8632294
1.424253178	103.8629248
1.424303825	103.8628221
1.424400729	103.8626254
1.424476432	103.862468
1.424546088	103.8623183
1.424610304	103.862176
1.424630031	103.8621307
1.424695366	103.8619804
1.424807175	103.8617097
1.424915783	103.8614294
1.424949549	103.8613385
1.425011542	103.8611746
1.425080752	103.8609989
1.425154803	103.8608185
1.425219413	103.860667
1.42526637	103.86056
1.425413612	103.8602389
1.425580348	103.8598806
1.425645704	103.8597227
1.42572259	103.8595335
1.425793086	103.8593599
1.425825286	103.8592813
1.425838259	103.8592512
1.425849552	103.859226
1.425871525	103.8591787
1.425902681	103.859112
1.426009327	103.8588834
1.426110913	103.8586658
1.426177041	103.8585241
1.426260855	103.8583445
1.426438201	103.8579645
1.426525346	103.8577777
1.426560368	103.8578005
1.426674012	103.8578677
1.42682428	103.8579554
1.426941554	103.8580201
1.427106823	103.8581101
1.427189107	103.8581527
1.427188085	103.8582192
1.427187244	103.8582853
1.427187136	103.8583495
1.42718843	103.8584237
1.42719833	103.8584742
1.427204786	103.858527
1.427212342	103.8585759
1.42722078	103.8586302
1.427227788	103.8586806
1.427243952	103.8587461
1.427277547	103.8588368
1.42730225	103.858894
1.42733055	103.8589552
1.427362838	103.8590148
1.427398216	103.8590711
1.427433922	103.8591348
1.427473562	103.8592085
1.427514147	103.8592733
1.427547923	103.8593233
1.427598108	103.8593853
1.427635147	103.859434
1.4276729	103.859485
1.427717642	103.8595503
1.427759708	103.8596074
1.427788469	103.859647
1.427827828	103.8597028
1.427869536	103.8597591
1.427906947	103.8598055
1.427938417	103.8598458
1.427989096	103.8598966
1.427989048	103.8598966
1.428134181	103.8600584
1.4283043	103.8602479
1.428700615	103.8607009
1.429192887	103.8613112
1.429688337	103.8619323
1.430440552	103.8628047
1.43066695	103.8630822
1.430927825	103.863395
1.431132445	103.863646
1.431364289	103.8639344
1.431597035	103.8642133
1.431756738	103.8644069
1.43183522	103.8644873
1.431927309	103.8645748
1.432023477	103.8646614
1.432105123	103.8647209
1.432259786	103.8648151
1.432414902	103.8649071
1.43260312	103.8650053
1.432723305	103.8650629
1.432894289	103.8651507
1.433031706	103.8652115
1.433098371	103.8652394
1.433214464	103.8652736
1.433342798	103.8653081
1.433478841	103.8653459
1.43357316	103.8653583
1.433720975	103.8653621
1.434009799	103.8653576
1.434133579	103.8653519
1.43422153	103.8653287
1.434319447	103.8652888
1.4343888	103.8652493
1.43445406	103.86519
1.434505723	103.865137
1.434555107	103.8650619
1.43458047	103.865008
1.434606281	103.8649397
1.434613953	103.864871
1.434609369	103.8647743
1.434602081	103.8647074
1.43458481	103.8646297
1.434546685	103.8645552
1.43450041	103.864506
1.434470465	103.8644681
1.434405154	103.8644293
1.434311292	103.8644191
1.43424498	103.8642004
1.434105929	103.8636058
1.434325783	103.8635042
1.434746463	103.8633285
1.435131327	103.8631619
1.435384274	103.8630462
1.435652638	103.8629314
1.435965878	103.8627943
1.436121045	103.8629852
1.436294813	103.8632001
1.436441354	103.8633716
1.436727793	103.8631369
1.437210472	103.8627297
1.437519118	103.8624764
1.438116917	103.861979
1.438652628	103.8615369
1.43915979	103.8611287
1.439696409	103.8606947
1.440178191	103.8603083
1.440377619	103.8601597
1.440499538	103.8600645
1.440685375	103.8599408
1.440763783	103.8598778
1.440857609	103.8598171
1.441044351	103.8596897
1.441189393	103.8595891
1.441346225	103.8594957
1.441445036	103.8594278
1.441632235	103.8593094
1.441679864	103.8592818
1.441760388	103.8592339
1.441892842	103.8591513
1.442009014	103.8590688
1.442186209	103.8589409
1.442380103	103.8587685
1.442400117	103.8587501
1.44245408	103.8587353
1.442768505	103.8586369
1.443141758	103.8585101
1.443447782	103.8584168
1.443878159	103.8582732
1.44394527	103.8582508
1.44438029	103.8581168
1.444714016	103.8580089
1.445240542	103.8578405
1.445324747	103.8578407
1.445419727	103.8578337
1.445527369	103.8578231
1.445695402	103.8577938
1.445795922	103.8577603
1.445902755	103.8577339
1.446090649	103.8576712
1.446257377	103.857603
1.446394668	103.8575433
1.44649192	103.8574711
1.446640763	103.8573849
1.446763739	103.8573137
1.446906637	103.8572359
1.447063421	103.8571704
1.447216115	103.857108
1.447383198	103.8570519
1.447525898	103.8569967
1.447717796	103.8569341
1.448091864	103.8567993
1.448498005	103.856662
1.448938451	103.8565249
1.449217854	103.856426
1.449454639	103.8563479
1.449594631	103.8562912
1.449725913	103.8561989
1.449791035	103.8561575
1.451585433	103.855414
1.452488893	103.8550357
1.452545822	103.8551892
1.452614003	103.8553533
1.452665996	103.8555144
1.452715728	103.8556511
1.452782145	103.8557991
1.452841812	103.855938
1.452896463	103.8560909
1.452952503	103.8562334
1.453010386	103.8563652
1.453075536	103.8564848
1.453133452	103.8566058
1.45320171	103.8567435
1.453255174	103.8568433
1.453296734	103.8569912
1.45335617	103.8572029
1.453403984	103.8573742
1.453495613	103.8575528
1.453556209	103.8576832
1.453631334	103.8577935
1.453706052	103.8578889
1.453745199	103.8579433
1.453766328	103.8579784
1.453818974	103.8580513
1.45390091	103.8581508
1.453983359	103.8582318
1.454071728	103.8582981
1.45415929	103.8583342
1.45422386	103.8583519
1.454337699	103.8583674
1.454505813	103.85837
1.454578183	103.8583513
1.454701672	103.858317
1.454800875	103.8582449
1.454855731	103.8581911
1.454907972	103.8581068
1.455011026	103.8579606
1.455115442	103.857813
1.455185385	103.8577044
1.455282113	103.8575577
1.45538562	103.8574115
1.455476012	103.857268
1.455582767	103.8570952
1.455690427	103.8569216
1.455763129	103.8567987
1.455818353	103.8566993
1.45592005	103.8565563
1.455966411	103.8564751
1.456007925	103.85641
1.456271656	103.8559965
1.456639552	103.8554305
1.456800302	103.8551938
1.457035086	103.8548431
1.45728673	103.8544493
1.457474772	103.8541578
1.457960962	103.8532026
1.458344391	103.8524413
1.45858326	103.8519424
1.458899492	103.851277
1.459047162	103.8509887
1.459135909	103.8508174
1.459214377	103.8506633
1.459299033	103.8504903
1.459360856	103.8503502
1.459475105	103.8501401
1.459529478	103.8500307
1.459569866	103.8499287
1.459615338	103.8498388
1.459678063	103.8496983
1.459727405	103.8495831
1.459815874	103.8493777
1.460523883	103.8478139
1.461031185	103.8466935
1.461265649	103.8461487
1.462051081	103.8441784
1.462115235	103.8440331
1.462222452	103.8437684
1.462352011	103.8434406
1.462597582	103.8428528
1.462672554	103.8426673
1.462757227	103.8424626
1.462827226	103.8422915
1.462901138	103.8421137
1.463068478	103.8416925
1.463127703	103.8415374
1.463185809	103.8413923
1.463321853	103.8410355
1.463396473	103.8408525
1.463500722	103.8405912
1.463579993	103.8403837
1.463767827	103.8399139
1.463840738	103.8397315
1.463870003	103.8396554
1.464218399	103.8387498
1.464532281	103.8379622
1.464709863	103.8375456
1.464790797	103.8373557
1.464807333	103.8373081
1.464813182	103.8372696
1.464814253	103.8372227
1.464815877	103.8371775
1.464812697	103.8371265
1.46478307	103.8370051
1.464761313	103.8369284
1.464740393	103.8368767
1.464718968	103.8368186
1.464698618	103.8367671
1.464669996	103.8367127
1.464633694	103.8366539
1.464606316	103.8366172
1.464571289	103.836573
1.464546484	103.8365483
1.464505607	103.8365175
1.464477794	103.8364989
1.464408634	103.8364586
1.464166726	103.8363454
1.464166714	103.8363454
1.464199547	103.8361531
1.464239485	103.8359047
1.46422913	103.8358166
1.464246684	103.8358134
1.464151299	103.8352865
1.464139806	103.8352698
1.461123411	103.8335599
1.459957867	103.8328991
1.460505233	103.8319464
1.461669474	103.832607
1.461822675	103.8326941
1.464708588	103.8342969
1.464812274	103.8341166
1.464832989	103.8340792
1.464886269	103.8339831
1.466142503	103.8317954
1.466140781	103.8318003
1.468074717	103.8284302
1.468584701	103.827542
1.468586573	103.8275388
1.467752577	103.8270656
1.463321075	103.824554
1.463451874	103.8243266
1.463587294	103.8240913
1.463587084	103.8240759
1.463579312	103.8240599
1.46357896	103.8240595
1.463578612	103.8240588
1.463567706	103.824048
1.46356975	103.8240445
1.46349447	103.8240026
1.463491784	103.824007
1.463448646	103.823983
1.463427721	103.8239671
1.46330914	103.8239002
1.463140397	103.8238049
1.463123225	103.8238349
1.461016531	103.8226434
1.461015514	103.8226428
1.46122159	103.8222775
1.461222854	103.8222752
1.461224095	103.8222759
1.463331473	103.8234659
1.46332369	103.8234795
1.463441533	103.823543
1.463640299	103.8236502
1.463641111	103.82365
1.463682441	103.8236742
1.463682167	103.8236746
1.463683095	103.8236752
1.46368121	103.8236784
1.463755495	103.8237219
1.463759946	103.8237142
1.463775491	103.8237186
1.463787058	103.8237177
1.463805977	103.8237085
1.463882387	103.8235755
1.463868363	103.8235675
1.463868624	103.8235671
1.463867735	103.8235666
1.463913469	103.8234875
1.463927712	103.8234967
1.463957161	103.8234454
1.463943422	103.8234371
1.463943664	103.8234366
1.463942815	103.8234361
1.46397019	103.823389
1.463984027	103.8233986
1.464018601	103.8233385
1.464018748	103.8233382
1.464019486	103.8233369
1.465573501	103.8242186
1.465592426	103.8242294
1.465680571	103.8242794
1.46568273	103.82428
1.465726168	103.8242931
1.465748163	103.824281
1.465770682	103.8242636
1.465802344	103.8242313
1.465809316	103.8242033
1.465810926	103.8241912
1.465813087	103.824178
1.465810953	103.8241526
1.465783614	103.8241114
1.465771821	103.8240997
1.465743251	103.8240832
1.465736703	103.8240794
1.465534358	103.8239621
1.465533719	103.8239617
1.465544988	103.8239401
1.465541876	103.8239303
1.465541777	103.82393
1.465536414	103.8239237
1.465529975	103.8239205
1.465520859	103.8239226
1.465502245	103.8239129
1.465501551	103.8239126
1.465505705	103.8239059
1.465505847	103.8239057
1.465499065	103.8239004
1.465489758	103.823893
1.46548932	103.8238927
1.465453298	103.8238772
1.46393794	103.8230282
1.462454511	103.822197
1.462450275	103.8221946
1.462446679	103.8221926
1.462447203	103.8221916
1.462720408	103.8216907
1.462721651	103.8216884
1.462723715	103.8216846
1.462771934	103.8217116
1.464304409	103.8225696
1.464344543	103.8225921
1.464969235	103.8229418
1.465074868	103.823001
1.465206977	103.8230749
1.465649297	103.8233226
1.465747404	103.8233775
1.465759631	103.8233843
1.465781769	103.8233904
1.465784287	103.8233911
1.465808009	103.8233958
1.465808838	103.8233958
1.465837771	103.8233974
1.465852595	103.8233734
1.465853769	103.8233715
1.465867757	103.8233746
1.465891495	103.8233797
1.465929053	103.8233833
1.465952829	103.8233785
1.465962327	103.8233719
1.465983145	103.8233466
1.465989439	103.8233192
1.465986532	103.8232842
1.465975425	103.823262
1.465958862	103.8232382
1.465938984	103.8232217
1.465938251	103.8232196
1.465936527	103.8232146
1.4659334	103.8232055
1.465933363	103.8232052
1.465933314	103.8232047
1.465930054	103.8231725
1.465927319	103.8231463
1.465912033	103.8231259
1.46591213	103.8231255
1.465912944	103.8231221
1.465920015	103.823092
1.465919803	103.8230908
1.465919607	103.8230897
1.465919028	103.8230866
1.465913338	103.8230554
1.46590666	103.8230168
1.465906109	103.8230136
1.465886684	103.822984
1.465854195	103.8229616
1.465852801	103.8229606
1.465866805	103.8229081
1.46587908	103.8228653
1.465883519	103.8228498
1.465896168	103.8227928
1.465894107	103.8227501
1.465893458	103.8227367
1.465891452	103.8227242
1.465882163	103.8226662
1.465879973	103.8226342
1.465878999	103.82262
1.465911525	103.8225971
1.465932682	103.8225745
1.465963749	103.8225167
1.466166769	103.8228014
1.466674079	103.8224571
1.467162516	103.8228476
1.467164175	103.822739
1.467170047	103.8223544
1.467170471	103.8223266
1.466148216	103.8205337
1.464461746	103.8193991
1.464957793	103.8185909
1.467306667	103.8202657
1.467326979	103.8203007
1.468251677	103.8218961
1.468637482	103.822168
1.468755231	103.8220637
1.468865526	103.8219626
1.468885316	103.8219353
1.468949047	103.821837
1.469073126	103.8216496
1.469169494	103.8215051
1.469225136	103.8214488
1.469243896	103.8214271
1.469272507	103.821366
1.469280888	103.8213399
1.469317893	103.821245
1.469376385	103.8211177
1.469384071	103.8211005
1.469444153	103.8209894
1.469485949	103.8209121
1.469516858	103.8208431
1.469529335	103.8208228
1.469579232	103.820723
1.469616734	103.8206551
1.469647998	103.8205772
1.469674015	103.8205318
1.469701801	103.8204751
1.469711648	103.8204488
1.469714426	103.8204277
1.469731439	103.8203822
1.46974095	103.8203464
1.469768466	103.8203543
1.469773502	103.8203419
1.469783859	103.8203165
1.469791385	103.8202904
1.46980672	103.8202609
1.469826064	103.8202119
1.469846119	103.8201672
1.469859014	103.8201325
1.469868243	103.8201109
1.469867873	103.8201016
1.469868821	103.8200868
1.469872992	103.8200646
1.469866622	103.8200539
1.469894519	103.8200116
1.469898854	103.8199738
1.469914846	103.8199365
1.469925524	103.8199098
1.469932112	103.8198649
1.469939114	103.8198196
1.469949362	103.8197873
1.469969027	103.8197077
1.469969294	103.8197061
1.469969662	103.8197052
1.46997102	103.8197019
1.469991675	103.8196635
1.470004572	103.8196184
1.470016391	103.8195944
1.470026321	103.8195551
1.470049083	103.819485
1.470060912	103.8194591
1.470073763	103.8194207
1.47008657	103.8193958
1.4700945	103.819367
1.470130005	103.8192825
1.470174507	103.819151
1.470204386	103.8191104
1.470204523	103.8191102
1.470221443	103.8190611
1.470232621	103.8190274
1.470252227	103.8189795
1.470262971	103.8189542
1.470269808	103.8189345
1.470286312	103.8188848
1.470353325	103.818768
1.470382888	103.8187277
1.470393596	103.8187075
1.470402241	103.8186902
1.470398886	103.8186888
1.47040688	103.8186687
1.470409594	103.8186698
1.470437032	103.818607
1.470484157	103.818463
1.47049358	103.818412
1.470514778	103.81834
1.470555618	103.8181844
1.470560383	103.8181248
1.470566931	103.8180913
1.470577457	103.8180458
1.470580604	103.8180336
1.470584059	103.8180203
1.470590288	103.8179822
1.470607128	103.8178404
1.470647435	103.8178405
1.470647316	103.8177877
1.470613259	103.8177877
1.470623413	103.817689
1.470623737	103.8176675
1.470652388	103.8176662
1.470682544	103.8175936
1.470678631	103.8174813
1.470695927	103.817322
1.4707723	103.8173224
1.470774832	103.8172974
1.470735927	103.8172978
1.470721331	103.817072
1.470754328	103.8170719
1.470753896	103.8170365
1.470663018	103.8170459
1.470615431	103.8157716
1.470615368	103.8157697
1.470641361	103.8157672
1.470673945	103.8157661
1.470654094	103.8157154
1.470648802	103.8155285
1.470643971	103.815329
1.470639683	103.8151498
1.470620599	103.8148945
1.470619739	103.8148906
1.470615238	103.81487
1.470612914	103.8148593
1.470606798	103.8148312
1.470602022	103.8147644
1.470598511	103.8145148
1.470616244	103.8142866
1.470610919	103.814232
1.470610318	103.8142258
1.47060198	103.8141403
1.470581559	103.8140818
1.470542833	103.8138878
1.470505318	103.8137062
1.47047455	103.813484
1.470496923	103.8133718
1.470490989	103.8133177
1.470489985	103.8133086
1.470489218	103.8133058
1.470475778	103.8132572
1.470476637	103.8132178
1.470453159	103.8131688
1.470418404	103.8131254
1.470403381	103.8130093
1.470388657	103.8128505
1.470355944	103.8126134
1.470355681	103.8126061
1.470354987	103.8125868
1.470354523	103.812574
1.470347692	103.8123181
1.470343841	103.8121135
1.470343576	103.8120995
1.470343949	103.8120975
1.470357494	103.8120263
1.470365461	103.8119686
1.470362747	103.8119453
1.47035203	103.8118998
1.47033273	103.8118222
1.470309234	103.8117557
1.470280872	103.811666
1.470237344	103.8115212
1.47020011	103.811393
1.470140212	103.8112126
1.470094126	103.8112048
1.470086059	103.8111785
1.470080985	103.8111796
1.470074908	103.811181
1.470072104	103.8111506
1.470067934	103.8111299
1.470069617	103.8111134
1.470064597	103.8111002
1.470061251	103.8110795
1.470057072	103.8110333
1.470047884	103.8110002
1.470045369	103.8109812
1.470036986	103.8109655
1.470032799	103.8109573
1.470025265	103.8109407
1.470016058	103.8109052
1.469998477	103.8108556
1.469997012	103.8108355
1.469992589	103.8108162
1.469989974	103.8107854
1.469982929	103.8107396
1.469980343	103.8106947
1.469977702	103.810678
1.469972393	103.8106508
1.469965294	103.8106331
1.469958221	103.8106023
1.469947603	103.8105557
1.469943198	103.8105284
1.469934408	103.8104967
1.469914973	103.8104338
1.469951155	103.810281
1.469792587	103.8097718
1.469791484	103.8097468
1.469788003	103.8097353
1.469785705	103.8097216
1.469783407	103.8096974
1.469789258	103.8096871
1.469856958	103.8096321
1.469882651	103.8096069
1.469903677	103.8095793
1.469922379	103.8095541
1.469974931	103.8094956
1.470017002	103.8094417
1.470060248	103.8093786
1.470098791	103.8093361
1.470199237	103.8092215
1.470248335	103.809167
1.470348638	103.8092308
1.470335977	103.8091648
1.470443016	103.8090274
1.470524515	103.808892
1.47056512	103.8087991
1.47057759	103.8087165
1.470571341	103.8086438
1.470425052	103.807946
1.470389879	103.8077774
1.470388486	103.8077708
1.470378411	103.8077297
1.470377959	103.8077277
1.470354725	103.8076213
1.470317915	103.8074479
1.470278953	103.8072698
1.470131742	103.8066198
1.47003838	103.8062184
1.469788539	103.8053996
1.469731012	103.805323
1.469671848	103.8052917
1.46966682	103.8052771
1.469490013	103.8049987
1.469563528	103.8049487
1.469612515	103.8047961
1.469604267	103.8047519
1.469556036	103.804687
1.469461554	103.8044256
1.469380258	103.8042125
1.469338694	103.8042398
1.469258103	103.8039686
1.469240819	103.8038937
1.469202111	103.8037925
1.469193926	103.8037467
1.469179003	103.8036535
1.469153245	103.8035044
1.46911705	103.8033485
1.469074307	103.803183
1.469034405	103.8030378
1.469014762	103.803
1.469009091	103.8030033
1.468831866	103.8025519
1.468828249	103.8025427
1.468823773	103.8025453
1.46872073	103.8022811
1.468720409	103.8022803
1.468702022	103.8022428
1.468629246	103.8020783
1.468545914	103.8017696
1.468545877	103.8017689
1.468545742	103.8017684
1.468539492	103.8017258
1.468477405	103.8015832
1.46847679	103.8015818
1.468386696	103.8014923
1.468346696	103.8014542
1.468195729	103.8013552
1.468067398	103.8012597
1.468056039	103.8012428
1.468028854	103.8012097
1.468020343	103.8012033
1.467904204	103.8011172
1.467890675	103.8011073
1.467871565	103.8010933
1.467815856	103.8010412
1.467785496	103.8010081
1.467782457	103.80101
1.467778831	103.8010125
1.46757171	103.8007574
1.467325123	103.8005299
1.467261907	103.8004796
1.467188019	103.8003824
1.467195244	103.8003775
1.467120814	103.8002444
1.467069092	103.8001518
1.46697045	103.7999754
1.466960484	103.799982
1.466951177	103.7999266
1.466851987	103.79995
1.466828491	103.7999163
1.466835328	103.7999116
1.466831928	103.7999067
1.4668251	103.7999114
1.466799985	103.7998754
1.466810675	103.7998703
1.466857456	103.7998009
1.466855919	103.7997975
1.46685439	103.7997941
1.466784095	103.7997631
1.466766151	103.7997573
1.466770501	103.7997225
1.466778767	103.7997235
1.466779418	103.7997182
1.46677117	103.7997172
1.466775637	103.7996815
1.466783894	103.7996826
1.466784563	103.7996772
1.466776315	103.7996762
1.466780891	103.7996396
1.466862627	103.7996266
1.466994717	103.7995927
1.46698684	103.7995668
1.466994699	103.7995563
1.466963055	103.7995504
1.466964881	103.7995434
1.466804464	103.799501
1.466809592	103.7994652
1.466817469	103.7994663
1.466818229	103.799461
1.466810352	103.7994598
1.466815695	103.7994225
1.466980552	103.7994188
1.46698039	103.7994116
1.466945174	103.7994102
1.46701847	103.799227
1.467042813	103.7991124
1.467048059	103.7990877
1.467045127	103.7990354
1.466944523	103.7988607
1.466837308	103.7986771
1.466779545	103.79858
1.466725245	103.7984887
1.466654804	103.7983716
1.46658946	103.7982631
1.466577016	103.7983009
1.466529826	103.7982268
1.466466475	103.7981702
1.466394369	103.7981058
1.466277025	103.7979386
1.466248457	103.7979576
1.466246349	103.7979545
1.466183569	103.7979956
1.466050299	103.797789
1.466095363	103.7977619
1.466093663	103.7977593
1.466043641	103.7976844
1.465893992	103.7974521
1.465932826	103.7974588
1.465936389	103.7974594
1.465936932	103.7974558
1.465989656	103.7974636
1.465990886	103.7974569
1.465974688	103.7973853
1.465900988	103.7971681
1.465861186	103.7970751
1.465857034	103.7970778
1.465813544	103.7971053
1.465811898	103.7971027
1.465769773	103.797129
1.465700201	103.7971724
1.465607917	103.7970319
1.46568882	103.7969783
1.465684507	103.7969719
1.46559055	103.7968008
1.465589364	103.7968008
1.46557646	103.7968006
1.465570446	103.7968006
1.465378705	103.7969251
1.465289198	103.7968405
1.465117456	103.7965777
1.465002317	103.7963968
1.4649796	103.7963839
1.464971986	103.7963888
1.464961965	103.7963669
1.464943515	103.7963443
1.46495113	103.7963394
1.464871209	103.7961715
1.464723278	103.7959369
1.464575745	103.7956839
1.464384177	103.7953598
1.464219551	103.795084
1.464201093	103.7950701
1.464156527	103.7950985
1.464148414	103.7950568
1.464116877	103.7949954
1.464111424	103.7949763
1.464109334	103.7949584
1.464095877	103.7949339
1.464048723	103.7948946
1.464080511	103.7948657
1.463648874	103.7942199
1.463590976	103.7942176
1.463332846	103.7938336
1.46246808	103.7925496
1.462452461	103.7925264
1.462390873	103.792435
1.462002917	103.7918592
1.462043324	103.7918296
1.462044598	103.7917916
1.46202519	103.791756
1.461965171	103.791726
1.461918537	103.7917028
1.46173038	103.7914129
1.46171373	103.7914238
1.461585602	103.7915076
1.461585039	103.791508
1.461568303	103.7914564
1.461562232	103.7914376
1.461539242	103.7913933
1.461515284	103.7913509
1.461256703	103.7910283
1.461214567	103.7909736
1.461212686	103.7909702
1.461189362	103.7909282
1.461125004	103.790767
1.461109836	103.7906591
1.461099155	103.7906135
1.461076407	103.790457
1.461056429	103.7904311
1.461045659	103.790422
1.461008777	103.7903748
1.460988844	103.7903307
1.460962815	103.7902547
1.460938278	103.7902015
1.460878523	103.7900464
1.460860227	103.7899612
1.460838837	103.7898822
1.460831177	103.7898624
1.460766668	103.789759
1.460704476	103.7896578
1.460642286	103.7895566
1.460636909	103.789549
1.460631534	103.7895414
1.4605609	103.7894258
1.460493666	103.7893203
1.460468335	103.7892822
1.460433354	103.7892484
1.460404103	103.7892257
1.460351969	103.7891851
1.460341147	103.789168
1.460334497	103.7891575
1.460309594	103.7891237
1.46028469	103.7890899
1.460221719	103.7890293
1.460187597	103.7889999
1.460175363	103.7889843
1.460138697	103.788922
1.460063416	103.78887
1.459988118	103.7888301
1.459978505	103.7888171
1.459947971	103.7887574
1.459924413	103.7887107
1.459900845	103.7886683
1.459815782	103.7885601
1.459768017	103.7884993
1.459754569	103.7884781
1.45961675	103.7883432
1.459490922	103.7881716
1.459441108	103.788083
1.459419738	103.788054
1.459400021	103.7879992
1.459336026	103.7878676
1.459325513	103.7878539
1.459318608	103.7878449
1.459279094	103.7877689
1.459240412	103.7876773
1.459237211	103.7876422
1.459238277	103.7876047
1.459229531	103.7875873
1.459205203	103.7875565
1.459172094	103.7875266
1.45910195	103.7874764
1.459061986	103.7874571
1.458965446	103.7874251
1.458886529	103.787372
1.458819378	103.787293
1.458713214	103.7872062
1.458687909	103.7871773
1.458664603	103.7871263
1.458650218	103.7870782
1.458629746	103.7870098
1.458610364	103.786955
1.458587067	103.7869039
1.45854428	103.7868394
1.458506368	103.7867739
1.458434495	103.7866324
1.458425269	103.7865849
1.458425179	103.7865844
1.458417862	103.7865467
1.458405879	103.7865198
1.458319808	103.7863975
1.45817384	103.7862107
1.45814441	103.7861442
1.458002772	103.7858673
1.457951574	103.7857792
1.45788076	103.7856794
1.457844811	103.7856558
1.457830886	103.7856531
1.457828469	103.7856526
1.457765109	103.7856494
1.457764214	103.7856494
1.457740258	103.785644
1.457714112	103.7856333
1.457686882	103.7856151
1.457656386	103.7855818
1.457652027	103.7855753
1.457633485	103.7854723
1.457620407	103.7854465
1.457588727	103.785411
1.457571354	103.7853977
1.457499899	103.7853635
1.457343485	103.7851618
1.457153257	103.7849478
1.45704513	103.7848859
1.457015204	103.784865
1.456928312	103.7848194
1.45689645	103.7847975
1.456850101	103.7847575
1.456824996	103.7847309
1.456801825	103.7847004
1.456790239	103.7846805
1.456784442	103.7846595
1.456783454	103.7845558
1.456772826	103.7844901
1.456698195	103.7843486
1.456569312	103.7842172
1.456526344	103.7841838
1.45648903	103.7841448
1.456364668	103.7840267
1.456273099	103.7839443
1.456169076	103.7838418
1.45605716	103.7837449
1.456020976	103.7837182
1.455952017	103.7836781
1.455873052	103.7836381
1.455872885	103.783638
1.455794258	103.7836208
1.455791501	103.7836202
1.45573552	103.7835965
1.45568776	103.7835684
1.455638978	103.7835354
1.455584091	103.7834722
1.455568843	103.7834452
1.455546486	103.7833981
1.455515989	103.78331
1.455503797	103.7832829
1.455499736	103.7832479
1.45549003	103.7832096
1.455489561	103.7832078
1.455465169	103.7831507
1.455455012	103.7831306
1.455431633	103.7830776
1.455404185	103.7830245
1.455397075	103.7829774
1.455404183	103.7829574
1.45543568	103.7828602
1.455449904	103.7827981
1.45544889	103.782724
1.455441772	103.7827029
1.455411285	103.7826679
1.455338112	103.7826188
1.455279527	103.7825862
1.455187154	103.7825347
1.45508334	103.7824616
1.455074721	103.7824503
1.455061327	103.782438
1.45502687	103.7823918
1.454979977	103.7823258
1.454816317	103.7820428
1.454778052	103.7819692
1.454680422	103.7818032
1.454713954	103.7817145
1.454718755	103.7816598
1.454708228	103.7816324
1.454693875	103.7816211
1.454670895	103.781606
1.454631645	103.7815919
1.454554114	103.7815796
1.454521112	103.7815268
1.454418201	103.7813463
1.454309809	103.7811668
1.454182306	103.780945
1.45398891	103.7806215
1.453950536	103.7805604
1.453848954	103.780389
1.453780111	103.7802633
1.453686424	103.7800998
1.453579216	103.7799152
1.453517148	103.7798139
1.453477643	103.7797472
1.453475391	103.7797394
1.453316262	103.7794791
1.453290288	103.7794424
1.453279752	103.7794199
1.453231629	103.7793488
1.453209353	103.7793058
1.453195091	103.7792838
1.453148759	103.7792048
1.453133416	103.7792136
1.453005678	103.7790103
1.452917107	103.7788545
1.453020564	103.7787307
1.452948296	103.7786505
1.452896565	103.778592
1.452885592	103.778571
1.452823668	103.7784604
1.452797019	103.7784565
1.452678668	103.7785103
1.452640339	103.7784554
1.452561957	103.7783409
1.452410993	103.7781172
1.45234672	103.778023
1.452173025	103.7777657
1.452073481	103.7776205
1.452000585	103.7775216
1.451934744	103.7774313
1.451891632	103.777376
1.451876057	103.7773634
1.451837551	103.7773324
1.451826505	103.77733
1.451820293	103.7773176
1.451797168	103.7772766
1.451764808	103.7772105
1.451734746	103.7771639
1.451705859	103.7771024
1.451681976	103.7770552
1.451681972	103.7770552
1.451675896	103.7770432
1.451636609	103.7769988
1.451614186	103.7769613
1.451601934	103.7769408
1.451540679	103.7768213
1.451538649	103.7768165
1.451522509	103.7767785
1.451514098	103.7767587
1.45150254	103.7767336
1.451500211	103.7767297
1.451499918	103.7767299
1.451499457	103.7767292
1.451500211	103.7767297
1.451449551	103.7766443
					
