40.543578	-78.185576
40.543538	-78.184595
40.5426	-78.183066
40.539147	-78.180429
40.538598	-78.17905
40.538004	-78.178301
40.536221	-78.178481
40.53462	-78.177073
40.534391	-78.175874
40.53462	-78.174046
40.533887	-78.170989
40.531829	-78.168173
40.531325	-78.166075
40.532148	-78.165326
40.536241	-78.163226
40.537155	-78.161518
40.537886	-78.157891
40.539646	-78.156181
40.540561	-78.154592
40.540834	-78.150815
40.541314	-78.149856
40.542867	-78.149016
40.545728	-78.150025
40.546336	-78.149724
40.546937	-78.147424
40.547691	-78.146375
40.550023	-78.144875
40.553362	-78.145082
40.553888	-78.144722
40.556082	-78.141693
40.558413	-78.139982
40.568586	-78.136436
40.57014	-78.135056
40.570346	-78.133586
40.570116	-78.132507
40.567947	-78.128638
40.564487	-78.132421
40.561613	-78.132744
40.556232	-78.136224
40.550595	-78.139363
40.546186	-78.139947
40.541685	-78.142346
40.539754	-78.143913
40.538485	-78.144228
40.536782	-78.14547
40.533251	-78.147328
40.525307	-78.14924
40.518084	-78.149797
40.514958	-78.150318
40.510302	-78.150476
40.50528	-78.152235
40.50172	-78.152614
40.496947	-78.153626
40.489963	-78.153793
40.488558	-78.153373
40.487197	-78.151897
40.486674	-78.150348
40.496032	-78.136384
40.4962	-78.135082
40.495931	-78.133716
40.495161	-78.132571
40.490801	-78.130837
40.489165	-78.129448
40.485721	-78.129498
40.483426	-78.130131
40.48199	-78.130081
40.479939	-78.131323
40.473242	-78.134233
40.467919	-78.137593
40.465593	-78.138574
40.462392	-78.140787
40.46034	-78.141639
40.458999	-78.143065
40.457509	-78.143489
40.456593	-78.144394
40.448107	-78.149426
40.444972	-78.151879
40.438543	-78.155447
40.43597	-78.15722
40.433793	-78.15941
40.429886	-78.162375
40.428703	-78.162955
40.421421	-78.168615
40.417584	-78.171104
40.408643	-78.177947
40.404747	-78.181932
40.399877	-78.186282
40.395646	-78.189099
40.391082	-78.191454
40.383917	-78.196791
40.383095	-78.197093
40.380862	-78.199198
40.380202	-78.19933
40.378185	-78.2014
40.377251	-78.201755
40.376713	-78.202507
40.375442	-78.20335
40.375299	-78.203783
40.372705	-78.20546
40.370655	-78.206265
40.370227	-78.206822
40.369202	-78.207103
40.367078	-78.209045
40.362985	-78.210929
40.359466	-78.212035
40.353619	-78.216408
40.347421	-78.223421
40.346652	-78.224578
40.341588	-78.229056
40.339842	-78.230924
40.333849	-78.235694
40.330982	-78.237358
40.330311	-78.238124
40.319239	-78.245022
40.317994	-78.246385
40.316791	-78.246886
40.312291	-78.250091
40.311839	-78.250003
40.309467	-78.251507
40.305961	-78.253015
40.305537	-78.253485
40.300925	-78.255436
40.299289	-78.256544
40.298131	-78.25694
40.297422	-78.258119
40.294581	-78.259854
40.288635	-78.262477
40.285328	-78.264355
40.28465	-78.264333
40.282928	-78.265905
40.282274	-78.265694
40.281333	-78.265907
40.275889	-78.268984
40.273614	-78.270963
40.272709	-78.27066
40.272283	-78.270803
40.271526	-78.272024
40.270173	-78.272159
40.269435	-78.272769
40.268622	-78.272928
40.26791	-78.273633
40.266704	-78.27406
40.262681	-78.277231
40.262177	-78.277901
40.261542	-78.2781
40.258551	-78.280341
40.255749	-78.283136
40.252113	-78.285375
40.24593	-78.287904
40.243576	-78.288152
40.276922	-78.374735
40.302301	-78.434288
40.300356	-78.435075
40.294264	-78.436161
40.2935	-78.436895
40.28472	-78.440165
40.28242	-78.44049
40.279107	-78.441794
40.278738	-78.442271
40.278139	-78.44196
40.276186	-78.442462
40.271491	-78.44206
40.269569	-78.442455
40.265935	-78.442308
40.264265	-78.442682
40.259608	-78.442794
40.255083	-78.443822
40.254396	-78.443659
40.253943	-78.444204
40.250573	-78.445115
40.249702	-78.445778
40.245759	-78.447106
40.243855	-78.448211
40.287021	-78.505282
40.292074	-78.529423
40.327025	-78.620383
40.35298	-78.602349
40.370609	-78.564085
40.429831	-78.553104
40.438765	-78.55973
40.457096	-78.55092
40.459361	-78.549093
40.460047	-78.549392
40.463431	-78.547026
40.464986	-78.545438
40.465924	-78.543761
40.470635	-78.541633
40.473287	-78.541183
40.475025	-78.540344
40.476145	-78.540314
40.483008	-78.544504
40.487445	-78.544682
40.498376	-78.541172
40.50007	-78.541022
40.50007	-78.540818
40.506459	-78.539618
40.51885	-78.530644
40.52328	-78.522759
40.528789	-78.518468
40.530957	-78.512808
40.54016	-78.495938
40.540847	-78.485958
40.554832	-78.474088
40.588467	-78.449638
40.600721	-78.441083
40.622365	-78.447239
40.623257	-78.447249
40.623921	-78.447707
40.625925	-78.446906
40.626863	-78.445645
40.628121	-78.445285
40.628579	-78.444745
40.628876	-78.443334
40.629562	-78.442224
40.630957	-78.441654
40.631369	-78.441143
40.638618	-78.440243
40.640288	-78.441594
40.641683	-78.441534
40.644564	-78.440093
40.64573	-78.438982
40.646759	-78.436791
40.646896	-78.435049
40.647537	-78.433788
40.647742	-78.432197
40.646987	-78.428744
40.64765	-78.424661
40.646918	-78.421929
40.646895	-78.419197
40.645453	-78.416435
40.644743	-78.411271
40.644583	-78.408449
40.675766	-78.384226
40.72343	-78.348389
40.725353	-78.351201
40.732593	-78.359907
40.743665	-78.132178
40.739378	-78.116208
40.737101	-78.119397
40.735931	-78.12161
40.731067	-78.128083
40.728395	-78.132803
40.724275	-78.139076
40.721883	-78.144073
40.719047	-78.151238
40.717745	-78.155867
40.716068	-78.155367
40.714489	-78.155389
40.713354	-78.156005
40.712415	-78.158144
40.712155	-78.159988
40.711656	-78.161534
40.711696	-78.162411
40.713493	-78.164057
40.712596	-78.170042
40.705901	-78.182585
40.700985	-78.189696
40.700152	-78.191605
40.697294	-78.195243
40.696555	-78.197332
40.698972	-78.199865
40.698385	-78.201323
40.696602	-78.203848
40.696245	-78.204022
40.695874	-78.204871
40.694732	-78.205422
40.693298	-78.206897
40.692029	-78.208819
40.685102	-78.215479
40.682876	-78.217141
40.674539	-78.22197
40.665404	-78.213695
40.655074	-78.206112
40.653531	-78.203508
40.648684	-78.198613
40.642739	-78.196361
40.641276	-78.19612
40.639057	-78.197021
40.638577	-78.19663
40.638463	-78.19564
40.638806	-78.193239
40.638097	-78.191378
40.637206	-78.190597
40.633365	-78.189576
40.632519	-78.188616
40.631581	-78.185465
40.630095	-78.183003
40.627008	-78.179371
40.627008	-78.177511
40.628082	-78.17577
40.628265	-78.173879
40.627876	-78.173009
40.626847	-78.172289
40.623795	-78.171533
40.622926	-78.170693
40.62057	-78.169433
40.618579	-78.167011
40.595295	-78.184212
40.595321	-78.182891
40.594254	-78.181021
40.592725	-78.179295
40.587895	-78.177886
40.586275	-78.177765
40.583786	-78.17828
40.572145	-78.187033
40.571086	-78.187403
40.567547	-78.190253
40.565505	-78.191501
40.558444	-78.197083
40.555735	-78.194235
40.555398	-78.193526
40.554256	-78.193103
40.553602	-78.191977
40.552679	-78.191429
40.552469	-78.190381
40.551244	-78.189145
40.548567	-78.187756
40.547705	-78.186565
40.546924	-78.186399
40.546193	-78.186963
40.545613	-78.18682
40.544871	-78.18583
40.543578	-78.185576
