40.163866	-76.96553
40.162704	-76.966876
40.162576	-76.967719
40.162987	-76.973106
40.164179	-76.976884
40.164777	-76.978024
40.162861	-76.98189
40.160556	-76.980675
40.159347	-76.978976
40.15888	-76.97703
40.159292	-76.975921
40.159287	-76.973662
40.158996	-76.972612
40.1576	-76.971338
40.157022	-76.971226
40.154824	-76.973998
40.153721	-76.974324
40.153226	-76.974768
40.15234	-76.976912
40.152029	-76.979009
40.152688	-76.980174
40.153052	-76.98026
40.153705	-76.981511
40.154402	-76.985752
40.155127	-76.986812
40.155167	-76.992366
40.153528	-76.996163
40.152898	-76.999774
40.153572	-77.000841
40.153524	-77.002036
40.153102	-77.003652
40.151431	-77.005243
40.148937	-77.009951
40.148427	-77.01137
40.148309	-77.019713
40.147705	-77.021296
40.146862	-77.022136
40.145946	-77.022488
40.1458	-77.022804
40.146474	-77.024645
40.147423	-77.026245
40.14739	-77.027716
40.147838	-77.028853
40.146526	-77.031754
40.142996	-77.035512
40.125872	-77.059657
40.124924	-77.060148
40.124556	-77.0607
40.124301	-77.061844
40.053208	-77.160685
40.042444	-77.172415
40.029439	-77.185899
40.025046	-77.229249
40.017202	-77.276721
39.994447	-77.403788
39.944077	-77.471085
39.972432	-77.454109
39.975482	-77.459669
39.977055	-77.462
39.984172	-77.465815
39.985702	-77.467726
39.986309	-77.470417
39.987726	-77.472088
39.990766	-77.473503
39.991934	-77.474912
39.992044	-77.475761
39.991653	-77.478732
39.99184	-77.479551
39.994646	-77.483681
39.996461	-77.485064
39.997249	-77.486105
39.998412	-77.486795
39.998623	-77.487377
40.001172	-77.489488
40.002385	-77.491958
40.003092	-77.492404
40.004471	-77.494407
40.005187	-77.49594
40.00719	-77.497161
40.007786	-77.498138
40.009953	-77.499857
40.010433	-77.499557
40.012505	-77.49999
40.013729	-77.500704
40.015143	-77.502278
40.018797	-77.505359
40.024987	-77.509585
40.028075	-77.508261
40.028523	-77.507779
40.029577	-77.508992
40.030919	-77.509696
40.03193	-77.511003
40.034131	-77.512788
40.034172	-77.514162
40.034458	-77.515048
40.036909	-77.516368
40.03739	-77.517638
40.039606	-77.520077
40.04236	-77.518745
40.043483	-77.517429
40.043869	-77.517484
40.044114	-77.517049
40.044621	-77.517302
40.045238	-77.516902
40.045976	-77.520063
40.044387	-77.518893
40.043972	-77.519986
40.044648	-77.520523
40.044096	-77.521535
40.045752	-77.522907
40.045328	-77.523829
40.04564	-77.524045
40.044803	-77.525401
40.047292	-77.527805
40.04821	-77.530144
40.048749	-77.532481
40.059233	-77.530495
40.0598	-77.531022
40.060106	-77.531798
40.061089	-77.531544
40.061638	-77.532002
40.061642	-77.532381
40.062851	-77.532832
40.066064	-77.533132
40.067241	-77.531972
40.069402	-77.534137
40.070448	-77.534755
40.070667	-77.535527
40.070103	-77.536843
40.070173	-77.539006
40.069847	-77.540531
40.069868	-77.541947
40.071184	-77.541337
40.071393	-77.541475
40.073136	-77.540442
40.07342	-77.540687
40.073951	-77.539915
40.0749	-77.540497
40.07471	-77.541928
40.074907	-77.542295
40.075764	-77.541773
40.076106	-77.540661
40.076656	-77.540239
40.077306	-77.540756
40.077518	-77.541481
40.077631	-77.545007
40.078106	-77.545679
40.078384	-77.5457
40.079064	-77.543751
40.079143	-77.54207
40.079685	-77.541003
40.080566	-77.540987
40.081322	-77.54186
40.082243	-77.543666
40.083845	-77.542449
40.084748	-77.544863
40.086311	-77.546925
40.086687	-77.546587
40.086459	-77.544559
40.087195	-77.543085
40.088369	-77.542658
40.089791	-77.543178
40.089931	-77.544316
40.090405	-77.544952
40.090408	-77.546374
40.090114	-77.54686
40.090133	-77.548106
40.091179	-77.550372
40.091942	-77.550518
40.092237	-77.550281
40.093224	-77.550858
40.094419	-77.55243
40.094916	-77.552264
40.095897	-77.553898
40.095849	-77.555039
40.095457	-77.556187
40.094561	-77.557127
40.094203	-77.558557
40.094473	-77.558769
40.093978	-77.5593
40.094352	-77.559881
40.094301	-77.56039
40.09529	-77.560643
40.09549	-77.560398
40.096667	-77.560699
40.097257	-77.561621
40.097603	-77.561382
40.098336	-77.561528
40.099049	-77.560908
40.099065	-77.560497
40.100842	-77.559516
40.101742	-77.558417
40.103096	-77.557896
40.104193	-77.558935
40.105034	-77.559075
40.108358	-77.561016
40.114168	-77.562621
40.115399	-77.562413
40.115874	-77.562855
40.116024	-77.562588
40.117753	-77.562953
40.118057	-77.562621
40.119338	-77.562641
40.119425	-77.563769
40.119788	-77.56456
40.120184	-77.564236
40.120527	-77.564536
40.120913	-77.564203
40.122191	-77.564847
40.12295	-77.566004
40.122825	-77.566202
40.123429	-77.566583
40.123475	-77.56637
40.123655	-77.566809
40.125343	-77.568246
40.126082	-77.568373
40.126435	-77.569401
40.126154	-77.569735
40.126363	-77.570916
40.126769	-77.57118
40.127022	-77.572077
40.127566	-77.572709
40.127264	-77.573115
40.127724	-77.573543
40.127604	-77.574382
40.12823	-77.575639
40.129885	-77.576995
40.131332	-77.579302
40.131986	-77.579484
40.134042	-77.581523
40.134463	-77.582505
40.134168	-77.583704
40.134193	-77.587578
40.133906	-77.587834
40.133763	-77.590094
40.134576	-77.590813
40.134909	-77.591574
40.134849	-77.591985
40.135236	-77.592832
40.136167	-77.59283
40.136198	-77.59254
40.136935	-77.59228
40.137559	-77.592624
40.138176	-77.592526
40.138179	-77.592301
40.139085	-77.592131
40.139218	-77.592399
40.140427	-77.592396
40.142236	-77.593245
40.142157	-77.593613
40.143564	-77.595821
40.143991	-77.595784
40.145865	-77.598083
40.146788	-77.598447
40.146908	-77.598869
40.147042	-77.598696
40.147862	-77.60052
40.147697	-77.600757
40.147875	-77.601452
40.148738	-77.602249
40.150159	-77.602883
40.151407	-77.604176
40.151325	-77.604517
40.152069	-77.605936
40.151932	-77.606347
40.152357	-77.60777
40.153256	-77.608824
40.155468	-77.609066
40.156642	-77.61021
40.157658	-77.610042
40.158213	-77.610338
40.158667	-77.611311
40.159396	-77.611279
40.161925	-77.613312
40.163037	-77.612869
40.163862	-77.613737
40.165178	-77.613995
40.165527	-77.613734
40.166858	-77.614303
40.167948	-77.614065
40.168371	-77.613659
40.170081	-77.613566
40.17248	-77.616385
40.181854	-77.622493
40.183248	-77.623052
40.184643	-77.624446
40.18489	-77.625022
40.188665	-77.627552
40.18999	-77.625032
40.195116	-77.618973
40.195761	-77.617826
40.198549	-77.614665
40.186024	-77.604686
40.188064	-77.599704
40.19201	-77.593549
40.195106	-77.591325
40.196514	-77.589954
40.199306	-77.586126
40.201967	-77.583133
40.203856	-77.580439
40.205638	-77.579334
40.206626	-77.578341
40.208418	-77.57549
40.20955	-77.572938
40.211124	-77.571159
40.212387	-77.569127
40.213395	-77.566278
40.21556	-77.563725
40.218638	-77.558085
40.219082	-77.556747
40.219409	-77.543189
40.218916	-77.538017
40.219072	-77.536868
40.222999	-77.52896
40.225852	-77.52645
40.22799	-77.522117
40.23022	-77.51629
40.234044	-77.510928
40.239165	-77.499257
40.24299	-77.493294
40.245245	-77.488957
40.254216	-77.473596
40.25828	-77.467809
40.262533	-77.462876
40.266125	-77.457825
40.271012	-77.449808
40.273847	-77.446191
40.278867	-77.438503
40.283572	-77.430752
40.286335	-77.427196
40.293413	-77.414898
40.294713	-77.411668
40.29799	-77.405066
40.299862	-77.40208
40.303408	-77.394503
40.305033	-77.389755
40.307572	-77.384608
40.309841	-77.377666
40.310691	-77.375693
40.31257	-77.368834
40.313637	-77.366069
40.314075	-77.360082
40.313359	-77.358322
40.312476	-77.357635
40.310922	-77.357785
40.306684	-77.359873
40.305193	-77.361236
40.302541	-77.364762
40.298372	-77.372927
40.294726	-77.378835
40.290351	-77.386967
40.284265	-77.39569
40.281676	-77.400583
40.27978	-77.403411
40.274012	-77.409941
40.271399	-77.411229
40.269688	-77.411442
40.269193	-77.41124
40.266677	-77.416761
40.26407	-77.419795
40.258461	-77.423285
40.25793	-77.423177
40.255791	-77.421472
40.255368	-77.420845
40.255215	-77.413859
40.256954	-77.402457
40.262712	-77.385114
40.268831	-77.372068
40.271287	-77.367521
40.272319	-77.366099
40.274701	-77.360718
40.278924	-77.354712
40.282457	-77.347875
40.284005	-77.34563
40.284818	-77.343752
40.2873	-77.339817
40.289527	-77.3356
40.292133	-77.329381
40.292571	-77.327001
40.292693	-77.324119
40.292266	-77.322846
40.289519	-77.323414
40.288605	-77.323924
40.286262	-77.32608
40.283315	-77.328034
40.280588	-77.330696
40.278457	-77.331528
40.276418	-77.33121
40.275596	-77.330491
40.273739	-77.327118
40.270006	-77.32179
40.26759	-77.317288
40.26774	-77.312235
40.269185	-77.305505
40.271366	-77.298581
40.272802	-77.291576
40.275131	-77.283664
40.279136	-77.267519
40.279692	-77.262132
40.281765	-77.249208
40.282433	-77.24352
40.282847	-77.241691
40.284102	-77.239163
40.283477	-77.234177
40.283662	-77.229768
40.28447	-77.224378
40.284579	-77.221874
40.285898	-77.210802
40.28708	-77.204496
40.28777	-77.188185
40.287754	-77.182389
40.289696	-77.160631
40.291652	-77.149022
40.295127	-77.13342
40.295115	-77.131049
40.296577	-77.125448
40.297359	-77.111869
40.297661	-77.109756
40.298561	-77.106819
40.298722	-77.105438
40.298433	-77.103044
40.298818	-77.101098
40.300091	-77.097467
40.300953	-77.086511
40.302236	-77.07466
40.302302	-77.069479
40.301967	-77.063874
40.302148	-77.062885
40.302999	-77.061
40.303293	-77.059659
40.30333	-77.053816
40.304402	-77.041769
40.303958	-77.024519
40.30422	-77.018359
40.305314	-77.009843
40.306064	-77.001316
40.310168	-76.974529
40.316861	-76.949284
40.328484	-76.91497
40.325977	-76.912886
40.323568	-76.912145
40.319211	-76.913329
40.316708	-76.914599
40.312487	-76.917598
40.308295	-76.919519
40.308108	-76.91919
40.307836	-76.919439
40.308093	-76.919623
40.300936	-76.922963
40.295424	-76.924101
40.293066	-76.924058
40.292626	-76.924375
40.289642	-76.924291
40.287099	-76.923074
40.28301	-76.920159
40.279832	-76.916146
40.27298	-76.913583
40.272141	-76.913651
40.271965	-76.913901
40.271283	-76.913757
40.266484	-76.91014
40.264951	-76.908404
40.260808	-76.90486
40.256875	-76.900224
40.256479	-76.900134
40.252193	-76.894345
40.250466	-76.891164
40.249436	-76.889986
40.247174	-76.88425
40.243889	-76.878707
40.238314	-76.873859
40.231157	-76.866473
40.230376	-76.865098
40.229742	-76.864494
40.226175	-76.858867
40.225387	-76.85985
40.224193	-76.86067
40.223576	-76.86145
40.222653	-76.861961
40.221953	-76.861798
40.22168	-76.861331
40.219243	-76.860813
40.21862	-76.861789
40.218622	-76.86328
40.218065	-76.865004
40.216101	-76.866449
40.215854	-76.866962
40.215428	-76.870863
40.215538	-76.87272
40.217829	-76.877494
40.217825	-76.879784
40.217552	-76.880722
40.216386	-76.882802
40.214522	-76.884482
40.213993	-76.885625
40.213664	-76.888215
40.213874	-76.889704
40.21559	-76.891586
40.219742	-76.893444
40.221636	-76.895115
40.224654	-76.896952
40.224671	-76.897842
40.223413	-76.900488
40.224298	-76.901143
40.224603	-76.902881
40.224112	-76.904045
40.223516	-76.904313
40.221104	-76.903321
40.220179	-76.90218
40.218825	-76.901192
40.217406	-76.89964
40.214632	-76.898676
40.212415	-76.89976
40.211811	-76.900527
40.21208	-76.901808
40.212976	-76.902575
40.214837	-76.902821
40.216116	-76.903356
40.217287	-76.90451
40.217325	-76.905389
40.216408	-76.90667
40.21473	-76.907465
40.213537	-76.907487
40.211604	-76.906152
40.210367	-76.906204
40.208999	-76.906817
40.208641	-76.909635
40.208313	-76.910063
40.205541	-76.910537
40.204819	-76.911321
40.204506	-76.912249
40.204648	-76.913053
40.20594	-76.914916
40.207237	-76.915423
40.208717	-76.91487
40.210135	-76.916622
40.210378	-76.917853
40.209196	-76.921257
40.208323	-76.922199
40.20546	-76.923924
40.203845	-76.923483
40.203426	-76.923832
40.202956	-76.925669
40.201492	-76.926676
40.200149	-76.926808
40.1997	-76.927961
40.199377	-76.931411
40.198741	-76.931615
40.197595	-76.931174
40.196747	-76.928784
40.197761	-76.926683
40.197312	-76.924181
40.19815	-76.921514
40.198307	-76.918604
40.196656	-76.915733
40.195671	-76.914659
40.194308	-76.914435
40.193187	-76.913303
40.19137	-76.909424
40.190729	-76.908555
40.189825	-76.908312
40.189093	-76.908842
40.188856	-76.909596
40.189189	-76.912983
40.188929	-76.913464
40.187677	-76.913451
40.184862	-76.911824
40.183787	-76.912427
40.182742	-76.914123
40.182649	-76.915634
40.183209	-76.916678
40.183706	-76.916951
40.186468	-76.920256
40.188571	-76.925791
40.18848	-76.926548
40.187542	-76.927661
40.185552	-76.928428
40.183802	-76.928303
40.18148	-76.926344
40.17989	-76.92584
40.178441	-76.924836
40.177083	-76.923308
40.175301	-76.919868
40.173675	-76.915733
40.170926	-76.911179
40.169381	-76.90766
40.167659	-76.905652
40.16614	-76.905487
40.165723	-76.905875
40.165504	-76.906708
40.165648	-76.908203
40.16614	-76.909095
40.164946	-76.910727
40.164051	-76.916146
40.163316	-76.917624
40.162199	-76.921764
40.161977	-76.925195
40.161218	-76.929136
40.161998	-76.933669
40.163048	-76.935721
40.164264	-76.939283
40.164133	-76.942704
40.164908	-76.946895
40.165784	-76.949917
40.165827	-76.95133
40.165363	-76.954886
40.163833	-76.959432
40.163765	-76.960608
40.164441	-76.962465
40.164863	-76.964648
40.163866	-76.96553
