40.881881	-76.800144
40.884633	-76.803513
40.886003	-76.806497
40.887407	-76.811455
40.887391	-76.812295
40.889241	-76.821526
40.890146	-76.823884
40.892159	-76.826386
40.896127	-76.830454
40.899175	-76.834283
40.899865	-76.834802
40.902356	-76.83799
40.902913	-76.839442
40.903581	-76.839517
40.903585	-76.840227
40.906697	-76.843285
40.906778	-76.842607
40.907586	-76.843905
40.90764	-76.844819
40.910051	-76.847612
40.911237	-76.849588
40.913201	-76.850405
40.913824	-76.85013
40.914006	-76.850741
40.913617	-76.851823
40.913766	-76.852464
40.913861	-76.852311
40.915357	-76.854227
40.919118	-76.85602
40.923978	-76.859925
40.925294	-76.860376
40.923528	-76.858873
40.923871	-76.858742
40.924848	-76.859506
40.925756	-76.85978
40.926019	-76.860467
40.925702	-76.860918
40.930318	-76.863428
40.933194	-76.864434
40.937852	-76.867516
40.940358	-76.868623
40.942121	-76.869791
40.944017	-76.872025
40.945161	-76.872972
40.951089	-76.876221
40.956078	-76.877594
40.959489	-76.877144
40.967332	-76.881082
40.968763	-76.882249
40.971334	-76.88228
40.973641	-76.881486
40.975693	-76.880165
40.982343	-76.876899
40.985883	-76.87471
40.990678	-76.871047
40.994432	-76.868842
40.998468	-76.867584
41.007749	-76.86743
41.0188	-76.865057
41.019387	-76.864577
41.020051	-76.864767
41.023026	-76.863631
41.024747	-76.862524
41.028489	-76.861249
41.031502	-76.861212
41.033703	-76.861524
41.037251	-76.861404
41.037705	-76.860633
41.038315	-76.860679
41.040436	-76.859611
41.042699	-76.858008
41.04408	-76.857581
41.04398	-76.857732
41.044991	-76.857405
41.044701	-76.857337
41.045003	-76.85704
41.048836	-76.856215
41.050545	-76.856192
41.056343	-76.857856
41.056072	-76.857627
41.062515	-76.857809
41.066017	-76.856985
41.067066	-76.857099
41.068893	-76.857879
41.072056	-76.857878
41.075599	-76.860204
41.075729	-76.860045
41.079872	-76.8645
41.080959	-76.867696
41.081695	-76.870909
41.081394	-76.870817
41.082702	-76.87271
41.09101	-76.880889
41.092734	-76.883483
41.095057	-76.885336
41.099333	-76.88809
41.100909	-76.889891
41.100981	-76.889669
41.10559	-76.89144
41.110243	-76.892204
41.117312	-76.895095
41.120108	-76.895858
41.125082	-76.895828
41.13	-76.897371
41.13298	-76.897919
41.135962	-76.897522
41.141854	-76.894778
41.144227	-76.893276
41.147869	-76.891584
41.151102	-76.889467
41.151988	-76.889338
41.153807	-76.888145
41.155245	-76.885929
41.157346	-76.884155
41.163072	-76.858671
41.166509	-76.832346
41.170993	-76.809943
41.175393	-76.790896
41.175251	-76.790467
41.175762	-76.788659
41.175346	-76.784386
41.175186	-76.777185
41.17437	-76.769505
41.17204	-76.732672
41.167575	-76.732664
41.16585	-76.731552
41.16308	-76.731275
41.162411	-76.731587
41.16047	-76.731369
41.159816	-76.731869
41.15846	-76.731438
41.155885	-76.731416
41.155591	-76.731108
41.15361	-76.730877
41.153239	-76.731689
41.152101	-76.73213
41.150945	-76.732159
41.148266	-76.733448
41.147248	-76.733309
41.145756	-76.73368
41.145627	-76.733937
41.143267	-76.734421
41.14198	-76.734208
41.1408	-76.734975
41.140293	-76.735709
41.139136	-76.736032
41.138749	-76.735554
41.137833	-76.735804
41.137196	-76.7355
41.137151	-76.734964
41.135484	-76.734297
41.132013	-76.733801
41.13139	-76.734172
41.130074	-76.735835
41.12896	-76.735314
41.127687	-76.733514
41.118756	-76.734946
41.109964	-76.735345
41.103951	-76.734194
41.091663	-76.734923
41.090359	-76.735309
41.08658	-76.737696
41.081483	-76.739248
41.06539	-76.746578
41.049022	-76.757351
41.044294	-76.757912
41.038706	-76.759677
41.029611	-76.764505
41.025932	-76.761963
41.018727	-76.770597
41.014356	-76.773768
41.013063	-76.773264
41.01234	-76.77466
41.010783	-76.774915
41.009113	-76.775753
41.009045	-76.776349
41.00558	-76.774504
41.002179	-76.773708
40.967208	-76.784686
40.965163	-76.786543
40.962533	-76.786873
40.960416	-76.786749
40.959333	-76.785424
40.958907	-76.785447
40.957313	-76.788334
40.956543	-76.790765
40.955364	-76.79157
40.954013	-76.791334
40.95281	-76.790268
40.95234	-76.789066
40.95014	-76.793245
40.949197	-76.794236
40.94899	-76.794132
40.948975	-76.793674
40.948186	-76.792923
40.946583	-76.792878
40.947881	-76.783641
40.949471	-76.775701
40.949784	-76.767376
40.954484	-76.743018
40.954289	-76.737827
40.954448	-76.734826
40.956336	-76.725311
40.957143	-76.718877
40.958266	-76.714016
40.960356	-76.70158
40.961385	-76.697985
40.962753	-76.687145
40.964962	-76.682119
40.965588	-76.678686
40.965502	-76.674862
40.967996	-76.661348
40.961643	-76.652451
40.963284	-76.649075
40.964424	-76.645329
40.964836	-76.641036
40.964378	-76.635059
40.963682	-76.632036
40.961119	-76.626414
40.954339	-76.616675
40.952192	-76.614041
40.948593	-76.610324
40.943267	-76.603538
40.942186	-76.601436
40.940895	-76.595628
40.940127	-76.589565
40.939892	-76.58552
40.939932	-76.580435
40.939495	-76.577228
40.939308	-76.572515
40.939588	-76.563404
40.939433	-76.560952
40.938617	-76.557013
40.937716	-76.557128
40.937585	-76.557808
40.937193	-76.557227
40.935771	-76.557628
40.934811	-76.558476
40.934166	-76.55826
40.933928	-76.558668
40.933082	-76.558877
40.931605	-76.558398
40.930274	-76.558704
40.928967	-76.56008
40.927076	-76.56058
40.926255	-76.56139
40.924778	-76.56167
40.921146	-76.565572
40.91859	-76.566797
40.917898	-76.567423
40.916856	-76.567094
40.915844	-76.568104
40.913765	-76.567892
40.913425	-76.567537
40.912887	-76.567543
40.911971	-76.56672
40.910698	-76.566512
40.90991	-76.565808
40.909122	-76.565685
40.90831	-76.566199
40.907276	-76.566086
40.906766	-76.565612
40.905554	-76.565475
40.903565	-76.564385
40.899847	-76.561613
40.899696	-76.560912
40.898518	-76.560213
40.89818	-76.560486
40.896125	-76.560007
40.895203	-76.560116
40.892632	-76.558648
40.892099	-76.558867
40.890543	-76.557989
40.890499	-76.557636
40.888824	-76.557323
40.887766	-76.556132
40.887507	-76.555107
40.886436	-76.55482
40.884061	-76.552889
40.882577	-76.550789
40.882382	-76.50578
40.880897	-76.504151
40.877971	-76.504066
40.876753	-76.50635
40.875071	-76.507723
40.874076	-76.508974
40.870669	-76.509678
40.869669	-76.50867
40.867694	-76.507893
40.86629	-76.508069
40.863726	-76.507481
40.862509	-76.506236
40.862822	-76.505146
40.861628	-76.502376
40.858721	-76.49995
40.856372	-76.500118
40.855609	-76.499683
40.854258	-76.498195
40.853823	-76.49821
40.852721	-76.49918
40.852061	-76.498692
40.850371	-76.499279
40.849871	-76.500126
40.849913	-76.500903
40.849223	-76.502873
40.84886	-76.50526
40.848189	-76.506642
40.84735	-76.507573
40.846526	-76.507916
40.844645	-76.507549
40.842131	-76.508054
40.839663	-76.506963
40.837946	-76.50517
40.835734	-76.505148
40.835131	-76.504894
40.834529	-76.503835
40.833231	-76.503949
40.831762	-76.502468
40.828879	-76.502422
40.82672	-76.50176
40.826071	-76.501913
40.824817	-76.501312
40.824468	-76.499691
40.823897	-76.498456
40.824339	-76.494602
40.824114	-76.494627
40.824967	-76.49227
40.825219	-76.490558
40.825965	-76.489057
40.826324	-76.487236
40.82605	-76.485071
40.826923	-76.480994
40.827196	-76.475064
40.827429	-76.474696
40.827201	-76.473881
40.828726	-76.47034
40.828036	-76.46867
40.828074	-76.465877
40.828761	-76.462009
40.829692	-76.459713
40.830794	-76.454408
40.830042	-76.453623
40.830622	-76.453058
40.830832	-76.452089
40.830359	-76.451625
40.830482	-76.450329
40.831067	-76.448858
40.831156	-76.447069
40.830905	-76.445766
40.831443	-76.443957
40.831382	-76.441431
40.83158	-76.440638
40.831977	-76.440165
40.832553	-76.437432
40.832103	-76.436815
40.832068	-76.436318
40.832755	-76.43457
40.83232	-76.42933
40.832583	-76.426745
40.833399	-76.423347
40.833193	-76.422233
40.833696	-76.42157
40.833422	-76.420457
40.833264	-76.412975
40.834312	-76.405745
40.79645	-76.39197
40.775511	-76.380152
40.762863	-76.415885
40.730559	-76.504109
40.708174	-76.564191
40.705392	-76.572395
40.697064	-76.600068
40.682863	-76.637557
40.674013	-76.662137
40.665601	-76.687266
40.663694	-76.693611
40.663186	-76.694527
40.663793	-76.696807
40.663526	-76.69796
40.663766	-76.700158
40.661752	-76.701303
40.657106	-76.701604
40.65608	-76.702002
40.655496	-76.702866
40.65537	-76.703924
40.659595	-76.713574
40.658389	-76.718273
40.656896	-76.719988
40.654112	-76.72104
40.653483	-76.721729
40.653061	-76.724788
40.653231	-76.727176
40.65389	-76.730584
40.654941	-76.733273
40.654944	-76.737559
40.654531	-76.741224
40.65485	-76.743927
40.65462	-76.745249
40.653712	-76.747321
40.65315	-76.7497
40.651899	-76.751661
40.650826	-76.751903
40.648767	-76.754673
40.648088	-76.756233
40.648196	-76.758398
40.647933	-76.761379
40.647511	-76.762437
40.646837	-76.767631
40.646874	-76.770203
40.646386	-76.772272
40.646282	-76.773932
40.645661	-76.776718
40.646053	-76.777679
40.645986	-76.778281
40.642952	-76.784533
40.641732	-76.785853
40.640784	-76.790388
40.640544	-76.794052
40.640836	-76.794708
40.641729	-76.794569
40.642759	-76.795982
40.64361	-76.796683
40.644739	-76.7982
40.645321	-76.800865
40.645742	-76.801566
40.646615	-76.801712
40.647267	-76.802499
40.646829	-76.804871
40.643418	-76.809066
40.641916	-76.809902
40.639444	-76.810232
40.636218	-76.810008
40.634529	-76.810269
40.633819	-76.81114
40.63331	-76.813202
40.633345	-76.821061
40.633729	-76.823077
40.634162	-76.823648
40.634501	-76.825122
40.633945	-76.827408
40.633369	-76.828491
40.632566	-76.829004
40.629808	-76.831833
40.628086	-76.832708
40.626268	-76.836077
40.625387	-76.841011
40.625892	-76.848061
40.625712	-76.854604
40.626504	-76.860739
40.627483	-76.863396
40.627585	-76.864254
40.62724	-76.865785
40.62508	-76.868397
40.623579	-76.869307
40.620072	-76.86929
40.617605	-76.869901
40.616426	-76.872397
40.616412	-76.875721
40.617049	-76.881258
40.617974	-76.883425
40.617717	-76.886822
40.616312	-76.890287
40.615001	-76.891452
40.614365	-76.891521
40.612393	-76.889503
40.611249	-76.889564
40.610354	-76.890084
40.610117	-76.890909
40.610452	-76.898869
40.611887	-76.903342
40.611227	-76.908015
40.611053	-76.913195
40.610014	-76.917452
40.610021	-76.920588
40.609555	-76.921005
40.6086	-76.921044
40.60675	-76.919071
40.605377	-76.918111
40.603959	-76.917751
40.603502	-76.918651
40.604074	-76.920392
40.608589	-76.92498
40.610986	-76.930574
40.612881	-76.93681
40.628166	-76.949221
40.629617	-76.947179
40.634938	-76.942302
40.638285	-76.939743
40.640107	-76.936345
40.640451	-76.934941
40.644265	-76.929279
40.645707	-76.927625
40.650853	-76.923442
40.65587	-76.920108
40.662579	-76.916736
40.664662	-76.91495
40.669255	-76.910189
40.674096	-76.903849
40.677201	-76.898379
40.678674	-76.896251
40.67862	-76.895816
40.678857	-76.895906
40.679116	-76.895473
40.678864	-76.895311
40.679402	-76.893908
40.679268	-76.893572
40.680055	-76.892902
40.682214	-76.889712
40.682259	-76.888559
40.682809	-76.886682
40.686357	-76.881129
40.688191	-76.879037
40.691437	-76.876764
40.692636	-76.875131
40.692692	-76.874711
40.693898	-76.873537
40.694986	-76.873026
40.697297	-76.870698
40.700978	-76.86805
40.702584	-76.867439
40.703626	-76.866601
40.704606	-76.865257
40.705663	-76.865243
40.706364	-76.864693
40.706429	-76.864214
40.711598	-76.861184
40.715855	-76.859161
40.72263	-76.856492
40.728821	-76.855362
40.730626	-76.85534
40.730901	-76.855096
40.731561	-76.855492
40.737119	-76.855523
40.737603	-76.85588
40.744271	-76.856956
40.747311	-76.856681
40.749612	-76.857521
40.754239	-76.856515
40.75581	-76.856445
40.759446	-76.857209
40.764374	-76.857719
40.764214	-76.857482
40.766003	-76.857772
40.766	-76.857522
40.769536	-76.858352
40.777043	-76.859252
40.778233	-76.85891
40.778211	-76.858695
40.780076	-76.858458
40.781521	-76.858703
40.789697	-76.856292
40.791211	-76.856094
40.794968	-76.854726
40.801766	-76.851675
40.803899	-76.849965
40.80644	-76.848845
40.808205	-76.84966
40.80901	-76.849645
40.810632	-76.848738
40.820661	-76.841161
40.825761	-76.836338
40.831029	-76.829685
40.834924	-76.826221
40.837102	-76.823649
40.843293	-76.818026
40.846807	-76.81357
40.847106	-76.812812
40.848569	-76.812226
40.849026	-76.812359
40.849882	-76.811925
40.850305	-76.812242
40.851712	-76.811228
40.861066	-76.806642
40.863416	-76.805871
40.870634	-76.801561
40.874749	-76.799523
40.878366	-76.798714
40.881881	-76.800144
