43.500341	-96.473878
43.500508	-96.388014
43.500343	-96.375314
43.500349	-96.25243
43.500162	-96.250308
43.500391	-96.208814
43.500339	-96.132704
43.500163	-96.125303
43.500299	-96.054639
43.500121	-96.053162
43.500036	-95.860947
43.346099	-95.860464
43.257566	-95.861914
43.257867	-95.941702
43.257659	-95.961435
43.25779	-95.980541
43.258871	-96.039316
43.257407	-96.098075
43.25729	-96.157969
43.257598	-96.25623
43.25747	-96.275683
43.25768	-96.334138
43.259499	-96.519279
43.260151	-96.554967
43.259096	-96.55697
43.259279	-96.560099
43.260513	-96.564853
43.261885	-96.566636
43.263371	-96.570296
43.264674	-96.571485
43.265931	-96.573706
43.268308	-96.576804
43.268468	-96.577554
43.268079	-96.581152
43.267759	-96.581809
43.26769	-96.582904
43.268101	-96.584124
43.268878	-96.58522
43.269838	-96.585502
43.271233	-96.585064
43.273267	-96.58641
43.274319	-96.586317
43.27681	-96.583909
43.276833	-96.58322
43.276536	-96.582939
43.274823	-96.583095
43.274388	-96.582344
43.2748	-96.580904
43.275852	-96.58056
43.278046	-96.577995
43.279417	-96.577526
43.284218	-96.578685
43.287601	-96.581096
43.288653	-96.581284
43.292563	-96.579094
43.293797	-96.579094
43.295717	-96.579658
43.295717	-96.581223
43.295374	-96.582099
43.292973	-96.585416
43.292561	-96.587544
43.293018	-96.588577
43.294207	-96.588953
43.295967	-96.588891
43.29647	-96.588234
43.297065	-96.584917
43.298186	-96.583102
43.298118	-96.579878
43.298598	-96.578407
43.29917	-96.573556
43.298187	-96.571646
43.296701	-96.570707
43.295535	-96.56911
43.29549	-96.567952
43.296175	-96.566857
43.296153	-96.566356
43.294804	-96.56429
43.295055	-96.563038
43.29629	-96.561004
43.296564	-96.55512
43.296335	-96.554306
43.296061	-96.554306
43.295192	-96.555308
43.294346	-96.554995
43.29286	-96.553087
43.29318	-96.55124
43.294323	-96.5498
43.294483	-96.549049
43.294254	-96.547578
43.295556	-96.541037
43.296447	-96.540129
43.298184	-96.539095
43.298458	-96.538499
43.298504	-96.537216
43.299782	-96.530768
43.300034	-96.530392
43.300605	-96.530361
43.302572	-96.532112
43.303555	-96.532143
43.304422	-96.531642
43.304993	-96.529857
43.30481	-96.527698
43.304992	-96.527165
43.305587	-96.526789
43.306593	-96.526977
43.308376	-96.528979
43.309291	-96.529229
43.309405	-96.527789
43.309885	-96.527288
43.309999	-96.526004
43.310364	-96.525033
43.311095	-96.524094
43.311872	-96.524093
43.312994	-96.526847
43.31416	-96.528443
43.316355	-96.529005
43.316606	-96.528567
43.31592	-96.526783
43.31656	-96.526031
43.3188	-96.525779
43.31896	-96.526061
43.318755	-96.528002
43.319373	-96.529349
43.320996	-96.530882
43.321384	-96.529849
43.32207	-96.529285
43.324333	-96.528876
43.326323	-96.531505
43.328587	-96.533101
43.331672	-96.531471
43.334553	-96.532691
43.334645	-96.533818
43.335742	-96.534913
43.336884	-96.534662
43.33805	-96.532657
43.338964	-96.531686
43.34077	-96.531716
43.342279	-96.532812
43.342988	-96.532592
43.343193	-96.532247
43.343124	-96.531684
43.342393	-96.531277
43.342027	-96.530431
43.342049	-96.529304
43.342529	-96.528145
43.344974	-96.526608
43.347214	-96.524289
43.347785	-96.524288
43.348357	-96.524789
43.348335	-96.52551
43.347786	-96.526512
43.348015	-96.527201
43.348472	-96.527514
43.351421	-96.526917
43.353364	-96.525193
43.35421	-96.525474
43.355445	-96.527009
43.356588	-96.527666
43.358622	-96.527194
43.362257	-96.527223
43.362623	-96.527536
43.362555	-96.528821
43.363081	-96.529353
43.364453	-96.529509
43.365527	-96.530668
43.368658	-96.530603
43.369252	-96.529757
43.369161	-96.528535
43.368475	-96.528128
43.368109	-96.527345
43.368314	-96.526467
43.369959	-96.524743
43.371971	-96.525274
43.372702	-96.524239
43.371787	-96.522861
43.371947	-96.522203
43.373456	-96.521951
43.374607	-96.521323
43.375947	-96.521297
43.376587	-96.521704
43.377136	-96.522612
43.379491	-96.524303
43.380428	-96.524209
43.381228	-96.522077
43.381571	-96.522108
43.381823	-96.524333
43.382577	-96.524552
43.384611	-96.522012
43.38564	-96.521572
43.386898	-96.521694
43.388775	-96.52244
43.390537	-96.524162
43.391199	-96.524413
43.394764	-96.524038
43.395404	-96.52432
43.396318	-96.525449
43.397735	-96.529151
43.397713	-96.529809
43.397439	-96.530217
43.39641	-96.530124
43.39561	-96.531159
43.395063	-96.537116
43.395726	-96.538024
43.396961	-96.538933
43.397555	-96.539842
43.397624	-96.541535
43.397281	-96.542036
43.396298	-96.542507
43.396207	-96.543447
43.39687	-96.545234
43.397282	-96.545547
43.399659	-96.544826
43.400414	-96.545076
43.401396	-96.54677
43.403454	-96.547835
43.404071	-96.548838
43.403934	-96.552131
43.404323	-96.553604
43.404963	-96.554294
43.406266	-96.554764
43.406312	-96.55677
43.406792	-96.557586
43.408233	-96.558181
43.409467	-96.559561
43.412279	-96.559843
43.412645	-96.560313
43.412873	-96.563606
43.413582	-96.564923
43.416257	-96.567275
43.417217	-96.568499
43.419228	-96.573579
43.41964	-96.573673
43.420691	-96.572482
43.421469	-96.572294
43.423755	-96.570788
43.426407	-96.569691
43.428144	-96.569817
43.428921	-96.570664
43.429859	-96.572859
43.431756	-96.575181
43.432212	-96.581956
43.432121	-96.583462
43.431777	-96.584591
43.43196	-96.586536
43.43164	-96.587383
43.432508	-96.589768
43.433353	-96.593376
43.434153	-96.594254
43.434999	-96.594255
43.43621	-96.593596
43.437284	-96.593848
43.437741	-96.594538
43.438038	-96.595919
43.439478	-96.596359
43.440232	-96.597237
43.441787	-96.596328
43.442427	-96.596423
43.442084	-96.598368
43.443043	-96.599498
43.445444	-96.598966
43.445969	-96.600001
43.446815	-96.600818
43.448369	-96.601572
43.449398	-96.602482
43.450426	-96.602922
43.451044	-96.60264
43.450221	-96.601102
43.450244	-96.600663
43.450793	-96.59991
43.452028	-96.599628
43.454451	-96.600916
43.455594	-96.601074
43.45708	-96.600039
43.457309	-96.599568
43.457332	-96.598094
43.458635	-96.597216
43.458773	-96.596211
43.458544	-96.595238
43.458613	-96.594328
43.459436	-96.593293
43.460671	-96.593513
43.461836	-96.594706
43.462499	-96.594456
43.462865	-96.593703
43.463095	-96.590407
43.463575	-96.59
43.465244	-96.59
43.466341	-96.589467
43.466798	-96.588777
43.466638	-96.588243
43.465358	-96.588494
43.464878	-96.587929
43.464718	-96.587175
43.465084	-96.585104
43.466981	-96.5825
43.467393	-96.582531
43.468856	-96.58407
43.471141	-96.585137
43.474594	-96.583632
43.475348	-96.583883
43.477657	-96.586364
43.478662	-96.586113
43.481384	-96.580997
43.483395	-96.582096
43.483532	-96.585486
43.48392	-96.586491
43.484697	-96.587151
43.485132	-96.587119
43.485841	-96.586209
43.486275	-96.586146
43.487166	-96.586775
43.487738	-96.586712
43.488287	-96.584985
43.488698	-96.584703
43.48959	-96.58486
43.491099	-96.586274
43.491761	-96.58753
43.491784	-96.588755
43.492287	-96.58976
43.493338	-96.589729
43.494001	-96.590043
43.494458	-96.590986
43.493315	-96.594156
43.493657	-96.595915
43.495074	-96.598396
43.496011	-96.599182
43.500456	-96.599191
43.500341	-96.473878
