#GsakName=Kavango
-17.39467,18.42286
-17.41081,18.43295
-17.41096,18.43317
-17.41995,18.44654
-17.42019,18.44676
-17.42349,18.44977
-17.44020,18.45569
-17.44633,18.46100
-17.44637,18.46107
-17.45236,18.47062
-17.45244,18.47066
-17.45633,18.47265
-17.47311,18.47306
-17.48029,18.47499
-17.48568,18.47864
-17.48574,18.47875
-17.48956,18.48546
-17.49145,18.49498
-17.49162,18.49510
-17.49660,18.49840
-17.49667,18.49851
-17.49996,18.50332
-17.50135,18.51142
-17.50148,18.51148
-17.51672,18.51835
-17.51680,18.51842
-17.52403,18.52506
-17.52937,18.53471
-17.53428,18.53743
-17.53441,18.53746
-17.54930,18.54078
-17.55888,18.54623
-17.56675,18.54837
-17.56685,18.54849
-17.57818,18.56190
-17.58562,18.56526
-17.58765,18.56880
-17.58804,18.56950
-17.59188,18.59860
-17.59920,18.60532
-17.60714,18.60986
-17.61009,18.61648
-17.62727,18.61498
-17.63725,18.61850
-17.64293,18.62432
-17.64400,18.62770
-17.65893,18.64982
-17.66196,18.65426
-17.66966,18.66558
-17.68689,18.68406
-17.69830,18.69957
-17.70193,18.70714
-17.70934,18.71893
-17.71745,18.73094
-17.72611,18.73766
-17.72682,18.73822
-17.74053,18.74379
-17.74467,18.74989
-17.74635,18.75488
-17.74611,18.75939
-17.74605,18.76041
-17.74190,18.76853
-17.74169,18.76893
-17.74235,18.77587
-17.74403,18.77845
-17.76029,18.78491
-17.76804,18.79091
-17.77235,18.79702
-17.77529,18.80365
-17.77730,18.81887
-17.77819,18.82562
-17.77734,18.83620
-17.77932,18.84118
-17.78283,18.84371
-17.78694,18.84263
-17.79156,18.84369
-17.79604,18.84788
-17.79860,18.85739
-17.80851,18.86693
-17.80936,18.87094
-17.80957,18.87194
-17.80629,18.87694
-17.80604,18.87732
-17.80641,18.88258
-17.81927,18.89899
-17.82280,18.91065
-17.82435,18.92523
-17.82314,18.94854
-17.82995,18.96249
-17.83257,18.97441
-17.83312,18.98639
-17.82963,18.99321
-17.83003,18.99968
-17.83349,19.00869
-17.83662,19.02884
-17.83644,19.06147
-17.83945,19.08274
-17.84001,19.10768
-17.83631,19.11688
-17.83384,19.11910
-17.82493,19.12147
-17.82049,19.12404
-17.82035,19.12412
-17.82017,19.12423
-17.81731,19.12747
-17.81427,19.13092
-17.81412,19.13109
-17.81203,19.14050
-17.81827,19.16440
-17.81831,19.16457
-17.81518,19.16824
-17.81384,19.17101
-17.81365,19.17142
-17.82336,19.19202
-17.82487,19.20322
-17.82564,19.20897
-17.82564,19.20899
-17.82591,19.20970
-17.83047,19.22184
-17.83081,19.22276
-17.83120,19.22874
-17.82968,19.23238
-17.82674,19.23492
-17.82249,19.23858
-17.82241,19.23881
-17.82012,19.24488
-17.82070,19.24942
-17.82824,19.25713
-17.82863,19.26336
-17.82845,19.26362
-17.82810,19.26410
-17.82779,19.26452
-17.82441,19.26923
-17.82484,19.27120
-17.82545,19.27400
-17.83831,19.29213
-17.83891,19.29762
-17.83688,19.29997
-17.83400,19.30327
-17.83401,19.30329
-17.83570,19.30707
-17.84110,19.31172
-17.84215,19.31697
-17.84073,19.31970
-17.83886,19.32330
-17.83904,19.33025
-17.84233,19.33328
-17.84550,19.33390
-17.84556,19.33391
-17.84893,19.33118
-17.85012,19.32347
-17.85319,19.32009
-17.85325,19.32003
-17.85889,19.32491
-17.85834,19.33069
-17.85637,19.33434
-17.85450,19.33778
-17.85439,19.33799
-17.85555,19.34780
-17.86120,19.35340
-17.86147,19.35655
-17.86153,19.35723
-17.85378,19.35984
-17.85178,19.36253
-17.85202,19.36705
-17.85221,19.37068
-17.85695,19.37720
-17.86624,19.38998
-17.87072,19.40426
-17.87068,19.41181
-17.87068,19.41194
-17.86960,19.41564
-17.86806,19.42088
-17.86792,19.42137
-17.87024,19.43513
-17.87034,19.43570
-17.86659,19.44204
-17.86609,19.44997
-17.86302,19.45605
-17.86357,19.45987
-17.86926,19.46716
-17.86806,19.47463
-17.87200,19.48533
-17.87067,19.48728
-17.86785,19.49455
-17.87269,19.49958
-17.87304,19.49994
-17.87312,19.50353
-17.87201,19.50500
-17.86741,19.50464
-17.86447,19.50688
-17.86357,19.51134
-17.86831,19.53002
-17.86927,19.53380
-17.87257,19.54980
-17.87274,19.56971
-17.86651,19.57992
-17.86538,19.58911
-17.86453,19.59604
-17.86611,19.60608
-17.86557,19.61401
-17.86528,19.61461
-17.86116,19.62322
-17.85421,19.64642
-17.85337,19.65039
-17.85272,19.66192
-17.85281,19.66221
-17.85741,19.67644
-17.86263,19.68327
-17.87609,19.68966
-17.88185,19.69626
-17.88744,19.70266
-17.88859,19.70399
-17.88892,19.70870
-17.88893,19.70878
-17.88879,19.70899
-17.88877,19.70903
-17.88658,19.71238
-17.88505,19.71144
-17.88479,19.71128
-17.88211,19.70508
-17.88193,19.70467
-17.87880,19.70461
-17.87750,19.70705
-17.87769,19.70738
-17.87905,19.70981
-17.88075,19.71282
-17.88076,19.71285
-17.88164,19.72143
-17.88188,19.72169
-17.88399,19.72402
-17.88698,19.72528
-17.89420,19.72832
-17.89731,19.73401
-17.89863,19.73439
-17.90494,19.73622
-17.91083,19.74256
-17.91374,19.74945
-17.91368,19.75709
-17.91368,19.75713
-17.91084,19.76368
-17.90657,19.76762
-17.89450,19.77151
-17.89448,19.77151
-17.89328,19.77735
-17.89324,19.77754
-17.89258,19.77855
-17.89091,19.78115
-17.89057,19.78169
-17.88066,19.79056
-17.87849,19.79475
-17.87714,19.79737
-17.87456,19.81566
-17.87466,19.81622
-17.87613,19.82450
-17.88520,19.85044
-17.88529,19.87540
-17.88241,19.89082
-17.87674,19.89892
-17.87439,19.90228
-17.87316,19.90380
-17.86998,19.90773
-17.86720,19.91118
-17.86690,19.91155
-17.86649,19.91205
-17.86588,19.91280
-17.86626,19.91951
-17.87875,19.95593
-17.87947,19.95654
-17.89255,19.96761
-17.89350,19.97093
-17.89015,19.99754
-17.89149,19.99976
-17.89163,20.00000
-17.90126,20.01604
-17.90135,20.01619
-17.90153,20.01648
-17.90357,20.02700
-17.90104,20.03857
-17.89153,20.05946
-17.89134,20.05988
-17.89341,20.07183
-17.89472,20.07942
-17.89539,20.08334
-17.89547,20.08379
-17.90522,20.09627
-17.90793,20.09925
-17.91166,20.10753
-17.91178,20.10780
-17.91191,20.11404
-17.90770,20.12157
-17.90646,20.12856
-17.90353,20.13333
-17.89134,20.15312
-17.88928,20.16492
-17.88160,20.17036
-17.88158,20.17037
-17.88197,20.17460
-17.88276,20.18306
-17.88674,20.19186
-17.88684,20.19209
-17.88638,20.20138
-17.88635,20.20194
-17.89046,20.21463
-17.89075,20.21553
-17.89110,20.22175
-17.88868,20.22709
-17.88893,20.22978
-17.88923,20.23283
-17.88927,20.23331
-17.89521,20.23991
-17.89584,20.24061
-17.89347,20.24834
-17.89106,20.25041
-17.88917,20.25203
-17.88276,20.25312
-17.88031,20.25678
-17.87349,20.26028
-17.86996,20.26755
-17.86991,20.27691
-17.87602,20.28485
-17.87691,20.28600
-17.87819,20.28767
-17.87863,20.28824
-17.87961,20.29134
-17.87897,20.29423
-17.86924,20.30139
-17.86571,20.30914
-17.86517,20.31683
-17.86578,20.31872
-17.86831,20.32651
-17.86834,20.32660
-17.87402,20.33512
-17.88739,20.34996
-17.88843,20.35181
-17.89857,20.36989
-17.89905,20.37319
-17.89909,20.37348
-17.89692,20.37728
-17.89687,20.37736
-17.89709,20.38889
-17.89710,20.38919
-17.89711,20.38984
-17.89890,20.39188
-17.90062,20.39384
-17.90124,20.40223
-17.90620,20.40957
-17.90934,20.41742
-17.90935,20.41760
-17.91021,20.43972
-17.91666,20.45327
-17.92226,20.45820
-17.93487,20.46280
-17.93620,20.46328
-17.94824,20.47237
-17.94828,20.47240
-17.94922,20.48078
-17.94936,20.48198
-17.95322,20.49342
-17.95890,20.50388
-17.96826,20.51427
-17.97870,20.53520
-17.98257,20.54761
-17.98196,20.56682
-17.98305,20.58038
-17.98311,20.58120
-17.97636,20.59265
-17.97780,20.59610
-17.97537,20.60446
-17.97521,20.60503
-17.98312,20.61072
-17.98335,20.61088
-17.98503,20.61493
-17.97841,20.61745
-17.97661,20.61989
-17.98060,20.63112
-17.98169,20.63420
-17.97856,20.64586
-17.97845,20.64626
-17.97954,20.64807
-17.98531,20.65766
-17.98899,20.67127
-17.99257,20.67889
-18.00469,20.68681
-18.00650,20.68800
-18.01714,20.70557
-18.01742,20.70943
-18.01744,20.70965
-18.01489,20.71268
-18.01375,20.71403
-18.01293,20.71501
-18.01582,20.72288
-18.01411,20.73012
-18.01057,20.73670
-18.00720,20.74297
-18.00825,20.75063
-18.01036,20.75324
-18.02022,20.75234
-18.02393,20.75443
-18.02543,20.76137
-18.02188,20.76912
-18.02854,20.78269
-18.02843,20.79013
-18.02968,20.79611
-18.04074,20.81201
-18.04176,20.81847
-18.04208,20.83792
-18.03855,20.84735
-18.03714,20.85914
-18.03455,20.86728
-18.03429,20.86808
-18.02674,20.86941
-18.02370,20.86634
-18.02207,20.86468
-18.02175,20.86493
-18.01458,20.87034
-18.00930,20.87067
-18.00581,20.87781
-18.00552,20.87842
-18.00605,20.88861
-18.00616,20.89067
-18.00619,20.89113
-17.99447,20.89389
-17.99406,20.89398
-17.99433,20.89784
-17.98584,20.92778
-17.98558,20.92870
-17.97834,20.93649
-17.96743,20.94434
-17.95532,20.98032
-17.95509,20.98101
-17.96034,20.99840
-17.96075,20.99976
-17.96086,21.00012
-17.95646,21.03392
-17.95475,21.03740
-17.95472,21.03747
-17.95551,21.04948
-17.95561,21.05090
-17.95435,21.05860
-17.94735,21.06663
-17.94710,21.06990
-17.94698,21.07137
-17.94696,21.07168
-17.95110,21.10056
-17.95132,21.10209
-17.94979,21.10740
-17.93940,21.11648
-17.93777,21.11791
-17.93762,21.12235
-17.93761,21.12271
-17.94126,21.13118
-17.94141,21.13153
-17.94196,21.13776
-17.93859,21.14261
-17.93847,21.15054
-17.93535,21.15658
-17.93546,21.16450
-17.93842,21.17838
-17.93598,21.18513
-17.93304,21.20390
-17.93211,21.21975
-17.93891,21.22973
-17.94800,21.23667
-17.95493,21.24197
-17.96067,21.25820
-17.96679,21.26892
-17.96803,21.27586
-17.96766,21.27655
-17.96624,21.27924
-17.96655,21.28500
-17.97452,21.29713
-17.97560,21.30887
-17.97767,21.31089
-17.98515,21.32232
-17.98626,21.33862
-17.98590,21.34786
-17.98555,21.35687
-17.98564,21.35708
-17.99027,21.36737
-17.99771,21.37592
-18.00508,21.37774
-18.00602,21.37870
-18.00879,21.38153
-18.01001,21.40744
-18.01379,21.41700
-18.02400,21.42743
-18.02407,21.43355
-17.96183,21.76054
-17.96311,21.76074
-17.96268,21.76298
-17.82185,22.49848
-18.00048,22.50306
-18.05233,22.50354
-18.10387,22.50401
-18.11200,22.50408
-18.11382,22.50413
-18.31803,21.46894
-18.31788,20.99883
-18.32300,20.99882
-19.17193,20.99756
-19.17630,20.99755
-19.18318,20.99755
-19.18456,20.41524
-19.18456,20.41362
-19.18448,20.24886
-19.18448,20.23577
-19.18443,20.13351
-19.18420,20.00604
-19.18419,19.99950
-19.18418,19.99831
-19.18421,19.87179
-19.18408,19.78960
-19.18402,19.74884
-19.18364,19.50053
-19.18358,19.46324
-19.18357,19.45836
-19.18353,19.44222
-19.18350,19.42737
-19.18349,19.42382
-19.18301,19.29706
-19.18265,19.20246
-19.08052,19.20121
-19.04088,19.20172
-19.01027,19.20212
-18.99999,19.20225
-18.80594,19.20475
-18.80473,19.18396
-18.80181,19.13344
-18.79823,19.07219
-18.79502,19.01758
-18.79420,19.00202
-18.79365,18.96769
-18.79301,18.95489
-18.79267,18.94858
-18.79199,18.93634
-18.79124,18.92288
-18.79064,18.91359
-18.79049,18.91127
-18.78634,18.83964
-18.78207,18.76584
-18.77849,18.70842
-18.77352,18.62103
-18.76851,18.53283
-18.76396,18.46405
-18.76376,18.46093
-18.76053,18.41348
-18.75725,18.36018
-18.75496,18.32299
-18.75117,18.25691
-18.74797,18.20038
-18.74498,18.15147
-18.73742,18.02045
-18.73721,18.01784
-18.73750,17.99907
-18.52731,17.99907
-18.47677,17.99907
-18.25023,17.99907
-18.06029,17.99907
-17.99765,17.99907
-17.91867,17.99907
-17.75081,17.99907
-17.62879,17.99908
-17.52098,17.99908
-17.39475,17.99908
-17.39474,18.00224
-17.39465,18.02892
-17.39423,18.06243
-17.39361,18.10527
-17.39363,18.18806
-17.39507,18.21529
-17.39558,18.32653
-17.39447,18.35360
-17.39562,18.36194
-17.39466,18.37775
-17.39487,18.39426
-17.39316,18.40746
-17.39404,18.42207
-17.39411,18.42218
-17.39443,18.42271
-17.39467,18.42286
