53.250030,-127.224050
53.250050,-127.224690
53.262340,-127.239600
53.269380,-127.253430
53.275020,-127.253470
53.276760,-127.258300
53.277280,-127.266640
53.268230,-127.270690
53.258160,-127.275400
53.250310,-127.281120
53.250030,-127.281300
53.233050,-127.292210
53.223500,-127.295150
53.215240,-127.306620
53.214600,-127.314200
53.214450,-127.315970
53.214140,-127.319690
53.215050,-127.320390
53.219810,-127.324360
53.226920,-127.329200
53.228480,-127.333920
53.230970,-127.340060
53.232190,-127.350670
53.228090,-127.361080
53.220930,-127.364030
53.202980,-127.361680
53.201570,-127.361500
53.193560,-127.356280
53.186490,-127.353030
53.179770,-127.355010
53.176990,-127.360440
53.178910,-127.368650
53.181330,-127.387580
53.182200,-127.389480
53.185430,-127.396570
53.184110,-127.405640
53.176620,-127.406300
53.166500,-127.404950
53.164280,-127.404650
53.159140,-127.411360
53.160000,-127.417690
53.160800,-127.423650
53.160450,-127.433230
53.160680,-127.441550
53.156190,-127.446330
53.151410,-127.450300
53.148710,-127.451130
53.146080,-127.451950
53.142870,-127.456810
53.142830,-127.457710
53.142480,-127.465980
53.139050,-127.476450
53.131110,-127.475130
53.124140,-127.472590
53.119690,-127.459510
53.123010,-127.450910
53.122690,-127.444600
53.122420,-127.439370
53.117750,-127.434520
53.116150,-127.438070
53.111020,-127.440180
53.105570,-127.445930
53.098900,-127.448550
53.093570,-127.442880
53.091610,-127.443330
53.088350,-127.433930
53.087170,-127.414980
53.086260,-127.375600
53.080990,-127.358490
53.074630,-127.341530
53.067420,-127.321990
53.058660,-127.305170
53.049700,-127.290300
53.027810,-127.256930
53.016290,-127.243330
53.006010,-127.242060
53.002290,-127.242940
53.000010,-127.244050
52.998210,-127.244930
52.994210,-127.247850
52.988010,-127.256700
52.978720,-127.256180
52.972630,-127.249430
52.969280,-127.240740
52.961610,-127.236660
52.952240,-127.249380
52.944250,-127.270650
52.936820,-127.285830
52.907440,-127.297430
52.904310,-127.292770
52.902510,-127.283790
52.897380,-127.277560
52.886680,-127.280810
52.879270,-127.268430
52.873200,-127.255540
52.862380,-127.249170
52.857340,-127.233550
52.850490,-127.222730
52.829600,-127.227860
52.828030,-127.216760
52.822040,-127.222000
52.816070,-127.242430
52.817740,-127.251730
52.811200,-127.278220
52.815670,-127.292290
52.812990,-127.300920
52.803370,-127.308110
52.798670,-127.309910
52.794750,-127.324850
52.798530,-127.339180
52.807850,-127.352570
52.797300,-127.368280
52.783290,-127.379460
52.769380,-127.381260
52.755210,-127.368570
52.750070,-127.373330
52.749880,-127.373510
52.749060,-127.387830
52.735820,-127.400740
52.726820,-127.419900
52.713110,-127.448420
52.704560,-127.470880
52.697320,-127.474780
52.692030,-127.490170
52.692300,-127.500000
52.692380,-127.502850
52.694740,-127.522350
52.690540,-127.530330
52.694500,-127.548640
52.690390,-127.562410
52.721530,-127.588010
52.726530,-127.596040
52.732120,-127.616090
52.740400,-127.617070
52.747340,-127.610980
52.750070,-127.611690
52.751010,-127.611930
52.761070,-127.597670
52.772660,-127.594490
52.778650,-127.596910
52.782770,-127.608780
52.780560,-127.623610
52.779750,-127.640840
52.785190,-127.659810
52.788210,-127.671520
52.787680,-127.673570
52.790630,-127.678910
52.788360,-127.691390
52.783130,-127.699630
52.779920,-127.705740
52.777340,-127.710590
52.776220,-127.711840
52.770280,-127.718440
52.765200,-127.717350
52.758990,-127.714200
52.755110,-127.711490
52.750920,-127.714960
52.750040,-127.715240
52.741920,-127.717820
52.735530,-127.718070
52.730720,-127.714650
52.725810,-127.718710
52.718360,-127.719450
52.716390,-127.729610
52.717540,-127.738790
52.712970,-127.745970
52.710830,-127.751320
52.708310,-127.759080
52.702650,-127.764850
52.696390,-127.781520
52.688530,-127.777780
52.684380,-127.785220
52.683130,-127.783510
52.677710,-127.779990
52.673620,-127.786210
52.672520,-127.798070
52.667580,-127.802200
52.664680,-127.808870
52.664430,-127.819360
52.666950,-127.831670
52.662310,-127.842110
52.662810,-127.850450
52.675200,-127.848710
52.674440,-127.850920
52.678740,-127.867760
52.679660,-127.889470
52.676760,-127.906680
52.675980,-127.911800
52.678430,-127.916330
52.681270,-127.918320
52.688140,-127.917610
52.697040,-127.921010
52.708330,-127.924430
52.716880,-127.927950
52.720800,-127.938000
52.710890,-127.959750
52.707890,-127.967490
52.708610,-127.974180
52.712200,-127.982590
52.713510,-127.985660
52.715920,-127.991310
52.713860,-127.995680
52.707880,-127.995830
52.702310,-127.993930
52.696300,-127.996110
52.694690,-128.000000
52.694320,-128.000890
52.698690,-128.002610
52.706100,-128.005540
52.712690,-128.008150
52.719040,-128.011290
52.716860,-128.023430
52.710390,-128.040880
52.697780,-128.065230
52.686520,-128.082580
52.678670,-128.108940
52.679190,-128.118410
52.684040,-128.124510
52.685900,-128.134400
52.679140,-128.145580
52.671330,-128.151700
52.665000,-128.150960
52.658060,-128.145610
52.651980,-128.135740
52.649080,-128.120810
52.648650,-128.108000
52.616660,-128.125230
52.612620,-128.131350
52.624440,-128.145780
52.619900,-128.159700
52.619870,-128.159760
52.619790,-128.159950
52.616210,-128.164420
52.614850,-128.171020
52.611840,-128.175610
52.606670,-128.189210
52.601220,-128.180560
52.600550,-128.179490
52.599160,-128.179740
52.591380,-128.181100
52.584440,-128.191820
52.579750,-128.196390
52.574680,-128.174290
52.574100,-128.175250
52.567950,-128.179490
52.562410,-128.177120
52.559950,-128.176020
52.557010,-128.174170
52.552620,-128.177570
52.551810,-128.185110
52.550880,-128.185360
52.530830,-128.188910
52.524890,-128.190600
52.513080,-128.193970
52.502100,-128.179800
52.500060,-128.179160
52.491530,-128.176460
52.483580,-128.176540
52.485707,-128.221436
52.486125,-128.292847
52.479435,-128.367004
52.456009,-128.441849
52.400743,-128.516006
52.317714,-128.541412
52.018698,-128.864136
51.079371,-127.974243
51.157816,-127.746964
51.159690,-127.735760
51.188870,-127.738680
51.190650,-127.660280
51.186330,-127.654860
51.183610,-127.649220
51.184280,-127.644910
51.188100,-127.631310
51.191630,-127.611200
51.191770,-127.597650
51.190760,-127.577130
51.191280,-127.575160
51.195730,-127.570490
51.197140,-127.566930
51.197010,-127.559330
51.197580,-127.535440
51.196110,-127.531890
51.189430,-127.527700
51.186250,-127.524530
51.185040,-127.518350
51.185440,-127.514190
51.185870,-127.509640
51.187890,-127.500000
51.188530,-127.496960
51.189070,-127.495560
51.196710,-127.491920
51.201580,-127.493210
51.203890,-127.484830
51.204350,-127.457170
51.206990,-127.454040
51.211620,-127.452850
51.216160,-127.452990
51.224490,-127.453240
51.226760,-127.450120
51.227680,-127.443150
51.229160,-127.410220
51.228930,-127.397550
51.228500,-127.391330
51.226140,-127.386080
51.222960,-127.382910
51.221630,-127.380340
51.221200,-127.377440
51.222260,-127.371440
51.221790,-127.369320
51.218210,-127.364520
51.216240,-127.360900
51.216260,-127.358860
51.218810,-127.351030
51.218710,-127.345970
51.217990,-127.343170
51.211500,-127.333840
51.209440,-127.328480
51.209230,-127.323710
51.212120,-127.314990
51.213370,-127.303820
51.212640,-127.291080
51.212720,-127.279580
51.213490,-127.278140
51.213400,-127.274980
51.210850,-127.267380
51.211340,-127.255970
51.219610,-127.252960
51.219790,-127.250170
51.220030,-127.240890
51.219370,-127.235270
51.212110,-127.218580
51.209790,-127.215870
51.203850,-127.212470
51.197150,-127.208340
51.197430,-127.206960
51.203980,-127.194830
51.204530,-127.192070
51.204360,-127.189830
51.203890,-127.175730
51.205290,-127.163470
51.207140,-127.155380
51.211210,-127.144930
51.214020,-127.135710
51.217130,-127.126380
51.218910,-127.121110
51.219160,-127.118470
51.218800,-127.112740
51.218840,-127.103270
51.220000,-127.100290
51.221970,-127.100570
51.223670,-127.100180
51.224560,-127.098580
51.225050,-127.089970
51.229530,-127.073730
51.231460,-127.060750
51.231140,-127.057540
51.232980,-127.040760
51.232970,-127.037450
51.230530,-127.029680
51.230400,-127.026660
51.235120,-127.013130
51.239770,-127.000000
51.240650,-126.997500
51.242130,-126.986980
51.241650,-126.982670
51.240670,-126.973990
51.238570,-126.966150
51.238410,-126.965560
51.237060,-126.960530
51.235510,-126.954480
51.235730,-126.950560
51.239040,-126.937300
51.240070,-126.931290
51.241830,-126.922690
51.243160,-126.921930
51.249500,-126.923610
51.250070,-126.924050
51.251690,-126.925330
51.257460,-126.923140
51.262530,-126.922750
51.274330,-126.924400
51.277630,-126.923910
51.291670,-126.906280
51.303130,-126.896020
51.306410,-126.892210
51.307000,-126.888660
51.306970,-126.882010
51.305520,-126.872330
51.305200,-126.869120
51.306500,-126.867090
51.311510,-126.864150
51.316640,-126.860900
51.322090,-126.855490
51.323750,-126.850500
51.323480,-126.844460
51.322590,-126.840700
51.316150,-126.829850
51.308510,-126.820730
51.298580,-126.810200
51.297950,-126.807120
51.298080,-126.797330
51.299370,-126.777120
51.300760,-126.764040
51.301940,-126.762300
51.310530,-126.762840
51.312770,-126.761720
51.313760,-126.759800
51.315340,-126.754320
51.316270,-126.751920
51.319180,-126.751050
51.323090,-126.750320
51.328990,-126.751120
51.332700,-126.750200
51.335300,-126.746120
51.338720,-126.735830
51.344520,-126.725380
51.349390,-126.721450
51.354460,-126.721030
51.358880,-126.723680
51.360550,-126.724060
51.364840,-126.721640
51.372290,-126.713620
51.377460,-126.709570
51.382870,-126.710300
51.388430,-126.712000
51.393170,-126.710420
51.403670,-126.701220
51.408940,-126.698920
51.413100,-126.700900
51.420600,-126.706990
51.426630,-126.714930
51.429030,-126.718110
51.434010,-126.723380
51.436800,-126.724870
51.439760,-126.725270
51.446060,-126.722320
51.451960,-126.715660
51.459350,-126.707140
51.462950,-126.706510
51.465250,-126.707940
51.469030,-126.709560
51.473770,-126.707980
51.477050,-126.704130
51.478620,-126.698630
51.477920,-126.695040
51.474980,-126.692580
51.473240,-126.691720
51.471410,-126.684960
51.468330,-126.679470
51.465050,-126.675860
51.459160,-126.670940
51.453170,-126.664270
51.449190,-126.657080
51.446390,-126.646080
51.445210,-126.637280
51.444090,-126.622540
51.442360,-126.619610
51.421170,-126.606030
51.418820,-126.607460
51.415500,-126.612090
51.414200,-126.616200
51.413330,-126.615770
51.412070,-126.609580
51.408870,-126.598290
51.405110,-126.585050
51.406340,-126.566840
51.407150,-126.564730
51.408240,-126.564550
51.413320,-126.564110
51.417040,-126.561110
51.418990,-126.555980
51.418850,-126.550890
51.416980,-126.542880
51.416590,-126.538550
51.416340,-126.535760
51.416290,-126.535190
51.416950,-126.527990
51.424790,-126.506750
51.428740,-126.500000
51.433350,-126.492110
51.441280,-126.481320
51.449340,-126.473340
51.458480,-126.465810
51.463980,-126.460870
51.469040,-126.454820
51.475320,-126.450630
51.482010,-126.449920
51.483550,-126.448670
51.484430,-126.445760
51.486140,-126.437830
51.485680,-126.433960
51.479640,-126.426740
51.478580,-126.423320
51.477270,-126.418290
51.479140,-126.405390
51.480640,-126.388370
51.479480,-126.385200
51.474940,-126.382520
51.463970,-126.378760
51.462650,-126.377150
51.460180,-126.370670
51.458930,-126.367750
51.455390,-126.366380
51.453130,-126.363860
51.452630,-126.362360
51.454080,-126.359650
51.457560,-126.355490
51.460520,-126.348770
51.461120,-126.344910
51.456460,-126.327780
51.455840,-126.323760
51.457320,-126.318690
51.461940,-126.306400
51.462250,-126.303280
51.459960,-126.299710
51.454730,-126.296040
51.453290,-126.291920
51.452540,-126.270030
51.452550,-126.260640
51.452230,-126.256930
51.451320,-126.253670
51.451170,-126.250100
51.452230,-126.246690
51.455180,-126.233130
51.455780,-126.229270
51.455560,-126.227010
51.453200,-126.216210
51.442940,-126.199210
51.442640,-126.197280
51.435870,-126.189350
51.435150,-126.171430
51.443600,-126.166440
51.446980,-126.160590
51.449070,-126.147270
51.455500,-126.143530
51.459980,-126.148620
51.465080,-126.147760
51.463460,-126.142220
51.466340,-126.131570
51.466180,-126.126950
51.462190,-126.126960
51.460340,-126.120410
51.459690,-126.111490
51.461620,-126.105520
51.470500,-126.102680
51.474550,-126.097940
51.486230,-126.104320
51.491640,-126.105030
51.500080,-126.108110
51.500280,-126.108180
51.504510,-126.113670
51.510940,-126.114870
51.517830,-126.116990
51.519940,-126.109430
51.522630,-126.098750
51.525500,-126.090630
51.524660,-126.084070
51.528520,-126.080900
51.534180,-126.085520
51.540460,-126.084970
51.545530,-126.076720
51.550600,-126.074060
51.558210,-126.059610
51.565160,-126.052180
51.572760,-126.051300
51.577380,-126.060040
51.581520,-126.061760
51.585660,-126.050210
51.592240,-126.049940
51.596690,-126.040610
51.599600,-126.027400
51.596190,-126.019820
51.590460,-126.011630
51.589090,-126.002170
51.588470,-126.000000
51.586310,-125.992480
51.582140,-125.986990
51.581890,-125.986660
51.580660,-125.981650
51.581620,-125.975940
51.582860,-125.968570
51.586620,-125.957620
51.593210,-125.941690
51.595550,-125.932250
51.600800,-125.926390
51.604550,-125.918940
51.607580,-125.921510
51.611150,-125.917230
51.614270,-125.910140
51.618890,-125.911500
51.621260,-125.910280
51.625650,-125.908020
51.627160,-125.910110
51.628430,-125.921170
51.628630,-125.922860
51.648340,-125.950460
51.654270,-125.949240
51.660020,-125.951050
51.664450,-125.949520
51.664700,-125.949430
51.669620,-125.945810
51.673780,-125.941290
51.680310,-125.941120
51.685060,-125.943900
51.687620,-125.951940
51.692090,-125.954940
51.691480,-125.966850
51.687270,-125.981730
51.687470,-125.983770
51.688160,-125.990910
51.691790,-125.992410
51.694640,-125.993590
51.699380,-125.998290
51.699460,-125.998280
51.703460,-125.998180
51.713060,-125.988620
51.713660,-125.989430
51.715480,-125.991910
51.718630,-125.996190
51.723540,-125.998010
51.728190,-125.997010
51.730880,-125.990280
51.732970,-125.980570
51.736520,-125.978510
51.741660,-125.979420
51.743660,-125.970750
51.747180,-125.961850
51.750040,-125.959480
51.753470,-125.956630
51.758390,-125.957470
51.762160,-125.948430
51.765230,-125.947600
51.768450,-125.946730
51.775370,-125.949840
51.786070,-125.969920
51.788600,-125.971300
51.794280,-125.960390
51.798720,-125.951500
51.805290,-125.939970
51.810760,-125.933010
51.817540,-125.926680
51.826710,-125.922320
51.834050,-125.920270
51.842110,-125.918920
51.874270,-125.916850
51.884870,-125.915430
51.889870,-125.913950
51.890400,-125.908820
51.892130,-125.879780
51.893060,-125.875650
51.896940,-125.872480
51.910570,-125.870170
51.922590,-125.870710
51.940390,-125.873970
51.956510,-125.879700
51.963060,-125.880330
51.969540,-125.875870
51.973630,-125.867870
51.977020,-125.855420
51.977970,-125.843790
51.976770,-125.828510
51.975050,-125.814130
51.979310,-125.801660
51.986830,-125.795350
52.000030,-125.777210
52.000150,-125.777050
52.000520,-125.776540
52.004700,-125.759160
52.009760,-125.748520
52.011950,-125.739160
52.009270,-125.727350
52.008880,-125.724910
52.008150,-125.720310
52.003970,-125.714760
52.000040,-125.711920
51.994460,-125.707890
51.985840,-125.704210
51.980300,-125.700460
51.975240,-125.701800
51.964580,-125.695360
51.956980,-125.689260
51.951720,-125.680110
51.942820,-125.678220
51.935600,-125.668640
51.933230,-125.661520
51.923740,-125.656370
51.921200,-125.646090
51.914510,-125.635300
51.911270,-125.624650
51.902900,-125.611420
51.900460,-125.597680
51.902610,-125.584440
51.909970,-125.576700
51.912940,-125.575080
51.913000,-125.575160
51.915360,-125.577830
51.919740,-125.579370
51.923410,-125.580270
51.926720,-125.576120
51.928750,-125.574650
51.931150,-125.574660
51.934980,-125.578560
51.937260,-125.583220
51.942370,-125.589060
51.944590,-125.589370
51.949470,-125.584690
51.951320,-125.585650
51.956800,-125.592840
51.961280,-125.599070
51.966900,-125.604200
51.968020,-125.604480
51.971920,-125.598460
51.973980,-125.597840
51.975950,-125.599510
51.976460,-125.603170
51.976820,-125.611640
51.981240,-125.614650
51.987530,-125.616060
51.993560,-125.611530
51.993630,-125.611510
51.998990,-125.610310
52.000070,-125.607310
52.000340,-125.606590
52.006050,-125.602230
52.011950,-125.602960
52.012090,-125.602910
52.022650,-125.599410
52.026570,-125.590580
52.031850,-125.588010
52.037750,-125.585140
52.044950,-125.583570
52.055150,-125.579120
52.055200,-125.579100
52.055230,-125.579080
52.055340,-125.583130
52.054670,-125.585630
52.053490,-125.589990
52.055300,-125.597680
52.056630,-125.605440
52.052110,-125.617850
52.048400,-125.622840
52.049000,-125.628880
52.049650,-125.635520
52.051670,-125.643730
52.060190,-125.658560
52.066580,-125.659220
52.069450,-125.661850
52.072450,-125.664600
52.082830,-125.663870
52.082930,-125.663980
52.086330,-125.664240
52.088610,-125.663030
52.093460,-125.660480
52.095730,-125.661650
52.100010,-125.661360
52.103580,-125.667750
52.106630,-125.671860
52.108790,-125.673330
52.113020,-125.670790
52.116220,-125.669070
52.121660,-125.668280
52.122260,-125.666270
52.127970,-125.658780
52.128540,-125.653140
52.128520,-125.649140
52.128090,-125.646930
52.128970,-125.645180
52.137090,-125.645760
52.138190,-125.638650
52.138440,-125.630510
52.139250,-125.629290
52.146790,-125.630110
52.148780,-125.629020
52.148850,-125.616900
52.148860,-125.614550
52.151060,-125.608280
52.158090,-125.598640
52.159040,-125.590580
52.157320,-125.576990
52.157620,-125.573090
52.157640,-125.573080
52.172670,-125.572370
52.174470,-125.565440
52.171060,-125.557060
52.171070,-125.557010
52.167050,-125.545020
52.171880,-125.511160
52.173930,-125.500000
52.177210,-125.482170
52.182270,-125.469450
52.186590,-125.462070
52.191610,-125.456730
52.196070,-125.453080
52.204230,-125.450820
52.205290,-125.451980
52.207700,-125.454650
52.208420,-125.455450
52.213930,-125.457260
52.217920,-125.465930
52.222940,-125.479010
52.227490,-125.485130
52.228520,-125.490350
52.228840,-125.500000
52.228900,-125.502120
52.233780,-125.508060
52.240120,-125.508230
52.242320,-125.513250
52.246500,-125.510390
52.248980,-125.500000
52.249290,-125.498700
52.249260,-125.489860
52.250010,-125.488640
52.252360,-125.484830
52.256490,-125.488110
52.260940,-125.483900
52.261400,-125.483860
52.272620,-125.479560
52.279690,-125.476910
52.286010,-125.468150
52.287890,-125.461540
52.286640,-125.454610
52.280350,-125.447630
52.275750,-125.438840
52.275710,-125.427850
52.280060,-125.420340
52.280200,-125.420310
52.282970,-125.419660
52.288390,-125.418760
52.288390,-125.418740
52.300020,-125.403300
52.307810,-125.400040
52.311610,-125.391470
52.313690,-125.380660
52.316970,-125.377370
52.326620,-125.383800
52.329030,-125.382280
52.331770,-125.362800
52.336600,-125.348960
52.344340,-125.343200
52.345220,-125.344160
52.351450,-125.351010
52.356770,-125.352850
52.363290,-125.358130
52.365820,-125.358860
52.365950,-125.358540
52.370370,-125.354730
52.375470,-125.355180
52.380190,-125.358070
52.385530,-125.364740
52.389260,-125.371210
52.390370,-125.373140
52.394710,-125.382270
52.395260,-125.383430
52.394890,-125.405900
52.397660,-125.415730
52.404040,-125.429140
52.404510,-125.439580
52.404330,-125.450600
52.400380,-125.455750
52.398300,-125.465900
52.401720,-125.479290
52.407840,-125.484740
52.410410,-125.485540
52.420010,-125.488540
52.421340,-125.488960
52.422820,-125.489060
52.428860,-125.489480
52.431500,-125.488930
52.437500,-125.482390
52.447140,-125.476390
52.452450,-125.475330
52.454960,-125.471720
52.455190,-125.470170
52.455780,-125.466230
52.458010,-125.457010
52.463830,-125.454290
52.471090,-125.455630
52.473110,-125.460490
52.478060,-125.462160
52.480840,-125.471750
52.478860,-125.482680
52.479870,-125.490170
52.480470,-125.494640
52.481460,-125.495640
52.485260,-125.499490
52.485380,-125.500000
52.489450,-125.517930
52.496950,-125.530060
52.497420,-125.532420
52.499110,-125.540970
52.499320,-125.547940
52.500050,-125.549830
52.502840,-125.557140
52.504200,-125.568090
52.504500,-125.577220
52.504740,-125.595750
52.508250,-125.609580
52.511210,-125.620550
52.509790,-125.631170
52.507880,-125.636170
52.503010,-125.645970
52.500070,-125.652610
52.498510,-125.656120
52.492710,-125.678290
52.492320,-125.700240
52.486520,-125.711940
52.485770,-125.724100
52.480070,-125.735500
52.479940,-125.749860
52.483200,-125.755820
52.487150,-125.758830
52.491400,-125.754890
52.496030,-125.747480
52.497550,-125.746330
52.498660,-125.747000
52.500000,-125.748300
52.500030,-125.748320
52.500840,-125.751920
52.502030,-125.751600
52.508320,-125.754580
52.509360,-125.765890
52.509690,-125.767670
52.511720,-125.778900
52.519560,-125.788540
52.522650,-125.795700
52.523280,-125.797150
52.525890,-125.800120
52.528420,-125.797490
52.528320,-125.797380
52.528240,-125.797130
52.528660,-125.797240
52.529880,-125.795990
52.531700,-125.794090
52.533330,-125.792400
52.534700,-125.790990
52.537240,-125.792410
52.536870,-125.796920
52.537040,-125.799400
52.537410,-125.804650
52.540390,-125.809350
52.540560,-125.809620
52.547130,-125.802370
52.548300,-125.801070
52.550670,-125.802480
52.551130,-125.804770
52.551700,-125.807600
52.550910,-125.815380
52.553610,-125.817120
52.555830,-125.819420
52.556450,-125.824440
52.558280,-125.827090
52.566070,-125.822420
52.570940,-125.821100
52.577150,-125.824620
52.577690,-125.828410
52.577950,-125.832810
52.577890,-125.837500
52.577390,-125.843610
52.576850,-125.850840
52.577740,-125.852970
52.579310,-125.854820
52.582290,-125.856280
52.596590,-125.859790
52.604680,-125.861060
52.606900,-125.862590
52.607760,-125.865650
52.607780,-125.865680
52.610580,-125.866390
52.612110,-125.863150
52.615390,-125.861770
52.616110,-125.854790
52.619700,-125.849290
52.624230,-125.847940
52.631570,-125.855070
52.631890,-125.855040
52.631960,-125.857230
52.633390,-125.870190
52.633420,-125.870470
52.632270,-125.872100
52.627990,-125.884440
52.624470,-125.915860
52.622210,-125.937130
52.602990,-125.958000
52.619400,-125.987960
52.616510,-125.999980
52.616510,-126.000000
52.613980,-126.010740
52.602280,-126.006650
52.581780,-126.046950
52.580020,-126.067070
52.591950,-126.084430
52.594320,-126.092830
52.589220,-126.100770
52.588400,-126.118600
52.577220,-126.136380
52.563840,-126.137030
52.561720,-126.135920
52.558310,-126.134180
52.555520,-126.134410
52.553040,-126.135720
52.550240,-126.138120
52.548280,-126.140900
52.547080,-126.144100
52.546710,-126.145710
52.546030,-126.154350
52.532010,-126.167540
52.532170,-126.168450
52.532560,-126.170800
52.531500,-126.171880
52.519410,-126.181420
52.520220,-126.182010
52.520670,-126.182540
52.520910,-126.183370
52.520920,-126.183980
52.519460,-126.184990
52.508600,-126.192540
52.508170,-126.192840
52.500340,-126.198080
52.500050,-126.198900
52.495300,-126.212540
52.496640,-126.220330
52.500030,-126.223000
52.519620,-126.238470
52.525030,-126.244600
52.530510,-126.261320
52.541470,-126.270500
52.541480,-126.284280
52.545540,-126.300840
52.532720,-126.312910
52.521570,-126.313660
52.518520,-126.317940
52.521380,-126.331690
52.527580,-126.339030
52.524670,-126.344260
52.527400,-126.348010
52.535180,-126.358700
52.559700,-126.376050
52.568440,-126.383880
52.578390,-126.384400
52.593260,-126.410140
52.599360,-126.396550
52.599620,-126.396740
52.602190,-126.396290
52.602600,-126.395940
52.614740,-126.412780
52.620960,-126.416150
52.626760,-126.422250
52.631850,-126.424620
52.637180,-126.429170
52.652360,-126.444250
52.654180,-126.445810
52.661360,-126.416590
52.677380,-126.412470
52.679740,-126.417520
52.683040,-126.418100
52.688500,-126.411190
52.689030,-126.402090
52.692250,-126.387570
52.694490,-126.378240
52.697870,-126.373220
52.706310,-126.360680
52.702910,-126.350770
52.702940,-126.350770
52.701380,-126.345530
52.720180,-126.348610
52.730880,-126.348790
52.745580,-126.341010
52.747130,-126.339280
52.748530,-126.338590
52.748980,-126.338560
52.749650,-126.338200
52.749800,-126.338000
52.750070,-126.338010
52.780840,-126.338550
52.782230,-126.338570
52.784880,-126.338620
52.792710,-126.338760
52.827960,-126.339530
52.827330,-126.342810
52.827380,-126.342810
52.821400,-126.373950
52.817840,-126.378970
52.797560,-126.407520
52.792840,-126.419550
52.792280,-126.438280
52.794100,-126.446590
52.789870,-126.449520
52.783090,-126.457270
52.782290,-126.467520
52.784690,-126.479230
52.782730,-126.484210
52.778150,-126.489170
52.776020,-126.500000
52.774330,-126.508540
52.773120,-126.520390
52.773990,-126.533050
52.791260,-126.558450
52.798380,-126.558220
52.799080,-126.553130
52.814240,-126.555910
52.817580,-126.575520
52.815840,-126.592360
52.811590,-126.598170
52.812060,-126.603280
52.833520,-126.614750
52.841450,-126.634610
52.845210,-126.641030
52.848970,-126.639520
52.853250,-126.633700
52.855560,-126.625640
52.859880,-126.623630
52.868040,-126.613770
52.874570,-126.601830
52.878730,-126.588810
52.912930,-126.598960
52.916210,-126.606000
52.915820,-126.608330
52.916770,-126.612560
52.918250,-126.614850
52.919380,-126.615650
52.921350,-126.616630
52.923150,-126.616850
52.924990,-126.616810
52.927140,-126.616750
52.928050,-126.617390
52.929130,-126.618650
52.929490,-126.620050
52.934680,-126.625270
52.937520,-126.638620
52.941510,-126.646920
52.948190,-126.644710
52.971170,-126.624320
52.975080,-126.627100
52.979390,-126.634550
52.983990,-126.636080
52.990050,-126.626620
52.995430,-126.614530
53.000070,-126.609420
53.000070,-126.616660
53.003100,-126.622210
53.008300,-126.630010
53.020740,-126.637930
53.020860,-126.638290
53.029000,-126.647940
53.028970,-126.647990
53.032140,-126.650030
53.030990,-126.655820
53.026900,-126.663930
53.024710,-126.672760
53.017320,-126.683610
53.014530,-126.690860
53.007460,-126.700620
53.007430,-126.700760
53.000370,-126.705820
53.000040,-126.712450
52.999400,-126.724930
52.992310,-126.724210
52.993150,-126.733670
52.993000,-126.752880
53.000010,-126.762700
53.000410,-126.763260
53.000170,-126.790150
53.000810,-126.791120
53.003090,-126.790280
53.010090,-126.790280
53.012110,-126.789870
53.016550,-126.788960
53.026220,-126.794600
53.043860,-126.791650
53.048240,-126.790090
53.049450,-126.789660
53.065230,-126.796440
53.074130,-126.800400
53.081090,-126.807140
53.088700,-126.813310
53.095510,-126.821930
53.102960,-126.822840
53.105580,-126.830940
53.105630,-126.831110
53.106740,-126.832070
53.110210,-126.841220
53.107200,-126.861480
53.083740,-126.882780
53.082720,-126.894670
53.085420,-126.930480
53.091380,-126.940290
53.093360,-126.948110
53.076840,-126.976320
53.072060,-126.985660
53.069330,-126.999130
53.072750,-126.999060
53.074970,-127.012910
53.075970,-127.014140
53.076380,-127.014660
53.078540,-127.017230
53.088030,-127.001100
53.091740,-127.011920
53.114010,-127.032730
53.121360,-127.021000
53.129860,-127.014070
53.139060,-127.013670
53.141940,-127.011790
53.148840,-127.007260
53.158600,-127.003680
53.175980,-127.012160
53.189030,-127.013270
53.194300,-127.023970
53.194840,-127.025070
53.196220,-127.027880
53.203550,-127.030350
53.201050,-127.042970
53.202710,-127.049020
53.206440,-127.050690
53.226260,-127.037060
53.240740,-127.017910
53.249960,-127.010540
53.250010,-127.010500
53.250010,-127.007990
53.251240,-127.006060
53.255910,-127.001670
53.256350,-127.000000
53.258330,-126.992520
53.256940,-126.986570
53.260630,-126.981870
53.262940,-126.978920
53.267310,-126.978890
53.278330,-126.982140
53.279320,-126.983250
53.285510,-126.990170
53.290850,-126.995240
53.292700,-126.996990
53.295860,-127.000000
53.296400,-127.001260
53.308920,-127.015590
53.298580,-127.050640
53.284100,-127.069800
53.250640,-127.074460
53.250060,-127.075230
53.236160,-127.093590
53.233200,-127.099230
53.233380,-127.108110
53.239490,-127.120940
53.250070,-127.127140
53.250140,-127.127180
53.250140,-127.127270
53.250530,-127.127730
53.251070,-127.127730
53.254130,-127.129520
53.259810,-127.131770
53.267790,-127.140730
53.277360,-127.141910
53.281020,-127.150780
53.264660,-127.194810
53.257640,-127.192630
53.250050,-127.200420
53.249190,-127.201300
53.250030,-127.224050