# GsakName=Haskovo
# This County polygon is based on data ę OpenStreetMap contributors
# The OpenStreetMap data is made available under the Open Database License, see http://www.openstreetmap.org/copyright
# This polygon file is made available under the same Open Database License: http://opendatacommons.org/licenses/odbl/1.0/.

41.899131	25.231390
41.897598	25.235832
41.896775	25.241303
41.897486	25.244383
41.896376	25.245616
41.897534	25.247709
41.897102	25.249833
41.897382	25.253234
41.898548	25.254124
41.902046	25.261066
41.904369	25.262901
41.906685	25.266452
41.909895	25.267010
41.913136	25.266935
41.916066	25.264370
41.922181	25.265175
41.923371	25.263598
41.925646	25.265347
41.927035	25.268072
41.929805	25.270786
41.929860	25.274144
41.932191	25.276269
41.938137	25.279123
41.941417	25.282416
41.941912	25.286450
41.943085	25.287309
41.944434	25.288811
41.943979	25.290442
41.945926	25.296450
41.948025	25.301192
41.948982	25.304003
41.950578	25.305515
41.952206	25.305440
41.955397	25.307822
41.957488	25.309614
41.960176	25.307415
41.962522	25.307640
41.963926	25.310075
41.966000	25.312167
41.967396	25.314839
41.967412	25.317704
41.968377	25.318219
41.970651	25.316277
41.972852	25.311931
41.975141	25.311899
41.975373	25.314377
41.977462	25.314914
41.978858	25.318809
41.981123	25.317049
41.981538	25.314817
41.982910	25.313487
41.985940	25.315676
41.988045	25.314345
41.996402	25.310140
42.001569	25.312800
42.003482	25.311256
42.005268	25.313058
42.006767	25.312886
42.009222	25.314774
42.012092	25.314388
42.015185	25.311256
42.019171	25.311213
42.022646	25.309453
42.024495	25.309453
42.026758	25.305119
42.028033	25.305762
42.031540	25.303059
42.038776	25.301385
42.040720	25.299325
42.044162	25.297909
42.046775	25.297866
42.049962	25.300484
42.049962	25.304132
42.053403	25.305290
42.055475	25.308852
42.056908	25.310483
42.061242	25.310397
42.061306	25.315118
42.059521	25.318122
42.069016	25.320826
42.072265	25.323873
42.074527	25.330997
42.077585	25.338807
42.075387	25.342798
42.096790	25.350137
42.114651	25.349579
42.114588	25.351017
42.114301	25.352240
42.113245	25.354507
42.112145	25.357869
42.111810	25.359227
42.111038	25.360737
42.110178	25.363462
42.109828	25.364964
42.109558	25.366466
42.108587	25.367947
42.107981	25.369664
42.108045	25.371637
42.107918	25.372839
42.107138	25.374062
42.106215	25.374963
42.105307	25.376444
42.105068	25.378053
42.105912	25.381508
42.106724	25.382903
42.107408	25.389554
42.107233	25.392108
42.106390	25.395777
42.105514	25.398288
42.104002	25.400200
42.100929	25.404189
42.098382	25.405991
42.096720	25.408176
42.095086	25.410261
42.093414	25.413694
42.091248	25.419574
42.090038	25.424166
42.089423	25.427775
42.091559	25.428339
42.098589	25.428189
42.100459	25.424573
42.101104	25.425346
42.099958	25.427427
42.099520	25.428575
42.100786	25.429691
42.100698	25.430067
42.099241	25.429444
42.098660	25.431837
42.098047	25.433725
42.098183	25.435034
42.100889	25.446739
42.101693	25.447083
42.101908	25.447469
42.102529	25.447887
42.107544	25.449368
42.109470	25.450409
42.111372	25.450752
42.111627	25.451460
42.111802	25.452468
42.112518	25.457725
42.114126	25.458691
42.114763	25.459013
42.115877	25.460429
42.117086	25.461026
42.118351	25.461931
42.118882	25.462332
42.120519	25.464059
42.122895	25.464872
42.123787	25.465879
42.139843	25.466523
42.140034	25.466094
42.140305	25.461845
42.147417	25.461845
42.147401	25.458605
42.147242	25.457361
42.147624	25.457039
42.148928	25.456653
42.150408	25.457490
42.154798	25.458005
42.161034	25.458198
42.160731	25.470686
42.164231	25.470729
42.161972	25.483367
42.166060	25.488303
42.166505	25.488989
42.167427	25.488174
42.168175	25.489161
42.167602	25.490577
42.169002	25.492744
42.170242	25.493839
42.170894	25.495620
42.171801	25.496521
42.172214	25.498924
42.171944	25.499718
42.173009	25.502594
42.174034	25.505845
42.173213	25.506281
42.173539	25.506887
42.173925	25.507333
42.175093	25.508237
42.175649	25.509353
42.176126	25.510683
42.176142	25.511048
42.173677	25.513494
42.176667	25.518730
42.168334	25.527012
42.168127	25.527806
42.167475	25.526905
42.166741	25.525773
42.166450	25.525046
42.165797	25.523782
42.165105	25.526197
42.156977	25.550015
42.160620	25.551732
42.159856	25.555229
42.159920	25.556002
42.160302	25.556967
42.161145	25.558577
42.161908	25.558276
42.162322	25.559156
42.163451	25.563469
42.164278	25.564005
42.164835	25.566065
42.165089	25.568233
42.167475	25.568147
42.167825	25.570893
42.167888	25.573661
42.167857	25.576472
42.168191	25.580313
42.168111	25.582523
42.169113	25.582438
42.169781	25.580678
42.170672	25.580335
42.171419	25.579863
42.171594	25.579240
42.173566	25.579433
42.173582	25.580227
42.177637	25.583489
42.182932	25.586965
42.184045	25.587330
42.184315	25.587802
42.189753	25.589433
42.192885	25.590441
42.190754	25.593724
42.190532	25.596471
42.192122	25.596986
42.196636	25.597673
42.197272	25.598230
42.198957	25.601277
42.201346	25.609230
42.181978	25.630288
42.181024	25.630031
42.172087	25.625653
42.172532	25.621190
42.173455	25.617027
42.173391	25.613680
42.169765	25.612392
42.167761	25.614109
42.165788	25.616156
42.163877	25.616578
42.162203	25.616337
42.160409	25.615690
42.159363	25.615826
42.157391	25.614281
42.156118	25.612092
42.153542	25.612350
42.147751	25.617070
42.146924	25.616426
42.143646	25.619602
42.142087	25.617800
42.140528	25.617328
42.136263	25.622435
42.129898	25.631232
42.128618	25.633079
42.129255	25.633619
42.129103	25.636725
42.127384	25.637412
42.127448	25.639601
42.129675	25.638485
42.129771	25.640073
42.130949	25.640159
42.131012	25.640760
42.130471	25.641103
42.130598	25.641918
42.134036	25.641103
42.136295	25.639944
42.136773	25.639987
42.137473	25.643292
42.137409	25.649128
42.138236	25.654235
42.137664	25.655308
42.139350	25.663633
42.144219	25.665050
42.145046	25.669384
42.141737	25.669427
42.142055	25.676894
42.140591	25.678439
42.137441	25.682945
42.137186	25.684834
42.136104	25.700069
42.132158	25.702472
42.127670	25.704317
42.127543	25.705605
42.124901	25.706806
42.121655	25.705733
42.121177	25.708866
42.120350	25.709081
42.118280	25.719252
42.114333	25.722170
42.111563	25.722685
42.106278	25.724530
42.102617	25.724659
42.101821	25.724187
42.099783	25.721870
42.098636	25.721140
42.097936	25.721612
42.097267	25.721741
42.097363	25.722899
42.095898	25.724058
42.094401	25.725603
42.093478	25.726161
42.091758	25.726676
42.089879	25.726290
42.089369	25.726848
42.088732	25.727835
42.089019	25.728521
42.087013	25.731225
42.087522	25.732813
42.080675	25.740495
42.079623	25.739937
42.080133	25.737405
42.081216	25.735989
42.080866	25.735002
42.081439	25.733714
42.081471	25.732298
42.079337	25.728736
42.072520	25.734787
42.066977	25.737576
42.067678	25.744829
42.065862	25.750108
42.065830	25.752768
42.063153	25.758691
42.062835	25.760579
42.058820	25.757832
42.056431	25.759206
42.052224	25.764055
42.052448	25.769591
42.053658	25.772295
42.055315	25.774441
42.061369	25.778775
42.065097	25.778046
42.066977	25.781565
42.071564	25.786543
42.073189	25.791349
42.074877	25.792465
42.077139	25.802636
42.083828	25.804396
42.083860	25.805898
42.084481	25.815897
42.081025	25.826132
42.082283	25.829201
42.085866	25.828836
42.086615	25.835895
42.094385	25.837784
42.095834	25.838814
42.099624	25.846195
42.103413	25.846539
42.105212	25.842397
42.107520	25.841904
42.109351	25.839028
42.109764	25.843556
42.113028	25.842655
42.114126	25.845466
42.117246	25.850873
42.119235	25.850337
42.123708	25.848834
42.125808	25.851710
42.127209	25.855572
42.128418	25.858169
42.128243	25.861795
42.128084	25.863297
42.128689	25.865850
42.128084	25.867953
42.127829	25.869391
42.128227	25.871344
42.127495	25.872009
42.126827	25.871923
42.125363	25.872095
42.123692	25.871880
42.122339	25.871515
42.118885	25.872138
42.116402	25.873082
42.115606	25.876644
42.114078	25.879176
42.113553	25.882180
42.112311	25.884540
42.112073	25.888123
42.116975	25.892565
42.119777	25.895505
42.122005	25.899861
42.120891	25.904903
42.120015	25.906534
42.110990	25.912199
42.110449	25.914130
42.110942	25.916812
42.108809	25.915611
42.106612	25.912972
42.105960	25.919902
42.105196	25.920439
42.105880	25.921919
42.106023	25.922627
42.104941	25.923829
42.104814	25.924730
42.106342	25.928872
42.106008	25.929472
42.106549	25.931103
42.106151	25.933292
42.106342	25.934966
42.110369	25.934322
42.110608	25.935781
42.105498	25.943956
42.104543	25.945523
42.102059	25.949020
42.101041	25.948698
42.101231	25.951746
42.102314	25.956595
42.102680	25.958891
42.099608	25.969405
42.097140	25.974405
42.095277	25.977645
42.094544	25.977473
42.092841	25.975263
42.091217	25.977173
42.087331	25.982473
42.087602	25.983331
42.084130	25.986872
42.083493	25.988674
42.082681	25.989704
42.082952	25.991571
42.075339	26.000197
42.074654	26.000326
42.073316	26.002343
42.073205	26.002944
42.071309	26.005154
42.070178	26.004295
42.066977	26.005990
42.064683	26.008415
42.060461	26.009166
42.059155	26.009660
42.057801	26.014381
42.059378	26.015732
42.057211	26.017234
42.053945	26.021161
42.051332	26.019509
42.045532	26.019702
42.041150	26.020517
42.038361	26.019359
42.036704	26.024938
42.034600	26.025496
42.033325	26.027169
42.031476	26.027255
42.030807	26.029916
42.029308	26.031246
42.028320	26.034057
42.028002	26.035902
42.026455	26.036117
42.024224	26.038928
42.022821	26.041524
42.021179	26.042018
42.020446	26.044164
42.018629	26.045172
42.019856	26.047533
42.018437	26.049507
42.018102	26.051159
42.019202	26.052125
42.017943	26.056824
42.020079	26.058433
42.020526	26.060922
42.020143	26.062295
42.019617	26.063433
42.020781	26.064634
42.022263	26.067166
42.022630	26.067595
42.023953	26.072917
42.025563	26.073947
42.028830	26.080449
42.031811	26.088195
42.034887	26.089547
42.036911	26.092508
42.039015	26.093366
42.040273	26.097271
42.040497	26.103838
42.040528	26.107593
42.038218	26.112785
42.039270	26.114159
42.039365	26.115360
42.040608	26.116154
42.041628	26.117849
42.043046	26.120811
42.044050	26.122313
42.043110	26.124136
42.041628	26.128385
42.040258	26.134822
42.040130	26.139071
42.037006	26.146817
42.038520	26.152268
42.041261	26.153641
42.048082	26.147032
42.060254	26.155872
42.061337	26.154070
42.066817	26.155701
42.070704	26.152353
42.071787	26.152268
42.074017	26.152182
42.076438	26.155357
42.077266	26.158619
42.094083	26.145744
42.098350	26.139135
42.101088	26.131582
42.108475	26.136646
42.112105	26.137075
42.117134	26.134329
42.123564	26.128321
42.127320	26.134329
42.131712	26.131840
42.135150	26.131325
42.139096	26.135187
42.153860	26.137805
42.156564	26.146131
42.162163	26.143298
42.165980	26.156302
42.173932	26.167545
42.184522	26.165829
42.193966	26.167417
42.192821	26.175399
42.197845	26.177931
42.200229	26.185141
42.209941	26.192930
42.191899	26.214237
42.201755	26.230974
42.189292	26.245050
42.186875	26.255522
42.188338	26.260243
42.187193	26.267366
42.177271	26.276636
42.177844	26.286507
42.178480	26.303501
42.177398	26.310883
42.173327	26.311226
42.170083	26.319723
42.166393	26.322384
42.162449	26.340923
42.158759	26.345301
42.161304	26.354485
42.159650	26.355343
42.161304	26.367316
42.159172	26.369526
42.158584	26.373625
42.158902	26.375299
42.159332	26.376092
42.161002	26.373689
42.163562	26.373517
42.165312	26.373668
42.167427	26.373024
42.168763	26.373775
42.170560	26.374097
42.170926	26.374934
42.170783	26.376178
42.170831	26.377380
42.171562	26.378689
42.171674	26.379633
42.171530	26.380255
42.167220	26.385748
42.160970	26.392980
42.158648	26.392314
42.156262	26.394632
42.154973	26.409910
42.153732	26.409760
42.149596	26.411111
42.146526	26.412506
42.146653	26.413579
42.147130	26.414545
42.147242	26.417377
42.147624	26.417549
42.148069	26.418815
42.147894	26.419115
42.147862	26.420295
42.148085	26.422119
42.148610	26.423621
42.150217	26.422527
42.151410	26.421948
42.153621	26.423407
42.159316	26.431131
42.163149	26.434414
42.167809	26.439500
42.169940	26.442869
42.171133	26.445980
42.170878	26.447718
42.167507	26.447246
42.164946	26.447782
42.161129	26.452417
42.160556	26.454220
42.156914	26.459005
42.156723	26.462824
42.157057	26.464412
42.153907	26.466773
42.153207	26.467974
42.153860	26.472695
42.155594	26.476643
42.157534	26.478960
42.158059	26.475678
42.159459	26.473661
42.162163	26.471558
42.164326	26.471558
42.165423	26.474326
42.166584	26.488166
42.169081	26.487308
42.170035	26.488574
42.169733	26.491621
42.170417	26.493251
42.169590	26.494131
42.168572	26.493938
42.167332	26.494667
42.166680	26.496384
42.165551	26.496277
42.162990	26.497114
42.162322	26.495955
42.159348	26.496577
42.158997	26.495697
42.159300	26.495311
42.157805	26.494732
42.154559	26.496148
42.153764	26.493895
42.145874	26.495612
42.146653	26.502135
42.150726	26.501169
42.151187	26.502457
42.153128	26.507928
42.155864	26.514752
42.157423	26.517413
42.155498	26.530051
42.155387	26.530438
42.154305	26.537948
42.153191	26.537390
42.152857	26.536467
42.152380	26.536167
42.151410	26.534922
42.150503	26.534793
42.149517	26.536038
42.148928	26.535974
42.148403	26.535094
42.147353	26.535051
42.146908	26.534751
42.146780	26.530910
42.146239	26.530673
42.145667	26.530953
42.144824	26.530652
42.144107	26.531661
42.144219	26.532476
42.144585	26.533399
42.144346	26.533935
42.145094	26.535244
42.144378	26.535823
42.144123	26.536295
42.143853	26.537175
42.143917	26.537905
42.143614	26.538484
42.142803	26.538055
42.142421	26.537561
42.141896	26.537776
42.141992	26.539836
42.141689	26.540673
42.140750	26.540866
42.140098	26.540544
42.139700	26.539707
42.139653	26.539235
42.137870	26.539342
42.137918	26.538720
42.139923	26.534557
42.140862	26.533399
42.141721	26.531382
42.141435	26.530609
42.142119	26.529858
42.142135	26.529107
42.141244	26.528120
42.141180	26.526875
42.139350	26.525416
42.138793	26.523807
42.137966	26.523786
42.137282	26.524665
42.137600	26.526640
42.137123	26.527219
42.136327	26.527455
42.135659	26.527991
42.135452	26.529086
42.135468	26.530201
42.136327	26.530802
42.136948	26.531489
42.137664	26.531703
42.138364	26.531017
42.138921	26.531489
42.139000	26.532304
42.138475	26.533034
42.137950	26.533291
42.137250	26.534042
42.136279	26.534214
42.135388	26.533999
42.134561	26.532776
42.134099	26.530910
42.133145	26.528764
42.132142	26.528678
42.130376	26.529214
42.129103	26.530137
42.128530	26.531317
42.127495	26.531446
42.126779	26.530673
42.126620	26.529601
42.127177	26.528206
42.127368	26.527112
42.127177	26.526039
42.126620	26.525416
42.127145	26.523421
42.127161	26.522562
42.126779	26.522348
42.125761	26.522627
42.124790	26.523056
42.122610	26.522133
42.121288	26.518743
42.120111	26.516297
42.119777	26.515074
42.119777	26.514001
42.119028	26.513164
42.117771	26.513336
42.117198	26.513722
42.112916	26.516511
42.112359	26.517928
42.111850	26.519687
42.111197	26.520867
42.110529	26.520760
42.108252	26.517284
42.104909	26.513786
42.102298	26.509838
42.098620	26.506190
42.098031	26.506255
42.096837	26.507242
42.095102	26.508122
42.093780	26.510181
42.090198	26.510675
42.088796	26.511169
42.083987	26.512971
42.079018	26.514301
42.077760	26.514151
42.077187	26.513357
42.076804	26.511512
42.076072	26.510890
42.072807	26.509302
42.072010	26.511061
42.071835	26.511598
42.071325	26.513658
42.070577	26.513958
42.069796	26.513529
42.069286	26.512606
42.069127	26.510246
42.069414	26.509495
42.069095	26.508658
42.066961	26.508036
42.065862	26.507778
42.065447	26.507392
42.065846	26.508830
42.065591	26.510353
42.063361	26.511190
42.062962	26.510611
42.061497	26.511405
42.060541	26.510954
42.059824	26.511834
42.060111	26.513336
42.060525	26.513829
42.058151	26.515245
42.058215	26.517498
42.059075	26.519001
42.059059	26.519430
42.058183	26.520481
42.055411	26.527498
42.054439	26.529322
42.053674	26.530373
42.052686	26.529708
42.052129	26.528227
42.050806	26.529193
42.045405	26.524515
42.041102	26.528463
42.030201	26.529322
42.026886	26.534429
42.024144	26.531467
42.019266	26.529236
42.017895	26.527734
42.016205	26.525888
42.014165	26.523657
42.013655	26.523142
42.011423	26.520953
42.009924	26.519709
42.005938	26.519880
42.005523	26.519494
42.004407	26.515074
42.003642	26.512284
42.003562	26.509881
42.003371	26.509409
42.002908	26.509752
42.001441	26.510203
42.000501	26.509495
42.000230	26.509216
41.999927	26.508744
41.999719	26.508379
41.998213	26.508493
41.997932	26.508448
41.997630	26.508377
41.997407	26.508238
41.997140	26.508032
41.996788	26.507773
41.996543	26.507562
41.996019	26.506794
41.995648	26.506294
41.995542	26.506054
41.995414	26.505728
41.995241	26.505548
41.994968	26.505387
41.994722	26.505240
41.994480	26.505169
41.994326	26.505165
41.994148	26.505240
41.993950	26.505390
41.993802	26.505608
41.993615	26.506017
41.993429	26.506448
41.993220	26.507135
41.993072	26.507626
41.992840	26.508249
41.992573	26.508801
41.992096	26.509577
41.991733	26.510331
41.991457	26.511025
41.990967	26.512200
41.990738	26.512522
41.990582	26.512706
41.990361	26.512747
41.990166	26.512774
41.989879	26.512661
41.989689	26.512473
41.989321	26.512087
41.989132	26.511922
41.988886	26.511550
41.988675	26.511205
41.988393	26.510838
41.987888	26.510504
41.987724	26.510455
41.987434	26.510594
41.986918	26.510901
41.985972	26.511592
41.985660	26.511775
41.985331	26.511948
41.985030	26.512214
41.984430	26.513074
41.983948	26.513816
41.983756	26.514113
41.983608	26.514544
41.983479	26.514758
41.983106	26.515114
41.982852	26.515407
41.982685	26.515658
41.982568	26.516169
41.982542	26.516484
41.982456	26.516825
41.982325	26.517227
41.982177	26.517673
41.982021	26.518292
41.981962	26.519669
41.981882	26.520179
41.981483	26.522580
41.981260	26.523413
41.981159	26.523946
41.981067	26.524587
41.980970	26.525131
41.980830	26.525364
41.980504	26.525683
41.980049	26.526137
41.979818	26.526268
41.979606	26.526478
41.979385	26.526609
41.979087	26.526662
41.978730	26.526681
41.978574	26.526666
41.978130	26.526549
41.977623	26.526437
41.977034	26.526425
41.976666	26.526429
41.976393	26.526422
41.976231	26.526407
41.976081	26.526317
41.975991	26.526174
41.975743	26.525983
41.975484	26.525803
41.975336	26.525653
41.975141	26.525398
41.974948	26.525232
41.974745	26.525112
41.974438	26.524988
41.974232	26.524861
41.973615	26.524295
41.973322	26.524107
41.972890	26.523844
41.972600	26.523672
41.972405	26.523484
41.972084	26.523038
41.971925	26.522865
41.971724	26.522730
41.971401	26.522640
41.971069	26.522482
41.970882	26.522194
41.970480	26.521950
41.969958	26.521612
41.969392	26.521413
41.968966	26.521312
41.968539	26.521379
41.968084	26.521425
41.967646	26.521725
41.967261	26.522100
41.966882	26.522355
41.966461	26.522464
41.966145	26.522468
41.965733	26.522475
41.965431	26.522501
41.965230	26.522640
41.965130	26.522828
41.964971	26.523555
41.964706	26.524857
41.964692	26.525120
41.964700	26.525458
41.964664	26.525818
41.964469	26.526298
41.964279	26.526830
41.964134	26.527134
41.963919	26.527487
41.963721	26.527701
41.963599	26.527761
41.963448	26.527746
41.963214	26.527555
41.962893	26.527453
41.962617	26.527551
41.962341	26.527697
41.962078	26.527911
41.961964	26.528219
41.961844	26.528781
41.961724	26.529097
41.961629	26.529798
41.961490	26.530575
41.961250	26.531561
41.960957	26.532267
41.960823	26.532709
41.960706	26.533231
41.960418	26.533733
41.959886	26.534499
41.959710	26.534806
41.959651	26.535080
41.959607	26.535519
41.959573	26.535815
41.959420	26.536097
41.959236	26.536281
41.958920	26.536611
41.958806	26.536851
41.958706	26.537162
41.958569	26.537399
41.958326	26.537627
41.958036	26.537939
41.957816	26.538220
41.957626	26.538513
41.957537	26.538776
41.957439	26.539214
41.957252	26.539571
41.957113	26.539736
41.956850	26.539980
41.956544	26.540224
41.955985	26.540531
41.955776	26.540621
41.955548	26.540614
41.955285	26.540591
41.954976	26.540655
41.954624	26.540798
41.954384	26.540805
41.954041	26.540696
41.953826	26.540666
41.953558	26.540783
41.953268	26.540921
41.953056	26.540985
41.952785	26.541004
41.952492	26.541113
41.952197	26.541278
41.951399	26.542099
41.950673	26.542966
41.949926	26.543656
41.949605	26.543855
41.949454	26.544005
41.949323	26.544241
41.949211	26.544467
41.948360	26.545427
41.947791	26.546080
41.947339	26.546695
41.947133	26.547055
41.946898	26.547397
41.946736	26.547535
41.946563	26.547610
41.946251	26.547648
41.945877	26.547776
41.945710	26.547884
41.945285	26.548443
41.944624	26.549392
41.944167	26.550266
41.943904	26.550829
41.943368	26.551508
41.942286	26.552795
41.941239	26.553928
41.940877	26.554423
41.940036	26.555155
41.939624	26.555493
41.939303	26.555830
41.938647	26.556194
41.938156	26.556524
41.937667	26.556757
41.937478	26.556907
41.937182	26.557263
41.936942	26.557563
41.936685	26.557766
41.935915	26.558119
41.935172	26.558659
41.934891	26.558835
41.934578	26.559030
41.933635	26.559360
41.933183	26.559495
41.932574	26.559477
41.932253	26.559488
41.932035	26.559612
41.931804	26.559694
41.931472	26.559751
41.931089	26.559841
41.930581	26.559994
41.930297	26.560129
41.930001	26.560328
41.929123	26.560820
41.928230	26.561069
41.927493	26.561004
41.926996	26.561236
41.926413	26.561443
41.925820	26.561620
41.925811	26.561366
41.925775	26.561244
41.925537	26.561113
41.924665	26.561558
41.923849	26.562095
41.923528	26.562383
41.923368	26.562416
41.922677	26.563120
41.921968	26.563993
41.920848	26.565148
41.919943	26.565755
41.919354	26.566756
41.918667	26.567455
41.916014	26.569059
41.914987	26.569832
41.912611	26.570574
41.912396	26.571087
41.912512	26.571655
41.912273	26.572148
41.911942	26.572561
41.911338	26.572771
41.910636	26.572838
41.910178	26.573348
41.909554	26.574376
41.907874	26.575781
41.907238	26.576795
41.906824	26.577105
41.906525	26.577578
41.906379	26.578269
41.906423	26.579183
41.906352	26.579673
41.905563	26.581864
41.905283	26.582542
41.904925	26.583046
41.903726	26.584163
41.903397	26.584339
41.902724	26.584332
41.902103	26.584015
41.901796	26.583765
41.901262	26.583169
41.900705	26.582336
41.900217	26.581886
41.899751	26.581709
41.899482	26.581444
41.899196	26.580696
41.898999	26.579323
41.898562	26.578088
41.898160	26.577650
41.897727	26.577341
41.897409	26.577253
41.896722	26.577226
41.896279	26.577150
41.895649	26.576825
41.895193	26.576793
41.894536	26.577451
41.893976	26.577459
41.893230	26.577011
41.892573	26.576457
41.892194	26.575723
41.891783	26.575043
41.891558	26.574800
41.891141	26.574748
41.890779	26.574335
41.890505	26.573871
41.890269	26.573267
41.889913	26.572560
41.889524	26.571978
41.889034	26.571427
41.888695	26.570777
41.887874	26.569911
41.887791	26.569554
41.887774	26.568891
41.887539	26.568421
41.887141	26.567652
41.886655	26.567190
41.885811	26.566826
41.884412	26.566976
41.883321	26.567374
41.882674	26.568096
41.881977	26.568597
41.880502	26.570497
41.880049	26.571436
41.880024	26.572125
41.879448	26.573842
41.879290	26.574641
41.879103	26.576037
41.878746	26.577076
41.878730	26.578151
41.878384	26.578829
41.877803	26.579504
41.877282	26.579860
41.876909	26.580516
41.876399	26.580818
41.875286	26.580604
41.874720	26.580501
41.874084	26.581091
41.873650	26.581039
41.873278	26.580450
41.872982	26.580322
41.872367	26.580607
41.871988	26.580560
41.871769	26.580384
41.871716	26.580011
41.871079	26.579323
41.870238	26.578480
41.869816	26.577930
41.869861	26.577249
41.869925	26.576861
41.869764	26.575852
41.869642	26.575434
41.869274	26.575219
41.868771	26.575435
41.868420	26.575170
41.868250	26.574561
41.867755	26.573963
41.867795	26.572954
41.868095	26.570967
41.868174	26.570385
41.868440	26.569980
41.868932	26.569482
41.869245	26.569177
41.869265	26.568589
41.868142	26.567077
41.867078	26.566192
41.866600	26.565551
41.865276	26.564739
41.864795	26.564099
41.864072	26.563962
41.862814	26.563289
41.861502	26.563485
41.860408	26.562973
41.859888	26.563613
41.859000	26.563547
41.857583	26.562868
41.857120	26.562779
41.856684	26.562931
41.856051	26.562702
41.855462	26.563316
41.855002	26.564307
41.854659	26.564120
41.854118	26.563724
41.853243	26.562406
41.852599	26.561319
41.849219	26.556069
41.848227	26.552484
41.845001	26.550717
41.840579	26.548176
41.836998	26.546139
41.834764	26.544925
41.833479	26.544162
41.831907	26.543245
41.828627	26.541438
41.824991	26.539251
41.823490	26.538460
41.823455	26.535937
41.823423	26.530668
41.823420	26.526769
41.823340	26.518700
41.823366	26.513774
41.823307	26.511474
41.823346	26.507248
41.823319	26.502458
41.823280	26.497612
41.823252	26.491834
41.823230	26.486376
41.823209	26.482668
41.823195	26.477574
41.823205	26.472698
41.823174	26.467939
41.823082	26.465096
41.823057	26.462068
41.823013	26.455817
41.823017	26.453305
41.822988	26.450620
41.822969	26.445856
41.822926	26.441607
41.822992	26.436542
41.822932	26.432781
41.822872	26.430519
41.822826	26.425233
41.822841	26.423870
41.822918	26.416573
41.822734	26.408542
41.822755	26.399107
41.822785	26.390592
41.822782	26.387391
41.822558	26.383072
41.822549	26.378763
41.820751	26.368937
41.820068	26.368999
41.817219	26.367833
41.816411	26.366729
41.814721	26.365386
41.813470	26.364440
41.811799	26.363622
41.809045	26.363137
41.808256	26.362551
41.806966	26.360607
41.806091	26.359663
41.802851	26.357669
41.800801	26.355848
41.800161	26.355086
41.799021	26.353934
41.797914	26.353617
41.795875	26.352056
41.794610	26.351870
41.790501	26.349822
41.788999	26.347778
41.787690	26.347831
41.786865	26.346164
41.784093	26.345298
41.782778	26.343889
41.778889	26.341944
41.775543	26.340025
41.771648	26.338651
41.769419	26.337307
41.768305	26.337980
41.764766	26.336703
41.764291	26.336080
41.762534	26.334928
41.761502	26.333769
41.758416	26.331926
41.754590	26.331611
41.751904	26.329511
41.749172	26.330159
41.745391	26.330538
41.744227	26.330433
41.742555	26.330737
41.741427	26.329563
41.739023	26.329686
41.738001	26.329623
41.737302	26.329167
41.736905	26.329635
41.736208	26.329223
41.735289	26.329988
41.719427	26.350326
41.713911	26.357450
41.713753	26.357651
41.711128	26.357961
41.711092	26.355887
41.711169	26.355363
41.711140	26.353843
41.711188	26.353268
41.711258	26.347198
41.711800	26.346642
41.712474	26.345554
41.712710	26.344787
41.712825	26.343663
41.712809	26.342845
41.713924	26.339584
41.715282	26.335873
41.715535	26.334566
41.714987	26.332474
41.714760	26.331052
41.714784	26.329407
41.715022	26.328720
41.715285	26.326659
41.715261	26.325254
41.714808	26.323608
41.713520	26.321532
41.712685	26.319519
41.711803	26.317810
41.710026	26.315702
41.709013	26.313513
41.708607	26.311724
41.708846	26.310670
41.709656	26.308514
41.709847	26.307507
41.709776	26.305670
41.709060	26.303753
41.709072	26.302763
41.709406	26.299137
41.709823	26.297620
41.710551	26.296182
41.710598	26.294697
41.710169	26.293786
41.711064	26.287045
41.711469	26.284857
41.712721	26.282237
41.712757	26.279586
41.713305	26.277110
41.714140	26.275145
41.715459	26.272582
41.716128	26.270881
41.716167	26.269317
41.716597	26.267433
41.719163	26.259539
41.720384	26.258389
41.721214	26.256587
41.721939	26.254772
41.722892	26.252689
41.723045	26.251309
41.723112	26.249559
41.724132	26.247833
41.725296	26.246428
41.726221	26.245725
41.728125	26.244073
41.729672	26.241922
41.732265	26.239076
41.732897	26.238677
41.734476	26.237497
41.736192	26.236597
41.737581	26.235534
41.738824	26.234246
41.739625	26.232825
41.740151	26.231158
41.740236	26.229814
41.740221	26.227156
41.740282	26.226665
41.740122	26.226578
41.739982	26.226502
41.739501	26.225836
41.738938	26.225358
41.737515	26.223834
41.736170	26.221572
41.734863	26.219130
41.731935	26.214434
41.731921	26.214256
41.732126	26.213553
41.732208	26.213362
41.732651	26.212330
41.732672	26.212074
41.732696	26.211770
41.732684	26.211271
41.732816	26.210802
41.732914	26.210618
41.733094	26.210231
41.733285	26.209679
41.733371	26.209401
41.733449	26.209119
41.733508	26.208835
41.733568	26.208550
41.733610	26.208258
41.733624	26.207961
41.733630	26.207660
41.733590	26.206445
41.733578	26.206144
41.733566	26.205844
41.733545	26.205545
41.733514	26.205246
41.733475	26.204950
41.733427	26.204655
41.733378	26.204363
41.733330	26.204067
41.733299	26.203772
41.733278	26.203471
41.733275	26.203167
41.733290	26.202867
41.733322	26.202572
41.733382	26.202283
41.734705	26.196232
41.735797	26.192340
41.739199	26.182531
41.739294	26.182260
41.739407	26.181999
41.739520	26.181744
41.739642	26.181493
41.739773	26.181248
41.739903	26.181008
41.740043	26.180771
41.740479	26.180073
41.740776	26.179614
41.740921	26.179383
41.741060	26.179146
41.741267	26.178854
41.741379	26.178723
41.741702	26.178301
41.742025	26.177883
41.742191	26.177669
41.742357	26.177457
41.742523	26.177254
41.742707	26.177076
41.742889	26.176929
41.743098	26.176836
41.743324	26.176791
41.743785	26.176745
41.744010	26.176729
41.744235	26.176721
41.745564	26.176469
41.747337	26.176086
41.747554	26.176022
41.748429	26.175498
41.748443	26.175198
41.748886	26.173682
41.748759	26.172493
41.748633	26.171032
41.748342	26.169454
41.747644	26.166541
41.745240	26.161322
41.743671	26.157467
41.740520	26.150225
41.738149	26.146960
41.737963	26.146788
41.737796	26.146581
41.737647	26.146360
41.737507	26.146124
41.737386	26.145870
41.735244	26.140935
41.735168	26.140662
41.735147	26.140367
41.735161	26.139982
41.735158	26.139757
41.735060	26.138258
41.735020	26.137964
41.733046	26.129359
41.732961	26.129088
41.730372	26.122978
41.730260	26.122727
41.730092	26.122524
41.727628	26.119910
41.726706	26.119096
41.725895	26.117658
41.725466	26.117156
41.724829	26.117129
41.724292	26.116975
41.723615	26.117005
41.722954	26.116604
41.722284	26.116117
41.721674	26.115853
41.720531	26.115500
41.719623	26.115092
41.718408	26.114133
41.717635	26.113854
41.716409	26.113707
41.715447	26.114013
41.714800	26.113950
41.714251	26.113604
41.713659	26.112689
41.713354	26.111109
41.713509	26.110427
41.713509	26.110390
41.713516	26.110335
41.713581	26.109882
41.713581	26.109818
41.713451	26.109411
41.713275	26.108940
41.713276	26.108877
41.713299	26.108534
41.713602	26.108198
41.713820	26.107590
41.713678	26.107009
41.713709	26.106507
41.713722	26.106498
41.713794	26.105706
41.714023	26.105110
41.714337	26.104831
41.714411	26.104396
41.714243	26.104057
41.713972	26.103899
41.713952	26.103890
41.713842	26.103495
41.713699	26.103165
41.713532	26.102750
41.713339	26.102519
41.713170	26.102418
41.713575	26.101292
41.714252	26.098623
41.714615	26.096114
41.715093	26.094029
41.716816	26.089153
41.716914	26.085905
41.716562	26.084172
41.716067	26.082767
41.715363	26.081086
41.713643	26.079691
41.712201	26.078861
41.712193	26.078557
41.712136	26.077987
41.711862	26.076691
41.711483	26.075592
41.710062	26.074175
41.710215	26.073197
41.710328	26.072160
41.709710	26.070608
41.709157	26.070187
41.708125	26.070413
41.706914	26.068372
41.706338	26.067713
41.705449	26.068155
41.705030	26.068430
41.704113	26.068584
41.703926	26.068479
41.701483	26.068518
41.699712	26.069847
41.698475	26.067871
41.699112	26.066006
41.699245	26.065082
41.699498	26.063956
41.699505	26.062835
41.699053	26.062046
41.698570	26.060965
41.696650	26.061599
41.693859	26.063173
41.691502	26.061738
41.688606	26.060365
41.687819	26.060576
41.686133	26.062748
41.684124	26.064664
41.683658	26.065826
41.679316	26.065823
41.677815	26.065512
41.676944	26.065506
41.676618	26.066506
41.676076	26.067492
41.674758	26.067628
41.672401	26.068633
41.669875	26.066425
41.667260	26.064694
41.662425	26.064255
41.660903	26.065744
41.657305	26.068802
41.656044	26.070114
41.655066	26.070546
41.653658	26.071117
41.653416	26.071047
41.652934	26.069888
41.651726	26.069398
41.650600	26.070573
41.649047	26.071883
41.647318	26.073485
41.642436	26.080794
41.642288	26.081016
41.642175	26.081271
41.642071	26.081542
41.641759	26.082375
41.641699	26.082655
41.641740	26.082924
41.641834	26.083193
41.641955	26.083457
41.642076	26.083719
41.642450	26.084482
41.642675	26.084947
41.642936	26.085443
41.643076	26.085689
41.643206	26.085938
41.643310	26.086195
41.643368	26.086473
41.643362	26.086776
41.642916	26.090053
41.641636	26.091051
41.640842	26.091388
41.639892	26.091400
41.639014	26.092287
41.637434	26.092534
41.635546	26.093757
41.635038	26.092960
41.634814	26.092770
41.633655	26.092582
41.632599	26.092356
41.631638	26.091542
41.626822	26.094213
41.626782	26.095172
41.626597	26.097655
41.626710	26.098863
41.627144	26.101435
41.627301	26.102299
41.627325	26.102916
41.627287	26.103674
41.627388	26.104844
41.627136	26.107666
41.626101	26.108999
41.625324	26.109318
41.624963	26.110686
41.625577	26.112692
41.625580	26.113102
41.625550	26.113416
41.625345	26.114637
41.625445	26.115539
41.625346	26.116315
41.624761	26.117629
41.624572	26.118064
41.624253	26.118735
41.624083	26.119060
41.623939	26.119334
41.623916	26.119649
41.623960	26.119991
41.624018	26.120268
41.624143	26.120680
41.624452	26.121064
41.625911	26.122006
41.626841	26.122293
41.628772	26.122013
41.631242	26.123249
41.630612	26.124519
41.630251	26.126264
41.630106	26.128788
41.631751	26.130639
41.632850	26.135953
41.632556	26.137522
41.632329	26.138013
41.631784	26.138669
41.629389	26.137500
41.628434	26.137994
41.619593	26.138840
41.619368	26.138798
41.619144	26.138735
41.618930	26.138647
41.618750	26.138600
41.618561	26.138386
41.617885	26.137706
41.617499	26.137400
41.617258	26.137286
41.617024	26.137205
41.616545	26.137054
41.616212	26.137321
41.615996	26.137455
41.614846	26.138002
41.613590	26.138359
41.607849	26.143850
41.607508	26.144258
41.607342	26.144461
41.607176	26.144665
41.607019	26.144877
41.608082	26.145740
41.606714	26.145320
41.606574	26.145554
41.606435	26.145794
41.606304	26.146040
41.606173	26.146291
41.606060	26.146551
41.605956	26.146815
41.605888	26.147095
41.605846	26.147399
41.605849	26.147702
41.605889	26.147992
41.605965	26.148276
41.606059	26.148555
41.606162	26.148826
41.606274	26.149084
41.606395	26.149340
41.606508	26.149598
41.606602	26.149869
41.606695	26.150164
41.606753	26.150459
41.606721	26.150735
41.606625	26.151002
41.607401	26.151632
41.606398	26.152631
41.605612	26.153997
41.603744	26.153895
41.602758	26.153557
41.601399	26.151193
41.600797	26.151083
41.600573	26.151024
41.600349	26.150969
41.600124	26.150923
41.599909	26.150882
41.599684	26.150843
41.599460	26.150807
41.599235	26.150772
41.596282	26.150063
41.592751	26.149769
41.592078	26.149675
41.591628	26.149627
41.588715	26.149369
41.586692	26.149200
41.584852	26.149007
41.582216	26.148918
41.578836	26.148629
41.576621	26.148424
41.576306	26.148459
41.573623	26.148155
41.569235	26.148041
41.565748	26.147941
41.561243	26.147786
41.558604	26.147669
41.555416	26.147441
41.554505	26.147387
41.554128	26.149772
41.553698	26.152332
41.553460	26.153840
41.553048	26.159308
41.553048	26.160078
41.553273	26.162740
41.553466	26.164284
41.554496	26.176779
41.552377	26.178568
41.552034	26.178742
41.550413	26.178946
41.548716	26.179214
41.548214	26.179295
41.547744	26.179446
41.547117	26.179558
41.546561	26.179707
41.545983	26.179925
41.544661	26.180429
41.542681	26.181199
41.542183	26.181272
41.540914	26.181790
41.539666	26.181704
41.538262	26.182274
41.535653	26.182472
41.532216	26.182843
41.530306	26.183584
41.529707	26.183861
41.526310	26.183824
41.525850	26.183177
41.525344	26.181706
41.525240	26.181675
41.524571	26.181890
41.524329	26.181960
41.523808	26.182233
41.523411	26.182471
41.523174	26.182639
41.523028	26.182737
41.522871	26.182812
41.522633	26.182921
41.522080	26.183356
41.521735	26.183657
41.521352	26.183881
41.520959	26.183779
41.520551	26.183650
41.520144	26.183563
41.519992	26.183560
41.519844	26.183607
41.519477	26.183808
41.518966	26.183914
41.518537	26.183749
41.518311	26.183556
41.518019	26.183397
41.517800	26.183069
41.517763	26.182302
41.517731	26.181644
41.517067	26.180638
41.516383	26.179882
41.515142	26.178998
41.513215	26.178074
41.509634	26.175825
41.503432	26.171989
41.503122	26.171860
41.502953	26.171909
41.502783	26.172153
41.502609	26.172790
41.501397	26.173986
41.500737	26.174079
41.500252	26.173808
41.499793	26.173609
41.498804	26.172971
41.498230	26.173009
41.497125	26.172743
41.496973	26.172766
41.496682	26.172878
41.496416	26.172866
41.496167	26.172788
41.495952	26.172708
41.495774	26.172612
41.495497	26.172409
41.495221	26.172137
41.494794	26.171859
41.494653	26.171837
41.494495	26.171837
41.494235	26.171891
41.494050	26.171907
41.493905	26.171871
41.493738	26.171781
41.492273	26.170814
41.491661	26.169316
41.490573	26.163050
41.489344	26.160994
41.488062	26.158795
41.487504	26.156052
41.486576	26.153550
41.485749	26.153495
41.485394	26.153476
41.485130	26.153374
41.484931	26.153278
41.484646	26.153207
41.484371	26.153239
41.484114	26.153207
41.483755	26.153316
41.483158	26.153659
41.482924	26.153575
41.482469	26.153575
41.481985	26.153976
41.481196	26.154166
41.480552	26.154180
41.479458	26.154278
41.478919	26.154292
41.478307	26.154655
41.477611	26.154655
41.477265	26.154851
41.476643	26.154858
41.476219	26.154997
41.475614	26.154997
41.474971	26.155215
41.474695	26.155308
41.474460	26.155249
41.474087	26.155131
41.473739	26.155398
41.473684	26.155807
41.473595	26.156208
41.473520	26.156546
41.473355	26.156778
41.473103	26.156899
41.472715	26.157130
41.472458	26.157424
41.472200	26.157728
41.472033	26.158383
41.471701	26.158529
41.471505	26.158808
41.471406	26.159464
41.471160	26.160378
41.471013	26.160708
41.470710	26.161162
41.470450	26.161198
41.470254	26.161127
41.470014	26.161318
41.469851	26.161581
41.469656	26.162240
41.469527	26.162740
41.469374	26.163155
41.469144	26.163351
41.468951	26.163376
41.468644	26.163787
41.468438	26.164130
41.468356	26.164556
41.468222	26.164735
41.467927	26.165256
41.467637	26.165695
41.467281	26.166282
41.467061	26.166463
41.466685	26.166914
41.466585	26.167358
41.466500	26.167819
41.466344	26.168391
41.466263	26.169101
41.466067	26.169530
41.465898	26.170314
41.465706	26.170815
41.465258	26.171382
41.465021	26.171758
41.464925	26.172100
41.464694	26.172469
41.464180	26.173156
41.463794	26.174357
41.463279	26.174701
41.462765	26.175044
41.462122	26.176417
41.460707	26.177962
41.460063	26.178649
41.459163	26.179679
41.458134	26.180365
41.457303	26.180232
41.456613	26.180970
41.456149	26.181623
41.455657	26.182774
41.455191	26.183124
41.454645	26.183226
41.453945	26.183935
41.453245	26.184485
41.452859	26.185515
41.452087	26.186545
41.451815	26.186986
41.451540	26.187737
41.450953	26.188527
41.449900	26.189463
41.449434	26.189858
41.448443	26.189895
41.448158	26.190087
41.447972	26.190805
41.447409	26.191762
41.446753	26.192705
41.446020	26.192758
41.445552	26.192911
41.445023	26.193087
41.444436	26.193406
41.443939	26.193908
41.442730	26.194493
41.441996	26.194796
41.441328	26.195473
41.440866	26.196540
41.440445	26.197213
41.439979	26.197689
41.439480	26.197928
41.439300	26.198392
41.439222	26.198985
41.439008	26.199792
41.438760	26.200228
41.438392	26.201304
41.437256	26.200168
41.436828	26.199714
41.436554	26.199389
41.436334	26.199065
41.436040	26.198533
41.435881	26.198124
41.435759	26.197547
41.435741	26.196884
41.435828	26.196395
41.436026	26.195768
41.436246	26.195161
41.436658	26.194326
41.437098	26.193353
41.437359	26.192880
41.437579	26.192365
41.437760	26.192011
41.437906	26.191598
41.438035	26.191297
41.438094	26.191153
41.438212	26.190709
41.438281	26.190287
41.438366	26.189808
41.438425	26.189021
41.438417	26.188616
41.438313	26.188088
41.438195	26.187757
41.437941	26.187334
41.437629	26.186858
41.437203	26.186331
41.436505	26.185547
41.435770	26.184818
41.435133	26.184145
41.434567	26.183271
41.434018	26.182264
41.433879	26.181495
41.433927	26.180813
41.434050	26.180222
41.434295	26.179365
41.434449	26.178525
41.434443	26.177558
41.434291	26.176913
41.434103	26.176278
41.433907	26.175627
41.432359	26.173525
41.431746	26.172768
41.430557	26.171755
41.430136	26.171197
41.429694	26.170815
41.429247	26.170622
41.428942	26.170520
41.428648	26.170450
41.428280	26.170373
41.427861	26.170305
41.427378	26.170150
41.426359	26.169767
41.425848	26.169533
41.424857	26.168777
41.423886	26.167746
41.423677	26.167042
41.422659	26.163879
41.422556	26.163612
41.422237	26.162816
41.422125	26.162552
41.422013	26.162291
41.421789	26.161775
41.421676	26.161521
41.421546	26.161276
41.421406	26.161042
41.421257	26.160815
41.420950	26.160377
41.420634	26.159933
41.420459	26.159702
41.420281	26.159538
41.420075	26.159496
41.419858	26.159526
41.419641	26.159601
41.419414	26.159698
41.416208	26.161123
41.414970	26.161806
41.413984	26.162524
41.411942	26.163792
41.411733	26.163899
41.411524	26.163989
41.411307	26.164070
41.411080	26.164141
41.410863	26.164205
41.410637	26.164258
41.410420	26.164308
41.410194	26.164348
41.409968	26.164377
41.409743	26.164384
41.409518	26.164380
41.408393	26.164325
41.408168	26.164312
41.407943	26.164288
41.407719	26.164248
41.407494	26.164189
41.407280	26.164121
41.407065	26.164049
41.406841	26.163974
41.406626	26.163897
41.406412	26.163818
41.405974	26.163649
41.405759	26.163561
41.405545	26.163471
41.405330	26.163379
41.405116	26.163283
41.404902	26.163186
41.404687	26.163087
41.404268	26.162883
41.404054	26.162779
41.403634	26.162566
41.403420	26.162455
41.403001	26.162228
41.402796	26.162108
41.402591	26.161985
41.402386	26.161859
41.402182	26.161728
41.401986	26.161591
41.401791	26.161450
41.401595	26.161303
41.401409	26.161141
41.401233	26.160956
41.401065	26.160753
41.400907	26.160537
41.400442	26.159871
41.399986	26.159210
41.399837	26.158987
41.399689	26.158766
41.399233	26.158096
41.399065	26.157893
41.398889	26.157714
41.398694	26.157555
41.398489	26.157413
41.398284	26.157296
41.398060	26.157213
41.397845	26.157168
41.397620	26.157149
41.397395	26.157149
41.397170	26.157167
41.396944	26.157201
41.396718	26.157247
41.396501	26.157305
41.396274	26.157388
41.396065	26.157504
41.395864	26.157647
41.395689	26.157827
41.395384	26.158331
41.395192	26.158546
41.394923	26.158797
41.394714	26.158895
41.394488	26.158979
41.394261	26.159050
41.394035	26.159108
41.393809	26.159152
41.393583	26.159177
41.393367	26.159187
41.393142	26.159183
41.392917	26.159167
41.392692	26.159141
41.392459	26.159103
41.392097	26.158908
41.391649	26.158594
41.391334	26.158428
41.391111	26.158347
41.390742	26.158427
41.390392	26.158290
41.390069	26.158090
41.389731	26.157666
41.389437	26.157326
41.389247	26.156867
41.389086	26.156360
41.388666	26.154155
41.388527	26.153664
41.388337	26.153093
41.388060	26.152577
41.386999	26.151888
41.386423	26.151627
41.386185	26.151624
41.385990	26.151468
41.385794	26.151312
41.385599	26.151165
41.385404	26.151021
41.385062	26.150940
41.384866	26.150806
41.384670	26.150679
41.384474	26.150562
41.384268	26.150493
41.384044	26.150471
41.383818	26.150488
41.383583	26.150531
41.382830	26.150142
41.382184	26.150224
41.381521	26.150220
41.380911	26.149986
41.379765	26.149308
41.378864	26.148718
41.378200	26.148137
41.377258	26.146887
41.376487	26.145737
41.376032	26.145201
41.375596	26.144386
41.375390	26.143648
41.375289	26.143178
41.375244	26.142263
41.375230	26.141629
41.375378	26.141012
41.375710	26.140283
41.376398	26.139040
41.375660	26.137006
41.375354	26.136389
41.374920	26.135959
41.371197	26.136729
41.368552	26.137090
41.365850	26.136595
41.362040	26.134154
41.361835	26.134031
41.361621	26.133923
41.361407	26.133832
41.356995	26.132295
41.356771	26.132232
41.356546	26.132201
41.356330	26.132214
41.356104	26.132279
41.355886	26.132361
41.355669	26.132417
41.355434	26.132421
41.355201	26.132374
41.355015	26.132219
41.354875	26.131997
41.354744	26.131759
41.354614	26.131506
41.354492	26.131245
41.354380	26.130976
41.354277	26.130704
41.354183	26.130430
41.354107	26.130160
41.354068	26.129865
41.354091	26.129556
41.354877	26.125574
41.354936	26.125289
41.355013	26.125008
41.355099	26.124730
41.355643	26.123075
41.355738	26.122802
41.355842	26.122535
41.355946	26.122276
41.356068	26.122027
41.356307	26.121702
41.355956	26.120023
41.355298	26.118072
41.353877	26.115497
41.353641	26.115020
41.353547	26.114765
41.353396	26.114432
41.353181	26.113842
41.353016	26.113297
41.352951	26.112856
41.353048	26.112511
41.353194	26.112160
41.353441	26.111779
41.353848	26.111317
41.354254	26.110958
41.354868	26.110441
41.355080	26.110290
41.355713	26.109891
41.356213	26.109454
41.356605	26.109158
41.356954	26.108827
41.357191	26.108456
41.357314	26.108196
41.357405	26.107899
41.357428	26.107592
41.357417	26.107187
41.357247	26.106630
41.357040	26.106164
41.356610	26.105486
41.356433	26.105299
41.356247	26.105124
41.356061	26.104953
41.355875	26.104786
41.355689	26.104622
41.355494	26.104466
41.355298	26.104312
41.355103	26.104155
41.354917	26.103989
41.354740	26.103808
41.354414	26.103397
41.354256	26.103175
41.354107	26.102945
41.353958	26.102704
41.353837	26.102458
41.353724	26.102200
41.353639	26.101935
41.353555	26.101639
41.353479	26.101320
41.353422	26.100991
41.353323	26.100697
41.353316	26.100424
41.353315	26.100110
41.353355	26.099885
41.353418	26.099691
41.353579	26.099427
41.353758	26.099212
41.353975	26.099107
41.354309	26.099022
41.354619	26.099165
41.354925	26.099571
41.355078	26.099907
41.355322	26.100253
41.355629	26.100488
41.356067	26.100786
41.356366	26.100826
41.356586	26.100732
41.356725	26.100394
41.356736	26.099998
41.356537	26.099155
41.356273	26.098725
41.355978	26.098361
41.355444	26.097650
41.354341	26.096490
41.352844	26.094834
41.352538	26.094626
41.351742	26.093878
41.351395	26.093218
41.351175	26.092672
41.350816	26.092174
41.350417	26.091872
41.349915	26.091488
41.349579	26.091242
41.349340	26.091146
41.349000	26.091337
41.348798	26.091713
41.348612	26.092335
41.348601	26.092614
41.348240	26.093069
41.348014	26.093113
41.347780	26.093102
41.347546	26.093087
41.347313	26.093054
41.347098	26.092976
41.346939	26.092802
41.346845	26.092511
41.346806	26.092210
41.346787	26.088255
41.346746	26.087068
41.346508	26.083793
41.346465	26.083199
41.346425	26.082903
41.346385	26.082611
41.346336	26.082323
41.346251	26.082043
41.346166	26.081765
41.346072	26.081487
41.346005	26.081206
41.345957	26.080916
41.345944	26.080617
41.345949	26.080315
41.345964	26.080014
41.346005	26.079722
41.346055	26.079433
41.346902	26.075438
41.346979	26.075154
41.347065	26.074876
41.347160	26.074602
41.347255	26.074335
41.347359	26.074072
41.347472	26.073813
41.347585	26.073554
41.347706	26.073300
41.347828	26.073047
41.347950	26.072795
41.348071	26.072545
41.348202	26.072301
41.348332	26.072060
41.348472	26.071821
41.348602	26.071580
41.348732	26.071337
41.348863	26.071090
41.348985	26.070837
41.349106	26.070580
41.349228	26.070322
41.349332	26.070057
41.349436	26.069788
41.349504	26.069512
41.349563	26.069226
41.349613	26.068925
41.349646	26.068617
41.349661	26.068307
41.349657	26.068005
41.349626	26.067717
41.349559	26.067448
41.349455	26.067192
41.349334	26.066945
41.349194	26.066703
41.349045	26.066466
41.348896	26.066228
41.348757	26.065989
41.348346	26.065265
41.348216	26.065021
41.348094	26.064770
41.348000	26.064505
41.347914	26.064230
41.347829	26.063949
41.347754	26.063662
41.347687	26.063372
41.347638	26.063079
41.347598	26.062785
41.347567	26.062492
41.347329	26.059982
41.346794	26.054597
41.346674	26.053531
41.346652	26.053229
41.346640	26.052928
41.346636	26.052635
41.346650	26.052347
41.346898	26.052407
41.347133	26.051763
41.347614	26.049913
41.348272	26.048772
41.349736	26.044425
41.349813	26.044143
41.349958	26.043576
41.350027	26.043291
41.350154	26.042719
41.350213	26.042430
41.350263	26.042140
41.350313	26.041848
41.350355	26.041554
41.350428	26.040963
41.350460	26.040667
41.350581	26.039473
41.350627	26.038871
41.350633	26.038573
41.350629	26.038278
41.350607	26.037986
41.350567	26.037697
41.349685	26.032084
41.349626	26.031830
41.349531	26.031625
41.349352	26.031516
41.349128	26.031484
41.348867	26.031489
41.348614	26.031489
41.348381	26.031452
41.348156	26.031408
41.347941	26.031359
41.347717	26.031294
41.347484	26.031219
41.347243	26.031128
41.347093	26.030950
41.347052	26.030691
41.346544	26.027360
41.346566	26.027081
41.346626	26.026782
41.346733	26.025278
41.346426	26.021741
41.346395	26.021450
41.344565	26.012312
41.344507	26.012024
41.344449	26.011739
41.344373	26.011461
41.344260	26.011203
41.343531	26.009658
41.343400	26.009403
41.343269	26.009166
41.343120	26.008952
41.342960	26.008775
41.339125	26.004564
41.338939	26.004384
41.338734	26.004234
41.338529	26.004127
41.338323	26.004065
41.338099	26.004025
41.337883	26.004002
41.337658	26.003991
41.337433	26.003991
41.337198	26.003999
41.336288	26.004025
41.334550	26.004021
41.333866	26.003999
41.333641	26.003975
41.333426	26.003927
41.331981	26.003101
41.331785	26.002961
41.326974	25.998926
41.326218	25.997837
41.326087	25.997584
41.325993	25.997313
41.325953	25.997021
41.325958	25.996718
41.326203	25.993493
41.326226	25.993196
41.326394	25.992329
41.326454	25.992040
41.326521	25.991757
41.326580	25.991468
41.326613	25.991172
41.326627	25.990872
41.326614	25.990575
41.326529	25.990296
41.326416	25.990037
41.325956	25.989012
41.325816	25.988706
41.324334	25.985461
41.323195	25.983085
41.321598	25.980587
41.319384	25.977393
41.319216	25.977185
41.318890	25.976768
41.318731	25.976554
41.318591	25.976329
41.318451	25.976090
41.318311	25.975842
41.318199	25.975584
41.318113	25.975314
41.318064	25.975027
41.318060	25.974724
41.318066	25.974241
41.318110	25.970337
41.318150	25.966847
41.318173	25.966552
41.318507	25.963888
41.318557	25.963602
41.318643	25.963332
41.318755	25.963077
41.318876	25.962829
41.319016	25.962584
41.319285	25.962094
41.319398	25.961841
41.319744	25.961055
41.319857	25.960791
41.319969	25.960526
41.320064	25.960255
41.320150	25.959982
41.320227	25.959703
41.320285	25.959420
41.320317	25.959131
41.320349	25.958839
41.320372	25.958546
41.320618	25.952567
41.320064	25.949409
41.329518	25.955544
41.328744	25.947561
41.332354	25.943012
41.336478	25.944557
41.337509	25.938549
41.348271	25.939236
41.351814	25.935974
41.353167	25.933485
41.355036	25.933399
41.356002	25.931768
41.359288	25.936146
41.359223	25.938206
41.361994	25.938892
41.368307	25.943441
41.369724	25.948420
41.371141	25.944729
41.369981	25.941381
41.370368	25.936575
41.370497	25.931768
41.370174	25.928850
41.368435	25.926704
41.369724	25.919495
41.367340	25.917864
41.365923	25.914860
41.364506	25.908508
41.368886	25.906277
41.373008	25.905504
41.372493	25.913830
41.374876	25.917778
41.379127	25.919323
41.383764	25.916147
41.389688	25.919924
41.389882	25.913229
41.387821	25.907221
41.394067	25.898294
41.394840	25.890312
41.391427	25.876665
41.391620	25.866365
41.392908	25.859413
41.395677	25.851517
41.396385	25.845337
41.399862	25.837011
41.404111	25.839586
41.409390	25.829287
41.410226	25.826025
41.412093	25.822249
41.414861	25.820532
41.418401	25.821476
41.419624	25.819845
41.423228	25.821905
41.426575	25.820789
41.435713	25.819759
41.440410	25.823021
41.440989	25.826626
41.438544	25.829115
41.435777	25.828686
41.435906	25.831089
41.441182	25.837011
41.442984	25.835295
41.446136	25.834608
41.450961	25.842247
41.454564	25.851603
41.459195	25.859499
41.466142	25.869284
41.468200	25.869627
41.469101	25.868340
41.468264	25.864821
41.470323	25.864563
41.471094	25.861473
41.474760	25.862160
41.475081	25.853491
41.477011	25.855036
41.480676	25.852804
41.480162	25.849800
41.484020	25.848341
41.482991	25.844135
41.483955	25.841217
41.477718	25.835895
41.483441	25.828257
41.487556	25.823708
41.496428	25.821734
41.499964	25.815382
41.504592	25.815296
41.509284	25.810232
41.508192	25.800791
41.504656	25.791092
41.515326	25.792551
41.530363	25.757618
41.537623	25.759335
41.543212	25.763283
41.540707	25.771437
41.535824	25.779591
41.534411	25.783968
41.538779	25.789461
41.540064	25.785856
41.554710	25.784912
41.559270	25.789890
41.574811	25.791779
41.576994	25.793409
41.580332	25.791092
41.586111	25.788259
41.586688	25.793324
41.591824	25.797358
41.592851	25.807142
41.595419	25.816755
41.596831	25.823622
41.601709	25.830831
41.603057	25.836582
41.606586	25.834522
41.611432	25.837698
41.616020	25.837612
41.621410	25.832119
41.624554	25.827398
41.626478	25.828686
41.628596	25.830746
41.628788	25.837011
41.635203	25.832291
41.638731	25.832977
41.641105	25.835638
41.646717	25.840230
41.648449	25.835895
41.648705	25.831819
41.650212	25.828857
41.652521	25.823579
41.652393	25.820146
41.652329	25.816670
41.651848	25.814180
41.649731	25.807915
41.649058	25.803881
41.650148	25.800448
41.651303	25.799074
41.653291	25.798216
41.655215	25.797400
41.658774	25.794783
41.660473	25.791779
41.659960	25.790577
41.659030	25.788989
41.654189	25.781479
41.652072	25.778990
41.654189	25.776329
41.656016	25.775385
41.656561	25.773969
41.656177	25.771823
41.655471	25.769248
41.653611	25.767660
41.653900	25.761480
41.652040	25.758991
41.646364	25.756888
41.641746	25.754399
41.639501	25.751009
41.638731	25.748177
41.636165	25.746889
41.631482	25.748005
41.626222	25.746760
41.622148	25.743671
41.619164	25.735259
41.616822	25.728736
41.614031	25.722642
41.611368	25.719338
41.610758	25.716548
41.610373	25.712986
41.611528	25.709510
41.615186	25.704017
41.617560	25.704017
41.618362	25.703630
41.619132	25.702729
41.620191	25.699253
41.621025	25.697107
41.620896	25.695133
41.621281	25.691915
41.622340	25.689511
41.623784	25.683203
41.624522	25.679684
41.624778	25.676508
41.624490	25.673761
41.623880	25.672174
41.621602	25.668354
41.618939	25.665865
41.616726	25.663118
41.614961	25.661359
41.613132	25.658483
41.610950	25.655565
41.609153	25.651960
41.608480	25.649300
41.608704	25.646038
41.609795	25.645137
41.610309	25.644364
41.610373	25.642605
41.610597	25.642090
41.611881	25.640717
41.612683	25.641918
41.612940	25.642819
41.614159	25.644493
41.615186	25.644922
41.617047	25.643978
41.618972	25.642519
41.620640	25.642777
41.620511	25.640931
41.623688	25.622220
41.622019	25.614109
41.621602	25.605397
41.626960	25.598917
41.639822	25.597029
41.646685	25.606298
41.647679	25.610118
41.647711	25.612049
41.651431	25.614753
41.654413	25.618100
41.655247	25.621405
41.656850	25.624151
41.658197	25.624795
41.659543	25.629087
41.662397	25.633206
41.666981	25.634580
41.670764	25.636682
41.675797	25.641961
41.678361	25.643592
41.681214	25.642562
41.683489	25.642519
41.685541	25.643206
41.685637	25.644064
41.686662	25.644836
41.686694	25.645909
41.688585	25.646167
41.688842	25.645566
41.690412	25.646381
41.692591	25.645738
41.696244	25.642948
41.697013	25.642047
41.697494	25.639772
41.697398	25.638356
41.697590	25.637927
41.698744	25.637412
41.699513	25.636468
41.700890	25.635610
41.702653	25.633850
41.703358	25.633593
41.705056	25.633636
41.704960	25.632477
41.708035	25.632005
41.708131	25.632563
41.708676	25.632734
41.708484	25.634322
41.710951	25.635738
41.711655	25.635738
41.712713	25.634794
41.713674	25.633035
41.715980	25.631962
41.716877	25.632262
41.717454	25.631962
41.719824	25.632091
41.722963	25.632091
41.724309	25.632992
41.725494	25.635138
41.727992	25.636511
41.728729	25.636511
41.731003	25.636039
41.732156	25.630846
41.731579	25.628915
41.733084	25.625954
41.733885	25.621448
41.735582	25.617499
41.738625	25.613551
41.738817	25.611491
41.740194	25.607414
41.740482	25.605655
41.742723	25.604067
41.746502	25.604196
41.748135	25.597372
41.748903	25.593381
41.748423	25.592609
41.748743	25.591364
41.750184	25.592051
41.750024	25.593896
41.750600	25.596299
41.751721	25.597630
41.753129	25.598059
41.753994	25.597372
41.754282	25.596042
41.755242	25.595098
41.756491	25.594497
41.757707	25.596643
41.759500	25.597587
41.761069	25.591793
41.761549	25.591235
41.761229	25.589390
41.760525	25.587030
41.758540	25.579519
41.757707	25.574970
41.757547	25.567889
41.757035	25.564456
41.756331	25.562954
41.757739	25.554843
41.757739	25.549135
41.758508	25.546646
41.760332	25.542440
41.757964	25.540724
41.755626	25.543428
41.753898	25.541453
41.756875	25.537891
41.756523	25.535660
41.756107	25.533171
41.756843	25.531325
41.756331	25.530939
41.756203	25.530338
41.756523	25.529437
41.757003	25.529609
41.757195	25.528750
41.757451	25.526905
41.759308	25.520768
41.763213	25.516820
41.764494	25.515447
41.765870	25.514846
41.765934	25.512056
41.768463	25.509610
41.768943	25.506005
41.767119	25.498710
41.767247	25.493388
41.762669	25.486307
41.766638	25.481629
41.766831	25.477681
41.769199	25.476480
41.770640	25.470257
41.772496	25.468969
41.775472	25.464764
41.778993	25.461845
41.780721	25.459743
41.783729	25.458755
41.782289	25.456824
41.785169	25.451503
41.789617	25.452189
41.789681	25.438457
41.791345	25.432363
41.794608	25.425754
41.795952	25.419660
41.788977	25.415626
41.786481	25.408502
41.788273	25.406828
41.793712	25.396743
41.800943	25.391936
41.807501	25.390563
41.809932	25.388718
41.815146	25.385714
41.820199	25.390306
41.827235	25.392022
41.831840	25.392451
41.831008	25.384469
41.831712	25.383139
41.835741	25.380135
41.839737	25.377431
41.841975	25.374942
41.841960	25.367528
41.841879	25.365887
41.841592	25.356960
41.838978	25.357518
41.838291	25.353870
41.836532	25.352422
41.833095	25.355823
41.831592	25.354385
41.830497	25.346950
41.828514	25.347186
41.827427	25.356520
41.825244	25.354074
41.823581	25.352250
41.820911	25.349944
41.818680	25.345920
41.817401	25.343968
41.816929	25.342433
41.816905	25.340298
41.816153	25.337584
41.816073	25.331469
41.817825	25.327456
41.818472	25.324967
41.821215	25.324302
41.822758	25.319935
41.822678	25.315880
41.821271	25.313541
41.817944	25.313058
41.815738	25.312822
41.813674	25.311459
41.810916	25.311449
41.808525	25.310483
41.807045	25.310290
41.806493	25.308895
41.804926	25.305494
41.799815	25.302919
41.800111	25.298456
41.804918	25.291504
41.810204	25.289229
41.812291	25.287770
41.814202	25.285946
41.818008	25.277556
41.822078	25.277438
41.822014	25.276097
41.818632	25.275013
41.819184	25.270164
41.821415	25.267782
41.822142	25.265454
41.823237	25.264295
41.823189	25.261227
41.825652	25.259038
41.828626	25.252483
41.833518	25.256184
41.834478	25.254693
41.831104	25.245305
41.832703	25.241990
41.832663	25.239211
41.834462	25.238267
41.835069	25.234265
41.837531	25.231454
41.840713	25.229813
41.844429	25.231540
41.848106	25.234180
41.848825	25.237827
41.850479	25.238364
41.851334	25.234941
41.852893	25.233718
41.853332	25.232484
41.854459	25.231530
41.855082	25.228461
41.856425	25.225371
41.859046	25.225596
41.860980	25.225832
41.862498	25.223386
41.865630	25.216488
41.867412	25.214910
41.869617	25.213634
41.874218	25.212851
41.875401	25.212529
41.877693	25.213698
41.878149	25.215490
41.879315	25.214814
41.879739	25.213612
41.882271	25.214460
41.883653	25.214127
41.886113	25.212497
41.889116	25.214245
41.891871	25.214782
41.893541	25.218108
41.895649	25.218247
41.896999	25.226208
41.899131	25.231390
