42.787373	-123.742306
42.786735	-123.74119
42.784235	-123.74009
42.783335	-123.73939
42.782435	-123.73799
42.781535	-123.73519
42.780035	-123.73229
42.779635	-123.73009
42.780135	-123.727589
42.783035	-123.724389
42.784103	-123.722112
42.783596	-123.718995
42.785084	-123.716667
42.785149	-123.716192
42.784228	-123.71619
42.783059	-123.717567
42.782527	-123.719077
42.780911	-123.72034
42.77747	-123.720119
42.776661	-123.721557
42.775141	-123.722426
42.774115	-123.725276
42.773809	-123.727794
42.772849	-123.729492
42.771115	-123.730022
42.769682	-123.73146
42.768945	-123.733021
42.765701	-123.734322
42.765345	-123.734985
42.764703	-123.735428
42.762842	-123.735183
42.760655	-123.736506
42.759769	-123.736595
42.757294	-123.737944
42.756712	-123.737676
42.753118	-123.737502
42.750714	-123.740068
42.749929	-123.740288
42.749222	-123.741189
42.747987	-123.741852
42.746692	-123.744097
42.745262	-123.744552
42.744741	-123.74584
42.744099	-123.745777
42.742576	-123.747579
42.742252	-123.748383
42.742296	-123.749154
42.74195	-123.749597
42.741075	-123.749645
42.738222	-123.751628
42.737632	-123.751643
42.735736	-123.752868
42.735051	-123.753688
42.734414	-123.753937
42.734249	-123.753546
42.733692	-123.753487
42.733141	-123.753867
42.733149	-123.754168
42.732339	-123.7545
42.732197	-123.755274
42.731755	-123.755423
42.731283	-123.754809
42.730852	-123.755568
42.729115	-123.756302
42.728454	-123.755982
42.728111	-123.756231
42.726585	-123.754951
42.725927	-123.75478
42.724374	-123.755167
42.723882	-123.755785
42.722458	-123.756317
42.721803	-123.756902
42.720554	-123.757282
42.720145	-123.758156
42.718362	-123.75921
42.717736	-123.759217
42.717138	-123.760665
42.716466	-123.76113
42.715958	-123.761011
42.715028	-123.762886
42.71426	-123.763329
42.713612	-123.764501
42.710926	-123.765428
42.710673	-123.766012
42.709109	-123.766875
42.708793	-123.767969
42.708063	-123.769127
42.707317	-123.769495
42.706595	-123.768587
42.705887	-123.768524
42.704438	-123.771243
42.704493	-123.772341
42.702858	-123.773833
42.701993	-123.774149
42.701735	-123.773728
42.700835	-123.773717
42.700399	-123.774663
42.632561	-123.831763
42.625559	-123.829816
42.625339	-123.828568
42.624543	-123.827158
42.624323	-123.827161
42.622398	-123.824264
42.621925	-123.824321
42.621293	-123.823239
42.620925	-123.823096
42.619743	-123.821526
42.618348	-123.820754
42.617911	-123.82081
42.615779	-123.819849
42.614786	-123.818972
42.614386	-123.819424
42.612446	-123.819403
42.611139	-123.82086
42.60913	-123.821583
42.607575	-123.824234
42.607046	-123.827067
42.606651	-123.828064
42.606107	-123.828618
42.604497	-123.828393
42.601793	-123.829275
42.601057	-123.828889
42.599452	-123.82926
42.598105	-123.830469
42.596244	-123.830695
42.595577	-123.830109
42.595067	-123.830315
42.593151	-123.833118
42.592718	-123.834413
42.591633	-123.835668
42.59149	-123.836711
42.590113	-123.838515
42.588961	-123.84086
42.587723	-123.841423
42.587515	-123.84331
42.5869	-123.844359
42.586799	-123.845253
42.586325	-123.845904
42.586258	-123.846549
42.585642	-123.847053
42.584738	-123.848652
42.584192	-123.848858
42.583718	-123.849558
42.582587	-123.849723
42.581966	-123.850178
42.581051	-123.849745
42.580923	-123.849973
42.579542	-123.849517
42.578622	-123.849599
42.57809	-123.850134
42.574759	-123.849984
42.573592	-123.850644
42.572142	-123.852449
42.571415	-123.852756
42.570941	-123.853456
42.569663	-123.853474
42.566828	-123.85619
42.566509	-123.857235
42.565058	-123.858642
42.564143	-123.858754
42.563708	-123.859702
42.563091	-123.860305
42.562025	-123.859577
42.561374	-123.860577
42.560353	-123.860987
42.558774	-123.860168
42.557528	-123.859937
42.557088	-123.85925
42.555877	-123.859168
42.554918	-123.857894
42.554478	-123.857752
42.553775	-123.856672
42.552635	-123.856143
42.551786	-123.855214
42.550358	-123.85469
42.549736	-123.854798
42.549121	-123.855797
42.54872	-123.855852
42.546875	-123.858651
42.546774	-123.859495
42.545242	-123.860259
42.544375	-123.861708
42.543315	-123.86202
42.542738	-123.863216
42.542232	-123.863521
42.542134	-123.865156
42.540313	-123.865974
42.539031	-123.865843
42.536892	-123.868201
42.536341	-123.868406
42.535158	-123.871196
42.534865	-123.871249
42.534495	-123.87071
42.534203	-123.870714
42.533372	-123.872161
42.531954	-123.87327
42.531188	-123.87338
42.530715	-123.873931
42.530506	-123.874776
42.529887	-123.875131
42.528675	-123.874554
42.528384	-123.874954
42.528352	-123.875598
42.527805	-123.875902
42.526488	-123.875574
42.525832	-123.876029
42.525565	-123.877402
42.524647	-123.878488
42.523741	-123.878523
42.522885	-123.87914
42.522047	-123.879224
42.519959	-123.878426
42.517482	-123.87671
42.516948	-123.876003
42.516184	-123.87694
42.515706	-123.877015
42.514814	-123.876505
42.513465	-123.875111
42.512992	-123.875662
42.51279	-123.877937
42.512292	-123.87945
42.511588	-123.880309
42.510092	-123.879735
42.509539	-123.880228
42.508554	-123.884269
42.507973	-123.885398
42.507413	-123.88557
42.506279	-123.884898
42.505796	-123.886221
42.504233	-123.885746
42.504067	-123.886253
42.503282	-123.887002
42.502976	-123.888667
42.502486	-123.889219
42.50165	-123.889543
42.500538	-123.890657
42.50012	-123.892325
42.500007	-123.894069
42.498997	-123.89549
42.498852	-123.896719
42.499058	-123.897998
42.498404	-123.900969
42.49954	-123.902536
42.499165	-123.904993
42.49712	-123.907395
42.496903	-123.908023
42.497504	-123.910079
42.497435	-123.910798
42.496146	-123.913158
42.495396	-123.915768
42.495845	-123.917596
42.49484	-123.918878
42.494726	-123.920658
42.495021	-123.923228
42.494901	-123.92472
42.494335	-123.92617
42.494747	-123.928727
42.496311	-123.929695
42.496074	-123.933305
42.497079	-123.934826
42.498329	-123.935061
42.500293	-123.93669
42.50113	-123.938921
42.500867	-123.941841
42.501312	-123.943052
42.501305	-123.946063
42.500474	-123.947539
42.500271	-123.948621
42.500487	-123.949711
42.499339	-123.952412
42.498797	-123.956422
42.498238	-123.958133
42.498816	-123.961176
42.497958	-123.962014
42.497319	-123.964007
42.497228	-123.967916
42.495969	-123.969298
42.49531	-123.972683
42.496128	-123.973948
42.496704	-123.976029
42.49756	-123.9776
42.497167	-123.981442
42.498229	-123.986202
42.49877	-123.98672
42.49971	-123.986761
42.501544	-123.987687
42.501979	-123.988481
42.501621	-123.990256
42.501104	-123.991242
42.499411	-123.993266
42.499833	-123.993424
42.500806	-123.995407
42.500694	-123.997493
42.499926	-123.998794
42.497698	-124.00019
42.496874	-124.001195
42.496712	-124.003333
42.496918	-124.005475
42.496381	-124.006788
42.496352	-124.008397
42.493938	-124.010514
42.489644	-124.011517
42.489421	-124.009244
42.489049	-124.008324
42.488926	-124.007115
42.488608	-124.006474
42.487569	-124.005842
42.486053	-124.003289
42.48466	-124.002248
42.483156	-124.001846
42.481875	-124.001927
42.481055	-124.001622
42.477574	-124.001723
42.474053	-124.00279
42.471233	-124.002859
42.467312	-124.001108
42.464829	-124.001225
42.463343	-124.002057
42.462554	-124.002969
42.46237	-124.004266
42.461632	-124.005603
42.459586	-124.005784
42.458509	-124.00539
42.455054	-124.001334
42.453976	-124.001159
42.451833	-124.003205
42.451226	-124.004454
42.448956	-124.004241
42.447785	-124.003591
42.44602	-124.001851
42.445291	-124.001625
42.444495	-124.001886
42.443426	-124.003029
42.441928	-124.008608
42.440544	-124.010234
42.43526	-124.013439
42.434134	-124.014545
42.433346	-124.014805
42.432428	-124.014634
42.4308	-124.013736
42.428504	-124.011005
42.427851	-124.009677
42.427216	-124.009174
42.426581	-124.009343
42.425248	-124.011496
42.424081	-124.01279
42.423358	-124.012796
42.421801	-124.010968
42.421399	-124.009216
42.420667	-124.008609
42.419433	-124.008664
42.41858	-124.009172
42.416138	-124.011678
42.413575	-124.013009
42.412712	-124.013063
42.412217	-124.016143
42.411851	-124.016795
42.411058	-124.017376
42.409753	-124.020882
42.409082	-124.021366
42.408117	-124.021555
42.407699	-124.022424
42.407758	-124.025468
42.407119	-124.026414
42.40631	-124.026702
42.405497	-124.02745
42.404175	-124.027737
42.402941	-124.029266
42.402883	-124.030212
42.403283	-124.032309
42.402547	-124.033524
42.402433	-124.035208
42.401866	-124.035691
42.401113	-124.035748
42.398726	-124.036828
42.398136	-124.036377
42.396984	-124.036252
42.396299	-124.035848
42.395766	-124.037047
42.394949	-124.036177
42.393818	-124.037333
42.392547	-124.036975
42.392188	-124.037823
42.391561	-124.037394
42.390082	-124.038101
42.389676	-124.038723
42.388837	-124.038842
42.38854	-124.039294
42.388467	-124.040395
42.387656	-124.041983
42.385912	-124.041579
42.384688	-124.039521
42.38421	-124.039627
42.383094	-124.038584
42.382673	-124.03726
42.380525	-124.037266
42.377607	-124.035331
42.375876	-124.035001
42.374389	-124.036171
42.371808	-124.036358
42.371176	-124.035689
42.36917	-124.03485
42.36803	-124.033495
42.36533	-124.031995
42.36323	-124.029394
42.36183	-124.028694
42.35913	-124.025894
42.36043	-124.023594
42.36143	-124.020594
42.36083	-124.017994
42.35983	-124.016994
42.35873	-124.013794
42.35873	-124.011994
42.35803	-124.010394
42.35863	-124.008493
42.35833	-124.004593
42.35853	-124.003293
42.35833	-124.002893
42.35803	-123.998893
42.35843	-123.997293
42.35843	-123.996293
42.35723	-123.993093
42.35733	-123.990893
42.35763	-123.989693
42.35853	-123.988693
42.35923	-123.987293
42.35883	-123.986193
42.35823	-123.985392
42.35793	-123.983892
42.35853	-123.982292
42.35873	-123.980492
42.35803	-123.978492
42.35823	-123.976192
42.35723	-123.972692
42.35713	-123.969992
42.35743	-123.967092
42.35673	-123.963992
42.35643	-123.961092
42.35723	-123.958491
42.35743	-123.955991
42.356631	-123.953891
42.356231	-123.951291
42.357131	-123.945291
42.359231	-123.942391
42.361431	-123.936891
42.361131	-123.935991
42.359231	-123.934891
42.355731	-123.935391
42.353931	-123.933091
42.353631	-123.92969
42.352231	-123.92779
42.352031	-123.92659
42.351231	-123.92509
42.347631	-123.92209
42.346331	-123.92039
42.346231	-123.91969
42.346931	-123.91769
42.346431	-123.91459
42.347431	-123.91249
42.347931	-123.90989
42.347431	-123.90829
42.347331	-123.907089
42.348131	-123.904989
42.348731	-123.904989
42.349131	-123.903789
42.349331	-123.901889
42.348931	-123.899489
42.349931	-123.897389
42.350531	-123.896689
42.351331	-123.894689
42.352831	-123.892189
42.352931	-123.891089
42.352431	-123.890089
42.350331	-123.887589
42.348631	-123.885289
42.345731	-123.884389
42.345431	-123.881589
42.345631	-123.878688
42.345131	-123.877488
42.343431	-123.877088
42.341931	-123.877488
42.339231	-123.878788
42.336231	-123.878288
42.335731	-123.879088
42.334531	-123.879088
42.333531	-123.876588
42.332531	-123.875788
42.330531	-123.875988
42.329231	-123.874588
42.327831	-123.873788
42.326731	-123.871388
42.323031	-123.870288
42.321831	-123.868388
42.320831	-123.868388
42.320031	-123.867688
42.320032	-123.866088
42.320532	-123.864388
42.320132	-123.862787
42.320232	-123.862287
42.319032	-123.860587
42.319232	-123.859387
42.319032	-123.857187
42.320032	-123.856187
42.320432	-123.854187
42.321232	-123.852987
42.321232	-123.852287
42.318732	-123.848187
42.318532	-123.846187
42.317532	-123.845287
42.316532	-123.845687
42.313532	-123.842187
42.312732	-123.840787
42.311532	-123.839687
42.310432	-123.840287
42.308132	-123.843587
42.306032	-123.844387
42.304132	-123.847087
42.302932	-123.847787
42.300632	-123.846887
42.298932	-123.847687
42.298132	-123.845887
42.298032	-123.843787
42.296232	-123.839386
42.295432	-123.838386
42.294232	-123.837486
42.293332	-123.837486
42.291632	-123.836286
42.290632	-123.836086
42.289932	-123.837486
42.288732	-123.838386
42.287632	-123.838286
42.285832	-123.835386
42.284932	-123.834786
42.283132	-123.834286
42.282232	-123.833286
42.281467	-123.830781
42.280666	-123.830504
42.280072	-123.829641
42.279569	-123.827855
42.279226	-123.827454
42.275531	-123.82607
42.27415	-123.825955
42.272212	-123.825103
42.271357	-123.825758
42.27041	-123.825714
42.266732	-123.822885
42.264532	-123.822085
42.263832	-123.821185
42.264332	-123.817285
42.264032	-123.816385
42.262332	-123.814785
42.261232	-123.814585
42.258232	-123.815285
42.254932	-123.813885
42.252732	-123.811685
42.251232	-123.811485
42.249682	-123.810834
42.243532	-123.812285
42.242232	-123.812285
42.241132	-123.811385
42.240685	-123.810126
42.241153	-123.806741
42.240024	-123.803655
42.239709	-123.799625
42.237112	-123.795406
42.236398	-123.791241
42.235149	-123.790876
42.234493	-123.791613
42.231932	-123.793084
42.22855	-123.793255
42.226157	-123.794201
42.224778	-123.792414
42.223771	-123.791547
42.221987	-123.790992
42.22126	-123.788453
42.220585	-123.788539
42.220479	-123.789172
42.221002	-123.792161
42.220683	-123.794964
42.220171	-123.796091
42.21627	-123.800315
42.216095	-123.801536
42.216253	-123.803391
42.217142	-123.807243
42.217067	-123.808645
42.21676	-123.809276
42.214692	-123.811116
42.211821	-123.811955
42.209994	-123.813072
42.209051	-123.812929
42.206485	-123.813408
42.204047	-123.815244
42.20369	-123.818814
42.203313	-123.819807
42.202124	-123.819892
42.201432	-123.820585
42.200032	-123.821185
42.197132	-123.821485
42.192332	-123.823085
42.191032	-123.823085
42.189755	-123.821717
42.189223	-123.818887
42.187581	-123.817156
42.186707	-123.816698
42.184195	-123.813603
42.179374	-123.813568
42.176405	-123.813862
42.173498	-123.815197
42.172323	-123.814329
42.17141	-123.814729
42.170267	-123.813997
42.169531	-123.813088
42.167024	-123.815194
42.164408	-123.818519
42.163555	-123.820321
42.16281	-123.820904
42.160681	-123.821566
42.158533	-123.823085
42.157133	-123.824585
42.156533	-123.829185
42.152932	-123.840085
42.150732	-123.842485
42.149132	-123.843785
42.146232	-123.844985
42.144432	-123.847985
42.143332	-123.851085
42.143132	-123.852585
42.141132	-123.856786
42.140032	-123.857486
42.137332	-123.858086
42.133932	-123.857185
42.132363	-123.855946
42.130035	-123.854855
42.126531	-123.848955
42.124833	-123.846546
42.124619	-123.845061
42.124833	-123.84121
42.124086	-123.839669
42.123212	-123.839297
42.118102	-123.84147
42.114493	-123.840887
42.113653	-123.84006
42.113286	-123.838648
42.112258	-123.838036
42.109745	-123.837573
42.108429	-123.836455
42.106905	-123.832766
42.106296	-123.832139
42.104133	-123.831484
42.100855	-123.831503
42.099412	-123.83048
42.09869	-123.830731
42.097634	-123.828843
42.097087	-123.829213
42.09591	-123.82861
42.093191	-123.825494
42.087408	-123.823119
42.085794	-123.822785
42.083603	-123.824261
42.081445	-123.826328
42.07506	-123.827375
42.07407	-123.828795
42.07064	-123.82758
42.070033	-123.827982
42.069624	-123.830384
42.068512	-123.831281
42.068442	-123.832552
42.067531	-123.833632
42.067359	-123.83531
42.066483	-123.835755
42.065878	-123.835431
42.063665	-123.832048
42.063299	-123.833918
42.063054	-123.834101
42.062726	-123.835729
42.060957	-123.840626
42.059402	-123.842173
42.057992	-123.840479
42.056614	-123.839738
42.053247	-123.840566
42.049506	-123.843205
42.047822	-123.843959
42.045286	-123.848971
42.042965	-123.848446
42.040578	-123.847468
42.032212	-123.841572
42.031777	-123.84066
42.031382	-123.836844
42.031013	-123.836251
42.0297	-123.836419
42.027073	-123.83748
42.022633	-123.836873
42.019833	-123.837484
42.018533	-123.838984
42.018249	-123.840701
42.016901	-123.841367
42.015186	-123.841077
42.014185	-123.837574
42.013378	-123.837067
42.01099	-123.83677
42.010892	-123.835453
42.011166	-123.833007
42.010769	-123.8301
42.009224	-123.828632
42.007836	-123.827854
42.005317	-123.830089
42.003703	-123.829755
42.000677	-123.828364
41.999834	-123.82459
41.998977	-123.822037
41.997558	-123.821047
41.995473	-123.821472
41.996117	-123.834204
41.996021	-123.885302
41.996187	-123.89328
41.996145	-124.001183
41.996641	-124.087378
41.996791	-124.087843
41.996692	-124.102149
41.997026	-124.102783
41.997015	-124.121365
41.99846	-124.211605
41.998334	-124.328835
42.003256	-124.338659
42.006579	-124.342879
42.01078	-124.346603
42.013904	-124.34834
42.016386	-124.349173
42.018032	-124.355136
42.020348	-124.360915
42.021877	-124.363958
42.025878	-124.370444
42.02994	-124.37576
42.031001	-124.37621
42.032552	-124.377966
42.037677	-124.382685
42.042361	-124.386186
42.048523	-124.389726
42.050173	-124.39035
42.050817	-124.3922
42.053487	-124.39725
42.059425	-124.404815
42.064077	-124.409314
42.068489	-124.412503
42.074854	-124.416273
42.079566	-124.418241
42.085285	-124.419752
42.092953	-124.420669
42.098164	-124.420646
42.102305	-124.422934
42.109539	-124.425029
42.117912	-124.425988
42.121179	-124.428055
42.131848	-124.432455
42.137473	-124.433416
42.139495	-124.432929
42.140625	-124.433635
42.146043	-124.434954
42.149865	-124.435326
42.162063	-124.434523
42.164153	-124.433992
42.164832	-124.433514
42.166318	-124.435088
42.170671	-124.438003
42.176697	-124.441233
42.179818	-124.44565
42.186342	-124.451424
42.187844	-124.451961
42.190047	-124.457122
42.194987	-124.463306
42.198522	-124.466925
42.203723	-124.471356
42.219599	-124.480056
42.2241	-124.482031
42.229613	-124.483673
42.232692	-124.484255
42.247471	-124.485882
42.257832	-124.484444
42.268207	-124.482174
42.278002	-124.478258
42.280499	-124.481905
42.283242	-124.484788
42.287155	-124.487975
42.290646	-124.490334
42.296014	-124.492743
42.305751	-124.494904
42.315649	-124.495345
42.325875	-124.494071
42.328914	-124.492926
42.333249	-124.490497
42.338278	-124.486544
42.341749	-124.49013
42.346864	-124.493806
42.352193	-124.496624
42.357836	-124.498635
42.365101	-124.500007
42.372917	-124.500396
42.374835	-124.500844
42.380068	-124.500321
42.38645	-124.4987
42.396086	-124.494154
42.396866	-124.497879
42.399171	-124.504305
42.399765	-124.509224
42.400862	-124.514137
42.40321	-124.521158
42.405552	-124.527094
42.408396	-124.532572
42.415252	-124.5427
42.418658	-124.546634
42.42206	-124.549664
42.426536	-124.552817
42.432487	-124.555815
42.435859	-124.559797
42.443565	-124.565352
42.454586	-124.569509
42.458849	-124.570179
42.463379	-124.570438
42.472095	-124.568968
42.477791	-124.567221
42.482744	-124.564396
42.487594	-124.560893
42.494142	-124.554651
42.499833	-124.547516
42.499833	-124.544309
42.504915	-124.53523
42.509154	-124.524869
42.511076	-124.518687
42.519258	-124.515403
42.524336	-124.512165
42.530608	-124.506313
42.535054	-124.50122
42.535388	-124.50122
42.542901	-124.489838
42.547635	-124.479218
42.55082	-124.467892
42.553033	-124.465351
42.562805	-124.474073
42.573951	-124.479422
42.581577	-124.480838
42.591481	-124.479941
42.599073	-124.476404
42.603365	-124.476177
42.610752	-124.472913
42.614734	-124.473554
42.615414	-124.492548
42.617325	-124.501218
42.619564	-124.508492
42.624832	-124.519551
42.624832	-124.518649
42.626861	-124.522599
42.63228	-124.530312
42.639724	-124.537197
42.644492	-124.54059
42.651049	-124.543245
42.654022	-124.543687
42.657166	-124.545722
42.665071	-124.547234
42.6724	-124.547427
42.679691	-124.545799
42.683817	-124.544129
42.687708	-124.553098
42.692755	-124.561233
42.697491	-124.566135
42.703612	-124.571762
42.707129	-124.574619
42.709292	-124.575521
42.712067	-124.579294
42.719302	-124.584689
42.718095	-124.590439
42.716627	-124.601616
42.716536	-124.609412
42.717018	-124.616067
42.717665	-124.620625
42.716614	-124.626222
42.716289	-124.630198
42.716113	-124.64213
42.717263	-124.65273
42.720482	-124.664637
42.72599	-124.676227
42.730185	-124.682414
42.738254	-124.690712
42.745453	-124.695965
42.749832	-124.698266
42.749832	-124.699129
42.752526	-124.700342
42.761726	-124.70299
42.770369	-124.703541
42.776742	-124.702657
42.784028	-124.700283
42.791125	-124.695814
42.796346	-124.691279
42.801039	-124.685327
42.804251	-124.680632
42.809047	-124.679956
42.81432	-124.67792
42.825582	-124.671762
42.836504	-124.660593
42.84002	-124.655124
42.850692	-124.652458
42.861892	-124.645154
42.867423	-124.6387
42.87539	-124.626225
42.875791	-124.626225
42.877198	-124.622126
42.883021	-124.620507
42.892882	-124.615956
42.903525	-124.60686
42.914715	-124.591834
42.922514	-124.572353
42.930387	-124.567887
42.933018	-124.56475
42.945562	-124.558973
42.95171	-124.553514
42.954518	-124.552282
42.954576	-124.501223
42.954972	-124.479539
42.954746	-124.455005
42.954955	-124.454507
42.954385	-124.427669
42.954183	-124.426824
42.95357	-124.415299
42.955658	-124.414937
42.954471	-124.37622
42.954656	-124.335733
42.954485	-124.269188
42.954757	-124.257111
42.951204	-124.256976
42.951102	-124.25236
42.943626	-124.252226
42.943753	-124.248145
42.940424	-124.248299
42.940207	-124.239544
42.933043	-124.239897
42.933297	-124.219613
42.918099	-124.219494
42.918321	-124.210198
42.91079	-124.210095
42.910727	-124.215012
42.9035	-124.214687
42.903621	-124.205211
42.899923	-124.205092
42.900016	-124.200581
42.896722	-124.200283
42.896708	-124.190716
42.893145	-124.190508
42.893041	-124.184995
42.885913	-124.184897
42.88597	-124.180616
42.882338	-124.180681
42.882444	-124.160868
42.867679	-124.161289
42.867769	-124.156508
42.86384	-124.156458
42.863932	-124.151267
42.860104	-124.15122
42.85989	-124.146799
42.849313	-124.146621
42.849334	-124.141977
42.828612	-124.142084
42.828018	-124.160875
42.817279	-124.159375
42.817251	-124.164972
42.789177	-124.164614
42.789232	-124.160293
42.739632	-124.159941
42.739672	-124.138854
42.670819	-124.138939
42.670948	-124.133207
42.666379	-124.132985
42.666469	-124.128301
42.670803	-124.128383
42.670867	-124.119388
42.677989	-124.120106
42.678012	-124.09563
42.678228	-124.089761
42.68544	-124.089988
42.685361	-124.070068
42.686082	-124.070028
42.685885	-124.068383
42.685632	-123.997
42.700032	-123.9969
42.700132	-123.977299
42.714332	-123.9769
42.714232	-123.957499
42.728933	-123.957399
42.728833	-123.937498
42.739433	-123.937898
42.739433	-123.926298
42.774933	-123.925499
42.774734	-123.869296
42.781734	-123.869096
42.781734	-123.849895
42.789034	-123.849495
42.789433	-123.812093
42.788234	-123.811593
42.788434	-123.809893
42.788034	-123.807993
42.787234	-123.806593
42.787134	-123.804693
42.788034	-123.802293
42.790575	-123.799407
42.791605	-123.797637
42.792131	-123.797419
42.794074	-123.795121
42.794372	-123.793816
42.796887	-123.791704
42.797413	-123.790057
42.798213	-123.788721
42.798304	-123.787479
42.798835	-123.786793
42.798635	-123.784992
42.799335	-123.782892
42.799835	-123.782192
42.799935	-123.781492
42.798988	-123.777322
42.797137	-123.772576
42.795981	-123.770585
42.794835	-123.767192
42.792435	-123.764291
42.792335	-123.760491
42.790835	-123.757791
42.790335	-123.754591
42.788535	-123.751891
42.788435	-123.751391
42.787635	-123.750791
42.787635	-123.74369
42.787373	-123.742306
