38.083707	-81.53822
38.083496	-81.539164
38.082808	-81.54038
38.082424	-81.54054
38.08052	-81.539628
38.078952	-81.539628
38.076073	-81.537468
38.074969	-81.530972
38.075497	-81.529052
38.074185	-81.527868
38.072489	-81.525628
38.072521	-81.524796
38.072009	-81.522748
38.069833	-81.520924
38.069433	-81.517947
38.067465	-81.518139
38.065369	-81.517643
38.064921	-81.516539
38.063721	-81.516507
38.063769	-81.515259
38.063513	-81.513899
38.063657	-81.512955
38.064233	-81.512363
38.064265	-81.511771
38.063401	-81.511019
38.063177	-81.509323
38.061273	-81.507547
38.060697	-81.505275
38.061321	-81.504283
38.061321	-81.502555
38.061785	-81.501755
38.062569	-81.498683
38.063145	-81.498507
38.064169	-81.497595
38.064569	-81.495803
38.065769	-81.494555
38.067449	-81.493547
38.067897	-81.491451
38.067369	-81.490091
38.066761	-81.490251
38.065513	-81.489771
38.064393	-81.488651
38.063658	-81.488539
38.063466	-81.487834
38.06265	-81.48697
38.060858	-81.48769
38.061226	-81.484506
38.059162	-81.484154
38.058954	-81.483626
38.059466	-81.481306
38.060618	-81.47937
38.060138	-81.478122
38.058922	-81.477002
38.057546	-81.476346
38.056474	-81.476618
38.055626	-81.47441
38.054394	-81.47385
38.052906	-81.473738
38.05249	-81.474218
38.051386	-81.476826
38.050282	-81.477466
38.048202	-81.476122
38.047482	-81.476186
38.045978	-81.474586
38.046442	-81.472266
38.045786	-81.471466
38.042794	-81.470314
38.041802	-81.47025
38.041034	-81.469754
38.040906	-81.468762
38.038474	-81.467225
38.037018	-81.465321
38.036538	-81.464313
38.034522	-81.463929
38.033258	-81.462681
38.030075	-81.460409
38.028011	-81.460697
38.027051	-81.459897
38.025611	-81.462377
38.025419	-81.463593
38.025579	-81.464633
38.024427	-81.466985
38.023755	-81.467321
38.023019	-81.467225
38.021163	-81.466137
38.020731	-81.465305
38.019883	-81.466137
38.019435	-81.467113
38.018603	-81.467961
38.017643	-81.468409
38.015691	-81.468409
38.015563	-81.464713
38.015227	-81.463945
38.013931	-81.463449
38.011867	-81.465257
38.008619	-81.466329
38.007477	-81.465386
38.006507	-81.465273
38.005211	-81.465625
38.005787	-81.464505
38.005931	-81.463385
38.005739	-81.462504
38.005307	-81.461976
38.001307	-81.461656
37.999607	-81.460832
37.998507	-81.459232
37.998507	-81.458632
37.999407	-81.456532
37.999307	-81.455832
37.996307	-81.455932
37.993807	-81.454232
37.993707	-81.453932
37.992707	-81.453732
37.991407	-81.454332
37.990807	-81.454232
37.990207	-81.454532
37.989507	-81.455732
37.987307	-81.456632
37.987207	-81.457732
37.988707	-81.458432
37.989707	-81.459632
37.990007	-81.462832
37.989107	-81.464932
37.988607	-81.465532
37.988107	-81.467532
37.988107	-81.468532
37.987507	-81.469432
37.987207	-81.470832
37.988007	-81.472732
37.987807	-81.473932
37.987007	-81.475832
37.986507	-81.479932
37.986907	-81.481132
37.986907	-81.482032
37.986507	-81.483332
37.985807	-81.484132
37.984807	-81.484532
37.984307	-81.485332
37.981707	-81.486932
37.981307	-81.487532
37.981007	-81.488732
37.981107	-81.489632
37.981607	-81.490432
37.983007	-81.490932
37.983707	-81.492233
37.983307	-81.495033
37.983507	-81.498233
37.984307	-81.499233
37.984457	-81.499782
37.984707	-81.499833
37.984907	-81.501733
37.986307	-81.503633
37.987207	-81.504433
37.987307	-81.505033
37.988307	-81.506033
37.988407	-81.507233
37.987707	-81.508533
37.986807	-81.509533
37.986607	-81.510233
37.985707	-81.510833
37.984907	-81.512233
37.984707	-81.513133
37.983007	-81.515433
37.982507	-81.515533
37.981007	-81.517033
37.978907	-81.517933
37.976907	-81.519233
37.975607	-81.520533
37.975407	-81.521133
37.974707	-81.521833
37.974607	-81.522633
37.973007	-81.524433
37.972307	-81.524733
37.971207	-81.526533
37.971307	-81.532633
37.970807	-81.536633
37.971007	-81.538634
37.969807	-81.541034
37.968907	-81.542034
37.966407	-81.543134
37.965607	-81.545134
37.964907	-81.545634
37.961107	-81.544434
37.959807	-81.545934
37.958307	-81.548734
37.957007	-81.550334
37.954907	-81.551034
37.954707	-81.551434
37.954907	-81.552934
37.954607	-81.554034
37.954607	-81.555134
37.954307	-81.555834
37.953107	-81.556134
37.952207	-81.555934
37.950507	-81.557034
37.948607	-81.556834
37.947707	-81.555834
37.946107	-81.554934
37.945407	-81.556334
37.944807	-81.556734
37.944507	-81.557334
37.944707	-81.561134
37.944107	-81.561734
37.942607	-81.560334
37.942107	-81.560334
37.941007	-81.561534
37.940807	-81.562134
37.939907	-81.563134
37.938607	-81.562034
37.938207	-81.561034
37.937407	-81.560434
37.936707	-81.558633
37.936207	-81.558833
37.935107	-81.560533
37.934707	-81.563634
37.935107	-81.565534
37.934507	-81.566334
37.933507	-81.566734
37.933007	-81.566134
37.932007	-81.566334
37.931407	-81.565934
37.931007	-81.566034
37.928107	-81.571334
37.927707	-81.571534
37.925507	-81.570634
37.924807	-81.570734
37.924007	-81.570134
37.923907	-81.569434
37.924207	-81.567633
37.923407	-81.568233
37.920807	-81.567333
37.920007	-81.564633
37.920107	-81.563033
37.919807	-81.562133
37.919207	-81.561933
37.918607	-81.562633
37.916807	-81.562433
37.913907	-81.564333
37.913007	-81.564333
37.912208	-81.563833
37.911508	-81.562833
37.911008	-81.561433
37.909108	-81.561433
37.905808	-81.562933
37.905408	-81.563533
37.904308	-81.564033
37.902708	-81.564233
37.902108	-81.563833
37.901408	-81.562433
37.900608	-81.561933
37.900208	-81.561133
37.899108	-81.560533
37.898508	-81.559733
37.897208	-81.559433
37.896408	-81.558333
37.896708	-81.557533
37.895708	-81.555632
37.894309	-81.553832
37.893709	-81.553832
37.893109	-81.554332
37.892709	-81.555232
37.891407	-81.556834
37.889708	-81.557732
37.889007	-81.558632
37.888708	-81.560132
37.889008	-81.560732
37.888908	-81.561332
37.886614	-81.563261
37.885881	-81.563568
37.885273	-81.563186
37.883967	-81.56309
37.883396	-81.563416
37.883408	-81.562532
37.882308	-81.559332
37.880308	-81.559532
37.879908	-81.559932
37.878808	-81.559932
37.878108	-81.558532
37.877208	-81.558132
37.876508	-81.558732
37.875108	-81.562232
37.874908	-81.563332
37.874308	-81.564132
37.870709	-81.566535
37.868308	-81.566832
37.867508	-81.567632
37.867008	-81.567432
37.865308	-81.564432
37.865908	-81.563032
37.865308	-81.562732
37.862909	-81.562632
37.861709	-81.564032
37.861109	-81.564132
37.859909	-81.563232
37.858809	-81.563432
37.858009	-81.563232
37.857009	-81.563632
37.856409	-81.562432
37.856609	-81.561432
37.856109	-81.561032
37.854309	-81.561832
37.851709	-81.560732
37.850509	-81.561832
37.849809	-81.562132
37.848909	-81.561932
37.846609	-81.562132
37.843909	-81.560932
37.842209	-81.561632
37.841709	-81.561431
37.838909	-81.558131
37.837209	-81.557431
37.833209	-81.557831
37.829409	-81.555431
37.828209	-81.553731
37.826709	-81.553031
37.826009	-81.553031
37.824709	-81.552331
37.824509	-81.551831
37.824709	-81.549531
37.826009	-81.548231
37.827409	-81.547631
37.828009	-81.546931
37.827109	-81.544431
37.827309	-81.543931
37.828609	-81.542731
37.828909	-81.542031
37.82821	-81.541231
37.82591	-81.54113
37.82471	-81.53943
37.82451	-81.53713
37.82501	-81.53663
37.82531	-81.53573
37.82521	-81.53493
37.82571	-81.53413
37.82581	-81.53233
37.82491	-81.53013
37.82341	-81.52863
37.82231	-81.52893
37.82161	-81.52853
37.82091	-81.52763
37.82081	-81.52613
37.82121	-81.52463
37.82141	-81.52253
37.82111	-81.51993
37.81961	-81.51913
37.81901	-81.518029
37.81891	-81.517329
37.81841	-81.516729
37.81731	-81.517429
37.81621	-81.519429
37.81561	-81.519929
37.81411	-81.520029
37.81181	-81.518629
37.81071	-81.518829
37.80961	-81.519829
37.80901	-81.520029
37.80551	-81.519729
37.80411	-81.520729
37.80011	-81.521129
37.79881	-81.520829
37.79671	-81.519729
37.794211	-81.517229
37.793711	-81.516029
37.793211	-81.515629
37.791911	-81.515329
37.791211	-81.514228
37.789611	-81.516029
37.789411	-81.517329
37.789011	-81.518029
37.786911	-81.518429
37.786411	-81.518829
37.786111	-81.520029
37.786611	-81.522829
37.788311	-81.526029
37.78971	-81.527229
37.78991	-81.529929
37.78971	-81.530429
37.78621	-81.532629
37.78541	-81.533729
37.78401	-81.534329
37.78291	-81.535729
37.78281	-81.536529
37.783111	-81.53883
37.783611	-81.53973
37.783711	-81.54043
37.783311	-81.541231
37.782111	-81.542231
37.780511	-81.543031
37.779911	-81.543631
37.779611	-81.545431
37.779111	-81.546331
37.778711	-81.548331
37.776511	-81.548731
37.776211	-81.549531
37.776311	-81.551331
37.77571	-81.55463
37.77451	-81.55663
37.77451	-81.55783
37.77401	-81.55893
37.77241	-81.55973
37.77121	-81.56153
37.77041	-81.56213
37.76771	-81.56283
37.76761	-81.56753
37.76611	-81.56953
37.76481	-81.56963
37.76431	-81.56993
37.76471	-81.57173
37.76421	-81.57533
37.76341	-81.57593
37.76331	-81.57653
37.76481	-81.57843
37.76651	-81.579831
37.76731	-81.581431
37.76881	-81.582731
37.76971	-81.582531
37.77101	-81.582731
37.77241	-81.583431
37.77411	-81.585231
37.77461	-81.585131
37.7751	-81.583468
37.775712	-81.583026
37.776415	-81.583211
37.77731	-81.584131
37.77791	-81.586031
37.77891	-81.586931
37.78041	-81.588931
37.78121	-81.591031
37.78221	-81.592031
37.78381	-81.596532
37.78431	-81.596932
37.78581	-81.597232
37.78671	-81.596932
37.787009	-81.598232
37.787609	-81.599332
37.787709	-81.600132
37.787209	-81.601332
37.787309	-81.602132
37.787809	-81.602632
37.788009	-81.603632
37.788809	-81.604232
37.789109	-81.604932
37.789109	-81.605932
37.788509	-81.606532
37.788509	-81.607132
37.788909	-81.607832
37.790609	-81.608832
37.791409	-81.610332
37.792209	-81.612732
37.792609	-81.613232
37.794809	-81.613232
37.797009	-81.613732
37.797309	-81.614032
37.798209	-81.616432
37.799909	-81.617933
37.800309	-81.619133
37.801209	-81.620433
37.801509	-81.622733
37.800809	-81.624133
37.800709	-81.624833
37.800109	-81.625833
37.800409	-81.626733
37.800909	-81.627233
37.801609	-81.627433
37.802509	-81.628333
37.803009	-81.630333
37.802909	-81.631233
37.803409	-81.632333
37.803809	-81.632433
37.806009	-81.631433
37.807109	-81.631833
37.808009	-81.632533
37.809708	-81.634933
37.811108	-81.635433
37.811508	-81.636033
37.811508	-81.637734
37.812808	-81.639734
37.813908	-81.640734
37.814808	-81.643634
37.815608	-81.644834
37.816508	-81.644934
37.817408	-81.646134
37.818008	-81.646534
37.820208	-81.646834
37.821608	-81.644834
37.822308	-81.644234
37.823208	-81.644034
37.823708	-81.644334
37.824208	-81.646434
37.824808	-81.647334
37.825308	-81.649534
37.826208	-81.650234
37.829308	-81.647934
37.830308	-81.648034
37.831108	-81.649834
37.829908	-81.650734
37.829708	-81.651634
37.828508	-81.654034
37.828708	-81.654934
37.830008	-81.655934
37.830208	-81.656935
37.830608	-81.657235
37.831508	-81.657235
37.833208	-81.658135
37.834208	-81.658235
37.834408	-81.658735
37.834108	-81.660135
37.833608	-81.660435
37.832508	-81.660435
37.832208	-81.661035
37.833108	-81.664935
37.832908	-81.665535
37.831708	-81.666235
37.830908	-81.666335
37.829208	-81.667535
37.829408	-81.668935
37.829308	-81.671435
37.828708	-81.672835
37.830808	-81.673935
37.831407	-81.675035
37.830607	-81.676935
37.830607	-81.677435
37.831007	-81.678035
37.830607	-81.679935
37.830007	-81.680835
37.829507	-81.681135
37.828307	-81.680835
37.827207	-81.681935
37.825707	-81.682035
37.824807	-81.683435
37.824907	-81.684435
37.824407	-81.686135
37.824607	-81.688036
37.824307	-81.688836
37.822607	-81.690536
37.821907	-81.690636
37.821707	-81.690936
37.821807	-81.691536
37.822107	-81.691836
37.821707	-81.697136
37.822807	-81.696936
37.823407	-81.697336
37.824107	-81.698636
37.823707	-81.699536
37.822507	-81.700836
37.821707	-81.701136
37.820407	-81.701036
37.818507	-81.702136
37.817507	-81.702136
37.816907	-81.702736
37.816707	-81.703336
37.815607	-81.704436
37.815107	-81.705936
37.813807	-81.707036
37.812907	-81.707436
37.812507	-81.707936
37.812207	-81.710436
37.811707	-81.710936
37.811307	-81.712536
37.810007	-81.713336
37.809807	-81.715236
37.810307	-81.716836
37.811207	-81.717636
37.811207	-81.718436
37.810207	-81.719436
37.810207	-81.720536
37.809507	-81.722136
37.809607	-81.723136
37.810307	-81.723536
37.811707	-81.723237
37.814107	-81.724637
37.814107	-81.725837
37.815907	-81.729137
37.815707	-81.731037
37.816107	-81.731937
37.816807	-81.732637
37.817607	-81.732637
37.819707	-81.731337
37.820507	-81.730437
37.821107	-81.730337
37.823007	-81.731137
37.824507	-81.730537
37.824907	-81.730937
37.824907	-81.733037
37.825607	-81.734737
37.825207	-81.735637
37.825507	-81.736237
37.825007	-81.736837
37.825607	-81.739737
37.826707	-81.741237
37.827007	-81.742237
37.828407	-81.742937
37.828907	-81.743638
37.829107	-81.744738
37.831906	-81.745538
37.834206	-81.746738
37.836906	-81.746938
37.837506	-81.747938
37.837609	-81.749137
37.838045	-81.750294
37.838738	-81.750383
37.839273	-81.749838
37.839706	-81.748138
37.841306	-81.746338
37.841906	-81.746138
37.842706	-81.746538
37.843806	-81.745738
37.844406	-81.746438
37.845106	-81.749638
37.845206	-81.752738
37.845606	-81.753238
37.846706	-81.753338
37.848306	-81.754238
37.848806	-81.754838
37.849006	-81.757038
37.849506	-81.758238
37.850106	-81.758738
37.849706	-81.760838
37.849006	-81.762338
37.851306	-81.764639
37.852506	-81.764639
37.853406	-81.765339
37.854106	-81.766639
37.855306	-81.766739
37.855906	-81.767239
37.854206	-81.771339
37.854406	-81.771939
37.854306	-81.773039
37.853706	-81.774239
37.854006	-81.774639
37.855906	-81.774239
37.859106	-81.774439
37.859206	-81.773339
37.860706	-81.772739
37.861706	-81.771639
37.862006	-81.771739
37.862405	-81.773639
37.863105	-81.775339
37.864805	-81.776539
37.865205	-81.779439
37.866705	-81.780139
37.867205	-81.782239
37.868805	-81.78254
37.869805	-81.781739
37.870205	-81.780939
37.870105	-81.779339
37.871005	-81.776739
37.871705	-81.776139
37.871605	-81.775039
37.872005	-81.773839
37.872905	-81.773039
37.874905	-81.773539
37.876805	-81.772039
37.877305	-81.770839
37.877205	-81.770039
37.877505	-81.769039
37.878305	-81.768039
37.879805	-81.767439
37.880305	-81.766939
37.881105	-81.765239
37.882205	-81.765039
37.882905	-81.764439
37.883305	-81.763539
37.883705	-81.760939
37.885305	-81.759039
37.885905	-81.759139
37.887105	-81.760539
37.888505	-81.760039
37.889905	-81.759939
37.891905	-81.757239
37.892805	-81.757039
37.893005	-81.757639
37.892405	-81.758739
37.892705	-81.759539
37.893905	-81.759239
37.894605	-81.759639
37.895605	-81.759539
37.896905	-81.758939
37.897505	-81.759839
37.898105	-81.759939
37.898905	-81.759639
37.899805	-81.760439
37.900905	-81.760639
37.903205	-81.759539
37.903605	-81.760239
37.903405	-81.760839
37.902705	-81.761539
37.902705	-81.761939
37.905305	-81.764439
37.905605	-81.764439
37.906205	-81.763539
37.907105	-81.763139
37.908005	-81.762239
37.909405	-81.761839
37.911105	-81.760639
37.911405	-81.760739
37.910905	-81.76284
37.911405	-81.76504
37.912605	-81.76534
37.913105	-81.76694
37.913005	-81.76894
37.912405	-81.77124
37.912505	-81.77194
37.912904	-81.77254
37.914104	-81.77294
37.914704	-81.77264
37.915404	-81.77274
37.915604	-81.77354
37.916104	-81.77384
37.917004	-81.77264
37.918304	-81.77204
37.919504	-81.77224
37.920904	-81.77384
37.921704	-81.77424
37.922904	-81.77394
37.923404	-81.77554
37.924504	-81.77664
37.924904	-81.77824
37.925304	-81.77884
37.926504	-81.77944
37.927104	-81.77944
37.927704	-81.77984
37.928804	-81.78204
37.930704	-81.782441
37.931804	-81.781641
37.932804	-81.77994
37.933204	-81.78004
37.934504	-81.781441
37.935004	-81.782341
37.934804	-81.784041
37.935104	-81.784641
37.936104	-81.784941
37.936404	-81.785641
37.935504	-81.787841
37.935604	-81.788441
37.937204	-81.789341
37.937604	-81.789841
37.935904	-81.791841
37.935804	-81.793341
37.936704	-81.794941
37.936504	-81.797241
37.935704	-81.798441
37.936304	-81.801141
37.938504	-81.802041
37.939404	-81.801741
37.940004	-81.802041
37.940104	-81.803641
37.939804	-81.804841
37.939904	-81.806341
37.940203	-81.806842
37.941303	-81.807242
37.942403	-81.808142
37.942903	-81.809742
37.943503	-81.810742
37.945003	-81.811742
37.945957	-81.813509
37.94724	-81.814567
37.948303	-81.861144
37.961102	-81.901845
37.962602	-81.902145
37.964202	-81.902045
37.966702	-81.902645
37.968702	-81.902245
37.969102	-81.902445
37.969802	-81.904245
37.970401	-81.908746
37.970801	-81.909046
37.971301	-81.910946
37.973301	-81.911546
37.974601	-81.911246
37.975501	-81.912346
37.975301	-81.915146
37.975701	-81.916046
37.975501	-81.919446
37.976901	-81.923246
37.976501	-81.926846
37.977101	-81.928846
37.976901	-81.931146
37.977201	-81.932446
37.977401	-81.936847
37.976801	-81.939547
37.973201	-81.946547
37.972901	-81.946647
37.972601	-81.948447
37.972201	-81.948747
37.971801	-81.949947
37.971901	-81.950647
37.973601	-81.952647
37.974201	-81.952847
37.974601	-81.953747
37.974501	-81.957347
37.974801	-81.958147
37.975201	-81.958447
37.976001	-81.958247
37.976601	-81.959647
37.976601	-81.960147
37.977101	-81.960947
37.977401	-81.962248
37.978401	-81.962948
37.978601	-81.963748
37.978301	-81.964348
37.978301	-81.965048
37.977501	-81.967048
37.9778	-81.968148
37.9784	-81.968648
37.9804	-81.971548
37.9802	-81.972248
37.9809	-81.973648
37.9809	-81.974548
37.9823	-81.977548
37.9864	-81.980348
37.9896	-81.979748
37.990697	-81.980103
37.99136	-81.979706
38.0001	-81.969247
38.006975	-81.961549
38.028175	-81.92836
38.02867	-81.926679
38.028631	-81.923581
38.02788	-81.921727
38.028918	-81.915205
38.028674	-81.912434
38.027931	-81.91001
38.027854	-81.908913
38.029757	-81.90516
38.030468	-81.905723
38.030528	-81.906132
38.02984	-81.908412
38.030643	-81.910139
38.030958	-81.91149
38.03185	-81.912525
38.031558	-81.914792
38.032192	-81.916384
38.033741	-81.916402
38.035444	-81.917688
38.035004	-81.920859
38.034116	-81.92231
38.034183	-81.923534
38.033569	-81.924287
38.033597	-81.925969
38.035602	-81.929084
38.035866	-81.929996
38.035694	-81.930911
38.034366	-81.932027
38.033927	-81.932977
38.035321	-81.935123
38.035673	-81.93677
38.036978	-81.938201
38.037041	-81.941769
38.036625	-81.942821
38.037366	-81.944965
38.037398	-81.946372
38.038049	-81.947221
38.037908	-81.950948
38.039101	-81.952387
38.039438	-81.954564
38.040216	-81.954957
38.041468	-81.954818
38.042648	-81.955973
38.042949	-81.957833
38.043476	-81.958954
38.042861	-81.960451
38.0427	-81.961742
38.043176	-81.962414
38.044827	-81.962639
38.045578	-81.963286
38.045807	-81.965706
38.045368	-81.967298
38.048161	-81.971154
38.049215	-81.970746
38.0496	-81.970947
38.050279	-81.972102
38.0523	-81.97048
38.053659	-81.971516
38.054164	-81.972382
38.056112	-81.972053
38.05766	-81.971175
38.05903	-81.971539
38.059427	-81.971404
38.060401	-81.970179
38.061485	-81.970649
38.062366	-81.96983
38.062607	-81.969916
38.063715	-81.972335
38.064528	-81.973187
38.065349	-81.972642
38.065799	-81.971427
38.067023	-81.970982
38.067604	-81.9703
38.067855	-81.9675
38.068512	-81.966545
38.069935	-81.966287
38.07277	-81.968627
38.07449	-81.968497
38.075507	-81.969139
38.075981	-81.968638
38.077728	-81.968938
38.078729	-81.96753
38.078627	-81.965957
38.0792	-81.965285
38.080449	-81.96535
38.080993	-81.965055
38.081449	-81.964014
38.08179	-81.963847
38.0836	-81.964249
38.085732	-81.962098
38.087104	-81.962675
38.08855	-81.963896
38.089653	-81.964081
38.090705	-81.962419
38.091821	-81.961512
38.098086	-81.952944
38.099049	-81.950707
38.099923	-81.950469
38.100603	-81.950942
38.102013	-81.950209
38.104457	-81.946986
38.106433	-81.947749
38.106519	-81.946301
38.107179	-81.94607
38.107861	-81.946348
38.10899	-81.945738
38.110449	-81.94648
38.111048	-81.947624
38.110818	-81.947946
38.112825	-81.948087
38.113926	-81.949077
38.113344	-81.949861
38.113691	-81.950552
38.114648	-81.950784
38.11536	-81.950604
38.116603	-81.951199
38.116647	-81.952282
38.118261	-81.953557
38.118656	-81.953575
38.119667	-81.952003
38.121191	-81.952073
38.122189	-81.950256
38.123582	-81.949814
38.125778	-81.945811
38.12843	-81.947296
38.129788	-81.947017
38.131167	-81.945269
38.131756	-81.945435
38.132671	-81.944828
38.133723	-81.946324
38.135664	-81.945569
38.137504	-81.943864
38.137387	-81.942475
38.136302	-81.941029
38.137026	-81.939369
38.139007	-81.93891
38.138975	-81.934008
38.140286	-81.933096
38.143654	-81.933135
38.146185	-81.934425
38.14706	-81.933643
38.147467	-81.932716
38.149057	-81.932929
38.150085	-81.932444
38.150165	-81.930116
38.150702	-81.928934
38.151851	-81.928368
38.152492	-81.927565
38.150826	-81.925616
38.151447	-81.923352
38.150545	-81.922745
38.149478	-81.922974
38.148939	-81.922205
38.14834	-81.920373
38.148854	-81.918752
38.148859	-81.917118
38.149742	-81.916326
38.149295	-81.914486
38.14807	-81.913877
38.148165	-81.911815
38.146805	-81.91046
38.145456	-81.910433
38.145329	-81.909819
38.14478	-81.9095
38.14524	-81.907144
38.144822	-81.906406
38.143984	-81.906055
38.14164	-81.903797
38.142008	-81.902308
38.141743	-81.901867
38.14105	-81.901537
38.141475	-81.899824
38.14103	-81.897596
38.141432	-81.895575
38.141338	-81.894717
38.142321	-81.890086
38.141959	-81.889594
38.142072	-81.88838
38.140688	-81.887964
38.14073	-81.887495
38.140017	-81.8855
38.13892	-81.884883
38.137451	-81.884692
38.13739	-81.883538
38.136637	-81.881217
38.137202	-81.878779
38.141366	-81.877052
38.142197	-81.877239
38.142096	-81.878791
38.142498	-81.879344
38.144296	-81.880333
38.145874	-81.879503
38.147251	-81.880704
38.149536	-81.878192
38.149914	-81.878684
38.150113	-81.879798
38.149674	-81.880787
38.150097	-81.8823
38.149635	-81.883033
38.150696	-81.884253
38.151275	-81.888065
38.152098	-81.888345
38.152803	-81.887613
38.155323	-81.887492
38.155701	-81.88778
38.156243	-81.887486
38.156367	-81.886659
38.156942	-81.88608
38.158417	-81.887272
38.159046	-81.887316
38.160125	-81.888578
38.161094	-81.888613
38.163636	-81.889391
38.165842	-81.888565
38.165323	-81.888015
38.162743	-81.888309
38.162759	-81.886834
38.163084	-81.8862
38.163572	-81.885949
38.1673	-81.886963
38.167743	-81.886865
38.168002	-81.886469
38.168027	-81.884437
38.166378	-81.881376
38.165807	-81.876477
38.16492	-81.873838
38.163699	-81.872118
38.164235	-81.871618
38.164953	-81.871568
38.167254	-81.872406
38.169289	-81.871326
38.170896	-81.871214
38.17184	-81.872073
38.172825	-81.872492
38.174376	-81.872626
38.175732	-81.87326
38.176846	-81.871974
38.176668	-81.866026
38.176369	-81.863633
38.174268	-81.862889
38.173074	-81.851176
38.174568	-81.851942
38.175974	-81.851673
38.180725	-81.849884
38.181499	-81.848859
38.181273	-81.847399
38.179748	-81.843926
38.17951	-81.842154
38.179931	-81.840306
38.180625	-81.838765
38.181945	-81.838318
38.183333	-81.838989
38.184132	-81.839963
38.185541	-81.842497
38.185733	-81.845913
38.185199	-81.846798
38.182814	-81.848791
38.182291	-81.849702
38.182275	-81.850203
38.182931	-81.851253
38.183474	-81.851592
38.184813	-81.851766
38.188475	-81.849847
38.19137	-81.847253
38.192482	-81.846632
38.195336	-81.845783
38.19634	-81.845947
38.197925	-81.845393
38.199457	-81.844457
38.200476	-81.842388
38.201489	-81.839083
38.202245	-81.838756
38.203216	-81.839017
38.205993	-81.841241
38.20747	-81.841246
38.208896	-81.840723
38.209578	-81.839918
38.209811	-81.839206
38.209388	-81.834697
38.20957	-81.83347
38.209041	-81.832572
38.207613	-81.831703
38.207321	-81.830449
38.206909	-81.829969
38.206168	-81.829834
38.205807	-81.828538
38.205404	-81.828465
38.204798	-81.828834
38.204435	-81.828625
38.203213	-81.826633
38.202552	-81.826575
38.200071	-81.82463
38.199393	-81.825053
38.198353	-81.825119
38.196624	-81.823504
38.196193	-81.823723
38.195278	-81.822928
38.194353	-81.823068
38.193903	-81.823683
38.190792	-81.822117
38.189945	-81.821354
38.188762	-81.821556
38.186714	-81.820868
38.186323	-81.820171
38.185397	-81.819485
38.184692	-81.818535
38.184574	-81.815474
38.184249	-81.813867
38.183308	-81.813325
38.182579	-81.811971
38.181875	-81.811285
38.180755	-81.811049
38.180301	-81.810363
38.179994	-81.808526
38.180486	-81.806135
38.180141	-81.804728
38.178388	-81.801839
38.179204	-81.801461
38.180948	-81.801992
38.182507	-81.804044
38.182757	-81.805116
38.183	-81.80531
38.184445	-81.804727
38.185592	-81.805575
38.185963	-81.806841
38.187433	-81.806851
38.188281	-81.807985
38.189242	-81.808302
38.190058	-81.810038
38.189945	-81.812774
38.191108	-81.812723
38.194248	-81.814469
38.195185	-81.813673
38.195759	-81.81211
38.196735	-81.812028
38.197494	-81.812529
38.198907	-81.814357
38.199835	-81.81401
38.201982	-81.811037
38.203517	-81.811262
38.204824	-81.81024
38.206924	-81.811507
38.208038	-81.811272
38.208321	-81.810465
38.207496	-81.807421
38.207674	-81.80641
38.208868	-81.805306
38.208593	-81.803366
38.208221	-81.8026
38.209303	-81.799739
38.20826	-81.797421
38.208421	-81.796491
38.207412	-81.794417
38.208074	-81.792456
38.208824	-81.791638
38.209905	-81.789493
38.211099	-81.789809
38.211616	-81.789349
38.213157	-81.786468
38.214246	-81.785456
38.214957	-81.786089
38.217945	-81.787426
38.219068	-81.788775
38.220933	-81.789285
38.221466	-81.789121
38.222241	-81.788222
38.223056	-81.787813
38.223452	-81.787108
38.223548	-81.785872
38.224573	-81.78441
38.225646	-81.784134
38.226228	-81.784522
38.226745	-81.785656
38.230507	-81.78406
38.230901	-81.781148
38.230561	-81.779359
38.230811	-81.778633
38.230726	-81.773003
38.228715	-81.768605
38.227809	-81.765095
38.219755	-81.756291
38.217731	-81.754986
38.213809	-81.755456
38.212754	-81.755993
38.204938	-81.754607
38.202287	-81.75267
38.200567	-81.749819
38.200623	-81.748793
38.201267	-81.746667
38.201101	-81.744512
38.198944	-81.739491
38.198173	-81.737005
38.205003	-81.73137
38.204663	-81.730152
38.204228	-81.729652
38.203814	-81.727333
38.204069	-81.72653
38.205088	-81.725566
38.205596	-81.72443
38.208114	-81.725565
38.20857	-81.725278
38.209113	-81.723773
38.21234	-81.723175
38.213082	-81.722033
38.214632	-81.720984
38.214925	-81.72113
38.214942	-81.722356
38.213609	-81.725013
38.213374	-81.726001
38.213747	-81.727228
38.217538	-81.728199
38.220519	-81.725676
38.221207	-81.725782
38.222644	-81.722539
38.222574	-81.721059
38.221921	-81.720584
38.222697	-81.71844
38.222758	-81.715516
38.223348	-81.71449
38.223294	-81.711896
38.222818	-81.711284
38.223197	-81.710172
38.223077	-81.708111
38.224871	-81.707689
38.225751	-81.706666
38.226667	-81.70645
38.227102	-81.705826
38.226494	-81.703389
38.227389	-81.700659
38.22822	-81.700077
38.228254	-81.698063
38.227521	-81.696007
38.225581	-81.696289
38.223978	-81.694898
38.224082	-81.692658
38.222411	-81.692096
38.221553	-81.690871
38.220207	-81.690464
38.219504	-81.689889
38.219824	-81.688635
38.219684	-81.687913
38.218138	-81.687031
38.218266	-81.685925
38.219183	-81.684104
38.219082	-81.683299
38.219459	-81.682074
38.221059	-81.680063
38.220981	-81.677561
38.221703	-81.675683
38.221652	-81.673856
38.221277	-81.67314
38.220663	-81.670396
38.219791	-81.669325
38.219556	-81.667144
38.221532	-81.666482
38.221714	-81.66471
38.222925	-81.663096
38.223487	-81.659771
38.223121	-81.657471
38.222504	-81.656148
38.222295	-81.654631
38.220894	-81.652674
38.220781	-81.652166
38.22127	-81.650376
38.221124	-81.647672
38.220482	-81.646901
38.220675	-81.643668
38.216309	-81.644759
38.215754	-81.645365
38.21484	-81.645275
38.212878	-81.643087
38.210682	-81.643091
38.21008	-81.643842
38.209388	-81.647619
38.208289	-81.648586
38.205614	-81.648337
38.204856	-81.648928
38.203889	-81.65219
38.203096	-81.652547
38.202245	-81.651823
38.201226	-81.650091
38.20109	-81.647531
38.200453	-81.647046
38.199377	-81.647421
38.197323	-81.646625
38.196267	-81.646713
38.19551	-81.646292
38.194986	-81.644784
38.193067	-81.645435
38.191951	-81.644738
38.189648	-81.645613
38.188962	-81.646151
38.188579	-81.646957
38.185036	-81.648537
38.183639	-81.645304
38.183494	-81.642673
38.182078	-81.642413
38.180278	-81.639303
38.179863	-81.639027
38.179397	-81.639222
38.178472	-81.641462
38.177281	-81.642748
38.176093	-81.641644
38.176981	-81.636414
38.177534	-81.634572
38.176814	-81.633947
38.174282	-81.633592
38.173925	-81.633979
38.171684	-81.633617
38.172311	-81.629333
38.17293	-81.628674
38.1749	-81.628155
38.17555	-81.626392
38.177408	-81.625416
38.178374	-81.625309
38.178757	-81.624841
38.178693	-81.623665
38.177573	-81.620833
38.177637	-81.619761
38.178581	-81.618177
38.178501	-81.617121
38.177045	-81.616529
38.176805	-81.615937
38.176645	-81.611537
38.175541	-81.610849
38.175445	-81.609121
38.174789	-81.608145
38.174421	-81.607025
38.174309	-81.604576
38.174837	-81.60368
38.175477	-81.603392
38.176197	-81.602048
38.175749	-81.60184
38.174309	-81.602288
38.173381	-81.60312
38.172069	-81.605616
38.170805	-81.606816
38.170101	-81.606736
38.169797	-81.605984
38.169541	-81.603792
38.16839	-81.60304
38.168214	-81.602064
38.167734	-81.601344
38.16775	-81.6004
38.168198	-81.599552
38.168262	-81.598352
38.167622	-81.595872
38.16711	-81.595808
38.164006	-81.599904
38.163078	-81.599856
38.161798	-81.599328
38.161446	-81.59872
38.161494	-81.59728
38.160838	-81.596768
38.160102	-81.595664
38.160102	-81.594864
38.161094	-81.59392
38.160774	-81.59328
38.159654	-81.592576
38.15903	-81.592624
38.158534	-81.592224
38.157622	-81.589664
38.157222	-81.589504
38.156198	-81.59024
38.155238	-81.590544
38.154166	-81.5904
38.152566	-81.588496
38.151526	-81.586111
38.150278	-81.585599
38.14959	-81.584991
38.148598	-81.582895
38.146998	-81.581231
38.146262	-81.580879
38.145734	-81.581007
38.145174	-81.581679
38.144246	-81.581823
38.14367	-81.581343
38.143062	-81.579087
38.14343	-81.577247
38.144582	-81.575647
38.144918	-81.574255
38.142839	-81.573823
38.142087	-81.573279
38.141607	-81.572511
38.142311	-81.570463
38.142247	-81.569647
38.141671	-81.569279
38.139143	-81.570591
38.137895	-81.570223
38.137287	-81.569471
38.138007	-81.567743
38.137431	-81.566495
38.137991	-81.564894
38.139719	-81.561758
38.140039	-81.56067
38.141223	-81.558814
38.141479	-81.55779
38.141543	-81.555742
38.140455	-81.554494
38.139287	-81.55203
38.139399	-81.550606
38.139143	-81.549438
38.138519	-81.548638
38.138455	-81.546478
38.137911	-81.545182
38.136087	-81.543246
38.133607	-81.543166
38.132759	-81.542206
38.131943	-81.539918
38.130951	-81.539054
38.129831	-81.539086
38.129415	-81.539438
38.129111	-81.541102
38.127975	-81.542126
38.126983	-81.543854
38.126343	-81.544222
38.124647	-81.546222
38.123751	-81.54635
38.123095	-81.545646
38.122215	-81.545294
38.122279	-81.54627
38.120823	-81.546766
38.119527	-81.546254
38.11908	-81.545181
38.119192	-81.544221
38.119784	-81.542701
38.119288	-81.541197
38.121032	-81.538477
38.121256	-81.537485
38.120584	-81.535613
38.121384	-81.533805
38.120488	-81.532029
38.11812	-81.532461
38.117608	-81.532317
38.117128	-81.531357
38.117672	-81.529741
38.118408	-81.529053
38.118936	-81.527181
38.118824	-81.526541
38.117144	-81.526173
38.116952	-81.524205
38.115832	-81.523421
38.11444	-81.521885
38.113512	-81.521405
38.113864	-81.520333
38.114632	-81.519645
38.113864	-81.517501
38.11316	-81.516381
38.11236	-81.515836
38.111288	-81.516252
38.110488	-81.5175
38.108803	-81.517861
38.107956	-81.51855
38.106536	-81.518852
38.105288	-81.518556
38.104776	-81.518844
38.10444	-81.519548
38.102872	-81.51942
38.10084	-81.520988
38.100408	-81.521948
38.100882	-81.52264
38.10084	-81.52502
38.101336	-81.525884
38.10124	-81.526604
38.100552	-81.527341
38.099896	-81.528829
38.09868	-81.529309
38.098072	-81.530045
38.096424	-81.530604
38.09633	-81.53161
38.09684	-81.534077
38.095912	-81.534845
38.09204	-81.534876
38.091064	-81.53534
38.090248	-81.536732
38.089464	-81.53678
38.088504	-81.536092
38.087624	-81.537004
38.085944	-81.537356
38.0854	-81.536652
38.084952	-81.53662
38.08412	-81.537388
38.083707	-81.53822
