39.252084	-79.624108
39.216206	-79.507576
39.194307	-79.486575
39.191907	-79.486375
39.189607	-79.484575
39.189207	-79.483875
39.188807	-79.481474
39.188307	-79.480574
39.186407	-79.478774
39.184907	-79.475774
39.183207	-79.475374
39.181707	-79.473774
39.180807	-79.472274
39.180307	-79.469474
39.179207	-79.468374
39.178807	-79.467474
39.179507	-79.465674
39.182107	-79.463273
39.182307	-79.462573
39.182207	-79.461373
39.183307	-79.458573
39.183207	-79.456173
39.183407	-79.454973
39.184807	-79.450873
39.184707	-79.449073
39.184107	-79.446973
39.185407	-79.443472
39.186307	-79.442572
39.191307	-79.442572
39.191707	-79.442172
39.191607	-79.440572
39.192207	-79.437272
39.191507	-79.434372
39.190207	-79.432872
39.189307	-79.432272
39.187607	-79.429672
39.186707	-79.428772
39.186907	-79.427571
39.189807	-79.425671
39.190507	-79.424871
39.191107	-79.422971
39.190407	-79.421271
39.190407	-79.420471
39.190907	-79.419471
39.190807	-79.418971
39.189607	-79.417271
39.188707	-79.414371
39.189007	-79.41007
39.190007	-79.40857
39.191207	-79.40577
39.191007	-79.40307
39.190307	-79.40187
39.190207	-79.40127
39.191607	-79.39847
39.192007	-79.39547
39.192907	-79.39287
39.193906	-79.39197
39.194606	-79.39207
39.195706	-79.39277
39.196706	-79.39277
39.199406	-79.390769
39.200106	-79.389669
39.200406	-79.387069
39.199906	-79.384769
39.200006	-79.382469
39.200806	-79.381469
39.203706	-79.382369
39.204206	-79.381569
39.204106	-79.380269
39.204706	-79.378169
39.204506	-79.377269
39.202706	-79.374669
39.202906	-79.372668
39.203806	-79.371968
39.203806	-79.370268
39.203306	-79.369668
39.201406	-79.369568
39.199506	-79.366968
39.199406	-79.365068
39.200806	-79.362368
39.201806	-79.361368
39.202206	-79.360368
39.203606	-79.358768
39.205406	-79.358768
39.207606	-79.357968
39.208506	-79.356368
39.208006	-79.353667
39.208206	-79.350867
39.207006	-79.348467
39.209006	-79.346467
39.211106	-79.345167
39.212106	-79.344967
39.212806	-79.345267
39.213806	-79.345067
39.214106	-79.344467
39.214206	-79.342367
39.214006	-79.339867
39.214706	-79.336066
39.214806	-79.333166
39.214406	-79.332366
39.213806	-79.331866
39.213206	-79.328166
39.211806	-79.326066
39.211106	-79.325566
39.209406	-79.325066
39.208106	-79.323966
39.208206	-79.322566
39.209306	-79.320666
39.210906	-79.318765
39.212006	-79.318365
39.212406	-79.317565
39.210906	-79.315965
39.210306	-79.313765
39.211206	-79.310165
39.211006	-79.309465
39.209206	-79.306465
39.208106	-79.305465
39.204606	-79.305165
39.204306	-79.304765
39.203906	-79.302265
39.203606	-79.301665
39.201306	-79.300064
39.199606	-79.298464
39.198406	-79.296664
39.196006	-79.295264
39.194406	-79.294864
39.192506	-79.293764
39.189706	-79.289264
39.188606	-79.289464
39.189306	-79.293564
39.188506	-79.296764
39.185706	-79.298664
39.185006	-79.300465
39.184806	-79.302365
39.183606	-79.304165
39.182306	-79.308165
39.179206	-79.310565
39.177407	-79.312965
39.176907	-79.313065
39.175807	-79.312165
39.173307	-79.310965
39.171407	-79.311165
39.169807	-79.311965
39.168407	-79.313065
39.166707	-79.315565
39.166407	-79.317665
39.164107	-79.322166
39.163707	-79.322166
39.163507	-79.321766
39.163107	-79.321766
39.161607	-79.323166
39.160407	-79.323766
39.158607	-79.323466
39.157707	-79.324066
39.156307	-79.326666
39.154307	-79.328266
39.153007	-79.328566
39.151207	-79.329566
39.150207	-79.330866
39.147807	-79.331766
39.146207	-79.331766
39.143407	-79.331166
39.139907	-79.331066
39.138807	-79.330466
39.137207	-79.327866
39.134807	-79.326366
39.133907	-79.326266
39.132807	-79.326566
39.130007	-79.328766
39.129607	-79.329366
39.128707	-79.332066
39.128507	-79.334166
39.128007	-79.335366
39.127207	-79.335966
39.125107	-79.335916
39.12376	-79.335226
39.123839	-79.333493
39.121737	-79.331444
39.120481	-79.331013
39.118839	-79.331305
39.116869	-79.333465
39.11507	-79.336316
39.112159	-79.340055
39.111678	-79.341923
39.109628	-79.344618
39.109154	-79.345609
39.107754	-79.346632
39.105307	-79.346925
39.100824	-79.346912
39.098903	-79.349524
39.094322	-79.348655
39.093742	-79.348202
39.091578	-79.349701
39.08993	-79.35256
39.086508	-79.355468
39.085208	-79.347167
39.083708	-79.344567
39.083693	-79.342053
39.082667	-79.337642
39.082656	-79.334094
39.082204	-79.333033
39.08106	-79.33188
39.078773	-79.330833
39.074723	-79.328335
39.073828	-79.327419
39.072852	-79.325143
39.071986	-79.31997
39.07025	-79.314705
39.070812	-79.312982
39.071559	-79.312166
39.07361	-79.310853
39.074502	-79.309449
39.076521	-79.308001
39.077034	-79.306567
39.076743	-79.304918
39.074315	-79.300779
39.07321	-79.298164
39.070916	-79.298756
39.068776	-79.298772
39.067634	-79.29962
39.066742	-79.300962
39.06383	-79.30238
39.062438	-79.302476
39.060826	-79.301356
39.060207	-79.301316
39.056184	-79.303036
39.055259	-79.30308
39.053439	-79.30227
39.050303	-79.304235
39.049143	-79.303609
39.048009	-79.304116
39.046962	-79.30385
39.043369	-79.307279
39.042178	-79.307684
39.041277	-79.308613
39.041249	-79.312065
39.042095	-79.313485
39.041967	-79.313764
39.041259	-79.313889
39.038468	-79.316049
39.037247	-79.317855
39.03641	-79.31797
39.034637	-79.315985
39.03279	-79.314508
39.032556	-79.311826
39.03146	-79.310746
39.030293	-79.310244
39.029303	-79.310637
39.027532	-79.3106
39.025537	-79.311078
39.024724	-79.310977
39.020701	-79.312417
39.019163	-79.312276
39.016904	-79.314124
39.016904	-79.314392
39.016284	-79.314744
39.013762	-79.319127
39.012153	-79.320418
39.01101	-79.320523
39.009536	-79.319651
39.008192	-79.319643
39.006664	-79.320254
39.004966	-79.320412
39.002775	-79.31951
39.001802	-79.31979
39.000831	-79.322737
38.999609	-79.324466
38.999209	-79.325566
38.997409	-79.327366
38.995309	-79.328966
38.993409	-79.328966
38.991909	-79.328466
38.988309	-79.329966
38.986909	-79.329966
38.986509	-79.330266
38.984609	-79.329766
38.98201	-79.330866
38.97981	-79.333266
38.97961	-79.334266
38.97921	-79.334866
38.976343	-79.337266
38.97311	-79.338266
38.97201	-79.339367
38.97061	-79.339867
38.96931	-79.340867
38.96791	-79.343167
38.96771	-79.345267
38.96611	-79.351167
38.96501	-79.353467
38.96461	-79.354967
38.96441	-79.358267
38.96491	-79.359667
38.96601	-79.361068
38.96711	-79.364468
38.96721	-79.366268
38.96621	-79.374468
38.96571	-79.376868
38.96611	-79.378068
38.96581	-79.379268
38.96591	-79.379768
38.96731	-79.381269
38.96811	-79.382769
38.97001	-79.388869
38.97081	-79.394069
38.971609	-79.396969
38.972334	-79.39828
38.97222	-79.399688
38.972472	-79.400656
38.972335	-79.40262
38.97332	-79.405727
38.97371	-79.40898
38.973299	-79.412879
38.973666	-79.413759
38.9733	-79.415078
38.973392	-79.416075
38.972042	-79.418918
38.971676	-79.420415
38.971814	-79.421558
38.972523	-79.422877
38.973279	-79.426101
38.973119	-79.427684
38.974286	-79.431436
38.976209	-79.433693
38.976369	-79.434309
38.976163	-79.435628
38.976346	-79.439499
38.975316	-79.446183
38.974058	-79.449437
38.974218	-79.449876
38.97511	-79.450228
38.974927	-79.451313
38.975041	-79.452222
38.974583	-79.453629
38.975567	-79.457
38.975086	-79.457528
38.974972	-79.458144
38.975475	-79.460255
38.97591	-79.461047
38.975864	-79.461839
38.975269	-79.462132
38.974788	-79.462952
38.975039	-79.464418
38.975977	-79.465591
38.976045	-79.469226
38.97632	-79.469871
38.977601	-79.470986
38.978035	-79.472833
38.977736	-79.477524
38.977278	-79.479547
38.977231	-79.483358
38.977002	-79.484443
38.975124	-79.486934
38.974895	-79.488692
38.97622	-79.492534
38.977067	-79.493619
38.977363	-79.495173
38.976905	-79.49702
38.975691	-79.499101
38.975037	-79.499775
38.974224	-79.500083
38.973791	-79.499422
38.972691	-79.500245
38.971226	-79.500275
38.970129	-79.502034
38.970061	-79.504144
38.970565	-79.505258
38.971115	-79.505638
38.972512	-79.508041
38.973061	-79.508568
38.974709	-79.507746
38.975175	-79.508766
39.037405	-79.785689
39.038005	-79.785889
39.039905	-79.785289
39.039605	-79.783689
39.040005	-79.782189
39.042005	-79.781389
39.042605	-79.780389
39.043305	-79.780189
39.044805	-79.780389
39.046505	-79.776989
39.047705	-79.778289
39.048505	-79.778489
39.049505	-79.777589
39.050205	-79.777589
39.051305	-79.778689
39.051705	-79.778689
39.052305	-79.778089
39.052805	-79.778089
39.055005	-79.779289
39.055805	-79.779189
39.057105	-79.776989
39.057805	-79.776489
39.059605	-79.777089
39.060605	-79.776889
39.061705	-79.776089
39.062105	-79.774789
39.062805	-79.774489
39.063105	-79.773989
39.063705	-79.774189
39.065405	-79.776389
39.069105	-79.776289
39.069904	-79.776789
39.071004	-79.775989
39.071505	-79.774789
39.072104	-79.774489
39.072804	-79.775389
39.073404	-79.775589
39.074904	-79.774889
39.075604	-79.775289
39.076604	-79.775289
39.077404	-79.777089
39.078104	-79.776989
39.078604	-79.777289
39.079104	-79.777189
39.080504	-79.778789
39.081804	-79.779189
39.082304	-79.780689
39.084404	-79.779589
39.086004	-79.781089
39.086404	-79.782189
39.088604	-79.783889
39.088804	-79.78459
39.089704	-79.78509
39.090166	-79.785884
39.09065	-79.786036
39.092404	-79.78889
39.093204	-79.78949
39.093904	-79.78959
39.096004	-79.78819
39.097504	-79.78879
39.098304	-79.79049
39.099004	-79.79069
39.099004	-79.79169
39.099304	-79.79239
39.101204	-79.79469
39.102204	-79.79489
39.102704	-79.79589
39.105904	-79.79839
39.106804	-79.79809
39.108003	-79.79939
39.108603	-79.802391
39.109603	-79.803591
39.109103	-79.806591
39.110203	-79.807191
39.112203	-79.813691
39.112003	-79.814191
39.112503	-79.815991
39.113803	-79.816591
39.114103	-79.817091
39.114703	-79.817091
39.115303	-79.817791
39.115903	-79.817891
39.117903	-79.819992
39.118303	-79.821192
39.118103	-79.822192
39.117503	-79.823092
39.116403	-79.823392
39.115803	-79.824192
39.115803	-79.825092
39.116703	-79.825592
39.117203	-79.826492
39.117203	-79.827192
39.117503	-79.827492
39.117503	-79.827892
39.118003	-79.828092
39.118403	-79.827792
39.118903	-79.828192
39.118903	-79.829492
39.119403	-79.830892
39.120403	-79.830792
39.121003	-79.830192
39.121903	-79.828292
39.122603	-79.828892
39.122903	-79.829592
39.123503	-79.829692
39.125003	-79.828592
39.126502	-79.829892
39.126702	-79.831692
39.127002	-79.832392
39.127002	-79.834392
39.127302	-79.835392
39.127102	-79.836192
39.127502	-79.836693
39.129602	-79.837293
39.131002	-79.838093
39.133602	-79.835893
39.134302	-79.835693
39.136302	-79.835993
39.137702	-79.835193
39.140702	-79.834793
39.142802	-79.833193
39.143602	-79.832993
39.144702	-79.833493
39.145902	-79.833593
39.146702	-79.834193
39.147702	-79.834393
39.150102	-79.833093
39.151502	-79.832893
39.152402	-79.833293
39.153302	-79.833293
39.156302	-79.832093
39.158402	-79.829393
39.159702	-79.828392
39.160402	-79.827492
39.163002	-79.828193
39.164902	-79.827793
39.166202	-79.827993
39.168602	-79.826993
39.170402	-79.827293
39.171302	-79.826893
39.174602	-79.826993
39.176202	-79.828393
39.176902	-79.828693
39.178502	-79.828393
39.182502	-79.823993
39.183802	-79.823293
39.185402	-79.822893
39.186502	-79.822193
39.190602	-79.822593
39.192802	-79.825493
39.194101	-79.826693
39.195115	-79.826688
39.195901	-79.825993
39.197502	-79.822193
39.198402	-79.820793
39.199202	-79.820093
39.200602	-79.819593
39.202202	-79.818493
39.203102	-79.818493
39.203602	-79.818093
39.205202	-79.817793
39.206202	-79.817193
39.207202	-79.816092
39.208202	-79.815592
39.209102	-79.814392
39.211202	-79.813792
39.212202	-79.813992
39.213101	-79.814792
39.216201	-79.815193
39.217401	-79.816493
39.218601	-79.816693
39.219601	-79.815693
39.221801	-79.811192
39.223801	-79.808892
39.225801	-79.808792
39.229801	-79.810292
39.230301	-79.810091
39.230801	-79.809292
39.250017	-79.750853
39.271402	-79.687285
39.252084	-79.624108
