38.118753	-82.266993
38.117335	-82.265812
38.1165	-82.266164
38.115934	-82.267565
38.115101	-82.26859
38.114836	-82.26732
38.112963	-82.265825
38.111922	-82.265349
38.111697	-82.264975
38.109711	-82.263999
38.108545	-82.264105
38.108281	-82.262917
38.107511	-82.261968
38.106067	-82.258147
38.105241	-82.257961
38.103798	-82.256719
38.103728	-82.256077
38.104473	-82.255167
38.104572	-82.254588
38.103857	-82.253911
38.103163	-82.253957
38.102818	-82.253579
38.101883	-82.253623
38.100877	-82.252966
38.100554	-82.251062
38.100847	-82.250454
38.102428	-82.249171
38.102526	-82.24857
38.102148	-82.246279
38.101254	-82.245498
38.100778	-82.245413
38.100714	-82.244669
38.099803	-82.243956
38.099118	-82.242805
38.098537	-82.242519
38.097212	-82.240868
38.095652	-82.240432
38.094846	-82.240808
38.09358	-82.239362
38.092903	-82.239362
38.092516	-82.238588
38.090404	-82.238831
38.08921	-82.239706
38.087194	-82.23939
38.086543	-82.237821
38.084987	-82.238126
38.083212	-82.239499
38.082083	-82.23954
38.081309	-82.239091
38.080609	-82.237035
38.080641	-82.236292
38.080287	-82.235508
38.076167	-82.235354
38.0762	-82.233074
38.076708	-82.232016
38.076911	-82.23056
38.076242	-82.227903
38.075896	-82.227903
38.075379	-82.228514
38.074387	-82.22885
38.073807	-82.229389
38.073016	-82.229419
38.070582	-82.227709
38.068889	-82.22783
38.070624	-82.224085
38.070681	-82.22328
38.069827	-82.219738
38.070174	-82.218456
38.068538	-82.217021
38.068563	-82.214395
38.067871	-82.212838
38.067702	-82.211739
38.068275	-82.20893
38.066768	-82.205794
38.065921	-82.205194
38.065462	-82.205265
38.063663	-82.20778
38.062978	-82.207984
38.061736	-82.207628
38.06143	-82.207016
38.059317	-82.206304
38.058204	-82.206894
38.057978	-82.207617
38.057849	-82.21064
38.057203	-82.21181
38.05293	-82.2095
38.052035	-82.209367
38.050455	-82.20781
38.049432	-82.205195
38.050578	-82.200281
38.048707	-82.197636
38.048828	-82.196628
38.050683	-82.194593
38.050651	-82.193586
38.051127	-82.192599
38.049498	-82.191815
38.046314	-82.192314
38.045282	-82.194309
38.042532	-82.197199
38.042249	-82.198319
38.041467	-82.198573
38.040121	-82.19836
38.038322	-82.198624
38.037564	-82.199408
38.036193	-82.202236
38.035637	-82.202297
38.033597	-82.201535
38.032146	-82.20245
38.031871	-82.202186
38.03121	-82.202298
38.030718	-82.202878
38.030704	-82.203395
38.029343	-82.205277
38.029048	-82.206428
38.02633	-82.205579
38.023606	-82.203865
38.023162	-82.204618
38.022639	-82.207273
38.020721	-82.209813
38.020423	-82.210536
38.020423	-82.211491
38.02088	-82.212995
38.019966	-82.216416
38.020054	-82.217515
38.006268	-82.232402
38.005011	-82.234715
38.003785	-82.234932
38.002099	-82.238513
38.002034	-82.239533
38.000829	-82.243545
38.000097	-82.244027
37.999617	-82.244859
37.99875	-82.245428
37.996878	-82.245607
37.994993	-82.247014
37.993235	-82.250748
37.972708	-82.27459
37.95519	-82.290915
37.94364	-82.306391
37.862894	-82.403743
37.862694	-82.400587
37.861322	-82.401125
37.859912	-82.401148
37.859248	-82.400855
37.858271	-82.399848
37.857323	-82.399337
37.855191	-82.398926
37.85329	-82.399858
37.851826	-82.400236
37.851153	-82.399771
37.850673	-82.398473
37.850885	-82.396353
37.850473	-82.395377
37.849461	-82.394958
37.848942	-82.392213
37.847086	-82.391139
37.845451	-82.391257
37.844035	-82.393123
37.842609	-82.393987
37.84242	-82.394445
37.842708	-82.395048
37.84311	-82.398221
37.842681	-82.400577
37.846137	-82.402779
37.847754	-82.40337
37.848913	-82.40482
37.849222	-82.40758
37.848318	-82.409113
37.848641	-82.410009
37.850269	-82.410824
37.852015	-82.413003
37.8538	-82.413339
37.854279	-82.412896
37.854602	-82.412962
37.8555	-82.414722
37.856257	-82.414613
37.856683	-82.415072
37.857366	-82.417466
37.860335	-82.423817
37.861436	-82.424497
37.862611	-82.424241
37.863084	-82.423836
37.863852	-82.42209
37.864874	-82.41549
37.865273	-82.409935
37.865511	-82.409172
37.867081	-82.407416
37.867642	-82.407355
37.868011	-82.407626
37.869021	-82.409554
37.869038	-82.413646
37.869366	-82.415897
37.869773	-82.416961
37.87341	-82.418882
37.876013	-82.419181
37.883487	-82.419239
37.885075	-82.420101
37.886323	-82.421806
37.886932	-82.423403
37.887719	-82.4274
37.888526	-82.430044
37.890384	-82.432692
37.895901	-82.434775
37.898512	-82.436456
37.900175	-82.438173
37.904	-82.447564
37.907152	-82.450087
37.9085	-82.451713
37.908872	-82.452597
37.909148	-82.458215
37.909605	-82.459929
37.910873	-82.460929
37.914075	-82.461945
37.914962	-82.463062
37.915039	-82.464906
37.91464	-82.466903
37.914137	-82.467952
37.911656	-82.469085
37.910129	-82.469103
37.907609	-82.468512
37.905971	-82.468934
37.903433	-82.468219
37.899654	-82.470752
37.898977	-82.471629
37.899176	-82.472879
37.899986	-82.474548
37.902123	-82.476086
37.903554	-82.476042
37.905613	-82.474501
37.907096	-82.474068
37.910366	-82.474748
37.911744	-82.47534
37.914773	-82.479081
37.915478	-82.480688
37.917042	-82.487797
37.917469	-82.488126
37.919051	-82.488186
37.920226	-82.487251
37.923081	-82.483219
37.924655	-82.480471
37.925439	-82.480106
37.926336	-82.480597
37.926689	-82.481171
37.927026	-82.482898
37.927146	-82.49238
37.926876	-82.495718
37.927681	-82.497547
37.929037	-82.499149
37.932961	-82.502172
37.933936	-82.502365
37.934938	-82.501912
37.936877	-82.499625
37.937063	-82.498891
37.936267	-82.493662
37.935804	-82.492266
37.935766	-82.491088
37.936074	-82.490424
37.937086	-82.489685
37.938468	-82.489179
37.939324	-82.48964
37.940616	-82.494579
37.942537	-82.497356
37.943275	-82.497668
37.945371	-82.497724
37.945974	-82.49747
37.946474	-82.496699
37.946691	-82.495196
37.94555	-82.491145
37.944958	-82.488031
37.945095	-82.486981
37.945692	-82.485527
37.948168	-82.481877
37.952207	-82.477806
37.954111	-82.475365
37.958905	-82.471476
37.959603	-82.471337
37.960271	-82.47173
37.961015	-82.473651
37.96178	-82.477889
37.963497	-82.483964
37.964227	-82.484796
37.970433	-82.48437
37.971495	-82.483924
37.97289	-82.481618
37.973245	-82.477293
37.972802	-82.47298
37.972847	-82.469867
37.973256	-82.468557
37.975694	-82.466361
37.976567	-82.465175
37.978126	-82.464364
37.980293	-82.464067
37.983411	-82.464257
37.984165	-82.464752
37.98515	-82.466021
37.98674	-82.47088
37.986721	-82.472887
37.985359	-82.478486
37.984538	-82.480139
37.98396	-82.482641
37.984138	-82.483631
37.984748	-82.484231
37.98692	-82.485128
37.989352	-82.485675
37.995705	-82.485967
37.997935	-82.487133
37.998928	-82.488546
37.999266	-82.500863
38.001512	-82.507197
38.001666	-82.509186
38.001494	-82.509783
38.000091	-82.511535
37.999199	-82.513491
37.999588	-82.516091
38.00079	-82.518555
38.001526	-82.519321
38.001957	-82.519131
38.004915	-82.515366
38.006697	-82.515528
38.007959	-82.518791
38.008538	-82.519665
38.012968	-82.52259
38.019564	-82.525831
38.022692	-82.526032
38.026406	-82.525817
38.027586	-82.527068
38.028792	-82.530371
38.032247	-82.534973
38.03738	-82.538639
38.039788	-82.539071
38.04406	-82.536966
38.04485	-82.537024
38.045715	-82.537781
38.04722	-82.540051
38.049919	-82.542391
38.053449	-82.544571
38.055438	-82.544913
38.058816	-82.544483
38.05943	-82.544718
38.061125	-82.547106
38.063302	-82.549487
38.068185	-82.549368
38.069366	-82.54984
38.070564	-82.550952
38.071195	-82.552202
38.071981	-82.55765
38.072882	-82.559644
38.074096	-82.561006
38.080418	-82.565238
38.081374	-82.566878
38.081423	-82.572146
38.082016	-82.574279
38.087596	-82.57975
38.088744	-82.581759
38.090655	-82.584095
38.095559	-82.585549
38.098729	-82.585078
38.10682	-82.58547
38.108001	-82.586284
38.109159	-82.588314
38.11001	-82.591784
38.111053	-82.593578
38.112508	-82.595309
38.115858	-82.598009
38.117548	-82.60045
38.117669	-82.600999
38.117295	-82.601528
38.11992	-82.604505
38.120546	-82.605903
38.120896	-82.60842
38.120047	-82.615324
38.120397	-82.618926
38.121083	-82.619816
38.122423	-82.620805
38.125334	-82.621367
38.131557	-82.621149
38.133205	-82.621985
38.133864	-82.623008
38.135554	-82.629938
38.13716	-82.635257
38.137578	-82.635973
38.13922	-82.636994
38.145889	-82.638422
38.147488	-82.638282
38.153332	-82.638696
38.155584	-82.638548
38.1566	-82.638749
38.163776	-82.643614
38.165709	-82.644413
38.167763	-82.643814
38.169504	-82.642887
38.170196	-82.64199
38.17137	-82.637459
38.170518	-82.625674
38.168871	-82.619475
38.168833	-82.618382
38.169801	-82.614842
38.170687	-82.612581
38.171879	-82.611351
38.175422	-82.610052
38.187069	-82.604318
38.191761	-82.602658
38.19709	-82.599369
38.201391	-82.599211
38.205544	-82.598649
38.214035	-82.598807
38.216419	-82.598481
38.217655	-82.59867
38.218792	-82.599763
38.220707	-82.604645
38.222282	-82.60748
38.224072	-82.609145
38.232848	-82.61216
38.235797	-82.612482
38.241171	-82.609749
38.243307	-82.609026
38.245346	-82.607739
38.247187	-82.605546
38.247577	-82.604502
38.247484	-82.603534
38.24682	-82.601632
38.245696	-82.596749
38.245285	-82.593301
38.245809	-82.584992
38.246496	-82.583711
38.248589	-82.581406
38.253897	-82.578659
38.263861	-82.574732
38.265603	-82.574551
38.268344	-82.575012
38.274386	-82.574344
38.275649	-82.574804
38.277824	-82.576825
38.281597	-82.578868
38.283173	-82.579439
38.285212	-82.579712
38.290407	-82.57965
38.292972	-82.580529
38.296427	-82.5832
38.298316	-82.582845
38.304677	-82.579327
38.30827	-82.57663
38.311747	-82.573452
38.313609	-82.572204
38.316098	-82.571793
38.317872	-82.572414
38.323293	-82.575608
38.328296	-82.577039
38.329817	-82.578594
38.33331	-82.584208
38.334364	-82.585443
38.338186	-82.588108
38.340465	-82.590125
38.341865	-82.593327
38.342754	-82.596263
38.34416	-82.5977
38.345505	-82.598287
38.347691	-82.598616
38.352882	-82.59873
38.360939	-82.598386
38.366196	-82.597329
38.368212	-82.596569
38.371618	-82.594527
38.376148	-82.592807
38.377737	-82.592844
38.380417	-82.593669
38.384067	-82.596098
38.388038	-82.59924
38.389707	-82.599918
38.393333	-82.599187
38.395898	-82.597408
38.397992	-82.594946
38.398601	-82.594702
38.401337	-82.59508
38.404183	-82.595934
38.411151	-82.597255
38.421696	-82.595705
38.418252	-82.593482
38.415573	-82.591056
38.413634	-82.588803
38.40997	-82.583378
38.40728	-82.577894
38.405138	-82.571613
38.404645	-82.566568
38.404715	-82.56059
38.404199	-82.556517
38.404011	-82.556362
38.403423	-82.54957
38.4038	-82.541006
38.404157	-82.53769
38.404837	-82.533523
38.406198	-82.526618
38.407843	-82.520098
38.408045	-82.518508
38.409627	-82.513121
38.410782	-82.507678
38.380435	-82.461348
38.378483	-82.457988
38.310038	-82.352689
38.306772	-82.347249
38.305209	-82.343911
38.307022	-82.342888
38.306505	-82.341014
38.30779	-82.339533
38.311323	-82.331583
38.312637	-82.331162
38.313386	-82.329416
38.314128	-82.329266
38.315148	-82.328386
38.316566	-82.32913
38.320326	-82.330126
38.324043	-82.330316
38.323726	-82.328611
38.3234	-82.328072
38.323566	-82.3276
38.324629	-82.326996
38.325142	-82.325038
38.324587	-82.322527
38.324867	-82.322084
38.327072	-82.321971
38.32757	-82.321577
38.327381	-82.319595
38.326277	-82.317315
38.327667	-82.314867
38.329977	-82.314824
38.331364	-82.314411
38.331509	-82.313008
38.331112	-82.311417
38.32911	-82.310279
38.328716	-82.306239
38.328121	-82.306064
38.328119	-82.305421
38.329087	-82.302557
38.328947	-82.302057
38.328389	-82.301961
38.327706	-82.301149
38.328442	-82.298667
38.327443	-82.297858
38.327023	-82.297832
38.32641	-82.299188
38.325307	-82.299772
38.323394	-82.297449
38.322578	-82.297375
38.322105	-82.296674
38.321708	-82.293764
38.320513	-82.292436
38.320354	-82.29031
38.320624	-82.289643
38.322175	-82.288379
38.322238	-82.28806
38.321185	-82.28624
38.319059	-82.285966
38.318514	-82.286718
38.318204	-82.288684
38.317954	-82.28882
38.316786	-82.288065
38.315153	-82.289125
38.314014	-82.288952
38.313413	-82.288426
38.31292	-82.287153
38.314522	-82.284999
38.314213	-82.284706
38.314206	-82.28352
38.311184	-82.282407
38.310812	-82.281724
38.311286	-82.278993
38.310676	-82.278355
38.309204	-82.278802
38.308049	-82.278203
38.307609	-82.276714
38.305788	-82.275708
38.30373	-82.27633
38.303448	-82.27945
38.303106	-82.280293
38.301343	-82.282486
38.301292	-82.284352
38.302378	-82.287697
38.304088	-82.290372
38.304235	-82.291976
38.303977	-82.293207
38.302926	-82.295753
38.299825	-82.297154
38.299116	-82.302652
38.297666	-82.303249
38.296336	-82.304509
38.296381	-82.304883
38.296029	-82.305413
38.295254	-82.305357
38.295229	-82.305608
38.293581	-82.30427
38.292528	-82.304165
38.291201	-82.304779
38.287715	-82.302577
38.28747	-82.302688
38.287361	-82.30358
38.286543	-82.305817
38.285911	-82.306751
38.282737	-82.306905
38.282298	-82.307881
38.280996	-82.308738
38.279699	-82.308613
38.278404	-82.309616
38.276598	-82.30881
38.27527	-82.311343
38.274996	-82.311448
38.273271	-82.310637
38.272455	-82.310543
38.270292	-82.31219
38.269114	-82.312395
38.26811	-82.313407
38.267306	-82.312556
38.267311	-82.310747
38.267106	-82.310289
38.266404	-82.310327
38.265633	-82.311009
38.26497	-82.311016
38.264346	-82.309234
38.264013	-82.3089
38.263213	-82.308816
38.261992	-82.309993
38.261404	-82.310213
38.259858	-82.309666
38.259103	-82.310318
38.2582	-82.310408
38.256389	-82.311489
38.254362	-82.308801
38.252934	-82.309122
38.252271	-82.308985
38.250087	-82.307587
38.248829	-82.305603
38.248865	-82.303307
38.246299	-82.301864
38.246217	-82.301079
38.245513	-82.300081
38.243707	-82.300054
38.242207	-82.299465
38.239989	-82.299388
38.239478	-82.297339
38.238581	-82.296362
38.236716	-82.29505
38.236013	-82.294174
38.235565	-82.291983
38.233643	-82.290263
38.233538	-82.289805
38.234157	-82.289242
38.234888	-82.287477
38.233256	-82.286194
38.233077	-82.285073
38.230566	-82.28258
38.230557	-82.282264
38.231506	-82.280946
38.231471	-82.279651
38.231099	-82.279
38.23104	-82.277929
38.230264	-82.27683
38.228262	-82.275784
38.227986	-82.274836
38.228066	-82.274285
38.229063	-82.272968
38.229398	-82.271458
38.231051	-82.271525
38.231381	-82.2713
38.231765	-82.26978
38.231471	-82.267965
38.229882	-82.267531
38.2292	-82.265544
38.229199	-82.264849
38.22692	-82.26607
38.225662	-82.266277
38.223858	-82.267117
38.221358	-82.266847
38.22045	-82.268196
38.218043	-82.270027
38.217225	-82.268325
38.215829	-82.267707
38.215176	-82.267759
38.21403	-82.26714
38.212514	-82.267021
38.211715	-82.266412
38.210658	-82.266394
38.209089	-82.267652
38.209215	-82.270006
38.206788	-82.273938
38.20609	-82.275509
38.205667	-82.277824
38.204046	-82.277369
38.202637	-82.277878
38.202443	-82.278188
38.201495	-82.277852
38.200926	-82.277224
38.200326	-82.275441
38.199406	-82.27526
38.19816	-82.276832
38.196976	-82.277253
38.193272	-82.276039
38.191067	-82.273872
38.18931	-82.274141
38.188011	-82.273767
38.18633	-82.271845
38.185816	-82.272722
38.183746	-82.274001
38.182709	-82.275074
38.181757	-82.274791
38.180869	-82.274121
38.180267	-82.271757
38.178323	-82.271354
38.17802	-82.272495
38.17637	-82.274243
38.175343	-82.277058
38.173917	-82.277489
38.173182	-82.277306
38.171253	-82.275864
38.170823	-82.274317
38.16995	-82.273178
38.169674	-82.271895
38.169424	-82.271671
38.168529	-82.271928
38.167684	-82.272582
38.167065	-82.273725
38.164924	-82.275289
38.164472	-82.275188
38.163915	-82.274547
38.163415	-82.274436
38.1624	-82.275233
38.1617	-82.276331
38.160747	-82.278701
38.159217	-82.278758
38.158728	-82.279021
38.158148	-82.278878
38.157303	-82.278057
38.155361	-82.279304
38.152525	-82.279983
38.152426	-82.282029
38.152818	-82.283841
38.15261	-82.284105
38.150892	-82.284364
38.149326	-82.285194
38.148915	-82.286233
38.148012	-82.284828
38.147212	-82.284606
38.144427	-82.285753
38.143349	-82.285076
38.141293	-82.282263
38.140723	-82.27944
38.140929	-82.278609
38.140774	-82.277869
38.14114	-82.275926
38.140993	-82.274988
38.14037	-82.274369
38.139796	-82.273102
38.138707	-82.271608
38.138359	-82.270091
38.138482	-82.267779
38.137425	-82.266201
38.137046	-82.265014
38.137147	-82.264374
38.135322	-82.26509
38.133723	-82.264913
38.133421	-82.26453
38.133494	-82.2628
38.134673	-82.261531
38.1348	-82.261055
38.134125	-82.259585
38.133673	-82.257823
38.132209	-82.256693
38.131823	-82.256719
38.130782	-82.258533
38.129979	-82.259307
38.12924	-82.259505
38.128616	-82.259125
38.127912	-82.259351
38.127189	-82.260822
38.126631	-82.261248
38.126135	-82.260563
38.125806	-82.260493
38.124766	-82.261593
38.12342	-82.261733
38.122367	-82.261463
38.121714	-82.261851
38.119446	-82.266573
38.118753	-82.266993
