46.737902	-121.916125
46.737795	-121.911633
46.737298	-121.906894
46.736804	-121.9048
46.737295	-121.902454
46.735986	-121.899922
46.735726	-121.898356
46.734741	-121.89628
46.734459	-121.894055
46.733492	-121.891878
46.733615	-121.888743
46.732657	-121.886507
46.733291	-121.882648
46.731801	-121.879882
46.73079	-121.876389
46.730676	-121.87407
46.731104	-121.872486
46.730301	-121.868831
46.729676	-121.867604
46.729206	-121.86405
46.729523	-121.862622
46.728966	-121.860181
46.729665	-121.858483
46.72892	-121.855586
46.729043	-121.855049
46.730321	-121.854274
46.730567	-121.853094
46.728008	-121.848882
46.728294	-121.845638
46.728531	-121.845885
46.728292	-121.845247
46.728623	-121.844666
46.728522	-121.842183
46.729318	-121.839928
46.729721	-121.83259
46.730359	-121.831687
46.732567	-121.831037
46.735135	-121.82962
46.738792	-121.824697
46.73942	-121.824474
46.743586	-121.820888
46.744321	-121.82061
46.745572	-121.818894
46.746841	-121.818068
46.747044	-121.816754
46.746862	-121.814009
46.748099	-121.809163
46.748779	-121.807931
46.750322	-121.806588
46.750878	-121.805502
46.751289	-121.803829
46.752918	-121.803425
46.753662	-121.804144
46.754266	-121.804248
46.754981	-121.80549
46.756401	-121.805314
46.757699	-121.802929
46.759904	-121.801217
46.761745	-121.798256
46.762698	-121.795602
46.763258	-121.794987
46.764319	-121.790628
46.765054	-121.790337
46.765867	-121.790633
46.766657	-121.790432
46.767832	-121.789253
46.768354	-121.789189
46.768921	-121.78839
46.769985	-121.787686
46.770129	-121.786896
46.772344	-121.783585
46.772454	-121.782954
46.773662	-121.781472
46.774245	-121.781223
46.775741	-121.778098
46.776258	-121.777615
46.776675	-121.776204
46.776722	-121.774723
46.777079	-121.773575
46.7788	-121.771244
46.778936	-121.769708
46.779779	-121.767763
46.78068	-121.766982
46.780985	-121.766071
46.781019	-121.764252
46.782334	-121.761036
46.782867	-121.760369
46.783012	-121.759671
46.783734	-121.758941
46.783893	-121.75124
46.783625	-121.75039
46.783845	-121.734589
46.783902	-121.626202
46.78358	-121.621447
46.783515	-121.503015
46.783868	-121.481783
46.783733	-121.455397
46.783226	-121.454997
46.780604	-121.455029
46.779359	-121.454473
46.776676	-121.452512
46.774553	-121.450009
46.773844	-121.449634
46.773749	-121.448835
46.773113	-121.447777
46.769928	-121.447569
46.76785	-121.446959
46.768188	-121.445359
46.768077	-121.444654
46.767693	-121.444383
46.767622	-121.443202
46.765247	-121.440582
46.76323	-121.43938
46.762563	-121.438647
46.761204	-121.438463
46.760615	-121.439165
46.759434	-121.442137
46.758293	-121.442037
46.759206	-121.433664
46.758921	-121.431651
46.758572	-121.431507
46.758141	-121.430295
46.758186	-121.428665
46.757429	-121.425289
46.756631	-121.424282
46.755281	-121.424271
46.754666	-121.424945
46.754012	-121.425072
46.753089	-121.42369
46.752567	-121.423669
46.751623	-121.424673
46.749449	-121.426173
46.748023	-121.426429
46.74618	-121.428919
46.742714	-121.431095
46.74189	-121.431171
46.740611	-121.430735
46.739354	-121.429352
46.738538	-121.425054
46.73855	-121.423482
46.738011	-121.421379
46.736212	-121.417111
46.735691	-121.412674
46.732767	-121.409864
46.73022	-121.409203
46.728427	-121.408221
46.727397	-121.406015
46.727408	-121.404586
46.728245	-121.402316
46.72815	-121.401934
46.727335	-121.40149
46.726949	-121.400629
46.727316	-121.39973
46.726814	-121.396865
46.726863	-121.394868
46.727645	-121.392808
46.727251	-121.38702
46.727455	-121.386024
46.727982	-121.385556
46.728454	-121.38385
46.728136	-121.382349
46.728426	-121.381739
46.728154	-121.38047
46.727642	-121.380179
46.727051	-121.378315
46.727259	-121.37449
46.726431	-121.371071
46.726424	-121.369476
46.723774	-121.365167
46.722982	-121.363356
46.721902	-121.362705
46.720689	-121.361322
46.711425	-121.361362
46.710793	-121.362468
46.709471	-121.366302
46.709126	-121.368234
46.708406	-121.369112
46.706851	-121.369294
46.706414	-121.369961
46.706091	-121.371538
46.706166	-121.373433
46.705276	-121.375866
46.701767	-121.379784
46.700943	-121.380229
46.698632	-121.380088
46.694288	-121.376175
46.693198	-121.374727
46.692602	-121.37439
46.691558	-121.374445
46.690505	-121.374982
46.68886	-121.375039
46.687252	-121.375819
46.686489	-121.376679
46.685956	-121.378671
46.685815	-121.381239
46.685963	-121.383194
46.687267	-121.38614
46.686944	-121.389406
46.687426	-121.391956
46.68714	-121.393498
46.687228	-121.395173
46.687836	-121.396892
46.688083	-121.398949
46.687817	-121.399526
46.685617	-121.401319
46.684569	-121.40366
46.683626	-121.407781
46.683753	-121.408691
46.682804	-121.408349
46.680562	-121.408905
46.677331	-121.411468
46.676391	-121.412923
46.675317	-121.413307
46.673335	-121.412644
46.671864	-121.41154
46.670301	-121.412291
46.668418	-121.412275
46.665963	-121.411325
46.663119	-121.41464
46.661782	-121.415597
46.659524	-121.416467
46.655023	-121.416789
46.651404	-121.416274
46.650042	-121.41522
46.648383	-121.413074
46.648216	-121.4119
46.648332	-121.40741
46.647412	-121.404962
46.647461	-121.403557
46.646143	-121.400728
46.646078	-121.399871
46.64637	-121.398334
46.646418	-121.39603
46.646129	-121.395244
46.645703	-121.395245
46.642604	-121.397675
46.641518	-121.397979
46.640324	-121.396646
46.639935	-121.392272
46.639585	-121.390717
46.637528	-121.387566
46.636041	-121.386383
46.634083	-121.386718
46.630934	-121.388856
46.628741	-121.3896
46.62706	-121.389608
46.625658	-121.389183
46.624823	-121.388147
46.623013	-121.387843
46.621208	-121.386707
46.620439	-121.387367
46.617939	-121.388309
46.616898	-121.389235
46.615073	-121.39422
46.614896	-121.395391
46.614526	-121.395938
46.613228	-121.396481
46.612481	-121.397607
46.611897	-121.399679
46.61099	-121.400527
46.609346	-121.400986
46.607758	-121.400983
46.607097	-121.400487
46.606644	-121.40071
46.606394	-121.403511
46.605896	-121.404736
46.605263	-121.405522
46.602109	-121.407581
46.601478	-121.407587
46.600214	-121.406249
46.598257	-121.404812
46.596834	-121.404614
46.594787	-121.402654
46.593717	-121.402211
46.587889	-121.402946
46.585039	-121.405197
46.583435	-121.405739
46.582348	-121.405709
46.581727	-121.406399
46.580961	-121.40859
46.580905	-121.411571
46.580597	-121.412115
46.579341	-121.412154
46.577244	-121.41431
46.576516	-121.414652
46.575879	-121.41575
46.575836	-121.417205
46.57654	-121.418459
46.57641	-121.419741
46.575707	-121.420361
46.57425	-121.420937
46.572532	-121.422221
46.570628	-121.424423
46.570014	-121.424599
46.569278	-121.423152
46.568814	-121.42321
46.56823	-121.422231
46.566824	-121.421476
46.565179	-121.42146
46.562905	-121.418663
46.56192	-121.417016
46.560697	-121.415964
46.560298	-121.41447
46.559483	-121.413861
46.558671	-121.412708
46.558261	-121.412701
46.558051	-121.413853
46.557643	-121.413846
46.55538	-121.416469
46.554339	-121.419111
46.552287	-121.420849
46.551268	-121.420832
46.549265	-121.417211
46.548244	-121.416644
46.544753	-121.419835
46.543307	-121.422174
46.542885	-121.423939
46.54123	-121.426866
46.540823	-121.426859
46.539588	-121.428314
46.539166	-121.43008
46.539156	-121.431262
46.539552	-121.432745
46.539338	-121.433923
46.535755	-121.440807
46.535299	-121.446164
46.534941	-121.448027
46.534111	-121.449785
46.533895	-121.451258
46.530639	-121.45061
46.529197	-121.452357
46.52573	-121.452591
46.52491	-121.453169
46.524082	-121.454631
46.52306	-121.454908
46.520413	-121.454566
46.516732	-121.455979
46.514898	-121.455946
46.512661	-121.455316
46.510443	-121.452324
46.509225	-121.451713
46.506568	-121.452553
46.505767	-121.450767
46.504341	-121.450742
46.50353	-121.450137
46.502339	-121.446279
46.500927	-121.444483
46.499956	-121.438562
46.499554	-121.437965
46.498369	-121.433221
46.498396	-121.429975
46.497998	-121.428787
46.496991	-121.427294
46.49496	-121.426374
46.493343	-121.424575
46.492744	-121.423089
46.491929	-121.423075
46.490895	-121.42483
46.489573	-121.42871
46.489022	-121.42952
46.488411	-121.429509
46.487173	-121.431259
46.48615	-121.431831
46.485131	-121.431814
46.4839	-121.432678
46.482661	-121.434723
46.481433	-121.435293
46.48062	-121.434983
46.478164	-121.436121
46.47633	-121.436089
46.474794	-121.435028
46.470881	-121.429515
46.468689	-121.428597
46.467906	-121.427881
46.466848	-121.426057
46.464964	-121.426065
46.46417	-121.425623
46.463783	-121.42468
46.463703	-121.42267
46.463198	-121.420141
46.462871	-121.419485
46.461632	-121.418873
46.461478	-121.417672
46.461066	-121.416887
46.460032	-121.416001
46.459974	-121.415332
46.460356	-121.414271
46.459662	-121.413624
46.459524	-121.413142
46.459881	-121.412537
46.459793	-121.41215
46.459264	-121.411947
46.457698	-121.413568
46.456197	-121.413642
46.455432	-121.414113
46.455039	-121.414801
46.453907	-121.415357
46.452262	-121.415341
46.451073	-121.414496
46.450655	-121.413592
46.447617	-121.412819
46.446499	-121.411801
46.446269	-121.411071
46.44481	-121.410476
46.44289	-121.410654
46.441822	-121.410196
46.44036	-121.408616
46.438703	-121.407914
46.437946	-121.408386
46.434359	-121.407652
46.432472	-121.408168
46.431063	-121.407839
46.43007	-121.407168
46.429343	-121.406128
46.429222	-121.404941
46.428428	-121.403876
46.425359	-121.402624
46.42468	-121.402006
46.422523	-121.39674
46.417656	-121.393579
46.416756	-121.392474
46.416244	-121.391074
46.414434	-121.390207
46.412304	-121.388408
46.411149	-121.386693
46.410613	-121.386387
46.409445	-121.386582
46.407374	-121.388423
46.406237	-121.390201
46.405536	-121.390831
46.404536	-121.39093
46.402652	-121.388529
46.401857	-121.388595
46.401304	-121.389973
46.399481	-121.391311
46.397032	-121.391957
46.395599	-121.391402
46.395261	-121.391579
46.39506	-121.392317
46.394304	-121.393062
46.393021	-121.392819
46.389958	-121.394204
46.389312	-121.39497
46.389349	-121.407178
46.390043	-121.408734
46.390323	-121.410285
46.389857	-121.414915
46.390324	-121.418842
46.390788	-121.420293
46.390862	-121.421594
46.389487	-121.423513
46.389527	-121.427207
46.389823	-121.427387
46.389818	-121.428042
46.389538	-121.428135
46.389568	-121.430382
46.390175	-121.431984
46.390757	-121.432181
46.390878	-121.433214
46.390613	-121.43396
46.390025	-121.434511
46.390082	-121.43545
46.389634	-121.436063
46.390199	-121.438146
46.389892	-121.439595
46.390405	-121.440531
46.390973	-121.440545
46.39123	-121.440922
46.391049	-121.441672
46.391231	-121.442551
46.390971	-121.443173
46.391139	-121.443802
46.39062	-121.445045
46.389785	-121.44549
46.390222	-121.497556
46.388717	-121.520014
46.388497	-121.603782
46.388137	-121.614047
46.388581	-121.624576
46.388602	-121.728644
46.387868	-121.745161
46.388922	-121.808267
46.388958	-121.850026
46.389235	-121.864361
46.387454	-121.864353
46.387428	-121.906602
46.387648	-121.927317
46.387423	-121.969
46.388052	-122.010179
46.387814	-122.032143
46.388063	-122.053264
46.387961	-122.074459
46.38832	-122.114472
46.386485	-122.114294
46.386207	-122.155801
46.386357	-122.197852
46.385869	-122.240994
46.385366	-122.240971
46.385627	-122.345677
46.386232	-122.36365
46.387349	-122.363708
46.38709	-122.471806
46.387831	-122.572703
46.387163	-122.689001
46.387383	-122.72054
46.387191	-122.741172
46.387454	-122.86543
46.387241	-122.886298
46.387447	-123.031106
46.388048	-123.11423
46.38665	-123.134428
46.386337	-123.155175
46.385235	-123.176508
46.385524	-123.207815
46.385128	-123.217841
46.384627	-123.251244
46.384227	-123.358247
46.412784	-123.358445
46.427347	-123.357903
46.441268	-123.358197
46.477446	-123.35722
46.491603	-123.358442
46.499232	-123.3581
46.513272	-123.358483
46.54142	-123.358402
46.562644	-123.359509
46.562459	-123.365007
46.577132	-123.365581
46.590924	-123.364617
46.605711	-123.365317
46.62007	-123.365409
46.627671	-123.36483
46.649321	-123.365113
46.677758	-123.366673
46.706237	-123.368681
46.720521	-123.370728
46.735265	-123.371212
46.735225	-123.373396
46.750118	-123.372005
46.764279	-123.371275
46.784846	-123.371227
46.792411	-123.370771
46.793471	-123.354238
46.792801	-123.251256
46.793509	-123.247599
46.793387	-123.225658
46.794392	-123.202826
46.793434	-123.160586
46.778993	-123.161024
46.76433	-123.160909
46.763859	-123.118557
46.76453	-123.087261
46.764342	-123.066422
46.764607	-123.013922
46.763652	-122.887177
46.764011	-122.81386
46.763336	-122.803241
46.763734	-122.781574
46.763615	-122.760577
46.763811	-122.739537
46.763258	-122.647577
46.762155	-122.615788
46.763278	-122.570996
46.763433	-122.54974
46.76204	-122.486768
46.76306	-122.486754
46.762892	-122.380559
46.76322	-122.359611
46.762952	-122.318611
46.763025	-122.266622
46.762822	-122.235068
46.763135	-122.202941
46.761358	-122.201828
46.761169	-122.200524
46.762716	-122.196634
46.762328	-122.191736
46.761362	-122.190527
46.760781	-122.187305
46.76079	-122.185516
46.760103	-122.184721
46.758311	-122.18508
46.757812	-122.184526
46.757234	-122.181717
46.75686	-122.178241
46.756416	-122.17794
46.756292	-122.173079
46.756627	-122.170605
46.75664	-122.16832
46.757529	-122.16542
46.757897	-122.162651
46.757677	-122.161827
46.756873	-122.16164
46.756746	-122.161333
46.755706	-122.162289
46.754434	-122.161504
46.754091	-122.160435
46.754126	-122.158257
46.7535	-122.153965
46.753038	-122.152583
46.752629	-122.14742
46.752429	-122.14732
46.752641	-122.146207
46.754029	-122.14482
46.754316	-122.143768
46.754092	-122.141367
46.754692	-122.140531
46.754572	-122.139007
46.753594	-122.137966
46.75315	-122.135596
46.753206	-122.133686
46.754411	-122.13159
46.754604	-122.129365
46.75394	-122.127212
46.753064	-122.126219
46.752215	-122.124198
46.751841	-122.124087
46.751419	-122.12332
46.75126	-122.121744
46.750114	-122.118377
46.749683	-122.118046
46.749329	-122.116421
46.748886	-122.115622
46.749215	-122.110284
46.74978	-122.109701
46.750094	-122.108174
46.750466	-122.103382
46.751209	-122.099958
46.750442	-122.097831
46.750311	-122.095908
46.751302	-122.093423
46.751939	-122.090448
46.751761	-122.088859
46.752241	-122.082552
46.752009	-122.081049
46.751349	-122.079426
46.750587	-122.074674
46.748622	-122.070816
46.747552	-122.066101
46.746834	-122.064841
46.747012	-122.063363
46.747881	-122.062334
46.749097	-122.061637
46.749259	-122.060998
46.749128	-122.060132
46.748365	-122.058847
46.747381	-122.057843
46.746644	-122.050347
46.744868	-122.047134
46.744302	-122.045225
46.742329	-122.040524
46.742928	-122.036867
46.743417	-122.036091
46.742732	-122.034405
46.742926	-122.031288
46.7437	-122.028081
46.743004	-122.026065
46.742919	-122.024866
46.742282	-122.023606
46.742528	-122.02273
46.743482	-122.021872
46.744152	-122.018623
46.744815	-122.017916
46.746257	-122.017635
46.74638	-122.017197
46.748359	-122.015508
46.748481	-122.01469
46.748123	-122.012866
46.748348	-122.012091
46.749744	-122.011086
46.750296	-122.011226
46.750974	-122.010634
46.751685	-122.007943
46.752791	-122.006495
46.753239	-122.003806
46.753159	-122.002094
46.751638	-122.001044
46.750785	-121.999832
46.750942	-121.997675
46.751524	-121.996611
46.751629	-121.995299
46.751412	-121.99429
46.74974	-121.994347
46.748566	-121.994792
46.747546	-121.994054
46.747221	-121.993218
46.747643	-121.991819
46.747173	-121.990762
46.746716	-121.987706
46.744199	-121.984249
46.744249	-121.981291
46.744513	-121.980315
46.744586	-121.978394
46.744353	-121.976892
46.744988	-121.975362
46.745588	-121.972463
46.748764	-121.970012
46.748741	-121.967619
46.748217	-121.966649
46.748569	-121.965221
46.749624	-121.964619
46.750457	-121.963084
46.751765	-121.96253
46.752753	-121.962659
46.753399	-121.963192
46.753765	-121.962852
46.754323	-121.960749
46.753316	-121.959367
46.753424	-121.958814
46.75414	-121.958021
46.754388	-121.95655
46.754808	-121.956124
46.754725	-121.955031
46.753435	-121.951678
46.752651	-121.950632
46.752218	-121.949488
46.752226	-121.948644
46.751122	-121.946789
46.750613	-121.946929
46.750277	-121.946663
46.7494	-121.94247
46.747825	-121.938779
46.747779	-121.937649
46.747006	-121.937636
46.745999	-121.936805
46.745139	-121.935329
46.744923	-121.934286
46.742413	-121.932503
46.740472	-121.931861
46.739759	-121.930605
46.73955	-121.929457
46.738973	-121.928254
46.739636	-121.923865
46.739247	-121.92259
46.738955	-121.923087
46.738901	-121.921749
46.738404	-121.920931
46.738862	-121.919733
46.738828	-121.918851
46.737852	-121.916793
46.737902	-121.916125
