48.396659	-120.648911
48.397659	-120.650311
48.399159	-120.648711
48.401259	-120.644911
48.402759	-120.645211
48.403959	-120.644711
48.405159	-120.644811
48.405659	-120.645411
48.407559	-120.645311
48.408959	-120.644211
48.409959	-120.644411
48.412259	-120.646011
48.412359	-120.646811
48.413959	-120.649211
48.414159	-120.649111
48.414359	-120.649711
48.418759	-120.649512
48.421859	-120.651312
48.423159	-120.651412
48.425059	-120.652112
48.428259	-120.655212
48.429259	-120.655712
48.430659	-120.655612
48.430959	-120.654712
48.430859	-120.653112
48.431659	-120.651312
48.432659	-120.651512
48.433959	-120.650912
48.434659	-120.651412
48.436759	-120.651312
48.437859	-120.652412
48.437859	-120.653012
48.441159	-120.658312
48.441359	-120.663112
48.441559	-120.663612
48.442359	-120.664212
48.443259	-120.664312
48.444759	-120.665313
48.445759	-120.665213
48.447359	-120.665913
48.448359	-120.667713
48.449959	-120.668113
48.451659	-120.666313
48.451859	-120.665513
48.451659	-120.661413
48.451959	-120.660312
48.451859	-120.659212
48.452259	-120.657812
48.452259	-120.656012
48.452659	-120.654612
48.454459	-120.654412
48.456159	-120.652412
48.457959	-120.651512
48.458359	-120.650912
48.458659	-120.651412
48.459559	-120.651512
48.461259	-120.650712
48.461459	-120.648812
48.463459	-120.647912
48.465159	-120.645312
48.468159	-120.642412
48.468959	-120.639812
48.468359	-120.635912
48.46846	-120.634612
48.46916	-120.632012
48.46946	-120.631812
48.47016	-120.633812
48.47216	-120.636112
48.472159	-120.636812
48.472659	-120.637512
48.472959	-120.637512
48.473359	-120.638812
48.473859	-120.642812
48.474459	-120.644612
48.475659	-120.646313
48.477659	-120.652213
48.481159	-120.653913
48.482059	-120.654013
48.484159	-120.653013
48.484359	-120.653313
48.485159	-120.652813
48.485259	-120.651213
48.485559	-120.650813
48.486759	-120.650613
48.488759	-120.649613
48.491359	-120.645013
48.492159	-120.642613
48.493059	-120.641313
48.494059	-120.640813
48.49536	-120.639313
48.49586	-120.638213
48.49606	-120.635613
48.49596	-120.633412
48.49526	-120.631512
48.49596	-120.629012
48.49656	-120.628212
48.49696	-120.628912
48.49766	-120.629012
48.49886	-120.629812
48.49986	-120.632542
48.500326	-120.633066
48.501044	-120.636445
48.50213	-120.637815
48.501917	-120.639092
48.502271	-120.64083
48.503827	-120.643257
48.504691	-120.647542
48.505752	-120.649617
48.506989	-120.655797
48.506646	-120.657004
48.507962	-120.657243
48.509644	-120.656056
48.511033	-120.656197
48.511807	-120.655404
48.512655	-120.655483
48.513458	-120.656788
48.51515	-120.658316
48.516075	-120.657229
48.517857	-120.656416
48.520961	-120.656301
48.523402	-120.65443
48.524629	-120.652827
48.525898	-120.64989
48.526881	-120.648971
48.530702	-120.648805
48.532237	-120.648262
48.532724	-120.648604
48.533041	-120.64964
48.534058	-120.650552
48.536585	-120.651747
48.536641	-120.654208
48.537186	-120.65547
48.53623	-120.65594
48.53523	-120.65835
48.533509	-120.663942
48.532929	-120.669085
48.533238	-120.671019
48.532581	-120.672282
48.531987	-120.675194
48.531325	-120.676069
48.531333	-120.677731
48.530641	-120.683955
48.530902	-120.685065
48.530644	-120.686817
48.530773	-120.687615
48.531196	-120.688079
48.532087	-120.690171
48.532025	-120.692246
48.532527	-120.695935
48.532521	-120.697791
48.531901	-120.699696
48.53162	-120.701557
48.532467	-120.701613
48.535571	-120.704195
48.536834	-120.704715
48.537029	-120.705742
48.537764	-120.706734
48.539341	-120.707163
48.540448	-120.708341
48.541977	-120.70888
48.54614	-120.704732
48.547718	-120.705343
48.54965	-120.704054
48.550201	-120.702623
48.550697	-120.702152
48.552594	-120.701518
48.553674	-120.700598
48.556078	-120.699748
48.556988	-120.700579
48.559751	-120.700244
48.560115	-120.698622
48.559874	-120.696127
48.56056	-120.694402
48.560396	-120.694078
48.560686	-120.692349
48.561248	-120.692058
48.562195	-120.690788
48.562021	-120.690185
48.562407	-120.689279
48.564136	-120.687921
48.566104	-120.685392
48.571237	-120.686705
48.572724	-120.687888
48.574686	-120.688163
48.575489	-120.688596
48.576317	-120.690084
48.576877	-120.692209
48.581044	-120.696348
48.581571	-120.697515
48.585036	-120.700734
48.586768	-120.70133
48.587171	-120.702232
48.589758	-120.704682
48.591104	-120.707277
48.591473	-120.709637
48.591433	-120.711447
48.59351	-120.714733
48.594915	-120.714886
48.595345	-120.71608
48.595047	-120.716997
48.595289	-120.717903
48.596747	-120.718541
48.596456	-120.720308
48.596958	-120.721367
48.59445	-120.723214
48.593001	-120.723438
48.59129	-120.722452
48.589662	-120.722497
48.588196	-120.723534
48.586699	-120.726551
48.585577	-120.727302
48.585027	-120.729814
48.582935	-120.730341
48.581105	-120.734881
48.579412	-120.742236
48.578603	-120.744571
48.578748	-120.745491
48.579271	-120.746318
48.579846	-120.746598
48.580182	-120.747174
48.579986	-120.748672
48.580332	-120.749502
48.580435	-120.751218
48.58221	-120.758258
48.583044	-120.760068
48.585351	-120.762526
48.586284	-120.764553
48.5882	-120.765795
48.589465	-120.765648
48.589705	-120.766285
48.58963	-120.76837
48.590722	-120.769412
48.592228	-120.771548
48.592898	-120.773182
48.593913	-120.773875
48.594425	-120.773476
48.597191	-120.77653
48.59748	-120.778014
48.600504	-120.781076
48.602154	-120.783937
48.603843	-120.78504
48.605849	-120.785676
48.610541	-120.784789
48.61298	-120.781998
48.618478	-120.784137
48.619067	-120.784985
48.62091	-120.786158
48.621961	-120.787287
48.625588	-120.788996
48.6264	-120.78681
48.62729	-120.785668
48.628008	-120.783969
48.630357	-120.781022
48.630418	-120.780364
48.630762	-120.779837
48.634161	-120.778824
48.634528	-120.778078
48.636386	-120.77707
48.636785	-120.776153
48.637215	-120.773496
48.637658	-120.773259
48.639562	-120.773505
48.64047	-120.772837
48.641277	-120.772864
48.642191	-120.771721
48.642698	-120.771533
48.643374	-120.769712
48.644001	-120.769144
48.644282	-120.765587
48.644028	-120.764896
48.6442	-120.763823
48.643986	-120.762852
48.644331	-120.760998
48.644068	-120.758202
48.647665	-120.753303
48.648652	-120.752366
48.651849	-120.752488
48.65239	-120.751219
48.653361	-120.750632
48.653699	-120.749729
48.654131	-120.750389
48.654899	-120.750801
48.654693	-120.751219
48.654994	-120.751629
48.657538	-120.752021
48.65789	-120.751219
48.658573	-120.750915
48.659287	-120.751219
48.659566	-120.750617
48.65934	-120.750102
48.659772	-120.748371
48.659516	-120.74765
48.660455	-120.744662
48.661269	-120.743875
48.662548	-120.738839
48.663716	-120.736827
48.666054	-120.733904
48.666591	-120.732769
48.665076	-120.727882
48.664152	-120.723314
48.664086	-120.721495
48.664854	-120.716758
48.665924	-120.717334
48.669223	-120.717296
48.671646	-120.719122
48.673804	-120.71824
48.674609	-120.718857
48.675077	-120.718713
48.675484	-120.717756
48.678832	-120.715042
48.68214	-120.712932
48.686002	-120.71285
48.687364	-120.711993
48.689296	-120.711891
48.692496	-120.707524
48.693592	-120.707313
48.695636	-120.704063
48.697166	-120.703258
48.697541	-120.699016
48.697402	-120.697243
48.69555	-120.690143
48.695167	-120.686675
48.694581	-120.684586
48.694175	-120.680965
48.695297	-120.677979
48.696362	-120.677718
48.700205	-120.677911
48.701455	-120.676989
48.703473	-120.67839
48.704738	-120.680207
48.707336	-120.680195
48.710263	-120.681598
48.713172	-120.681159
48.718135	-120.677904
48.718965	-120.676485
48.719049	-120.674851
48.721065	-120.669937
48.721351	-120.668066
48.72116	-120.662558
48.720302	-120.660303
48.720281	-120.658035
48.724198	-120.654676
48.725504	-120.656507
48.726577	-120.65958
48.728788	-120.660987
48.730896	-120.662973
48.732527	-120.663794
48.733092	-120.66501
48.732993	-120.669846
48.733861	-120.673265
48.734739	-120.67449
48.734755	-120.675788
48.73504	-120.67685
48.736768	-120.67833
48.739384	-120.678815
48.740399	-120.679354
48.741549	-120.680708
48.741693	-120.68174
48.742698	-120.682814
48.74457	-120.686263
48.745385	-120.68933
48.746526	-120.690126
48.747286	-120.691094
48.748716	-120.691886
48.750746	-120.691534
48.752003	-120.690626
48.755967	-120.69223
48.75636	-120.692997
48.756182	-120.694018
48.756475	-120.696597
48.757004	-120.697814
48.757283	-120.699506
48.761759	-120.703059
48.763778	-120.703491
48.765415	-120.705855
48.771603	-120.710521
48.772324	-120.712603
48.772404	-120.717652
48.773029	-120.719162
48.773117	-120.723833
48.773382	-120.724442
48.773315	-120.725658
48.774353	-120.725844
48.775486	-120.726797
48.777083	-120.729163
48.7829	-120.73371
48.785745	-120.735229
48.78832	-120.735094
48.789567	-120.7355
48.791323	-120.73429
48.792877	-120.733955
48.793806	-120.736003
48.79633	-120.737375
48.79748	-120.737623
48.80112	-120.736323
48.8019	-120.736606
48.80302	-120.735588
48.803953	-120.735652
48.804226	-120.736189
48.804829	-120.736337
48.807552	-120.738879
48.809103	-120.73953
48.8096	-120.740907
48.811849	-120.742742
48.813459	-120.742518
48.813734	-120.741874
48.814536	-120.743119
48.815686	-120.74344
48.816862	-120.742933
48.817378	-120.742205
48.818183	-120.742013
48.819389	-120.742432
48.819774	-120.743346
48.823468	-120.742959
48.824145	-120.742244
48.824203	-120.741197
48.824915	-120.739227
48.826179	-120.738611
48.8273	-120.737605
48.827951	-120.737754
48.831824	-120.736246
48.833133	-120.737664
48.834557	-120.73773
48.835637	-120.736955
48.836957	-120.736692
48.839805	-120.736886
48.841306	-120.738706
48.844567	-120.737452
48.846485	-120.73573
48.84721	-120.73572
48.851656	-120.73369
48.853227	-120.732466
48.853929	-120.731104
48.855073	-120.730511
48.855103	-120.731827
48.856573	-120.732942
48.856837	-120.734028
48.858001	-120.735323
48.861379	-120.736311
48.862209	-120.735522
48.864509	-120.735884
48.864177	-120.73743
48.864767	-120.740077
48.867097	-120.745496
48.867266	-120.749725
48.867917	-120.751224
48.868769	-120.752091
48.870043	-120.754523
48.870529	-120.754496
48.871354	-120.757191
48.872639	-120.759643
48.873206	-120.762508
48.873552	-120.762472
48.873761	-120.762985
48.876154	-120.764329
48.87604	-120.765242
48.87652	-120.766742
48.876833	-120.766853
48.877346	-120.768049
48.879928	-120.768718
48.881286	-120.770014
48.882525	-120.76991
48.883064	-120.770376
48.883539	-120.77011
48.884573	-120.768103
48.888581	-120.763016
48.889488	-120.764628
48.890051	-120.76457
48.891128	-120.765134
48.891136	-120.765622
48.892116	-120.76615
48.893468	-120.766277
48.896417	-120.764047
48.900515	-120.763296
48.90006	-120.765549
48.900453	-120.766354
48.901193	-120.766857
48.902668	-120.769995
48.904958	-120.771443
48.905673	-120.772238
48.90763	-120.771478
48.910436	-120.768687
48.911813	-120.767754
48.912174	-120.768511
48.915726	-120.771489
48.918476	-120.772634
48.919909	-120.771921
48.920895	-120.770633
48.92173	-120.771648
48.923153	-120.772093
48.927338	-120.771793
48.927099	-120.770841
48.928276	-120.765006
48.928214	-120.763823
48.928709	-120.761424
48.929007	-120.761108
48.929582	-120.759098
48.930549	-120.7582
48.931599	-120.755789
48.932824	-120.754856
48.934691	-120.755009
48.936084	-120.754197
48.937162	-120.754689
48.93819	-120.755657
48.939485	-120.755991
48.940734	-120.755386
48.942632	-120.75604
48.944735	-120.759146
48.946021	-120.760126
48.947048	-120.761679
48.948045	-120.762257
48.950469	-120.765645
48.954433	-120.767614
48.954423	-120.76848
48.955746	-120.771462
48.956535	-120.77554
48.957535	-120.778716
48.956813	-120.781762
48.95763	-120.783864
48.958029	-120.785696
48.957713	-120.786683
48.957878	-120.788843
48.958481	-120.78915
48.959146	-120.790593
48.959222	-120.791948
48.958627	-120.795691
48.9591	-120.800842
48.958126	-120.800837
48.955424	-120.79969
48.953409	-120.801278
48.952826	-120.803312
48.952253	-120.803993
48.951679	-120.805356
48.95187	-120.806333
48.950748	-120.811572
48.951209	-120.814417
48.951005	-120.81527
48.949379	-120.815518
48.946785	-120.813419
48.945315	-120.815619
48.944948	-120.818093
48.944406	-120.81931
48.943559	-120.81994
48.941507	-120.820149
48.941055	-120.820781
48.940576	-120.822376
48.939252	-120.824515
48.939152	-120.825941
48.93891	-120.826306
48.93876	-120.828525
48.937975	-120.830069
48.937982	-120.830838
48.938334	-120.831535
48.938508	-120.832828
48.939326	-120.834064
48.939434	-120.836089
48.941693	-120.836894
48.942376	-120.837581
48.943318	-120.837489
48.94502	-120.838864
48.948678	-120.840361
48.950319	-120.840663
48.951422	-120.843877
48.952322	-120.844517
48.955938	-120.849722
48.956517	-120.849774
48.955967	-120.850966
48.956019	-120.852869
48.956619	-120.85402
48.957682	-120.859834
48.958291	-120.860728
48.95965	-120.861249
48.960426	-120.863083
48.960472	-120.863925
48.961375	-120.866188
48.961913	-120.866728
48.962083	-120.872329
48.963563	-120.875596
48.96339	-120.876231
48.964112	-120.87779
48.964841	-120.878191
48.966085	-120.881118
48.96796	-120.882348
48.968617	-120.882066
48.969048	-120.881114
48.970361	-120.880343
48.971659	-120.880756
48.973062	-120.882035
48.973247	-120.882889
48.974835	-120.885717
48.975426	-120.884264
48.977634	-120.880612
48.978384	-120.876232
48.978709	-120.875606
48.978608	-120.873982
48.979251	-120.87135
48.979781	-120.866031
48.980664	-120.86401
48.981558	-120.863515
48.982011	-120.862688
48.981964	-120.862236
48.982825	-120.862192
48.983785	-120.861466
48.984815	-120.861569
48.986335	-120.858453
48.986843	-120.858273
48.990161	-120.854167
48.990603	-120.854316
48.993797	-120.85127
48.994525	-120.853105
48.998149	-120.855496
48.99836	-120.854594
49.000363	-120.851203
49.000402	-120.751228
49.000188	-120.716604
49.000642	-120.556366
49.000523	-120.485063
49.000705	-120.376216
48.999662	-120.116382
48.999418	-120.001199
48.999591	-119.962914
49.000448	-119.876195
49.0003	-119.751191
49.000436	-119.726332
49.000232	-119.72534
49.000176	-119.533206
49.000224	-119.376171
49.000236	-119.126155
49.000312	-118.836903
48.999898	-118.836465
48.910717	-118.835452
48.874891	-118.8357
48.861949	-118.83619
48.82723	-118.836585
48.791708	-118.836416
48.786603	-118.836653
48.749884	-118.83628
48.746337	-118.835835
48.693868	-118.835198
48.683037	-118.836007
48.661068	-118.835298
48.654153	-118.835399
48.653598	-118.869672
48.624883	-118.869189
48.599668	-118.869855
48.568324	-118.869939
48.521697	-118.869282
48.481881	-118.86954
48.481682	-118.843439
48.249881	-118.846184
48.131079	-118.846231
47.999876	-118.845527
47.997673	-118.845959
47.963479	-118.845787
47.963426	-118.851674
47.957686	-118.851972
47.957666	-118.859304
47.95665	-118.869636
47.955621	-118.874182
47.951522	-118.887427
47.949347	-118.892968
47.947928	-118.899283
47.947024	-118.904617
47.946597	-118.913276
47.945523	-118.923879
47.942455	-118.941775
47.940809	-118.954307
47.941036	-118.959153
47.941681	-118.964529
47.943232	-118.972323
47.944029	-118.975102
47.945277	-118.978101
47.947976	-118.981663
47.949744	-118.982745
47.952916	-118.982756
47.957985	-118.98177
47.962168	-118.982421
47.967817	-118.982694
47.968961	-118.982269
47.971575	-118.980179
47.973021	-118.978553
47.976913	-118.972684
47.981071	-118.967568
47.983227	-118.96543
47.989111	-118.962174
47.992788	-118.961093
47.997877	-118.961082
47.999308	-118.960382
48.003375	-118.955132
48.005775	-118.953132
48.007075	-118.952532
48.016619	-118.950749
48.018736	-118.950863
48.020058	-118.951722
48.023185	-118.955484
48.027405	-118.962895
48.029379	-118.967337
48.035822	-118.977281
48.037019	-118.980369
48.038406	-118.985527
48.039668	-118.991751
48.042225	-119.001134
48.044246	-119.004112
48.046143	-119.006111
48.056099	-119.011867
48.059432	-119.01309
48.063703	-119.013627
48.067704	-119.017253
48.070286	-119.018653
48.082737	-119.022418
48.093417	-119.021771
48.095055	-119.022665
48.106499	-119.026362
48.109661	-119.026886
48.112683	-119.028433
48.115395	-119.030388
48.118303	-119.033329
48.124876	-119.041563
48.126526	-119.044383
48.13224	-119.05169
48.133503	-119.052569
48.136764	-119.059477
48.138378	-119.062237
48.138438	-119.064308
48.140069	-119.069169
48.140401	-119.071328
48.140518	-119.07522
48.139962	-119.078905
48.137674	-119.085579
48.137088	-119.088183
48.136741	-119.09171
48.137595	-119.099086
48.138806	-119.10383
48.143909	-119.111121
48.149232	-119.122461
48.150509	-119.126141
48.150903	-119.128716
48.151022	-119.133453
48.150559	-119.13574
48.148629	-119.139132
48.146419	-119.147413
48.145849	-119.151185
48.144505	-119.154085
48.140227	-119.159779
48.135756	-119.167205
48.132696	-119.1704
48.131522	-119.171134
48.129675	-119.174524
48.129001	-119.177303
48.128657	-119.182499
48.128958	-119.189402
48.124874	-119.201095
48.118535	-119.207463
48.117186	-119.20944
48.115951	-119.212716
48.115796	-119.214578
48.116526	-119.220051
48.116299	-119.220706
48.116293	-119.222782
48.114629	-119.227801
48.114132	-119.231745
48.113161	-119.233838
48.10944	-119.238428
48.107515	-119.241994
48.104748	-119.248269
48.102997	-119.251144
48.102408	-119.2529
48.101895	-119.255804
48.102547	-119.262065
48.103773	-119.266611
48.106352	-119.273309
48.111883	-119.284258
48.114304	-119.289911
48.115279	-119.292942
48.115484	-119.297145
48.114564	-119.301119
48.106659	-119.315924
48.099646	-119.325445
48.095658	-119.327886
48.090067	-119.329523
48.083191	-119.330016
48.078782	-119.328934
48.064685	-119.330009
48.058672	-119.331911
48.052264	-119.336092
48.049513	-119.340989
48.04953	-119.346081
48.051775	-119.355727
48.052786	-119.366077
48.052039	-119.376149
48.049713	-119.392772
48.049403	-119.396369
48.050104	-119.400277
48.054599	-119.410463
48.05868	-119.418522
48.063712	-119.424891
48.066232	-119.427274
48.068396	-119.428332
48.075339	-119.435203
48.077019	-119.437879
48.078167	-119.441248
48.078631	-119.44465
48.078589	-119.448604
48.078017	-119.451597
48.07781	-119.455211
48.079513	-119.460847
48.079656	-119.464001
48.0794	-119.468333
48.078496	-119.472277
48.078201	-119.476451
48.078406	-119.480565
48.08173	-119.492557
48.082275	-119.501155
48.082116	-119.502391
48.081649	-119.502654
48.081168	-119.503971
48.081249	-119.504462
48.080422	-119.505671
48.079812	-119.507227
48.07946	-119.509059
48.078125	-119.510425
48.075917	-119.514675
48.074767	-119.515813
48.073423	-119.516352
48.071812	-119.516043
48.071137	-119.516941
48.067199	-119.516418
48.062402	-119.517535
48.058406	-119.522048
48.055554	-119.527468
48.054847	-119.528055
48.053996	-119.530112
48.053799	-119.53382
48.053038	-119.537828
48.052235	-119.54065
48.050395	-119.543856
48.050091	-119.545339
48.048338	-119.547432
48.044713	-119.554237
48.042984	-119.556463
48.039911	-119.558902
48.037168	-119.562047
48.037024	-119.56292
48.036051	-119.563494
48.03273	-119.569268
48.030867	-119.574133
48.030231	-119.57485
48.029982	-119.576057
48.02819	-119.57974
48.027467	-119.582465
48.022538	-119.592443
48.018186	-119.598393
48.017349	-119.599947
48.011902	-119.606635
48.006542	-119.610729
48.003805	-119.611862
47.999402	-119.61496
47.997814	-119.617909
47.996828	-119.620734
47.996797	-119.624515
47.996271	-119.628006
47.996298	-119.632285
47.997469	-119.640858
47.999866	-119.650914
48.001394	-119.655749
48.002618	-119.658544
48.007464	-119.663953
48.014794	-119.675302
48.020749	-119.68631
48.023546	-119.689573
48.026599	-119.691895
48.029754	-119.69338
48.032554	-119.693627
48.034486	-119.6924
48.046576	-119.682611
48.051085	-119.679973
48.056034	-119.67776
48.065238	-119.672198
48.069775	-119.670241
48.073832	-119.670458
48.078399	-119.671402
48.083293	-119.67428
48.092543	-119.683136
48.093325	-119.6846
48.093019	-119.685937
48.087099	-119.695303
48.083854	-119.701509
48.082604	-119.709387
48.082087	-119.717218
48.082535	-119.721396
48.083425	-119.724311
48.085674	-119.727535
48.091935	-119.732816
48.094872	-119.734254
48.097428	-119.736178
48.099504	-119.738742
48.102391	-119.745157
48.10334	-119.75004
48.103113	-119.75494
48.104157	-119.761462
48.104279	-119.768569
48.104714	-119.771308
48.104051	-119.773791
48.102675	-119.775871
48.10213	-119.776212
48.100914	-119.776215
48.093436	-119.773964
48.091442	-119.774216
48.089406	-119.775583
48.087567	-119.778205
48.086267	-119.782078
48.08596	-119.783839
48.085584	-119.790408
48.085693	-119.794192
48.086044	-119.796829
48.086316	-119.805069
48.086889	-119.809914
48.085348	-119.814582
48.082313	-119.820054
48.079434	-119.826392
48.078887	-119.828093
48.078638	-119.830702
48.078585	-119.83622
48.077604	-119.840638
48.075138	-119.847722
48.073415	-119.851434
48.068674	-119.858599
48.067712	-119.859538
48.065416	-119.863734
48.064288	-119.866533
48.060298	-119.880627
48.056986	-119.888565
48.055053	-119.891656
48.054139	-119.892513
48.05094	-119.893595
48.047475	-119.893925
48.044617	-119.892773
48.041879	-119.890861
48.040459	-119.889157
48.031634	-119.882646
48.027043	-119.878442
48.025504	-119.876176
48.024039	-119.875004
48.020777	-119.871199
48.018283	-119.86886
48.006976	-119.86635
48.004993	-119.867237
48.004445	-119.867038
48.002692	-119.867454
47.999284	-119.869227
47.996692	-119.870005
47.993377	-119.87214
47.992034	-119.873474
47.991762	-119.874588
47.989538	-119.877833
47.986587	-119.880413
47.98307	-119.882063
47.979703	-119.882302
47.976056	-119.88369
47.973374	-119.884091
47.971165	-119.883172
47.969777	-119.88201
47.964729	-119.876183
47.96154	-119.871602
47.960328	-119.870307
47.960215	-119.876175
47.960517	-119.876175
47.960353	-120.001182
47.960571	-120.048806
47.961387	-120.049409
47.962225	-120.051614
47.961604	-120.053853
47.964082	-120.057218
47.965115	-120.060019
47.96652	-120.060954
47.966716	-120.061658
47.966657	-120.065555
47.966378	-120.066621
47.966709	-120.06681
47.96684	-120.06737
47.967171	-120.067548
47.96757	-120.068716
47.968128	-120.069262
47.968501	-120.070156
47.971008	-120.070223
47.971683	-120.069848
47.973351	-120.067292
47.975079	-120.065918
47.976448	-120.06561
47.978865	-120.063024
47.979874	-120.063626
47.981583	-120.063854
47.981772	-120.065012
47.982805	-120.067779
47.985166	-120.069939
47.985953	-120.071536
47.987577	-120.073056
47.98851	-120.074759
47.989285	-120.075376
47.989756	-120.076258
47.990669	-120.076957
47.993084	-120.081104
47.997036	-120.079871
47.998327	-120.080126
47.999162	-120.079224
47.999224	-120.078494
47.999593	-120.077953
48.00326	-120.079987
48.00436	-120.080987
48.00446	-120.081587
48.00496	-120.082287
48.00686	-120.081887
48.00806	-120.082387
48.00876	-120.082287
48.01096	-120.082987
48.01236	-120.085687
48.01416	-120.087687
48.01546	-120.087687
48.016061	-120.088187
48.016361	-120.088887
48.018261	-120.090287
48.019061	-120.092587
48.020461	-120.094587
48.020661	-120.095288
48.020461	-120.095788
48.020961	-120.097388
48.02106	-120.099188
48.02146	-120.099788
48.02126	-120.100688
48.02146	-120.102788
48.02216	-120.103188
48.02326	-120.107088
48.02346	-120.108988
48.02456	-120.110588
48.02486	-120.111788
48.02486	-120.113888
48.02656	-120.116589
48.02726	-120.119389
48.02776	-120.119989
48.02906	-120.120289
48.02966	-120.120789
48.03226	-120.121689
48.03206	-120.123189
48.03216	-120.124989
48.03296	-120.126089
48.03336	-120.127989
48.03366	-120.132589
48.03346	-120.133489
48.03366	-120.135089
48.03406	-120.135889
48.03476	-120.13879
48.03586	-120.14179
48.03596	-120.14379
48.03646	-120.14529
48.03756	-120.14669
48.03976	-120.14649
48.04146	-120.14729
48.04306	-120.14699
48.04486	-120.15019
48.046361	-120.15039
48.048261	-120.14749
48.048861	-120.14699
48.049261	-120.14709
48.051161	-120.14929
48.052661	-120.14919
48.053061	-120.14879
48.053761	-120.14229
48.054261	-120.13969
48.053461	-120.13729
48.052561	-120.13549
48.052561	-120.134789
48.053261	-120.133689
48.053961	-120.133789
48.054461	-120.131889
48.055861	-120.131989
48.057361	-120.133089
48.058461	-120.13469
48.061561	-120.14099
48.061961	-120.14139
48.062061	-120.14199
48.062761	-120.14259
48.065061	-120.14329
48.065561	-120.14639
48.064761	-120.14869
48.065061	-120.14939
48.066161	-120.14929
48.066361	-120.14979
48.066261	-120.15169
48.065661	-120.15309
48.065961	-120.156391
48.066361	-120.156791
48.067061	-120.156791
48.068961	-120.158091
48.069161	-120.158891
48.069061	-120.160691
48.068061	-120.162791
48.068161	-120.164091
48.069361	-120.166591
48.069661	-120.168391
48.069561	-120.169491
48.069761	-120.170591
48.070661	-120.172491
48.070761	-120.173291
48.071161	-120.173791
48.071561	-120.175291
48.074161	-120.181592
48.074361	-120.183192
48.075461	-120.182992
48.077061	-120.184292
48.078261	-120.186092
48.078461	-120.187392
48.077761	-120.190292
48.077161	-120.195992
48.077161	-120.200793
48.077961	-120.206393
48.078361	-120.207793
48.078561	-120.211293
48.079061	-120.213493
48.080761	-120.215093
48.081661	-120.217193
48.082561	-120.217493
48.083461	-120.218493
48.084161	-120.218593
48.084661	-120.219193
48.084561	-120.220593
48.083861	-120.222293
48.083961	-120.223394
48.085361	-120.225994
48.088561	-120.229494
48.088661	-120.230594
48.088361	-120.233694
48.088561	-120.234794
48.089161	-120.235894
48.091761	-120.234894
48.093261	-120.235394
48.095361	-120.237894
48.095761	-120.239994
48.097661	-120.242494
48.101061	-120.244695
48.102261	-120.247195
48.102461	-120.248195
48.103061	-120.249295
48.103161	-120.250695
48.105261	-120.251895
48.106561	-120.255495
48.109261	-120.257995
48.110261	-120.258195
48.110661	-120.258695
48.110061	-120.263795
48.110261	-120.264795
48.112061	-120.267096
48.113061	-120.267896
48.114761	-120.270896
48.116261	-120.272596
48.119161	-120.273796
48.119961	-120.275496
48.120761	-120.276496
48.121761	-120.278796
48.123661	-120.280096
48.124061	-120.280996
48.123661	-120.284796
48.124861	-120.287847
48.129461	-120.290697
48.129761	-120.291197
48.129761	-120.292097
48.129261	-120.293397
48.129261	-120.294597
48.129961	-120.297697
48.129661	-120.298397
48.129161	-120.298597
48.128461	-120.299797
48.127761	-120.300097
48.127161	-120.301097
48.126761	-120.302697
48.126761	-120.306697
48.127161	-120.309097
48.126361	-120.311898
48.124961	-120.314598
48.124861	-120.315798
48.124261	-120.317398
48.124461	-120.319098
48.127461	-120.324698
48.128361	-120.325398
48.128661	-120.326198
48.129461	-120.327098
48.131461	-120.326298
48.131761	-120.326498
48.132661	-120.328498
48.133961	-120.329198
48.136161	-120.331398
48.139961	-120.333999
48.142161	-120.338799
48.143161	-120.339499
48.143561	-120.340199
48.143461	-120.341099
48.143961	-120.343799
48.143061	-120.345899
48.143461	-120.347099
48.144861	-120.348999
48.145461	-120.349399
48.146661	-120.349499
48.147861	-120.350299
48.148161	-120.350999
48.149161	-120.351999
48.153461	-120.353599
48.155261	-120.353299
48.155661	-120.358
48.159261	-120.3608
48.159861	-120.3607
48.160961	-120.3593
48.161661	-120.3592
48.162661	-120.3596
48.163161	-120.3603
48.164261	-120.3609
48.166761	-120.3611
48.168761	-120.3625
48.172061	-120.3624
48.172761	-120.362
48.173161	-120.3612
48.174361	-120.3601
48.175362	-120.3584
48.180362	-120.3579
48.181962	-120.3573
48.183562	-120.3577
48.183862	-120.3564
48.185262	-120.354
48.186362	-120.3527
48.188862	-120.351199
48.189862	-120.351799
48.191762	-120.3518
48.194462	-120.350999
48.197762	-120.347899
48.198662	-120.346699
48.199662	-120.346399
48.199962	-120.346699
48.201862	-120.346599
48.205563	-120.347799
48.209863	-120.351
48.210063	-120.3517
48.211963	-120.3535
48.214363	-120.354
48.215863	-120.3549
48.216363	-120.3544
48.218263	-120.3539
48.218663	-120.3544
48.218763	-120.3558
48.218963	-120.356
48.219063	-120.3572
48.220363	-120.359
48.220363	-120.3597
48.219363	-120.3617
48.218663	-120.3646
48.218663	-120.3655
48.219463	-120.368
48.218763	-120.3712
48.218763	-120.373301
48.218463	-120.374001
48.218463	-120.375501
48.218863	-120.376101
48.218463	-120.376301
48.218263	-120.377201
48.218363	-120.378001
48.218763	-120.378101
48.219263	-120.379901
48.220563	-120.382801
48.221563	-120.383201
48.223063	-120.384901
48.223963	-120.385101
48.224463	-120.384601
48.225063	-120.385801
48.226363	-120.386901
48.227063	-120.388601
48.227263	-120.390501
48.228263	-120.391301
48.229963	-120.390001
48.230663	-120.388901
48.231663	-120.386201
48.232563	-120.384901
48.233463	-120.384401
48.234463	-120.384501
48.237363	-120.386801
48.239863	-120.387901
48.241763	-120.391101
48.242563	-120.391301
48.242963	-120.391901
48.243563	-120.395702
48.244963	-120.399602
48.245063	-120.400902
48.244763	-120.402702
48.245763	-120.407202
48.247163	-120.408502
48.247863	-120.410802
48.248363	-120.413602
48.249663	-120.417702
48.249563	-120.418602
48.250063	-120.422403
48.249963	-120.424303
48.250363	-120.425703
48.250763	-120.426203
48.250863	-120.427503
48.250663	-120.428303
48.251363	-120.430803
48.252163	-120.432003
48.253363	-120.432403
48.254263	-120.434503
48.254263	-120.435003
48.255963	-120.437803
48.257963	-120.439403
48.259563	-120.442203
48.260663	-120.443204
48.260463	-120.445004
48.260563	-120.447504
48.260163	-120.449004
48.260163	-120.450804
48.260763	-120.451804
48.261163	-120.453504
48.261863	-120.455004
48.263163	-120.456204
48.263963	-120.457904
48.264463	-120.458304
48.265263	-120.460704
48.267263	-120.463804
48.267962	-120.466905
48.268462	-120.467505
48.270262	-120.468105
48.270962	-120.468005
48.274563	-120.466005
48.275263	-120.466305
48.277263	-120.468205
48.277762	-120.469305
48.277562	-120.472605
48.277862	-120.476705
48.280462	-120.479305
48.283862	-120.481305
48.283962	-120.482505
48.283762	-120.482805
48.284962	-120.484405
48.286762	-120.488306
48.291962	-120.493406
48.293962	-120.493606
48.293962	-120.494506
48.295362	-120.498806
48.296062	-120.499806
48.297462	-120.500206
48.299062	-120.502706
48.300762	-120.502906
48.301362	-120.504106
48.301262	-120.504506
48.301662	-120.505606
48.302362	-120.506406
48.306862	-120.508206
48.307962	-120.510906
48.311862	-120.512207
48.312062	-120.513807
48.311762	-120.517207
48.310862	-120.520207
48.309362	-120.522107
48.307662	-120.525207
48.307162	-120.525607
48.306862	-120.528107
48.307161	-120.536107
48.307661	-120.538507
48.307061	-120.540307
48.306561	-120.546107
48.307161	-120.548007
48.307261	-120.550207
48.307061	-120.551607
48.307461	-120.552307
48.308761	-120.552707
48.310461	-120.555407
48.312461	-120.560408
48.314261	-120.561808
48.315561	-120.561708
48.315561	-120.563508
48.316561	-120.565408
48.316461	-120.566608
48.316861	-120.569308
48.31886	-120.573808
48.31846	-120.575008
48.31836	-120.576808
48.31916	-120.579008
48.31966	-120.579708
48.31906	-120.582908
48.31916	-120.583608
48.32026	-120.585208
48.32086	-120.585608
48.32136	-120.586908
48.32286	-120.589008
48.32486	-120.585608
48.32776	-120.583708
48.32916	-120.583808
48.33026	-120.584408
48.33536	-120.585008
48.33846	-120.583508
48.34036	-120.581408
48.34056	-120.580208
48.34356	-120.578008
48.34466	-120.577608
48.345961	-120.575308
48.348161	-120.568708
48.349861	-120.568808
48.354861	-120.566608
48.356061	-120.567008
48.357461	-120.566908
48.358861	-120.565908
48.359261	-120.565108
48.359161	-120.563808
48.360661	-120.559708
48.361261	-120.560608
48.363261	-120.562408
48.365561	-120.562908
48.366761	-120.563608
48.369061	-120.562408
48.370461	-120.562308
48.372261	-120.563008
48.372261	-120.563508
48.373761	-120.567209
48.376203	-120.56744
48.376361	-120.569509
48.376861	-120.571009
48.377261	-120.571309
48.377661	-120.572809
48.378561	-120.574409
48.378961	-120.579109
48.379361	-120.580909
48.37936	-120.582609
48.38016	-120.585609
48.38326	-120.588509
48.38446	-120.588809
48.38436	-120.589909
48.38486	-120.591409
48.38476	-120.594209
48.38496	-120.594409
48.38516	-120.59801
48.38556	-120.59861
48.38546	-120.59971
48.38596	-120.60081
48.38646	-120.60121
48.38686	-120.60251
48.38806	-120.60351
48.38926	-120.60581
48.38976	-120.60631
48.39016	-120.60741
48.39216	-120.60881
48.39266	-120.60951
48.39426	-120.61051
48.39456	-120.61121
48.39496	-120.61501
48.39576	-120.61651
48.39606	-120.61801
48.39816	-120.62131
48.39866	-120.62161
48.39866	-120.62221
48.39816	-120.62321
48.398159	-120.62421
48.397059	-120.62691
48.396559	-120.631511
48.396759	-120.632811
48.396759	-120.636711
48.396359	-120.637811
48.396359	-120.639211
48.397059	-120.641111
48.396359	-120.648611
48.396659	-120.648911
