#GSAKname=Louny
50.341156,14.052362
50.344038,14.041558
50.345858,14.036029
50.344421,14.035810
50.344332,14.032850
50.344123,14.032854
50.344101,14.031709
50.343869,14.031761
50.343858,14.032033
50.340429,14.032473
50.340323,14.030226
50.342160,14.026679
50.342210,14.026129
50.343164,14.025248
50.343237,14.024650
50.345385,14.022921
50.348459,14.019693
50.346349,14.007860
50.345942,14.007681
50.343802,14.004839
50.343280,14.003806
50.342882,14.002036
50.342370,14.001611
50.341900,13.997076
50.338071,13.996330
50.337814,13.993038
50.337207,13.989385
50.336195,13.993798
50.334654,13.987105
50.333867,13.981506
50.330072,13.981918
50.324857,13.983385
50.322596,13.983197
50.321999,13.984906
50.322109,13.986796
50.320527,13.987761
50.319259,13.987903
50.318448,13.990539
50.318080,13.991288
50.317395,13.990846
50.317265,13.991315
50.317076,13.991229
50.314455,13.990980
50.314472,13.990465
50.315287,13.990538
50.315223,13.989545
50.313855,13.989284
50.313863,13.988687
50.309296,13.988207
50.308971,13.990208
50.308558,13.990258
50.308355,13.990517
50.307709,13.990505
50.307670,13.992358
50.307416,13.992358
50.307416,13.994244
50.307190,13.994153
50.307206,13.993142
50.307250,13.992438
50.307444,13.992167
50.307416,13.990486
50.307687,13.987801
50.306976,13.987478
50.305986,13.992026
50.305250,13.992219
50.304651,13.991928
50.303657,13.991484
50.303779,13.990436
50.303200,13.985233
50.303556,13.985153
50.303376,13.983194
50.302768,13.983103
50.302658,13.981015
50.302090,13.981851
50.302046,13.979989
50.302263,13.979983
50.302281,13.979483
50.302755,13.979504
50.301851,13.971950
50.301703,13.970140
50.302769,13.969985
50.303816,13.969509
50.304188,13.971879
50.305138,13.971737
50.304504,13.969000
50.304677,13.968905
50.303863,13.967655
50.303671,13.966266
50.303901,13.963633
50.303740,13.959812
50.305867,13.959532
50.305551,13.956497
50.305918,13.956344
50.305765,13.954974
50.306719,13.954689
50.306849,13.953043
50.307190,13.952214
50.307071,13.952199
50.306670,13.952189
50.306521,13.951159
50.304594,13.951734
50.304541,13.951363
50.304344,13.951393
50.304228,13.949448
50.303843,13.949506
50.303982,13.951404
50.303813,13.951442
50.303803,13.951926
50.303551,13.951954
50.303498,13.954037
50.302674,13.954066
50.302670,13.952933
50.302170,13.952932
50.302151,13.953716
50.301728,13.953754
50.301828,13.955433
50.301016,13.955588
50.300996,13.956457
50.299149,13.956816
50.297469,13.956526
50.297376,13.957285
50.295706,13.957405
50.295439,13.957167
50.295463,13.956339
50.294302,13.956359
50.294213,13.956081
50.292261,13.956988
50.291970,13.955791
50.291475,13.955945
50.291349,13.955364
50.290953,13.955509
50.290926,13.954324
50.290814,13.954491
50.290592,13.953662
50.290272,13.953436
50.290414,13.953305
50.289606,13.950552
50.288158,13.951600
50.287576,13.949916
50.289402,13.948740
50.289412,13.947859
50.288756,13.948134
50.288131,13.945099
50.287939,13.944206
50.287561,13.942958
50.287165,13.942410
50.286357,13.942322
50.286379,13.941863
50.284159,13.940548
50.284310,13.941988
50.282679,13.942228
50.282409,13.942062
50.281767,13.940817
50.280176,13.940310
50.279476,13.936172
50.279594,13.932630
50.278904,13.932828
50.278845,13.932586
50.278352,13.930103
50.278342,13.927936
50.277936,13.927574
50.277958,13.927314
50.275358,13.925235
50.273795,13.921987
50.272664,13.919095
50.272517,13.918589
50.272512,13.916663
50.271362,13.911607
50.272753,13.911619
50.273336,13.912423
50.273602,13.913823
50.275907,13.913303
50.275941,13.911708
50.275605,13.909360
50.274293,13.904907
50.274086,13.902374
50.272985,13.897463
50.272501,13.892738
50.272089,13.891230
50.271472,13.890561
50.270920,13.889212
50.270130,13.886088
50.270246,13.877940
50.267920,13.876666
50.266215,13.876315
50.265038,13.874795
50.263795,13.874028
50.263074,13.873312
50.261119,13.869970
50.260614,13.868058
50.259552,13.865039
50.258945,13.864964
50.258469,13.865214
50.257111,13.866825
50.255117,13.867659
50.254308,13.868239
50.253844,13.864234
50.253298,13.863933
50.251905,13.863894
50.250277,13.863484
50.249514,13.863005
50.248398,13.862917
50.244077,13.863839
50.243080,13.859957
50.242916,13.858194
50.242509,13.856459
50.242210,13.851016
50.242201,13.846725
50.241839,13.843917
50.241482,13.842624
50.240371,13.840454
50.240063,13.839489
50.241134,13.838410
50.242545,13.837467
50.243158,13.836053
50.243492,13.836416
50.244472,13.836888
50.246024,13.835799
50.246762,13.835730
50.247478,13.836191
50.248527,13.835358
50.250463,13.834692
50.251854,13.832945
50.252361,13.832730
50.252321,13.832116
50.257768,13.829532
50.258372,13.828998
50.259166,13.827670
50.259917,13.827059
50.260729,13.826804
50.260582,13.822501
50.259278,13.822740
50.257521,13.821935
50.257814,13.821075
50.258814,13.821471
50.258904,13.820203
50.259531,13.820103
50.258906,13.818672
50.259223,13.818175
50.260087,13.819155
50.260191,13.820166
50.261352,13.820823
50.260992,13.817943
50.262928,13.817275
50.262661,13.815295
50.262782,13.814446
50.262602,13.813693
50.262941,13.813332
50.263412,13.812346
50.262366,13.813009
50.261957,13.812238
50.261618,13.810841
50.261671,13.810049
50.261874,13.809691
50.261649,13.809133
50.261191,13.809776
50.261175,13.808631
50.259684,13.804549
50.259620,13.804252
50.260533,13.803718
50.260047,13.800852
50.260088,13.799638
50.255974,13.798407
50.254073,13.796927
50.252405,13.795124
50.252222,13.794826
50.252414,13.794442
50.251885,13.793457
50.250123,13.790940
50.249506,13.790754
50.247486,13.787630
50.243200,13.783690
50.242460,13.782003
50.242093,13.781577
50.241230,13.781094
50.239750,13.779462
50.238808,13.778813
50.237667,13.777302
50.236219,13.776783
50.236692,13.771858
50.235522,13.771006
50.234619,13.770971
50.234073,13.770486
50.233753,13.770559
50.233315,13.770050
50.232959,13.769069
50.232472,13.769010
50.232170,13.768697
50.232644,13.762823
50.233137,13.763036
50.233124,13.763577
50.233277,13.763755
50.235458,13.763752
50.236878,13.764745
50.237642,13.763310
50.239181,13.762278
50.240487,13.760123
50.239620,13.759315
50.236440,13.757379
50.233458,13.757268
50.233444,13.754607
50.234885,13.754575
50.234839,13.753410
50.232659,13.753129
50.230835,13.753632
50.229310,13.753456
50.226130,13.752115
50.225268,13.752227
50.223689,13.751470
50.223544,13.750030
50.224180,13.748779
50.224352,13.748966
50.224786,13.748258
50.224982,13.745522
50.225528,13.743116
50.225099,13.742520
50.224228,13.742238
50.224483,13.738582
50.224448,13.733108
50.225040,13.726471
50.225588,13.723030
50.225635,13.721603
50.225413,13.719161
50.224613,13.715109
50.224395,13.713091
50.223935,13.711397
50.223355,13.710170
50.222469,13.709156
50.222140,13.708367
50.222307,13.706190
50.222314,13.701556
50.222022,13.700589
50.221107,13.699468
50.221136,13.696600
50.221309,13.695073
50.221811,13.693838
50.223654,13.691417
50.224256,13.690004
50.224872,13.688063
50.225172,13.686237
50.225192,13.684533
50.226013,13.682743
50.226151,13.681323
50.226053,13.678087
50.225743,13.676444
50.225198,13.675294
50.222758,13.672088
50.222603,13.671798
50.222673,13.670904
50.222933,13.670773
50.223479,13.670973
50.224445,13.669659
50.225020,13.669485
50.225426,13.669745
50.226409,13.671289
50.227070,13.671647
50.228696,13.671924
50.229371,13.672534
50.230758,13.672398
50.231605,13.671452
50.232569,13.671372
50.233911,13.670467
50.235226,13.673026
50.235434,13.673021
50.236277,13.672231
50.238290,13.669685
50.237420,13.667604
50.236036,13.665372
50.235781,13.664694
50.232594,13.661377
50.231445,13.658850
50.230770,13.658439
50.228334,13.656139
50.226112,13.652940
50.223384,13.650722
50.222563,13.650118
50.222094,13.649008
50.221307,13.648482
50.220681,13.647337
50.220207,13.647135
50.219542,13.647501
50.218838,13.647168
50.217881,13.644853
50.217937,13.643438
50.217612,13.642408
50.218091,13.636645
50.217888,13.636706
50.216967,13.638392
50.216139,13.638102
50.214583,13.635883
50.213168,13.634581
50.212160,13.634687
50.209566,13.633884
50.208399,13.632030
50.208904,13.625214
50.208892,13.622228
50.209078,13.620075
50.210773,13.615929
50.205815,13.621226
50.204756,13.621840
50.202454,13.622585
50.202100,13.622015
50.202266,13.620801
50.202159,13.620345
50.200811,13.618122
50.199937,13.617063
50.198042,13.613112
50.197311,13.611356
50.196235,13.607513
50.195434,13.605688
50.192851,13.608721
50.192022,13.607936
50.191911,13.607537
50.192217,13.607028
50.193448,13.603075
50.194203,13.600323
50.194283,13.599256
50.193409,13.598765
50.191906,13.597117
50.191967,13.596990
50.191056,13.595544
50.189821,13.592985
50.189337,13.591257
50.188044,13.588951
50.187495,13.587111
50.187661,13.580956
50.187480,13.576311
50.186761,13.573548
50.185981,13.571761
50.185084,13.571799
50.185176,13.570858
50.184869,13.570122
50.184832,13.569352
50.184949,13.568588
50.185799,13.567499
50.186741,13.565184
50.187431,13.564514
50.189137,13.563622
50.189675,13.562789
50.190381,13.560855
50.190952,13.560467
50.191397,13.560462
50.191299,13.560004
50.191898,13.559525
50.192548,13.558241
50.192133,13.557516
50.192006,13.556285
50.192246,13.555096
50.192931,13.553988
50.192679,13.553070
50.190811,13.554723
50.190652,13.550511
50.190939,13.548674
50.191207,13.546063
50.190789,13.545976
50.190806,13.545010
50.191217,13.545126
50.191039,13.543653
50.190834,13.542936
50.190296,13.542070
50.189990,13.539550
50.189450,13.539038
50.189232,13.538565
50.188869,13.536299
50.189003,13.535617
50.187240,13.535051
50.187056,13.535886
50.185369,13.535926
50.185254,13.535202
50.185033,13.534886
50.183830,13.534387
50.183545,13.534071
50.183624,13.532524
50.182886,13.528916
50.182574,13.527941
50.182096,13.528166
50.182030,13.527770
50.182350,13.526648
50.182274,13.526241
50.181254,13.526125
50.181264,13.525188
50.180351,13.525246
50.180526,13.523378
50.179215,13.523175
50.178083,13.522278
50.178827,13.520561
50.179061,13.518454
50.178510,13.516798
50.177483,13.515665
50.176747,13.514251
50.175760,13.515331
50.175686,13.515886
50.175365,13.516230
50.174848,13.516153
50.174565,13.515950
50.174290,13.515363
50.174087,13.515325
50.173307,13.515819
50.173742,13.517133
50.174250,13.518062
50.174014,13.518061
50.173390,13.517909
50.172892,13.517459
50.172666,13.516903
50.172923,13.516461
50.171863,13.514613
50.172125,13.514028
50.171258,13.511824
50.170093,13.513512
50.169127,13.512449
50.168647,13.512844
50.168495,13.512399
50.168435,13.508662
50.167692,13.508779
50.167175,13.507003
50.166562,13.507528
50.165982,13.505470
50.165514,13.502791
50.166212,13.502302
50.165895,13.499956
50.165864,13.499255
50.165991,13.499155
50.165934,13.496875
50.165573,13.496238
50.165193,13.494656
50.163595,13.495242
50.163600,13.494916
50.165083,13.492672
50.166141,13.490259
50.166545,13.489825
50.166176,13.488170
50.165854,13.488316
50.166025,13.488956
50.165712,13.489114
50.162998,13.489721
50.163246,13.488049
50.159318,13.490681
50.159169,13.489145
50.158657,13.488359
50.157598,13.487375
50.157723,13.489610
50.157003,13.489496
50.155424,13.490474
50.154935,13.491154
50.154962,13.491898
50.153629,13.492125
50.153506,13.490753
50.151996,13.491035
50.150932,13.491496
50.150173,13.492495
50.149228,13.492970
50.149398,13.494728
50.148890,13.494648
50.148674,13.493071
50.147358,13.493096
50.147378,13.494238
50.146350,13.493573
50.146273,13.492869
50.145209,13.492679
50.144291,13.491932
50.144511,13.488372
50.144204,13.486519
50.143941,13.481912
50.143575,13.479352
50.143256,13.479526
50.142482,13.481305
50.142506,13.482304
50.143005,13.485583
50.142936,13.485995
50.141744,13.487873
50.140588,13.488610
50.139153,13.489003
50.138105,13.488979
50.136545,13.488170
50.135727,13.488078
50.135261,13.488527
50.135306,13.489365
50.135266,13.489714
50.135082,13.489870
50.133850,13.490016
50.133964,13.491475
50.132346,13.491387
50.131803,13.490283
50.131506,13.490225
50.131257,13.490849
50.130586,13.491049
50.130634,13.491363
50.127980,13.492591
50.126648,13.490668
50.126862,13.489119
50.126225,13.488730
50.126768,13.486821
50.126238,13.484258
50.126231,13.483524
50.126561,13.481764
50.126539,13.478912
50.126507,13.478199
50.126158,13.477884
50.126119,13.477384
50.127320,13.476085
50.128728,13.476165
50.129142,13.475743
50.129716,13.474533
50.130444,13.473882
50.130569,13.473570
50.130519,13.473058
50.129156,13.472034
50.129725,13.471434
50.130115,13.471229
50.130326,13.471349
50.131580,13.472470
50.132443,13.470769
50.131209,13.469290
50.130125,13.469360
50.128431,13.467734
50.127983,13.467528
50.125203,13.467642
50.125105,13.468131
50.124022,13.467933
50.123192,13.467533
50.121887,13.468702
50.121353,13.469760
50.120645,13.469586
50.120595,13.468509
50.119324,13.469189
50.118172,13.469119
50.117544,13.469492
50.116638,13.468305
50.115936,13.469318
50.115710,13.470177
50.115267,13.470478
50.114460,13.470978
50.113926,13.471004
50.113561,13.469011
50.113046,13.464353
50.113971,13.463486
50.113873,13.461062
50.113033,13.460934
50.113418,13.459939
50.112296,13.459905
50.111170,13.462827
50.110417,13.463682
50.110117,13.464530
50.109310,13.464366
50.109163,13.463976
50.108760,13.463759
50.107606,13.464143
50.107535,13.463693
50.107702,13.462975
50.107130,13.462798
50.105804,13.463095
50.105235,13.462479
50.105136,13.461456
50.105265,13.460535
50.104666,13.457636
50.104199,13.456105
50.105014,13.452507
50.105427,13.451604
50.106097,13.450825
50.106420,13.449660
50.106352,13.449238
50.106529,13.448815
50.106104,13.448179
50.106058,13.447709
50.106042,13.445394
50.107483,13.442342
50.107813,13.441713
50.109125,13.440528
50.109653,13.439598
50.109945,13.438667
50.109030,13.437864
50.109636,13.435770
50.109751,13.433679
50.109694,13.429818
50.109140,13.425240
50.108181,13.425380
50.105942,13.426204
50.105772,13.425014
50.104553,13.425569
50.103599,13.425397
50.103588,13.420791
50.103066,13.420659
50.102320,13.420849
50.101805,13.420602
50.101652,13.420242
50.101615,13.418088
50.099598,13.417177
50.099403,13.416855
50.099661,13.415480
50.100626,13.412227
50.100185,13.411242
50.098930,13.410591
50.098387,13.406322
50.097923,13.404367
50.097345,13.404772
50.096991,13.405435
50.096042,13.408952
50.094068,13.409685
50.091391,13.408252
50.090919,13.407797
50.090710,13.407239
50.090224,13.407480
50.089679,13.406831
50.090468,13.404850
50.090022,13.404560
50.089037,13.404438
50.088845,13.403876
50.088113,13.404387
50.086557,13.404655
50.086064,13.405195
50.085529,13.405024
50.084964,13.404450
50.085361,13.403862
50.084309,13.402583
50.083928,13.400822
50.083943,13.400041
50.083472,13.399784
50.083516,13.398926
50.083138,13.398874
50.082664,13.399141
50.082684,13.398698
50.083702,13.398317
50.083747,13.398123
50.083573,13.397740
50.082528,13.398311
50.082519,13.397846
50.083520,13.397102
50.082894,13.395624
50.082804,13.395730
50.082201,13.394954
50.080411,13.395248
50.080419,13.391600
50.082155,13.391219
50.082157,13.390215
50.082391,13.390104
50.081943,13.386817
50.081118,13.386560
50.078641,13.378339
50.078051,13.378351
50.078496,13.377130
50.077478,13.376861
50.077494,13.375812
50.077323,13.375739
50.077411,13.374404
50.078223,13.374057
50.078446,13.373736
50.078501,13.372253
50.076983,13.371976
50.077408,13.371211
50.078552,13.371563
50.079379,13.370166
50.079643,13.368959
50.079957,13.368631
50.081632,13.368560
50.082712,13.369096
50.083817,13.368864
50.084079,13.369311
50.084094,13.369830
50.088037,13.370072
50.090043,13.371054
50.091293,13.370815
50.091411,13.370067
50.090598,13.365481
50.090855,13.365505
50.091819,13.365687
50.092235,13.363708
50.092181,13.362689
50.093057,13.361606
50.094605,13.360702
50.094614,13.360516
50.094070,13.359882
50.093819,13.358146
50.094155,13.357769
50.094158,13.356228
50.094414,13.355305
50.094908,13.355428
50.095431,13.356874
50.096336,13.358596
50.096780,13.358478
50.097020,13.357770
50.097615,13.357912
50.098111,13.357682
50.098437,13.358312
50.098802,13.357858
50.098841,13.355007
50.100153,13.354201
50.100193,13.353216
50.099883,13.351904
50.100514,13.351656
50.101911,13.354408
50.102425,13.358457
50.104292,13.356997
50.104050,13.356475
50.104425,13.355566
50.104329,13.354769
50.103103,13.353956
50.103240,13.353584
50.101721,13.351073
50.101784,13.350139
50.101089,13.348890
50.100514,13.348319
50.100296,13.343959
50.099679,13.343695
50.099367,13.343939
50.099008,13.343713
50.098874,13.341977
50.098321,13.341712
50.097917,13.341765
50.095468,13.339984
50.093962,13.341599
50.092262,13.340956
50.091936,13.340043
50.092133,13.338993
50.092034,13.338253
50.091626,13.336879
50.090534,13.336968
50.089789,13.336325
50.089180,13.335310
50.087581,13.334770
50.086586,13.333620
50.087344,13.330967
50.087967,13.331102
50.088451,13.328994
50.087959,13.328800
50.087872,13.328467
50.087568,13.328426
50.087332,13.325655
50.087419,13.324220
50.089667,13.324790
50.092971,13.325095
50.094508,13.326017
50.096396,13.325060
50.097750,13.325135
50.100893,13.324078
50.102796,13.323909
50.103472,13.324682
50.103485,13.321667
50.101065,13.322029
50.100949,13.316500
50.100544,13.314687
50.100704,13.311594
50.100483,13.310360
50.100652,13.310051
50.100466,13.307692
50.100758,13.307608
50.100226,13.306547
50.101141,13.305580
50.100430,13.302327
50.099463,13.302585
50.099251,13.301900
50.099247,13.301675
50.099424,13.301534
50.100017,13.301096
50.099817,13.299149
50.099362,13.298777
50.099428,13.296866
50.100815,13.296536
50.101429,13.297691
50.102006,13.297639
50.102691,13.299795
50.102994,13.299638
50.102598,13.298389
50.104077,13.297330
50.104247,13.297304
50.105188,13.298183
50.106620,13.297291
50.107996,13.296865
50.108347,13.296272
50.111236,13.296051
50.111845,13.295397
50.112498,13.296487
50.112702,13.295972
50.112922,13.294505
50.113526,13.293442
50.114024,13.293691
50.114405,13.292752
50.115246,13.291689
50.116237,13.292146
50.116288,13.290266
50.115376,13.289126
50.115379,13.288333
50.114854,13.285119
50.114869,13.284168
50.114542,13.283524
50.115004,13.283131
50.114441,13.281851
50.115024,13.281302
50.115429,13.282280
50.115859,13.282022
50.116673,13.284474
50.116646,13.286234
50.118048,13.289663
50.118366,13.289008
50.119389,13.284251
50.119779,13.281470
50.120524,13.279524
50.123633,13.279038
50.125297,13.277368
50.126296,13.275786
50.128267,13.273632
50.128041,13.271068
50.127310,13.270111
50.127846,13.269459
50.127853,13.268326
50.128768,13.267555
50.128623,13.266260
50.127512,13.262931
50.127127,13.260136
50.126171,13.257450
50.126114,13.255680
50.126699,13.251749
50.127811,13.251766
50.128392,13.251203
50.126806,13.249516
50.126360,13.249325
50.126030,13.249390
50.125386,13.250053
50.123995,13.249423
50.124312,13.247282
50.124486,13.246745
50.124877,13.248675
50.125383,13.248370
50.125834,13.245291
50.126207,13.245201
50.126032,13.242045
50.126625,13.241974
50.126846,13.243195
50.127241,13.243143
50.127604,13.241386
50.128271,13.239755
50.128920,13.239883
50.128969,13.239093
50.129298,13.238731
50.130284,13.238679
50.131060,13.236498
50.131492,13.235716
50.131250,13.233637
50.130695,13.233727
50.132548,13.230849
50.133840,13.229196
50.134057,13.227983
50.134662,13.231249
50.135029,13.234968
50.134309,13.240292
50.135031,13.240785
50.134994,13.241048
50.135271,13.241364
50.136521,13.241957
50.136659,13.239121
50.136943,13.238955
50.137378,13.237463
50.138162,13.236101
50.138346,13.235845
50.138918,13.235750
50.139190,13.237483
50.140106,13.237363
50.140030,13.238258
50.141200,13.238771
50.141397,13.238554
50.141849,13.238715
50.141600,13.239227
50.141610,13.241263
50.141477,13.242031
50.141635,13.243819
50.142820,13.246239
50.143170,13.246467
50.143195,13.247820
50.143717,13.249974
50.143866,13.250194
50.143943,13.249595
50.144995,13.249839
50.146277,13.250750
50.144806,13.252899
50.144572,13.254682
50.144057,13.256928
50.143647,13.257196
50.143259,13.258888
50.142275,13.261827
50.142811,13.262095
50.142989,13.261684
50.143822,13.262745
50.143106,13.266186
50.143302,13.266705
50.143517,13.266300
50.143578,13.266640
50.143382,13.267422
50.142557,13.269204
50.142405,13.269878
50.142504,13.270236
50.142323,13.270704
50.141850,13.270336
50.142254,13.267607
50.142063,13.267511
50.141488,13.268412
50.141288,13.269252
50.140907,13.269811
50.140783,13.270307
50.140372,13.270292
50.139974,13.270684
50.139684,13.273004
50.139411,13.273649
50.138761,13.274526
50.137910,13.274842
50.137925,13.275277
50.137587,13.276278
50.137356,13.277720
50.136901,13.278819
50.137186,13.279317
50.137174,13.280764
50.137810,13.282239
50.137348,13.282534
50.136504,13.283655
50.137132,13.284128
50.138919,13.282598
50.139657,13.282889
50.141773,13.280361
50.142847,13.281379
50.142554,13.282935
50.143317,13.283843
50.143860,13.283260
50.144621,13.284523
50.145972,13.280690
50.145377,13.280379
50.146130,13.278699
50.145748,13.278139
50.146519,13.276455
50.147092,13.277564
50.146576,13.277956
50.147156,13.278497
50.146988,13.279188
50.147504,13.280269
50.147837,13.280331
50.148398,13.278824
50.149577,13.278599
50.149632,13.276944
50.150206,13.275844
50.151161,13.273069
50.151733,13.269648
50.151768,13.268705
50.152478,13.268252
50.153030,13.268404
50.153134,13.266694
50.155920,13.267176
50.156259,13.267845
50.156999,13.267697
50.157048,13.267090
50.156257,13.267180
50.156254,13.265949
50.156512,13.265151
50.157398,13.264912
50.157824,13.266197
50.157782,13.266873
50.158150,13.269220
50.159144,13.272849
50.159065,13.274354
50.158804,13.275407
50.157505,13.279483
50.157872,13.279707
50.157794,13.281680
50.157284,13.282325
50.156530,13.283907
50.158482,13.284517
50.158890,13.282933
50.161322,13.285271
50.161845,13.286066
50.162910,13.285699
50.163672,13.285036
50.163967,13.285532
50.168284,13.287250
50.168025,13.283701
50.168227,13.283440
50.168391,13.282891
50.168255,13.282060
50.168246,13.279470
50.168584,13.277180
50.168528,13.274206
50.168676,13.274227
50.169831,13.274787
50.169877,13.274507
50.170624,13.275164
50.171839,13.277990
50.172837,13.278800
50.173693,13.279177
50.175164,13.278967
50.176678,13.279470
50.178625,13.276980
50.180668,13.276946
50.183022,13.275817
50.184278,13.274342
50.184402,13.274680
50.184992,13.274851
50.185700,13.274285
50.186329,13.271344
50.186689,13.270564
50.187802,13.269675
50.188809,13.270015
50.189110,13.269929
50.189810,13.268076
50.190213,13.268292
50.191281,13.264168
50.191772,13.264448
50.191896,13.264786
50.191679,13.265816
50.191027,13.267417
50.191156,13.268350
50.191557,13.268920
50.193152,13.270055
50.195346,13.269984
50.195560,13.269848
50.195474,13.269429
50.196233,13.266612
50.196177,13.266045
50.196791,13.264609
50.198348,13.263060
50.199974,13.260815
50.200947,13.260625
50.201410,13.261265
50.203834,13.258730
50.204882,13.260775
50.204949,13.260901
50.205981,13.259832
50.206560,13.258787
50.207164,13.256799
50.207202,13.256068
50.206931,13.253411
50.207402,13.252377
50.207511,13.251458
50.206478,13.250571
50.206658,13.249451
50.206110,13.248037
50.206920,13.242046
50.209778,13.241603
50.212010,13.239239
50.212259,13.239463
50.212792,13.240810
50.213440,13.241292
50.213296,13.245083
50.212948,13.247647
50.214529,13.248644
50.214809,13.249725
50.216880,13.248960
50.216978,13.247278
50.217569,13.247278
50.219282,13.249151
50.219709,13.250438
50.220257,13.251384
50.220464,13.250526
50.221294,13.251377
50.221890,13.250780
50.222133,13.251034
50.221279,13.252798
50.220947,13.254040
50.220545,13.254860
50.219738,13.258583
50.219729,13.260244
50.219933,13.262038
50.219715,13.265918
50.219893,13.268654
50.220123,13.269421
50.219935,13.275180
50.219800,13.276034
50.223704,13.277625
50.225298,13.270893
50.226268,13.269569
50.227801,13.266381
50.228236,13.264972
50.230181,13.262465
50.231391,13.262559
50.233186,13.263788
50.234437,13.264212
50.234925,13.264635
50.234886,13.263779
50.236055,13.263925
50.236444,13.263718
50.236008,13.266404
50.236200,13.268074
50.235641,13.268122
50.235669,13.271094
50.235875,13.271059
50.236123,13.272659
50.236415,13.273312
50.237615,13.274784
50.238549,13.273923
50.239025,13.274050
50.240240,13.274752
50.240542,13.275602
50.240715,13.278567
50.240639,13.280756
50.241076,13.282141
50.241236,13.284329
50.240872,13.285068
50.240539,13.289091
50.240009,13.291657
50.240275,13.295295
50.240082,13.296475
50.240100,13.297776
50.242187,13.298001
50.241739,13.295385
50.242645,13.295538
50.244955,13.294419
50.245545,13.295243
50.245903,13.295271
50.248301,13.294131
50.250868,13.293406
50.250838,13.295697
50.251796,13.295638
50.252121,13.297831
50.252089,13.298902
50.252748,13.299128
50.253437,13.299758
50.253519,13.301143
50.256402,13.303278
50.256404,13.304228
50.259753,13.305728
50.259704,13.307826
50.259217,13.311772
50.259122,13.315909
50.260770,13.316950
50.262394,13.318308
50.265618,13.319555
50.265617,13.318434
50.265968,13.317372
50.265805,13.316729
50.266172,13.316855
50.266203,13.316237
50.265627,13.316020
50.266648,13.312981
50.266813,13.311140
50.266992,13.311665
50.267133,13.314029
50.267449,13.315770
50.268905,13.319411
50.269971,13.321569
50.270439,13.321514
50.271425,13.325182
50.271639,13.327558
50.272921,13.328856
50.273954,13.330484
50.273866,13.333400
50.274357,13.337029
50.275720,13.334875
50.276168,13.340019
50.275204,13.340206
50.275611,13.340747
50.275832,13.341518
50.276492,13.346328
50.276461,13.348989
50.277901,13.353032
50.277372,13.353385
50.275853,13.356556
50.275315,13.357010
50.274263,13.357217
50.273567,13.358007
50.272423,13.353553
50.269954,13.353785
50.270355,13.358273
50.268597,13.358434
50.268613,13.361112
50.267700,13.361173
50.266980,13.362181
50.265785,13.362237
50.265236,13.362580
50.262452,13.365553
50.261060,13.366479
50.259332,13.367130
50.259794,13.369347
50.259862,13.372948
50.260578,13.380014
50.262546,13.382201
50.263112,13.383442
50.263288,13.384224
50.266237,13.383497
50.267384,13.385481
50.269440,13.387818
50.269423,13.388957
50.268849,13.389036
50.268757,13.392392
50.269367,13.394177
50.269437,13.395551
50.270179,13.395887
50.270295,13.395774
50.271843,13.397579
50.273759,13.396984
50.273657,13.394439
50.280590,13.393636
50.280862,13.396623
50.281738,13.399737
50.281734,13.402789
50.289189,13.399961
50.295953,13.398446
50.296703,13.413955
50.296715,13.414449
50.296445,13.414485
50.297248,13.418454
50.297704,13.421654
50.297553,13.424699
50.298253,13.424222
50.299255,13.423119
50.299223,13.427386
50.300115,13.426550
50.300321,13.434125
50.302187,13.434707
50.302581,13.434557
50.302424,13.430392
50.303476,13.429803
50.303642,13.428799
50.303821,13.428856
50.303744,13.427880
50.306306,13.428795
50.306338,13.431939
50.307491,13.431071
50.307712,13.431856
50.308939,13.431098
50.309754,13.430409
50.309634,13.429827
50.310554,13.429368
50.310373,13.427693
50.312080,13.427290
50.312322,13.426026
50.312292,13.424968
50.312453,13.423907
50.313848,13.424700
50.314186,13.423399
50.314712,13.423672
50.315253,13.421840
50.315613,13.422082
50.313579,13.428682
50.313972,13.429456
50.315632,13.424619
50.317694,13.426390
50.318648,13.423935
50.320310,13.426355
50.320762,13.425864
50.321113,13.426762
50.322374,13.425981
50.322724,13.427347
50.323098,13.426889
50.323842,13.429597
50.324244,13.429332
50.325191,13.434321
50.326306,13.439086
50.326809,13.444010
50.327344,13.444182
50.327473,13.444947
50.327836,13.444847
50.327999,13.446257
50.328548,13.446199
50.329109,13.447956
50.330198,13.450568
50.330736,13.451805
50.333306,13.451498
50.333292,13.447112
50.333183,13.446924
50.333304,13.443472
50.333468,13.443476
50.333514,13.443196
50.333895,13.439611
50.336025,13.438881
50.336029,13.438269
50.337731,13.437910
50.339802,13.438075
50.339978,13.438389
50.339987,13.439239
50.342347,13.438910
50.342288,13.441026
50.341772,13.441049
50.341710,13.441262
50.340506,13.447244
50.340196,13.449874
50.339495,13.451559
50.341089,13.450829
50.341394,13.448810
50.344190,13.449614
50.346962,13.449600
50.347125,13.450912
50.349144,13.450450
50.349040,13.449466
50.349338,13.449353
50.349017,13.446970
50.349106,13.445343
50.349454,13.443300
50.350368,13.440896
50.350473,13.440956
50.351358,13.438730
50.351681,13.438398
50.352011,13.437297
50.352297,13.437243
50.354218,13.435297
50.355709,13.434349
50.357274,13.433794
50.358679,13.432339
50.360913,13.431087
50.362060,13.429977
50.362820,13.432001
50.363842,13.432982
50.366024,13.430348
50.366592,13.431892
50.367725,13.431197
50.368178,13.433536
50.368726,13.433563
50.367802,13.438017
50.367684,13.439154
50.367958,13.442743
50.368642,13.443704
50.368613,13.444721
50.367648,13.447536
50.367003,13.449237
50.366935,13.451073
50.367585,13.452626
50.367995,13.453112
50.368084,13.452991
50.368579,13.453415
50.369140,13.454235
50.369408,13.455224
50.369396,13.456890
50.368905,13.457830
50.365472,13.460985
50.365760,13.461514
50.366560,13.461610
50.366705,13.461888
50.366419,13.465808
50.366528,13.466749
50.365012,13.469508
50.365266,13.469605
50.366721,13.468466
50.368603,13.469416
50.367783,13.472793
50.367604,13.472821
50.367310,13.475151
50.366405,13.475193
50.366249,13.475372
50.366033,13.476816
50.365382,13.477509
50.365332,13.478601
50.366005,13.478883
50.366207,13.480414
50.367839,13.480741
50.367626,13.482496
50.368530,13.482725
50.368301,13.484228
50.369274,13.485364
50.371311,13.486691
50.370126,13.492328
50.371099,13.492711
50.370683,13.494529
50.371465,13.494814
50.370553,13.497147
50.370941,13.497496
50.371419,13.496517
50.373081,13.496780
50.373159,13.496079
50.371805,13.495800
50.373285,13.492283
50.374349,13.492758
50.374928,13.489508
50.376034,13.489945
50.376098,13.489475
50.376602,13.489612
50.376176,13.491902
50.377054,13.492335
50.376977,13.492851
50.377557,13.493113
50.377351,13.494099
50.377738,13.494151
50.379652,13.495336
50.380185,13.491699
50.380883,13.491876
50.380503,13.494070
50.380776,13.494262
50.380894,13.494348
50.380590,13.496580
50.380769,13.496652
50.381016,13.494674
50.381296,13.494751
50.380894,13.496907
50.381436,13.497817
50.381412,13.498890
50.381519,13.498964
50.381670,13.498545
50.382053,13.498469
50.382365,13.498779
50.382106,13.499679
50.381708,13.499801
50.382165,13.499822
50.382248,13.500115
50.381714,13.500994
50.382162,13.505282
50.383496,13.505822
50.383791,13.503876
50.384355,13.503502
50.384448,13.504475
50.384331,13.505626
50.385641,13.506200
50.385582,13.506726
50.384273,13.506152
50.384230,13.506844
50.383867,13.508081
50.384119,13.508435
50.387293,13.509296
50.387263,13.509559
50.386633,13.509437
50.383667,13.508654
50.383513,13.509700
50.385871,13.510682
50.385544,13.512110
50.386265,13.512709
50.385527,13.515910
50.385751,13.516157
50.383770,13.519294
50.383681,13.519130
50.381016,13.521490
50.380512,13.523442
50.380724,13.523662
50.379902,13.526656
50.380492,13.527214
50.379751,13.529634
50.377715,13.527267
50.377037,13.526929
50.376683,13.525889
50.375617,13.528043
50.374981,13.528718
50.374134,13.529173
50.374249,13.529615
50.374033,13.530675
50.374910,13.530341
50.375517,13.530512
50.376277,13.531045
50.376486,13.532090
50.378295,13.533799
50.377742,13.536090
50.378130,13.536340
50.378033,13.536761
50.380401,13.538225
50.380148,13.539379
50.380697,13.539421
50.380385,13.540248
50.381082,13.540881
50.380831,13.541579
50.381125,13.541895
50.380874,13.543076
50.382700,13.544583
50.382194,13.546322
50.382337,13.546488
50.381720,13.548978
50.382767,13.549941
50.380851,13.552721
50.380385,13.552602
50.379304,13.555755
50.377394,13.553841
50.376967,13.555363
50.377930,13.556119
50.377121,13.558881
50.377580,13.559214
50.378901,13.557342
50.380905,13.552907
50.383977,13.554706
50.384445,13.554568
50.386914,13.555100
50.387007,13.554453
50.387406,13.554445
50.389449,13.548422
50.389821,13.548704
50.390578,13.547304
50.393354,13.549428
50.394054,13.546676
50.394497,13.546928
50.395026,13.545140
50.395211,13.544415
50.394124,13.543503
50.394338,13.542699
50.394746,13.542973
50.395969,13.538748
50.398539,13.539867
50.399283,13.536137
50.402082,13.536989
50.405778,13.539324
50.407684,13.541097
50.408012,13.541675
50.408691,13.542312
50.407993,13.543372
50.408337,13.544315
50.409067,13.543391
50.409225,13.542671
50.409524,13.542558
50.409727,13.542881
50.410220,13.542609
50.411182,13.541359
50.411370,13.541899
50.411859,13.541500
50.412003,13.541864
50.412273,13.541744
50.412525,13.543051
50.411861,13.543704
50.411538,13.545273
50.412737,13.546216
50.412254,13.547823
50.414360,13.549692
50.416000,13.552495
50.419238,13.554697
50.419681,13.553341
50.421245,13.554299
50.421210,13.554506
50.422604,13.555205
50.422273,13.556492
50.422727,13.556869
50.422704,13.557487
50.424337,13.557076
50.424325,13.560380
50.428241,13.559977
50.427301,13.563840
50.426817,13.563540
50.425522,13.568254
50.423226,13.567723
50.422217,13.574020
50.422950,13.574361
50.422299,13.578882
50.422214,13.579328
50.420091,13.577945
50.418464,13.587203
50.417451,13.594225
50.412233,13.592027
50.411256,13.600960
50.410639,13.607191
50.420079,13.610016
50.418782,13.617318
50.417989,13.625056
50.418935,13.625348
50.420433,13.626679
50.422060,13.629075
50.422317,13.630822
50.430768,13.631861
50.429858,13.637024
50.429554,13.638233
50.428589,13.640620
50.428473,13.641501
50.427864,13.654846
50.427724,13.654906
50.427961,13.659333
50.428106,13.659527
50.428335,13.661366
50.427305,13.661534
50.427300,13.664167
50.426295,13.664115
50.426307,13.671169
50.424554,13.671077
50.424069,13.676054
50.423378,13.679415
50.422867,13.683345
50.421724,13.694165
50.421312,13.694999
50.420710,13.699889
50.414856,13.700742
50.414469,13.701073
50.414268,13.702129
50.413826,13.703127
50.414455,13.706424
50.414705,13.708983
50.415217,13.711041
50.417436,13.715508
50.417584,13.716313
50.417718,13.718316
50.417787,13.726293
50.418167,13.729178
50.418817,13.736880
50.419663,13.742403
50.420090,13.744239
50.420463,13.748221
50.421092,13.751831
50.421232,13.753421
50.423084,13.759993
50.425866,13.760208
50.426090,13.763173
50.427114,13.765569
50.426811,13.766222
50.426922,13.767505
50.426813,13.767501
50.426713,13.769928
50.425929,13.772042
50.426160,13.772957
50.426282,13.783682
50.428340,13.790636
50.429739,13.791126
50.429937,13.792276
50.430215,13.792226
50.430685,13.792787
50.431705,13.792810
50.432772,13.793732
50.433378,13.793992
50.434874,13.793963
50.439415,13.793934
50.440921,13.793432
50.441717,13.789010
50.442839,13.784684
50.443445,13.784360
50.444242,13.784334
50.443867,13.782257
50.445856,13.781090
50.446175,13.779253
50.446856,13.778954
50.447519,13.778076
50.448151,13.776281
50.448755,13.775260
50.447334,13.773081
50.447561,13.772588
50.447373,13.772233
50.447869,13.771607
50.448358,13.770228
50.448409,13.770003
50.449686,13.772001
50.450258,13.771600
50.453333,13.773399
50.454149,13.770849
50.456439,13.771819
50.456436,13.772374
50.457391,13.772967
50.457402,13.772793
50.457817,13.772954
50.460332,13.772449
50.461469,13.772458
50.462098,13.772584
50.462100,13.773381
50.463840,13.772455
50.464011,13.773114
50.464456,13.773794
50.464365,13.773986
50.465048,13.774982
50.464146,13.776413
50.465178,13.777928
50.464892,13.778463
50.465521,13.779358
50.467403,13.780635
50.467585,13.783070
50.468513,13.782601
50.468751,13.783586
50.468677,13.784158
50.469680,13.783715
50.471226,13.785183
50.471921,13.785237
50.471951,13.788092
50.471106,13.788769
50.471153,13.791122
50.470046,13.791233
50.470365,13.793196
50.470730,13.793696
50.471304,13.796341
50.472069,13.796749
50.473667,13.796739
50.471589,13.798624
50.473554,13.803428
50.470943,13.806318
50.470222,13.806767
50.471459,13.808050
50.469871,13.810805
50.469271,13.812651
50.468757,13.812398
50.468725,13.814498
50.469688,13.814890
50.470801,13.815717
50.470783,13.816106
50.468715,13.815952
50.468207,13.815271
50.467180,13.817029
50.467896,13.817890
50.469864,13.817070
50.472260,13.817534
50.472672,13.818251
50.472286,13.818496
50.472455,13.819240
50.473181,13.820299
50.473614,13.820655
50.473718,13.821386
50.473583,13.822471
50.472153,13.828392
50.471427,13.828202
50.471213,13.828735
50.468437,13.829567
50.468052,13.829726
50.468206,13.831186
50.469607,13.831792
50.471223,13.833729
50.473509,13.835258
50.475057,13.837054
50.476578,13.838472
50.478264,13.838230
50.481657,13.838667
50.481716,13.839792
50.481989,13.841752
50.482082,13.844322
50.483669,13.846837
50.484411,13.847593
50.486191,13.852186
50.487564,13.852300
50.487942,13.853139
50.488887,13.854419
50.490203,13.857836
50.490680,13.858369
50.490731,13.859809
50.491884,13.863919
50.493032,13.866506
50.494461,13.868588
50.494614,13.868866
50.494527,13.869014
50.492990,13.870959
50.492835,13.871436
50.492844,13.872715
50.492614,13.873665
50.492871,13.874874
50.493749,13.874346
50.494288,13.875064
50.494773,13.874811
50.495166,13.874936
50.495407,13.875579
50.495258,13.876709
50.494346,13.876090
50.492432,13.875529
50.490608,13.873779
50.490669,13.874534
50.490984,13.875488
50.489963,13.875449
50.489355,13.876442
50.488544,13.877495
50.488113,13.878433
50.486070,13.876775
50.483737,13.875811
50.483915,13.874788
50.483845,13.873052
50.484321,13.872403
50.484072,13.870794
50.484208,13.870592
50.483222,13.869165
50.482645,13.867644
50.481585,13.869338
50.480738,13.872164
50.480602,13.872366
50.480268,13.872285
50.479505,13.874552
50.474358,13.878412
50.473331,13.877435
50.471193,13.875928
50.469399,13.875581
50.468020,13.875994
50.467850,13.876901
50.467412,13.877086
50.467627,13.878133
50.467126,13.878503
50.467223,13.878965
50.465965,13.879806
50.465655,13.878909
50.464898,13.879564
50.465132,13.880422
50.464455,13.880861
50.464595,13.881882
50.463685,13.882160
50.463749,13.883241
50.464740,13.882760
50.465245,13.884495
50.463164,13.885765
50.462014,13.885699
50.462502,13.883126
50.460502,13.883793
50.460782,13.884754
50.460053,13.885318
50.460129,13.887123
50.459914,13.887257
50.459896,13.886763
50.459105,13.886956
50.457892,13.887886
50.457451,13.886848
50.457692,13.886509
50.457559,13.886055
50.457016,13.886278
50.456600,13.884821
50.458954,13.884244
50.458751,13.883522
50.457822,13.883790
50.456333,13.883601
50.456170,13.882528
50.455971,13.882445
50.454580,13.883117
50.453664,13.883922
50.453021,13.883741
50.452150,13.882573
50.452442,13.881610
50.453452,13.879958
50.453036,13.878800
50.451119,13.876447
50.449374,13.878792
50.448790,13.877972
50.449189,13.876885
50.447884,13.877509
50.446703,13.879570
50.446303,13.878494
50.444226,13.879805
50.444012,13.879939
50.443969,13.880461
50.444043,13.883517
50.443778,13.883890
50.442722,13.883276
50.442385,13.884149
50.442129,13.884136
50.442019,13.884517
50.441606,13.884468
50.440949,13.886409
50.439050,13.886399
50.438861,13.886912
50.437397,13.886404
50.437134,13.887886
50.436287,13.887666
50.435773,13.887996
50.434649,13.890285
50.433509,13.892008
50.432428,13.894458
50.430914,13.893407
50.430529,13.894647
50.429854,13.894131
50.428320,13.896797
50.427909,13.896776
50.426844,13.895865
50.425240,13.897580
50.421786,13.909254
50.425097,13.911164
50.425013,13.911837
50.426885,13.913219
50.429468,13.917186
50.430242,13.916228
50.431303,13.917780
50.431564,13.917366
50.432849,13.920261
50.433607,13.919620
50.434172,13.921213
50.435336,13.920239
50.435969,13.922770
50.433798,13.924441
50.434490,13.927911
50.433059,13.928348
50.433038,13.929405
50.432378,13.929440
50.432595,13.931695
50.432570,13.932014
50.432191,13.932042
50.432208,13.934399
50.431710,13.933815
50.431057,13.934816
50.431407,13.938917
50.431174,13.942596
50.431251,13.943134
50.432933,13.943351
50.432853,13.945048
50.433219,13.945178
50.434238,13.953780
50.435024,13.958282
50.431014,13.957549
50.430109,13.961237
50.429405,13.968306
50.428151,13.969086
50.423864,13.972752
50.423301,13.973050
50.420379,13.973479
50.418199,13.974169
50.417114,13.974612
50.415727,13.975137
50.413114,13.974473
50.413826,13.971257
50.412244,13.970348
50.411568,13.972675
50.409974,13.971939
50.409899,13.972410
50.407285,13.972032
50.407086,13.974606
50.406450,13.974508
50.406273,13.970412
50.403984,13.970600
50.403007,13.964225
50.401581,13.964418
50.401518,13.963537
50.398543,13.963183
50.395528,13.965666
50.394774,13.966646
50.394626,13.966622
50.394499,13.966125
50.392340,13.967051
50.392120,13.966433
50.391858,13.966549
50.390942,13.963302
50.389469,13.963094
50.389406,13.961815
50.388914,13.959127
50.389098,13.956386
50.387923,13.954179
50.389055,13.952858
50.388464,13.951670
50.387269,13.952905
50.386515,13.951711
50.385380,13.953004
50.384507,13.951907
50.383596,13.954442
50.383112,13.955006
50.384107,13.957921
50.383666,13.958362
50.384405,13.961264
50.384740,13.962041
50.381464,13.966017
50.379318,13.969454
50.376593,13.972609
50.375615,13.975612
50.375622,13.977372
50.375989,13.978894
50.376140,13.980735
50.375902,13.983487
50.375297,13.985896
50.374991,13.989785
50.374178,13.991615
50.373760,13.992603
50.373840,13.992983
50.374418,13.992654
50.375699,13.992452
50.376312,13.997655
50.374385,13.998527
50.373663,13.998476
50.373270,13.998152
50.370334,13.998924
50.370372,13.999143
50.368795,14.000263
50.368830,14.000454
50.367786,14.001142
50.367847,14.001313
50.367531,14.001540
50.367834,14.003162
50.367348,14.003598
50.368339,14.009070
50.368555,14.008751
50.369103,14.011952
50.369917,14.011812
50.370001,14.015017
50.369898,14.016673
50.371432,14.016358
50.371645,14.019875
50.370434,14.020146
50.370277,14.022794
50.368670,14.023096
50.368004,14.024551
50.369215,14.024792
50.370043,14.025302
50.369976,14.026155
50.370001,14.026831
50.369575,14.026742
50.369480,14.027090
50.367601,14.026402
50.367563,14.026780
50.366524,14.026742
50.366443,14.028038
50.365265,14.028174
50.365169,14.029700
50.363959,14.029786
50.364154,14.032114
50.361404,14.033523
50.361895,14.035912
50.359007,14.036614
50.358909,14.036635
50.358700,14.035831
50.358135,14.035517
50.357829,14.037033
50.355911,14.036623
50.355770,14.039650
50.356557,14.039716
50.356539,14.040316
50.355174,14.040181
50.355188,14.041327
50.353094,14.040971
50.353110,14.040159
50.352537,14.040145
50.352500,14.041629
50.352261,14.041299
50.352417,14.038738
50.351940,14.038688
50.351939,14.039866
50.351602,14.039956
50.351406,14.038012
50.351109,14.038036
50.351344,14.041404
50.349545,14.041692
50.346821,14.041306
50.346665,14.041086
50.346240,14.038825
50.345616,14.041334
50.346717,14.041457
50.346850,14.043514
50.344871,14.043714
50.344410,14.047124
50.343672,14.047090
50.343659,14.047646
50.345434,14.047690
50.345420,14.048233
50.343576,14.048232
50.343492,14.049003
50.345473,14.049016
50.345473,14.050108
50.343493,14.050209
50.343568,14.051725
50.341156,14.052362
