#GSAKname=Rychnov nad Kneznou
50.367583,16.282273
50.367592,16.282653
50.368093,16.282706
50.367697,16.284106
50.367907,16.284889
50.367951,16.285885
50.368062,16.285922
50.368681,16.287355
50.369223,16.288095
50.369408,16.288783
50.370129,16.289251
50.370080,16.289952
50.370421,16.290416
50.370413,16.290431
50.370683,16.290540
50.370615,16.291358
50.371604,16.292528
50.373603,16.292530
50.374148,16.292816
50.377087,16.295823
50.378637,16.298012
50.379924,16.298550
50.380229,16.298383
50.381173,16.298557
50.381711,16.300514
50.382582,16.301550
50.382700,16.303326
50.383200,16.304624
50.383151,16.305199
50.383369,16.305840
50.383366,16.307057
50.383673,16.308828
50.382815,16.310733
50.382088,16.313718
50.381174,16.314600
50.380663,16.317066
50.380682,16.318590
50.381032,16.320071
50.382315,16.322195
50.382474,16.326694
50.380299,16.330696
50.380134,16.334459
50.378646,16.337435
50.378252,16.340658
50.378308,16.341822
50.378424,16.342311
50.379534,16.344551
50.381108,16.348477
50.380153,16.350949
50.379238,16.352071
50.379057,16.352951
50.379054,16.353291
50.380485,16.357384
50.380219,16.359100
50.380216,16.360331
50.379753,16.361331
50.377722,16.363665
50.373836,16.365629
50.372865,16.364949
50.370798,16.364376
50.366993,16.368856
50.363049,16.366318
50.357232,16.366553
50.354608,16.363744
50.353439,16.361940
50.349942,16.362873
50.347129,16.365285
50.342533,16.375823
50.329121,16.383861
50.327450,16.386059
50.323830,16.391123
50.324083,16.392139
50.323773,16.393365
50.323277,16.393903
50.321971,16.396658
50.319741,16.399390
50.319931,16.401433
50.320497,16.404938
50.320769,16.405202
50.321088,16.405118
50.321840,16.406146
50.321748,16.406388
50.321825,16.406446
50.322524,16.406748
50.323403,16.408038
50.324819,16.409262
50.325044,16.412303
50.324861,16.413168
50.324922,16.414415
50.324688,16.415458
50.324685,16.416179
50.324882,16.416527
50.325150,16.418020
50.324707,16.418662
50.324687,16.418764
50.324901,16.420253
50.325165,16.420787
50.325107,16.421630
50.325576,16.422242
50.325467,16.423264
50.325704,16.424565
50.325663,16.426282
50.325370,16.427010
50.325664,16.428090
50.325386,16.428759
50.325479,16.430594
50.324304,16.432520
50.323939,16.432597
50.323393,16.433200
50.323218,16.433923
50.322863,16.433885
50.322519,16.434396
50.322011,16.435911
50.320452,16.438044
50.319922,16.437189
50.319812,16.437166
50.318964,16.438230
50.317666,16.438030
50.317100,16.438848
50.316494,16.438853
50.316073,16.439420
50.316071,16.440423
50.314844,16.441737
50.314541,16.442580
50.314178,16.442939
50.313263,16.444848
50.312790,16.444548
50.311961,16.445227
50.311526,16.445994
50.310962,16.446204
50.310559,16.446895
50.309290,16.447241
50.307899,16.448158
50.307316,16.448103
50.305896,16.449124
50.305329,16.448911
50.305039,16.449413
50.304709,16.450119
50.304765,16.450660
50.304451,16.452112
50.303871,16.452607
50.303047,16.454514
50.301872,16.455549
50.301316,16.455871
50.300973,16.455746
50.300404,16.456155
50.300270,16.456686
50.300228,16.456736
50.300349,16.457040
50.299206,16.459425
50.298015,16.461126
50.297732,16.461866
50.296889,16.462477
50.297186,16.463104
50.295790,16.465363
50.295120,16.465224
50.293979,16.466365
50.293025,16.465527
50.292587,16.465856
50.291569,16.467838
50.290794,16.468140
50.290291,16.468961
50.289466,16.467775
50.287882,16.466988
50.287838,16.466996
50.287715,16.467313
50.286838,16.467436
50.286027,16.468380
50.285845,16.469258
50.285328,16.470278
50.284644,16.470960
50.284541,16.471810
50.284098,16.472846
50.283473,16.473207
50.282936,16.474062
50.281118,16.475474
50.280059,16.476997
50.278097,16.478815
50.277225,16.480813
50.276224,16.481111
50.275767,16.481938
50.274932,16.481135
50.273949,16.481685
50.272573,16.481793
50.271893,16.482277
50.272062,16.483137
50.271214,16.483691
50.271431,16.486391
50.271203,16.487390
50.270495,16.487483
50.269836,16.488527
50.268703,16.489525
50.267033,16.489571
50.265709,16.490291
50.264757,16.490257
50.264419,16.490456
50.264263,16.490680
50.264091,16.491203
50.264487,16.492462
50.264286,16.493455
50.263837,16.494280
50.263211,16.495022
50.262646,16.495090
50.260362,16.497724
50.260329,16.498153
50.260503,16.499477
50.260976,16.501315
50.261313,16.503543
50.261248,16.504287
50.260828,16.505262
50.260774,16.506301
50.259842,16.507843
50.259010,16.507971
50.258552,16.508401
50.257531,16.508801
50.255921,16.507510
50.255691,16.507451
50.255500,16.507568
50.255256,16.508075
50.253380,16.508931
50.252596,16.510518
50.252220,16.513925
50.251717,16.515139
50.250455,16.515058
50.248645,16.513886
50.247478,16.513619
50.246179,16.515209
50.245731,16.516174
50.243601,16.517524
50.243060,16.518448
50.242708,16.519749
50.242597,16.519853
50.242731,16.521113
50.241818,16.521508
50.240766,16.523267
50.240190,16.523435
50.239867,16.523222
50.239782,16.523293
50.239492,16.524711
50.238507,16.527303
50.238380,16.528199
50.238156,16.529267
50.239109,16.532291
50.239169,16.533663
50.238967,16.534529
50.239268,16.535211
50.239507,16.536947
50.239362,16.537973
50.238456,16.538339
50.237477,16.538308
50.237128,16.539396
50.234118,16.541219
50.232757,16.543226
50.231631,16.544193
50.231252,16.545498
50.230446,16.545875
50.230191,16.547017
50.230005,16.547458
50.230325,16.548672
50.227714,16.550257
50.226952,16.549837
50.226784,16.549767
50.226198,16.550176
50.225466,16.550061
50.224272,16.551095
50.223569,16.551257
50.222238,16.553554
50.222152,16.553879
50.222166,16.555244
50.221141,16.556235
50.221046,16.557083
50.220643,16.557912
50.219539,16.558297
50.218417,16.557641
50.216724,16.557350
50.215027,16.554284
50.214960,16.554239
50.214099,16.554850
50.213893,16.555265
50.213854,16.555751
50.214175,16.557501
50.213892,16.558887
50.212490,16.558618
50.210180,16.559206
50.208946,16.560571
50.208320,16.561973
50.207704,16.562472
50.206234,16.561890
50.205362,16.561967
50.204080,16.560169
50.202954,16.556739
50.202926,16.556730
50.202280,16.557572
50.201477,16.557215
50.200502,16.557239
50.199426,16.557760
50.198626,16.556669
50.196904,16.555313
50.195811,16.555076
50.195625,16.555121
50.195107,16.555604
50.193855,16.556069
50.193146,16.557443
50.192570,16.557865
50.191970,16.558600
50.190519,16.558677
50.189183,16.559608
50.187695,16.559282
50.186864,16.559563
50.186310,16.559136
50.185567,16.557558
50.185519,16.557524
50.185055,16.557743
50.184748,16.558133
50.184630,16.558519
50.184691,16.559523
50.184507,16.560892
50.182589,16.562315
50.180696,16.564086
50.180028,16.564495
50.178704,16.564438
50.177890,16.563393
50.177348,16.563019
50.176562,16.562378
50.175605,16.562019
50.174583,16.560714
50.173770,16.558922
50.173714,16.558889
50.172448,16.559146
50.170795,16.558525
50.170704,16.558526
50.169745,16.559294
50.167808,16.561086
50.165551,16.561651
50.164527,16.561500
50.163829,16.561985
50.163520,16.562614
50.163674,16.564165
50.162393,16.566028
50.161066,16.568533
50.159882,16.571901
50.158750,16.576948
50.158084,16.578679
50.156733,16.579794
50.156103,16.578535
50.155729,16.578359
50.155434,16.579451
50.154613,16.581292
50.154504,16.582324
50.153941,16.583714
50.152355,16.586262
50.151468,16.585989
50.151034,16.585471
50.150483,16.584438
50.149893,16.582722
50.148932,16.582293
50.148466,16.581190
50.148288,16.581234
50.147844,16.581605
50.147306,16.583229
50.146340,16.584940
50.145653,16.585464
50.144760,16.584714
50.144053,16.583525
50.143226,16.581005
50.142976,16.580920
50.142459,16.579994
50.142064,16.579639
50.142072,16.578596
50.140537,16.575253
50.140323,16.575163
50.139842,16.575652
50.139695,16.575367
50.139813,16.574728
50.141162,16.571771
50.138612,16.569430
50.147076,16.546917
50.147182,16.546618
50.147923,16.546225
50.148093,16.545943
50.150172,16.540115
50.147467,16.535058
50.148626,16.535987
50.148677,16.533740
50.148913,16.532588
50.150354,16.531471
50.151781,16.527063
50.152184,16.527135
50.152323,16.526534
50.153052,16.526621
50.153022,16.526190
50.151712,16.526342
50.151556,16.524638
50.151277,16.523742
50.151496,16.522874
50.151748,16.522606
50.159565,16.520714
50.164932,16.505708
50.164158,16.505122
50.163439,16.503118
50.164105,16.502174
50.165480,16.501025
50.165980,16.498109
50.166942,16.497382
50.167647,16.496473
50.167203,16.494155
50.167104,16.491581
50.166850,16.489527
50.164697,16.482207
50.164368,16.481643
50.164296,16.481008
50.163207,16.478773
50.162966,16.478941
50.162724,16.478968
50.162209,16.478465
50.161433,16.478105
50.161055,16.478268
50.160249,16.479152
50.158292,16.478458
50.157640,16.478697
50.156913,16.479299
50.155980,16.478375
50.154046,16.479043
50.152830,16.477703
50.151581,16.477818
50.150617,16.478250
50.149247,16.477555
50.146395,16.478015
50.145842,16.477743
50.145169,16.476929
50.144419,16.477184
50.143417,16.476455
50.141799,16.476464
50.141289,16.475904
50.140524,16.475697
50.140097,16.475291
50.139768,16.475362
50.139497,16.474606
50.138689,16.474307
50.136920,16.472302
50.136349,16.467812
50.135373,16.466924
50.134389,16.465291
50.134342,16.463217
50.134551,16.462590
50.133999,16.461826
50.132656,16.458820
50.132650,16.457202
50.132337,16.456356
50.131960,16.456392
50.131987,16.455374
50.131707,16.454353
50.129979,16.453326
50.129315,16.453145
50.128176,16.451623
50.128831,16.450779
50.128136,16.449266
50.128033,16.448327
50.128360,16.443248
50.128043,16.441445
50.127977,16.439881
50.128399,16.436263
50.128469,16.436110
50.129218,16.436460
50.130441,16.436362
50.130808,16.435933
50.130691,16.434912
50.129029,16.434945
50.127685,16.434359
50.127290,16.433892
50.127543,16.431851
50.125581,16.431358
50.125042,16.427202
50.125498,16.425984
50.126425,16.424769
50.126062,16.422848
50.123401,16.427667
50.123638,16.430482
50.121715,16.431431
50.121357,16.429959
50.120631,16.430436
50.120410,16.428715
50.119155,16.425062
50.120116,16.423434
50.122487,16.418623
50.120719,16.416774
50.119986,16.415508
50.120831,16.413519
50.120719,16.413342
50.120131,16.412458
50.120060,16.412597
50.119677,16.412311
50.119161,16.413061
50.117967,16.411157
50.117738,16.409719
50.117976,16.408482
50.117925,16.407394
50.116720,16.407742
50.116829,16.408131
50.116611,16.408113
50.115320,16.409165
50.114933,16.409077
50.114586,16.408391
50.115480,16.402906
50.115648,16.402989
50.116179,16.401800
50.116649,16.401410
50.116424,16.399015
50.116587,16.398002
50.116927,16.396945
50.117941,16.394927
50.118285,16.394544
50.118313,16.394047
50.114433,16.392536
50.113768,16.392088
50.108002,16.386472
50.105076,16.381211
50.102636,16.377709
50.100766,16.374193
50.100596,16.372956
50.100603,16.371661
50.101304,16.366674
50.101384,16.360219
50.101142,16.355957
50.100489,16.351513
50.098855,16.352570
50.097239,16.352864
50.097182,16.353212
50.097012,16.351090
50.095846,16.348339
50.095663,16.346416
50.095436,16.345893
50.094415,16.344903
50.093410,16.343516
50.092792,16.342456
50.092446,16.341040
50.092016,16.340481
50.090295,16.339065
50.089231,16.338856
50.087648,16.338863
50.085768,16.339893
50.084056,16.342257
50.084814,16.344108
50.083014,16.345882
50.081295,16.346630
50.079744,16.348713
50.078213,16.353097
50.078013,16.356618
50.077766,16.357209
50.077548,16.357317
50.076909,16.355473
50.076305,16.352612
50.074465,16.347140
50.073736,16.345931
50.072292,16.344972
50.072099,16.344556
50.071998,16.344025
50.072522,16.341882
50.072557,16.340977
50.071563,16.338731
50.070799,16.336278
50.067401,16.334816
50.066793,16.334289
50.066425,16.333580
50.066344,16.332582
50.066634,16.331702
50.068114,16.330391
50.069264,16.329910
50.069628,16.329566
50.070097,16.328655
50.069754,16.328166
50.070140,16.326750
50.070195,16.325869
50.069855,16.323792
50.069578,16.323587
50.068905,16.324547
50.068787,16.324413
50.068261,16.325024
50.067860,16.323098
50.067736,16.321377
50.067871,16.320735
50.067805,16.319327
50.068093,16.316536
50.066639,16.316199
50.065390,16.316444
50.062683,16.318798
50.061569,16.316392
50.060990,16.316521
50.060720,16.315908
50.061056,16.315554
50.061963,16.312572
50.060847,16.312288
50.060257,16.312377
50.059963,16.313693
50.059351,16.314867
50.058786,16.315443
50.058493,16.316141
50.057261,16.316875
50.057121,16.320960
50.055889,16.321807
50.054990,16.323143
50.054498,16.324606
50.054163,16.324734
50.053721,16.324376
50.053311,16.324587
50.051835,16.326699
50.049815,16.328412
50.048373,16.330503
50.047025,16.330878
50.045758,16.331632
50.044585,16.331920
50.043751,16.331769
50.042801,16.332145
50.040770,16.332343
50.040720,16.332647
50.040207,16.332680
50.040174,16.329834
50.041230,16.328555
50.041415,16.328101
50.041697,16.325734
50.041885,16.325463
50.042202,16.323708
50.042240,16.322732
50.042942,16.320798
50.042983,16.317855
50.043680,16.315851
50.044466,16.314829
50.042872,16.310794
50.044106,16.305831
50.044387,16.305332
50.044936,16.305293
50.045187,16.308017
50.045405,16.308161
50.045370,16.307549
50.045518,16.307214
50.045613,16.305905
50.045192,16.304461
50.045306,16.304034
50.044853,16.303523
50.044905,16.303120
50.045345,16.301822
50.046040,16.301040
50.046728,16.299796
50.046919,16.299932
50.046961,16.300262
50.046692,16.301432
50.046911,16.301450
50.047259,16.300884
50.047699,16.299332
50.047846,16.296988
50.047752,16.295684
50.047899,16.295223
50.048320,16.295163
50.048559,16.294209
50.048976,16.293475
50.048215,16.292203
50.050238,16.288155
50.050840,16.285731
50.051437,16.280850
50.051004,16.280996
50.050588,16.282614
50.049435,16.284937
50.049397,16.284662
50.049677,16.283785
50.048184,16.282654
50.048924,16.280375
50.048096,16.279944
50.047183,16.282956
50.046607,16.282986
50.046216,16.282591
50.046217,16.282225
50.047039,16.281084
50.046957,16.280705
50.046492,16.280407
50.047029,16.279329
50.047156,16.277326
50.047466,16.277117
50.047837,16.277362
50.047972,16.277099
50.048091,16.273257
50.047922,16.272921
50.047617,16.272834
50.046961,16.273019
50.045964,16.272744
50.045615,16.269798
50.045840,16.267918
50.045508,16.265082
50.045455,16.262239
50.044272,16.259032
50.043712,16.255800
50.043030,16.254262
50.042792,16.250988
50.042856,16.249375
50.042607,16.247691
50.045809,16.247551
50.047764,16.246575
50.047842,16.245157
50.048646,16.245381
50.049958,16.246134
50.051271,16.248012
50.051706,16.248273
50.051732,16.248634
50.051348,16.249699
50.052050,16.251388
50.053095,16.251079
50.053827,16.250191
50.054821,16.248429
50.055451,16.246646
50.054401,16.244765
50.054504,16.243327
50.055237,16.243199
50.055706,16.242189
50.054741,16.240742
50.053183,16.242955
50.052359,16.243198
50.051572,16.242943
50.050840,16.241961
50.049866,16.241387
50.047675,16.241238
50.046960,16.238750
50.045544,16.235458
50.044838,16.233095
50.044828,16.231958
50.044381,16.230421
50.043548,16.230666
50.042573,16.230205
50.043636,16.228768
50.045266,16.227048
50.046170,16.225048
50.046371,16.223341
50.045891,16.223580
50.045574,16.220474
50.045209,16.219316
50.044908,16.219046
50.044053,16.219098
50.044118,16.218005
50.044968,16.214778
50.044084,16.210353
50.043569,16.209629
50.041757,16.208234
50.041029,16.207435
50.040198,16.206204
50.039869,16.204927
50.040037,16.201905
50.040844,16.199079
50.040807,16.198454
50.040396,16.198034
50.038441,16.197522
50.038527,16.196720
50.038718,16.195619
50.039252,16.194766
50.040486,16.193944
50.041455,16.193703
50.042968,16.192621
50.042852,16.192023
50.043086,16.191757
50.044969,16.190413
50.045574,16.189407
50.046307,16.190388
50.047204,16.190285
50.048017,16.189889
50.047626,16.188384
50.049122,16.186574
50.050052,16.187168
50.050255,16.185741
50.051023,16.183371
50.050945,16.182064
50.051140,16.181636
50.051131,16.180766
50.051458,16.180413
50.051697,16.180961
50.052167,16.180710
50.055308,16.177639
50.059181,16.175042
50.059737,16.173861
50.059626,16.173347
50.059760,16.172086
50.059648,16.171052
50.059954,16.169676
50.061533,16.168132
50.060572,16.167852
50.059751,16.166775
50.059424,16.165033
50.061430,16.163525
50.061214,16.163043
50.061618,16.162255
50.061561,16.161365
50.061313,16.160945
50.060911,16.160764
50.060017,16.160796
50.060133,16.160396
50.060750,16.160300
50.060776,16.159916
50.060521,16.159399
50.060481,16.158731
50.060104,16.158897
50.060292,16.158245
50.059689,16.157312
50.060068,16.156682
50.060189,16.155747
50.060793,16.155584
50.061350,16.155162
50.062774,16.153236
50.063826,16.152276
50.065064,16.150778
50.065978,16.150039
50.067422,16.147407
50.067453,16.146473
50.065395,16.143226
50.064463,16.143476
50.063998,16.144036
50.062756,16.142528
50.062832,16.141966
50.063007,16.140529
50.063481,16.140093
50.063939,16.139183
50.063264,16.139359
50.062895,16.139143
50.063307,16.138100
50.064406,16.136429
50.067477,16.130582
50.069140,16.127854
50.070623,16.126732
50.073152,16.125551
50.073479,16.124959
50.073712,16.125170
50.077005,16.123811
50.078446,16.122612
50.080043,16.120344
50.084637,16.111706
50.084301,16.110346
50.083640,16.109240
50.084251,16.105263
50.083963,16.104428
50.082774,16.102292
50.082793,16.101937
50.083675,16.099065
50.083782,16.097569
50.083606,16.093972
50.083728,16.093289
50.084183,16.092476
50.086135,16.090355
50.086697,16.087920
50.086439,16.086391
50.086347,16.084297
50.086815,16.081935
50.086717,16.081347
50.085841,16.079901
50.085654,16.078725
50.086254,16.078392
50.086647,16.075030
50.088876,16.072985
50.089646,16.072271
50.091992,16.071442
50.092726,16.071339
50.094294,16.071733
50.096590,16.071448
50.098822,16.070063
50.100115,16.069550
50.100919,16.069659
50.101181,16.069162
50.101927,16.068480
50.103029,16.067846
50.104070,16.067603
50.105993,16.066202
50.107590,16.065649
50.108321,16.064884
50.109899,16.063954
50.111021,16.063710
50.112241,16.063928
50.112549,16.063802
50.112745,16.063401
50.112549,16.061733
50.112179,16.060899
50.112102,16.059365
50.111668,16.056811
50.112449,16.056727
50.112711,16.056483
50.112997,16.055460
50.113077,16.054461
50.112952,16.053878
50.111625,16.051484
50.112471,16.050333
50.112609,16.009661
50.118412,16.009190
50.134924,16.009234
50.146033,16.009396
50.146155,15.997571
50.146146,15.992122
50.157327,15.992167
50.176996,15.992423
50.177538,15.992522
50.177918,15.993130
50.177466,15.995312
50.177054,15.995979
50.176005,15.996958
50.175913,15.997552
50.176251,15.998435
50.175711,15.999576
50.176135,16.000528
50.176835,16.001050
50.176991,16.002050
50.176545,16.002864
50.176626,16.003216
50.177230,16.003557
50.177394,16.004289
50.176599,16.004926
50.176039,16.003604
50.176118,16.002716
50.176001,16.002244
50.175547,16.002594
50.175314,16.002495
50.174895,16.001739
50.174518,16.001779
50.174262,16.001981
50.174260,16.002559
50.174415,16.002939
50.175051,16.003459
50.175873,16.005255
50.175075,16.008034
50.174735,16.008321
50.174199,16.008179
50.171781,16.006699
50.171559,16.006881
50.171509,16.007298
50.171943,16.008629
50.172597,16.009638
50.172590,16.011725
50.173073,16.012977
50.173857,16.013793
50.173976,16.014293
50.173842,16.014684
50.173701,16.014850
50.173314,16.014765
50.172708,16.013916
50.172389,16.013889
50.172146,16.014990
50.171684,16.015355
50.171724,16.016250
50.171548,16.016451
50.170331,16.014571
50.169139,16.014124
50.170378,16.017015
50.171651,16.018927
50.172743,16.020209
50.173159,16.019852
50.173563,16.019807
50.174166,16.018783
50.174255,16.016822
50.174672,16.014886
50.175029,16.014582
50.175758,16.014647
50.175889,16.014215
50.175850,16.012714
50.176681,16.011366
50.177551,16.010532
50.177713,16.010757
50.178228,16.010508
50.178891,16.010530
50.181065,16.008614
50.181554,16.008498
50.182573,16.008694
50.182372,16.008054
50.183613,16.006490
50.184427,16.006850
50.184616,16.007324
50.185906,16.008232
50.186391,16.009272
50.187185,16.009368
50.187910,16.008039
50.188407,16.007540
50.188575,16.007735
50.190586,16.005821
50.190444,16.006579
50.190095,16.006995
50.189107,16.009415
50.198025,16.015162
50.196559,16.019657
50.198713,16.020269
50.198746,16.021433
50.199344,16.021452
50.198673,16.027269
50.198413,16.032054
50.197790,16.035606
50.197547,16.040613
50.197007,16.044559
50.196920,16.046676
50.196573,16.048825
50.196518,16.051753
50.205640,16.059558
50.206445,16.056495
50.209422,16.057341
50.209798,16.056187
50.210796,16.055006
50.212091,16.054886
50.212360,16.054612
50.212716,16.056974
50.213440,16.057097
50.214203,16.057863
50.214333,16.058516
50.214487,16.058644
50.213964,16.059767
50.215575,16.062087
50.214837,16.063616
50.216333,16.065363
50.217097,16.065043
50.217497,16.066297
50.218337,16.066766
50.218736,16.066046
50.219054,16.066426
50.219242,16.066392
50.220835,16.064074
50.221321,16.063790
50.223161,16.063473
50.223551,16.064094
50.224829,16.063257
50.225616,16.063990
50.226321,16.063610
50.227496,16.063596
50.227876,16.062977
50.228177,16.063501
50.228721,16.062896
50.228478,16.060837
50.227369,16.059669
50.227381,16.059102
50.228965,16.058493
50.229271,16.057859
50.229656,16.058777
50.230678,16.058043
50.231093,16.057051
50.230646,16.054677
50.231074,16.054219
50.230925,16.053808
50.231223,16.053303
50.231172,16.052861
50.230641,16.052900
50.229942,16.050924
50.229869,16.049809
50.230331,16.047990
50.230273,16.046956
50.230377,16.046416
50.230593,16.046391
50.231062,16.046617
50.231161,16.047460
50.231687,16.047844
50.233475,16.047663
50.233960,16.047251
50.234344,16.046208
50.234483,16.046254
50.234918,16.044793
50.235095,16.049375
50.236128,16.049513
50.236375,16.047846
50.236853,16.048070
50.236406,16.046190
50.237604,16.045621
50.237905,16.045044
50.238411,16.045645
50.238930,16.045071
50.240745,16.044292
50.240635,16.044143
50.241064,16.042485
50.241452,16.042599
50.241194,16.041192
50.240696,16.035947
50.241448,16.034852
50.242113,16.034675
50.243541,16.033910
50.243778,16.032230
50.245233,16.032574
50.245503,16.031452
50.245983,16.031704
50.246781,16.030502
50.247382,16.030435
50.248873,16.030886
50.250099,16.027898
50.250331,16.028096
50.251203,16.025087
50.251503,16.023650
50.252028,16.019264
50.252222,16.020047
50.254390,16.019754
50.255899,16.019961
50.258960,16.020847
50.260823,16.020341
50.261769,16.020763
50.264072,16.009503
50.265997,16.002899
50.267484,16.004154
50.266918,16.003000
50.266718,16.001766
50.266691,16.000796
50.267190,15.997176
50.267208,15.996198
50.271135,15.989879
50.273020,15.987842
50.278168,15.987458
50.282804,15.990274
50.284274,15.987775
50.285902,15.983750
50.287040,15.980210
50.287201,15.979093
50.288294,15.979176
50.288436,15.977201
50.289340,15.977672
50.291338,15.976546
50.295720,15.976328
50.297500,15.976654
50.297903,15.976468
50.298195,15.975779
50.298361,15.974123
50.298618,15.973568
50.299291,15.973361
50.299550,15.972098
50.301550,15.971861
50.301937,15.970618
50.302399,15.970378
50.302999,15.973081
50.303123,15.974740
50.302951,15.982134
50.303096,15.984934
50.303031,15.987701
50.302450,15.997274
50.302543,15.999377
50.302801,16.001266
50.302804,16.004459
50.299850,16.009644
50.298453,16.011183
50.300523,16.010059
50.301658,16.009980
50.302804,16.010309
50.303199,16.012329
50.302780,16.016799
50.302570,16.017388
50.305471,16.019887
50.305805,16.019869
50.306587,16.019318
50.307726,16.019055
50.311149,16.019565
50.313474,16.021024
50.315563,16.023430
50.317271,16.024492
50.318079,16.024770
50.316854,16.027536
50.315571,16.031471
50.313442,16.039134
50.313088,16.042420
50.313311,16.046168
50.313509,16.047616
50.314014,16.049178
50.313150,16.052175
50.312199,16.053633
50.305838,16.054625
50.304158,16.055041
50.301263,16.056156
50.301008,16.053560
50.299226,16.054305
50.299389,16.056028
50.298865,16.055670
50.298404,16.055668
50.297912,16.056237
50.297295,16.056094
50.296965,16.056408
50.296256,16.056607
50.295898,16.056304
50.295121,16.056924
50.291970,16.060939
50.290321,16.067409
50.290927,16.069489
50.291048,16.069778
50.292422,16.070605
50.292500,16.071170
50.292347,16.071805
50.292545,16.072518
50.295145,16.074889
50.295545,16.074549
50.295626,16.075523
50.296014,16.075510
50.296150,16.076361
50.296534,16.077154
50.297047,16.076991
50.297029,16.076260
50.297708,16.076138
50.298125,16.076275
50.298475,16.075986
50.299172,16.076609
50.299346,16.076507
50.299866,16.076809
50.299765,16.077774
50.300105,16.077967
50.300269,16.077613
50.300699,16.077677
50.300710,16.078070
50.300461,16.078623
50.300733,16.078631
50.300902,16.079194
50.301310,16.079573
50.301840,16.079774
50.301142,16.081468
50.301573,16.082168
50.301426,16.082378
50.301399,16.083117
50.301652,16.082987
50.301947,16.083923
50.301093,16.084613
50.301326,16.084699
50.301331,16.085136
50.301595,16.085413
50.301797,16.085080
50.302291,16.085147
50.302108,16.085618
50.302088,16.086455
50.301654,16.086702
50.301230,16.086595
50.300717,16.087733
50.300789,16.088341
50.301252,16.089600
50.300917,16.091681
50.300178,16.092704
50.299928,16.094839
50.300612,16.098234
50.299974,16.098165
50.299062,16.102496
50.298820,16.104249
50.299641,16.105571
50.299175,16.105754
50.298903,16.106240
50.299364,16.106723
50.299236,16.107579
50.299039,16.107600
50.298739,16.108078
50.298073,16.108367
50.298348,16.109646
50.298139,16.109881
50.298313,16.110895
50.297845,16.111049
50.297904,16.112593
50.298077,16.113226
50.298681,16.113810
50.298758,16.114121
50.298398,16.115132
50.298515,16.115619
50.298190,16.116002
50.298462,16.116872
50.299061,16.117881
50.298953,16.119355
50.299300,16.120635
50.299945,16.121664
50.300517,16.121562
50.300942,16.121924
50.301382,16.123243
50.302527,16.124296
50.303278,16.126013
50.303446,16.127197
50.304021,16.128126
50.304351,16.128307
50.306155,16.127985
50.309182,16.129153
50.310438,16.129253
50.311762,16.128805
50.313080,16.128767
50.315467,16.125768
50.315467,16.125033
50.315642,16.124578
50.317261,16.123087
50.318317,16.122686
50.320755,16.129641
50.321466,16.135153
50.322251,16.134759
50.324577,16.138583
50.324793,16.139562
50.325957,16.142110
50.326711,16.144746
50.328205,16.147363
50.328566,16.148839
50.327803,16.150530
50.326476,16.152053
50.326811,16.152799
50.325756,16.153835
50.324773,16.155989
50.324103,16.156730
50.323900,16.157417
50.323911,16.159676
50.323663,16.161982
50.324007,16.162231
50.324112,16.162679
50.324485,16.162825
50.325006,16.165997
50.325784,16.169222
50.327268,16.172816
50.328178,16.175495
50.329742,16.177097
50.331334,16.178453
50.334407,16.181879
50.335185,16.182504
50.337377,16.183160
50.339127,16.183217
50.338843,16.183904
50.338193,16.184302
50.338038,16.184782
50.338234,16.185482
50.338981,16.186056
50.339448,16.187005
50.339066,16.188840
50.338855,16.188920
50.339040,16.190343
50.339194,16.190839
50.339147,16.191809
50.338735,16.192122
50.338657,16.192546
50.338230,16.192763
50.338220,16.193005
50.337607,16.193284
50.337444,16.193030
50.337036,16.193512
50.336896,16.194824
50.336504,16.195289
50.336228,16.195225
50.335228,16.196774
50.334828,16.198244
50.336147,16.201332
50.336424,16.202894
50.337228,16.204123
50.337213,16.204790
50.338356,16.206581
50.338717,16.207435
50.338121,16.208078
50.337212,16.209893
50.337012,16.211243
50.337495,16.211045
50.339453,16.212097
50.340553,16.217034
50.340553,16.218151
50.341673,16.217882
50.343317,16.217096
50.346807,16.214188
50.347398,16.215228
50.347996,16.217483
50.349157,16.217037
50.350579,16.216050
50.350647,16.216872
50.350896,16.217550
50.350700,16.218348
50.351025,16.220581
50.351312,16.221548
50.352425,16.221676
50.354720,16.222755
50.358617,16.225219
50.359827,16.226447
50.359933,16.228026
50.359501,16.228188
50.358929,16.229279
50.359110,16.231538
50.359040,16.232187
50.358838,16.232533
50.358438,16.232746
50.358247,16.232610
50.357121,16.230673
50.356175,16.232113
50.354996,16.233198
50.354870,16.233829
50.355344,16.234254
50.355530,16.235579
50.355272,16.236388
50.354232,16.237887
50.352928,16.238753
50.352322,16.239497
50.350650,16.237643
50.350238,16.237461
50.349413,16.238809
50.349018,16.240222
50.347349,16.240672
50.347485,16.242175
50.347921,16.242946
50.347968,16.244097
50.348441,16.245131
50.348419,16.245460
50.348365,16.245837
50.347779,16.246874
50.346641,16.248149
50.346515,16.249034
50.346200,16.249428
50.346193,16.249712
50.346494,16.251243
50.346890,16.252219
50.347950,16.253870
50.348369,16.255535
50.348304,16.256268
50.346728,16.256616
50.347135,16.259118
50.346940,16.260933
50.347133,16.261606
50.347430,16.261964
50.347442,16.262372
50.347567,16.262350
50.347547,16.263456
50.349356,16.264707
50.352431,16.268831
50.354218,16.270793
50.353267,16.271908
50.353295,16.272299
50.353062,16.273075
50.353986,16.272460
50.356426,16.274689
50.357320,16.275295
50.357270,16.276110
50.356655,16.277873
50.357598,16.281426
50.358535,16.283637
50.358686,16.283214
50.359895,16.283426
50.360717,16.285417
50.361748,16.283284
50.363711,16.281511
50.364696,16.279867
50.366969,16.281405
50.367583,16.282273
