#GSAKname=Trutnov
50.779832,15.535093
50.780604,15.539086
50.780901,15.545370
50.780824,15.546356
50.780229,15.550242
50.779297,15.554692
50.777313,15.558659
50.777141,15.559477
50.776677,15.564137
50.778006,15.572650
50.779415,15.578691
50.779441,15.579614
50.779096,15.579952
50.779039,15.580163
50.779137,15.581072
50.778927,15.581527
50.779179,15.584192
50.778975,15.587187
50.778635,15.588409
50.777628,15.590731
50.777391,15.591890
50.777240,15.594618
50.777459,15.595704
50.777452,15.598190
50.777167,15.601658
50.777289,15.602306
50.776403,15.605032
50.775966,15.607458
50.775089,15.609596
50.774226,15.613088
50.773024,15.616417
50.772437,15.617258
50.769707,15.619436
50.766234,15.621600
50.765725,15.622282
50.765288,15.625778
50.764708,15.628130
50.764442,15.628681
50.762845,15.635938
50.761270,15.641835
50.761375,15.644626
50.761113,15.646989
50.760028,15.648780
50.759993,15.651513
50.760420,15.656970
50.760303,15.659690
50.759186,15.663543
50.758722,15.663988
50.757991,15.665440
50.757093,15.667781
50.756573,15.670577
50.756041,15.675331
50.754822,15.680829
50.753396,15.683369
50.752671,15.684306
50.750416,15.685847
50.749713,15.686594
50.744711,15.689270
50.743029,15.689404
50.742083,15.691252
50.741256,15.693692
50.740324,15.695595
50.739225,15.699584
50.737684,15.705739
50.738185,15.711950
50.737781,15.714138
50.739786,15.720735
50.740109,15.723670
50.739736,15.726137
50.739711,15.727954
50.739408,15.729566
50.737626,15.732442
50.736598,15.734875
50.736716,15.735481
50.736758,15.737213
50.736610,15.739566
50.737301,15.740320
50.737529,15.741176
50.738809,15.743360
50.740346,15.747036
50.740700,15.748239
50.740879,15.750117
50.743261,15.757058
50.744204,15.761260
50.744129,15.767081
50.743530,15.768863
50.743197,15.769367
50.743086,15.771243
50.742753,15.773060
50.742889,15.775217
50.742784,15.778504
50.742904,15.779608
50.746833,15.788244
50.748665,15.789484
50.751212,15.790133
50.753126,15.791015
50.753347,15.794912
50.752992,15.798603
50.753015,15.799383
50.754034,15.805342
50.755475,15.810166
50.755761,15.812881
50.755818,15.816408
50.754871,15.817656
50.750507,15.820041
50.749808,15.820614
50.747008,15.824433
50.744177,15.829870
50.743602,15.830048
50.743558,15.831397
50.743062,15.832617
50.741726,15.832310
50.741180,15.831913
50.738821,15.831954
50.738399,15.831519
50.737485,15.831162
50.735291,15.831115
50.734085,15.831326
50.733357,15.831747
50.732752,15.832616
50.731423,15.832394
50.730807,15.832024
50.730067,15.832418
50.728700,15.830962
50.727966,15.830843
50.727681,15.830896
50.726786,15.832118
50.726210,15.832040
50.724622,15.830668
50.724484,15.830751
50.724377,15.831384
50.723565,15.832619
50.722717,15.832778
50.722435,15.833001
50.722502,15.833531
50.722278,15.834157
50.721766,15.834695
50.720627,15.835078
50.719506,15.837383
50.718683,15.837993
50.717962,15.839724
50.717290,15.839935
50.716834,15.840362
50.715473,15.840801
50.715208,15.841735
50.712929,15.843442
50.712545,15.844127
50.711886,15.845946
50.711002,15.846838
50.710276,15.846816
50.709589,15.847913
50.709510,15.848185
50.709474,15.850230
50.708204,15.851763
50.706965,15.852379
50.705636,15.852042
50.703665,15.852551
50.700765,15.853704
50.700110,15.855236
50.699387,15.855727
50.697497,15.857803
50.696011,15.858379
50.694072,15.858355
50.692159,15.859280
50.690043,15.860158
50.689148,15.859926
50.688689,15.860324
50.687584,15.860558
50.685599,15.862323
50.684726,15.862628
50.683254,15.862560
50.682308,15.863576
50.680919,15.864133
50.679619,15.863805
50.674920,15.861616
50.674866,15.861626
50.674139,15.868953
50.673460,15.871359
50.673061,15.872074
50.672943,15.873278
50.672292,15.875464
50.672352,15.877105
50.671732,15.879954
50.671533,15.881771
50.671566,15.883773
50.671672,15.884224
50.672029,15.884400
50.673134,15.883924
50.674482,15.884401
50.675762,15.884462
50.675999,15.887509
50.676627,15.890940
50.678120,15.896745
50.678867,15.900937
50.680916,15.908136
50.681770,15.909631
50.682255,15.910923
50.682758,15.914747
50.683098,15.916152
50.683520,15.917085
50.685360,15.919551
50.684544,15.920372
50.683896,15.921887
50.682683,15.923949
50.681237,15.925911
50.681214,15.926100
50.681348,15.926802
50.681557,15.927304
50.683126,15.929294
50.685457,15.929847
50.685764,15.930318
50.686621,15.930886
50.687291,15.933811
50.687344,15.934642
50.687135,15.935364
50.687450,15.942286
50.687947,15.943007
50.689175,15.946015
50.689815,15.948290
50.690537,15.949724
50.691167,15.952728
50.691251,15.954109
50.691842,15.955368
50.692071,15.959301
50.692389,15.961636
50.692213,15.967324
50.691161,15.970352
50.687794,15.981839
50.686998,15.983680
50.686660,15.984981
50.685476,15.987691
50.685323,15.988801
50.684956,15.989595
50.684296,15.990328
50.683828,15.991354
50.683138,15.991936
50.681509,15.991437
50.680012,15.990401
50.678950,15.990239
50.678529,15.990302
50.676355,15.991611
50.675116,15.993462
50.673969,15.993985
50.673837,15.994151
50.673499,15.995210
50.673319,15.998290
50.672966,15.999266
50.672441,15.999633
50.670603,15.998887
50.668660,15.998673
50.666648,15.999866
50.665881,16.000989
50.664557,16.001203
50.663259,16.001027
50.662082,16.001997
50.660662,16.002626
50.659731,16.003608
50.658775,16.004765
50.657520,16.005293
50.655910,16.004933
50.655034,16.004096
50.653012,16.004409
50.651602,16.004069
50.650899,16.004354
50.650028,16.005182
50.648543,16.005780
50.647708,16.004880
50.646751,16.003318
50.645995,16.003015
50.645071,16.001647
50.644153,16.002939
50.643581,16.004637
50.642814,16.006015
50.640233,16.007327
50.639533,16.007895
50.637738,16.007611
50.636864,16.007785
50.636322,16.007927
50.635643,16.008904
50.634935,16.009119
50.634838,16.009265
50.634301,16.013034
50.634321,16.014154
50.633843,16.016390
50.631225,16.021505
50.629890,16.023029
50.629070,16.018057
50.628096,16.015147
50.626463,16.012401
50.624624,16.008568
50.622389,15.998777
50.621436,15.996903
50.619436,15.993840
50.618676,15.992372
50.615951,15.989300
50.615350,15.988272
50.614937,15.987338
50.614639,15.987108
50.613735,15.987117
50.612838,15.987836
50.611542,15.989523
50.610549,15.991753
50.610177,15.992717
50.609283,15.997033
50.608588,15.998639
50.608337,15.999780
50.608191,16.001840
50.607556,16.002681
50.607150,16.003551
50.606231,16.007032
50.605392,16.008664
50.605360,16.008713
50.605473,16.008905
50.606220,16.009338
50.607253,16.010586
50.607183,16.012333
50.606661,16.013836
50.606376,16.014884
50.606758,16.015269
50.606242,16.016615
50.605393,16.016641
50.602785,16.017600
50.601457,16.019349
50.600570,16.020207
50.600243,16.022513
50.599299,16.024690
50.599769,16.025287
50.604095,16.028850
50.614729,16.042516
50.612993,16.048320
50.612432,16.051153
50.612313,16.052611
50.611244,16.053459
50.610353,16.055853
50.609729,16.056108
50.608998,16.055644
50.607201,16.056439
50.606209,16.057216
50.605123,16.056105
50.603100,16.055662
50.599487,16.056488
50.598053,16.057416
50.597352,16.058226
50.596167,16.058597
50.593686,16.058336
50.592470,16.057917
50.591726,16.058137
50.592749,16.061093
50.592916,16.062143
50.592864,16.063901
50.593388,16.065853
50.593761,16.068472
50.593793,16.071991
50.594863,16.071528
50.595846,16.070625
50.597826,16.067522
50.600125,16.066040
50.602373,16.063883
50.603450,16.064371
50.604975,16.065431
50.605533,16.066368
50.606134,16.066799
50.607675,16.065851
50.608189,16.065204
50.608726,16.065007
50.611148,16.065450
50.611441,16.071667
50.612957,16.073953
50.613497,16.075277
50.613614,16.075639
50.613179,16.077240
50.611002,16.080492
50.609953,16.081620
50.609731,16.082784
50.609978,16.085782
50.610276,16.087264
50.610869,16.088195
50.611084,16.089891
50.610747,16.090861
50.611089,16.092691
50.611359,16.093282
50.609504,16.095011
50.608761,16.095984
50.608487,16.096943
50.608061,16.097674
50.606631,16.099155
50.605658,16.102188
50.604963,16.105555
50.604030,16.107515
50.603722,16.108751
50.603683,16.111189
50.603901,16.113566
50.605747,16.116162
50.606248,16.117707
50.605689,16.118718
50.605062,16.118930
50.604314,16.117984
50.603854,16.117754
50.603400,16.117850
50.602284,16.119430
50.602560,16.120603
50.602038,16.121380
50.600824,16.120745
50.599943,16.120819
50.598499,16.119757
50.597913,16.118171
50.597868,16.116686
50.597686,16.115923
50.597756,16.115398
50.597540,16.114542
50.595628,16.115000
50.595102,16.114612
50.593209,16.115706
50.591296,16.115766
50.590991,16.116304
50.590723,16.117461
50.590811,16.118298
50.590586,16.119689
50.589328,16.118196
50.588999,16.118511
50.588087,16.117794
50.587137,16.118292
50.586397,16.117828
50.585996,16.117914
50.585347,16.117321
50.584789,16.117364
50.583976,16.117013
50.581591,16.115070
50.579637,16.112850
50.578965,16.115415
50.577777,16.117860
50.576183,16.118701
50.575307,16.118858
50.574825,16.119556
50.573906,16.120233
50.573041,16.121653
50.572707,16.122893
50.572661,16.124378
50.573038,16.126442
50.573911,16.128615
50.573403,16.129345
50.572427,16.128242
50.571869,16.126922
50.571266,16.123976
50.570987,16.127975
50.570541,16.127558
50.569978,16.131879
50.570252,16.132654
50.570643,16.132313
50.572099,16.132052
50.572051,16.132643
50.571540,16.132578
50.570816,16.133575
50.569707,16.134499
50.567120,16.130901
50.565712,16.131566
50.565064,16.129509
50.563609,16.130893
50.561931,16.131081
50.561385,16.131534
50.559614,16.134053
50.557898,16.135952
50.557382,16.136826
50.557041,16.137114
50.555931,16.137399
50.555887,16.136796
50.555107,16.137135
50.552984,16.137431
50.552279,16.139560
50.551287,16.138858
50.550696,16.138438
50.550078,16.135922
50.549165,16.133331
50.548752,16.133363
50.548309,16.132747
50.550408,16.132000
50.550722,16.130978
50.551120,16.130608
50.552706,16.130395
50.553473,16.129618
50.553860,16.128966
50.554091,16.128044
50.553512,16.127679
50.553315,16.128439
50.552955,16.128845
50.551662,16.129602
50.550968,16.129755
50.550999,16.127833
50.550020,16.127810
50.549046,16.129206
50.547431,16.129652
50.546043,16.129590
50.544005,16.130808
50.543469,16.130151
50.543427,16.129577
50.542903,16.128350
50.542666,16.128322
50.542433,16.128733
50.542257,16.129545
50.541956,16.128890
50.542083,16.124423
50.541393,16.121296
50.540946,16.120127
50.539491,16.117676
50.538969,16.117714
50.538393,16.118130
50.538378,16.118544
50.537314,16.119332
50.537121,16.120034
50.536658,16.123240
50.537167,16.125874
50.536929,16.126087
50.536482,16.125785
50.535871,16.126221
50.535499,16.128928
50.534762,16.128621
50.534115,16.127573
50.533770,16.126556
50.532026,16.123249
50.532388,16.122006
50.532378,16.121625
50.532004,16.121209
50.531393,16.121021
50.531281,16.120360
50.530540,16.119868
50.530073,16.117695
50.529161,16.115617
50.528234,16.114690
50.527848,16.113993
50.527208,16.113768
50.526851,16.112597
50.527091,16.111433
50.527857,16.110770
50.527636,16.110227
50.528147,16.109539
50.528332,16.108725
50.528455,16.108675
50.528291,16.108534
50.527755,16.106530
50.527149,16.105915
50.526421,16.105862
50.525105,16.105190
50.523862,16.105386
50.522480,16.105294
50.521237,16.105872
50.520358,16.104981
50.519880,16.103775
50.518605,16.104147
50.517861,16.103131
50.516653,16.103193
50.513072,16.109159
50.512409,16.110726
50.511665,16.111328
50.510818,16.111253
50.509561,16.112118
50.507971,16.112404
50.506983,16.112993
50.505871,16.114002
50.505484,16.114398
50.505211,16.115128
50.504568,16.117840
50.503340,16.116514
50.502232,16.114103
50.503296,16.112564
50.503230,16.111909
50.503579,16.108271
50.504443,16.105860
50.505427,16.103852
50.505453,16.102599
50.504336,16.101310
50.504225,16.100905
50.502493,16.099500
50.501712,16.100577
50.500916,16.102551
50.500261,16.105591
50.500075,16.106887
50.500233,16.106944
50.500111,16.107873
50.499690,16.107680
50.499407,16.108014
50.499438,16.108434
50.498641,16.111273
50.494565,16.107878
50.494345,16.104500
50.494942,16.102520
50.495069,16.100667
50.495125,16.099707
50.495750,16.098856
50.496013,16.097873
50.495801,16.095599
50.495403,16.094238
50.494746,16.093306
50.494275,16.092923
50.493867,16.092912
50.493062,16.092064
50.492552,16.090284
50.491660,16.089225
50.490654,16.088711
50.490131,16.087628
50.489791,16.086328
50.489987,16.085541
50.489924,16.084559
50.490283,16.083530
50.490400,16.082289
50.489905,16.081470
50.489450,16.079950
50.489642,16.079731
50.489631,16.079463
50.490359,16.077545
50.490344,16.077093
50.491270,16.074189
50.491038,16.072628
50.490834,16.065672
50.491528,16.064525
50.489807,16.062779
50.489231,16.062699
50.488389,16.063064
50.487843,16.063759
50.488166,16.065204
50.488112,16.065937
50.487963,16.065638
50.487482,16.065498
50.484817,16.066419
50.483971,16.065863
50.482915,16.064054
50.482675,16.063133
50.482151,16.063015
50.481479,16.061024
50.480974,16.060434
50.481205,16.059754
50.481186,16.059134
50.481050,16.058875
50.480681,16.058785
50.481052,16.057314
50.481174,16.055165
50.481324,16.054372
50.481417,16.054525
50.481542,16.054006
50.481369,16.052775
50.481075,16.052460
50.480284,16.047867
50.479528,16.047805
50.478977,16.047451
50.477165,16.046928
50.476634,16.047095
50.476407,16.047704
50.476092,16.047350
50.475353,16.045427
50.474834,16.044770
50.475453,16.042006
50.475884,16.040737
50.475810,16.039233
50.476856,16.036732
50.476702,16.033796
50.477263,16.033297
50.477672,16.033322
50.477624,16.032310
50.477351,16.031551
50.478842,16.030911
50.480118,16.030793
50.480852,16.028972
50.481024,16.027991
50.480982,16.026566
50.480175,16.022387
50.480139,16.020422
50.480283,16.018822
50.478814,16.017926
50.478506,16.017074
50.478419,16.016140
50.478193,16.016380
50.477137,16.015196
50.476959,16.014023
50.476688,16.013420
50.476075,16.013205
50.475700,16.012777
50.475044,16.013705
50.474666,16.015447
50.473862,16.016075
50.473536,16.017297
50.472058,16.018346
50.470958,16.015837
50.470185,16.010660
50.468906,16.007930
50.468647,16.006389
50.468642,16.003880
50.468288,16.001307
50.468900,15.996502
50.469312,15.994612
50.469609,15.991779
50.470042,15.990424
50.471218,15.988961
50.471876,15.986728
50.472208,15.984371
50.472440,15.983846
50.474246,15.982084
50.475451,15.981495
50.477087,15.980615
50.478041,15.982242
50.479291,15.983234
50.479527,15.982879
50.480238,15.979288
50.479923,15.978225
50.479056,15.976299
50.479083,15.975202
50.479373,15.973504
50.478909,15.971163
50.479328,15.967668
50.479292,15.966938
50.479007,15.965543
50.478425,15.964529
50.477375,15.963317
50.476381,15.963456
50.476763,15.962876
50.477329,15.961850
50.477018,15.961567
50.476647,15.960472
50.475968,15.959731
50.475159,15.958347
50.474184,15.958143
50.472936,15.956939
50.471537,15.956018
50.469965,15.955937
50.469026,15.956335
50.467550,15.956450
50.466734,15.954968
50.467364,15.954796
50.466807,15.951821
50.466919,15.950411
50.468866,15.948849
50.469518,15.947638
50.470355,15.946733
50.470358,15.945314
50.470086,15.943847
50.468305,15.944854
50.467349,15.944533
50.467131,15.944885
50.466975,15.945707
50.465596,15.944088
50.465451,15.944568
50.464828,15.945193
50.464748,15.946059
50.463993,15.947586
50.463308,15.948237
50.462717,15.949167
50.461977,15.949317
50.461651,15.948101
50.461748,15.946977
50.461565,15.944884
50.461058,15.943672
50.460663,15.941901
50.460175,15.940573
50.459175,15.939183
50.458817,15.938383
50.458100,15.935098
50.458090,15.934845
50.458570,15.934473
50.457923,15.933216
50.456332,15.936259
50.455719,15.936414
50.455219,15.936151
50.454981,15.936351
50.455284,15.937869
50.455022,15.938356
50.454049,15.937812
50.453183,15.936638
50.452211,15.934647
50.452080,15.933509
50.451523,15.933682
50.450980,15.933200
50.450661,15.933287
50.447181,15.936619
50.447018,15.934196
50.447155,15.932640
50.447096,15.931248
50.445387,15.931391
50.445085,15.932552
50.443795,15.935156
50.441395,15.933442
50.440568,15.933636
50.439885,15.933336
50.439521,15.932949
50.439343,15.931777
50.438994,15.930991
50.437181,15.930587
50.436498,15.930046
50.435772,15.929655
50.434564,15.929607
50.433017,15.930103
50.431595,15.931059
50.428561,15.931388
50.425764,15.933927
50.422972,15.932909
50.422424,15.933562
50.420763,15.933017
50.419185,15.937457
50.418768,15.938171
50.418582,15.937978
50.418082,15.938438
50.417587,15.939563
50.417217,15.939701
50.416894,15.939491
50.416266,15.939805
50.415109,15.941164
50.414406,15.941080
50.413917,15.941566
50.412697,15.941832
50.412089,15.942539
50.411403,15.942678
50.410834,15.943661
50.409845,15.944238
50.409867,15.944659
50.409384,15.944606
50.407307,15.944915
50.407488,15.950972
50.407079,15.950948
50.407190,15.951834
50.406639,15.951850
50.405851,15.951356
50.405431,15.951419
50.404833,15.950806
50.404625,15.949357
50.404057,15.949631
50.403651,15.949167
50.403679,15.948695
50.404485,15.947485
50.405086,15.947290
50.405942,15.945902
50.405898,15.945442
50.404737,15.946250
50.403706,15.946382
50.403699,15.946171
50.402283,15.946118
50.401088,15.945756
50.399983,15.945010
50.400768,15.942685
50.401826,15.940367
50.401764,15.938694
50.401651,15.938148
50.401430,15.938217
50.401181,15.936945
50.400295,15.937929
50.399182,15.936972
50.397333,15.935838
50.397784,15.932796
50.397227,15.932133
50.394868,15.932537
50.394691,15.929327
50.395715,15.929224
50.395745,15.928412
50.396485,15.927426
50.396902,15.926826
50.396800,15.926547
50.396720,15.925727
50.397571,15.924523
50.397531,15.924105
50.398653,15.923503
50.397764,15.922137
50.398023,15.921013
50.398309,15.920720
50.398398,15.918523
50.397057,15.918146
50.397618,15.915735
50.398660,15.916110
50.399294,15.913331
50.400223,15.913415
50.401040,15.913209
50.401310,15.910412
50.403759,15.909154
50.404609,15.907695
50.405738,15.906935
50.405649,15.906230
50.406290,15.906083
50.406086,15.900965
50.407283,15.900986
50.407578,15.899742
50.407525,15.898916
50.407024,15.897422
50.406923,15.896322
50.406175,15.896006
50.404896,15.896086
50.403785,15.895525
50.401330,15.894533
50.401128,15.894612
50.401129,15.895349
50.399916,15.894510
50.399788,15.894972
50.399416,15.894715
50.398942,15.895270
50.398496,15.894644
50.399260,15.893965
50.399139,15.893803
50.399505,15.893368
50.399442,15.893252
50.398005,15.893162
50.397849,15.892171
50.397191,15.891004
50.396111,15.890608
50.395392,15.890684
50.394534,15.888774
50.392748,15.888976
50.390774,15.889212
50.389060,15.888565
50.389165,15.887200
50.387681,15.886723
50.388088,15.885402
50.388623,15.881920
50.387862,15.881678
50.386749,15.884205
50.386402,15.885487
50.385190,15.885016
50.385501,15.883260
50.384385,15.883225
50.384228,15.881980
50.383907,15.881203
50.385103,15.879171
50.386270,15.877611
50.385882,15.877017
50.384935,15.877191
50.384239,15.876725
50.384807,15.875134
50.384059,15.873969
50.383224,15.874661
50.381828,15.874636
50.382770,15.871404
50.382301,15.870471
50.381653,15.869671
50.381470,15.868926
50.381596,15.867119
50.380648,15.866798
50.380331,15.865951
50.380497,15.864320
50.380246,15.861592
50.379420,15.861561
50.378367,15.861883
50.378325,15.863122
50.378152,15.863706
50.377507,15.864519
50.376274,15.864010
50.374876,15.867198
50.374376,15.867772
50.374182,15.867723
50.373868,15.866677
50.373321,15.866622
50.372863,15.866197
50.372572,15.865571
50.372626,15.865094
50.373092,15.864074
50.372343,15.863504
50.372346,15.862584
50.370851,15.865450
50.370460,15.864942
50.371038,15.864085
50.370634,15.863523
50.370701,15.863341
50.368905,15.861125
50.367890,15.862911
50.366585,15.861581
50.367771,15.858942
50.367285,15.858494
50.367947,15.857084
50.368781,15.857567
50.368889,15.856372
50.369473,15.854636
50.369424,15.854108
50.368333,15.853078
50.368633,15.852018
50.367801,15.850714
50.367558,15.849782
50.367025,15.849428
50.366690,15.849674
50.366157,15.850282
50.365809,15.851195
50.365380,15.851741
50.364517,15.849665
50.363949,15.849105
50.363779,15.848528
50.364073,15.845827
50.363696,15.843845
50.363618,15.839698
50.363116,15.839522
50.362672,15.837496
50.363290,15.837169
50.362467,15.836458
50.360990,15.836435
50.361051,15.835815
50.358048,15.834404
50.358090,15.832104
50.357703,15.832006
50.358597,15.828515
50.359857,15.828890
50.360093,15.827473
50.360614,15.826230
50.362571,15.825047
50.362954,15.823773
50.362260,15.822982
50.361904,15.823416
50.361463,15.823455
50.360741,15.824084
50.359956,15.823989
50.359656,15.823380
50.359272,15.823097
50.358942,15.823271
50.359621,15.821603
50.360613,15.818093
50.360908,15.814826
50.360717,15.812201
50.360891,15.810669
50.360007,15.810479
50.359883,15.807304
50.360014,15.803656
50.359324,15.803035
50.359565,15.802396
50.359360,15.802320
50.359138,15.802616
50.358064,15.802306
50.358204,15.801530
50.358140,15.801160
50.357540,15.801484
50.357802,15.802313
50.357501,15.802524
50.357273,15.802255
50.357050,15.802537
50.356624,15.802418
50.356356,15.802822
50.355960,15.802966
50.355533,15.803668
50.355372,15.803571
50.355157,15.802649
50.355969,15.802257
50.356343,15.801579
50.356167,15.799984
50.356256,15.799133
50.356881,15.798536
50.357509,15.798575
50.358417,15.795519
50.358839,15.795483
50.358826,15.793999
50.357755,15.794552
50.357486,15.793527
50.358511,15.792714
50.358238,15.792226
50.355055,15.792861
50.351212,15.795189
50.351452,15.795965
50.350950,15.796384
50.352077,15.797745
50.351799,15.798023
50.350181,15.797461
50.348192,15.798085
50.347832,15.798591
50.346582,15.798823
50.346522,15.798636
50.345969,15.798499
50.345784,15.798094
50.345507,15.798146
50.345088,15.795139
50.346975,15.793756
50.348259,15.793262
50.349396,15.792259
50.349398,15.791579
50.349015,15.791183
50.349609,15.790776
50.349483,15.790318
50.348449,15.791006
50.346732,15.791636
50.346651,15.791170
50.347053,15.790982
50.346579,15.788439
50.345213,15.788934
50.344663,15.787650
50.346392,15.786224
50.347072,15.785885
50.348403,15.785652
50.349244,15.783727
50.349977,15.784199
50.350870,15.783919
50.352334,15.783179
50.353120,15.783146
50.353117,15.782397
50.351362,15.780997
50.351199,15.781594
50.350154,15.780826
50.350010,15.779764
50.350988,15.776327
50.347780,15.771775
50.346492,15.768789
50.346686,15.766701
50.346873,15.766666
50.346972,15.765940
50.347224,15.765454
50.346995,15.761974
50.347360,15.760944
50.347100,15.760384
50.346766,15.760291
50.345975,15.760594
50.345762,15.760422
50.346300,15.757392
50.346364,15.756206
50.346107,15.754386
50.345335,15.754234
50.343414,15.752329
50.343111,15.750730
50.341871,15.748259
50.341469,15.748207
50.341098,15.747739
50.340529,15.746218
50.340103,15.742195
50.339466,15.740857
50.340882,15.739361
50.342533,15.737977
50.344514,15.736772
50.345066,15.736060
50.344721,15.733691
50.344687,15.731943
50.345070,15.729621
50.345648,15.727829
50.347106,15.728660
50.347965,15.728881
50.348687,15.728859
50.349472,15.728457
50.349589,15.728577
50.349778,15.728202
50.349636,15.727648
50.349766,15.727454
50.350055,15.728504
50.350889,15.727229
50.353186,15.724591
50.353943,15.724548
50.355097,15.725775
50.356037,15.724340
50.357545,15.723109
50.358425,15.722660
50.359062,15.721989
50.359531,15.723260
50.359934,15.722731
50.360902,15.722253
50.361340,15.721703
50.362285,15.723635
50.362633,15.723216
50.363908,15.724491
50.363630,15.724883
50.364721,15.726122
50.364719,15.726562
50.365617,15.726238
50.365994,15.724893
50.367556,15.726129
50.368243,15.726113
50.369125,15.726642
50.368541,15.728237
50.369126,15.728538
50.368361,15.729786
50.367562,15.731875
50.367936,15.732385
50.368679,15.730618
50.369680,15.729510
50.370362,15.727655
50.371827,15.725512
50.372642,15.723618
50.374585,15.720974
50.374666,15.720732
50.373495,15.719522
50.374611,15.718010
50.375943,15.716726
50.376159,15.717422
50.376690,15.716317
50.377019,15.716468
50.377441,15.717606
50.378645,15.718428
50.380409,15.718168
50.380672,15.717821
50.380906,15.716984
50.381395,15.716510
50.382183,15.716277
50.383078,15.716491
50.386876,15.715254
50.386901,15.715462
50.388036,15.714795
50.388538,15.714730
50.389019,15.715560
50.390004,15.715658
50.390407,15.716191
50.390693,15.716138
50.390719,15.717068
50.391311,15.718174
50.391047,15.718748
50.391389,15.720256
50.392500,15.720217
50.392495,15.721224
50.393318,15.721211
50.394418,15.721500
50.394488,15.721232
50.395099,15.722236
50.396039,15.720559
50.396594,15.720596
50.396932,15.720278
50.397296,15.720889
50.397944,15.722028
50.398166,15.721732
50.399338,15.722376
50.400377,15.723881
50.401568,15.722991
50.402313,15.717596
50.403412,15.717998
50.402579,15.725323
50.402822,15.725532
50.403457,15.725314
50.403781,15.721032
50.404327,15.717416
50.404573,15.717554
50.404303,15.718993
50.403849,15.724051
50.404383,15.723695
50.404987,15.717278
50.405634,15.717340
50.406085,15.714365
50.407267,15.714781
50.407329,15.714528
50.407687,15.714716
50.407792,15.714073
50.408092,15.714087
50.408229,15.712333
50.408629,15.712357
50.409419,15.706725
50.410994,15.707194
50.411209,15.705043
50.411569,15.705131
50.411699,15.703633
50.412467,15.703857
50.413152,15.704521
50.413516,15.703475
50.413354,15.703137
50.412921,15.702694
50.411719,15.702368
50.412784,15.701374
50.412833,15.700005
50.413258,15.699060
50.413242,15.697788
50.413852,15.697956
50.415267,15.697038
50.415731,15.696370
50.416029,15.696243
50.417800,15.697482
50.419130,15.696764
50.420382,15.694559
50.418828,15.692371
50.419319,15.691683
50.419364,15.691207
50.419753,15.690624
50.421218,15.690943
50.421630,15.691716
50.421948,15.691967
50.422144,15.692512
50.422528,15.692794
50.422673,15.693390
50.423149,15.693456
50.423108,15.694102
50.422813,15.694257
50.422547,15.694803
50.422549,15.695653
50.422856,15.695878
50.424255,15.696182
50.425640,15.693696
50.425501,15.693424
50.424950,15.692266
50.425633,15.691840
50.425733,15.691382
50.425549,15.691105
50.425737,15.690842
50.425895,15.690898
50.425954,15.690603
50.426262,15.690361
50.429152,15.689674
50.430554,15.687185
50.431324,15.685069
50.431769,15.684503
50.431755,15.684080
50.432347,15.683898
50.433209,15.684033
50.434119,15.684924
50.435046,15.686493
50.435951,15.688719
50.437397,15.688800
50.438137,15.689129
50.439331,15.690761
50.441445,15.690107
50.443357,15.690838
50.443918,15.687528
50.444262,15.686471
50.443974,15.685788
50.443933,15.684548
50.444264,15.682259
50.443952,15.681269
50.443348,15.680475
50.442604,15.677510
50.444894,15.675617
50.445579,15.674765
50.446321,15.674752
50.446899,15.675083
50.447743,15.674285
50.448708,15.674231
50.449516,15.674503
50.450004,15.671901
50.450534,15.670666
50.450814,15.667607
50.451014,15.666562
50.451206,15.662356
50.450709,15.661188
50.450721,15.659002
50.451557,15.654461
50.451922,15.652038
50.452626,15.649536
50.456014,15.649674
50.456419,15.647300
50.457432,15.644938
50.460939,15.645436
50.461239,15.645337
50.461026,15.644228
50.461774,15.644171
50.462905,15.642879
50.463574,15.642624
50.463524,15.642336
50.463802,15.642184
50.464654,15.642419
50.464943,15.642875
50.465231,15.642977
50.466176,15.641960
50.466471,15.641209
50.467195,15.641795
50.467721,15.641795
50.468043,15.642103
50.468693,15.643129
50.470466,15.642750
50.471360,15.643077
50.473567,15.644446
50.474385,15.644490
50.474737,15.645643
50.474733,15.646183
50.475086,15.646528
50.475217,15.646943
50.474935,15.651267
50.475722,15.652197
50.476046,15.653341
50.476848,15.654580
50.478645,15.653927
50.480720,15.653591
50.485188,15.653993
50.486112,15.654357
50.486602,15.654137
50.487017,15.653405
50.488405,15.653682
50.490928,15.653516
50.490806,15.652986
50.490899,15.652429
50.491213,15.651688
50.491575,15.651335
50.492234,15.651196
50.493466,15.650494
50.493767,15.650522
50.494363,15.648039
50.495014,15.644622
50.495114,15.642161
50.495391,15.640235
50.496011,15.637832
50.496521,15.634583
50.496437,15.632569
50.495521,15.631962
50.495511,15.631709
50.496375,15.627314
50.496801,15.625913
50.497041,15.623624
50.497458,15.622225
50.497519,15.621262
50.498633,15.617984
50.499009,15.616293
50.499081,15.613596
50.499545,15.612103
50.500373,15.610880
50.500545,15.609939
50.500866,15.609168
50.501149,15.606870
50.501002,15.606487
50.500930,15.604967
50.501564,15.604505
50.501524,15.602823
50.501667,15.602569
50.501360,15.600824
50.501429,15.600428
50.501913,15.600364
50.502121,15.600126
50.501544,15.599114
50.501321,15.598106
50.502359,15.598532
50.503850,15.598603
50.504992,15.597803
50.505540,15.597159
50.506142,15.596973
50.506760,15.596429
50.507177,15.596435
50.508095,15.595308
50.509206,15.595039
50.509832,15.594466
50.510517,15.593028
50.510931,15.590535
50.511507,15.589673
50.512704,15.589231
50.513273,15.587816
50.514452,15.586440
50.515351,15.586353
50.516379,15.585830
50.518016,15.584055
50.518821,15.587892
50.519131,15.590716
50.518125,15.591292
50.516665,15.592892
50.515892,15.592741
50.515370,15.594644
50.516122,15.595580
50.516669,15.595859
50.517430,15.595402
50.518256,15.597644
50.518880,15.598562
50.520256,15.599152
50.520157,15.601145
50.520325,15.604011
50.521186,15.606233
50.521704,15.610353
50.521604,15.610471
50.521680,15.614718
50.521527,15.616139
50.522140,15.623479
50.522822,15.627611
50.522783,15.632149
50.524762,15.632796
50.525321,15.632647
50.525141,15.631374
50.526890,15.630218
50.527834,15.630010
50.530688,15.628274
50.532371,15.627911
50.534656,15.628301
50.535680,15.627722
50.535974,15.627311
50.535658,15.626504
50.535409,15.626680
50.535188,15.626281
50.535988,15.625504
50.537863,15.625275
50.538061,15.623262
50.538204,15.622894
50.539385,15.623053
50.539618,15.621616
50.540548,15.621354
50.540536,15.619793
50.541899,15.619264
50.541583,15.616468
50.543889,15.615730
50.544177,15.614410
50.544799,15.613681
50.544999,15.613102
50.547273,15.612413
50.548538,15.611561
50.549707,15.609462
50.550489,15.605646
50.550987,15.605295
50.552180,15.605025
50.552384,15.604617
50.552446,15.603553
50.552690,15.603421
50.553191,15.603809
50.554133,15.603700
50.555362,15.604248
50.555951,15.604135
50.556592,15.602591
50.556914,15.600909
50.557210,15.600171
50.557233,15.598361
50.558033,15.595365
50.558529,15.592072
50.558682,15.591474
50.558707,15.590389
50.558951,15.590385
50.558871,15.592504
50.559239,15.593159
50.558937,15.593472
50.558760,15.594928
50.558331,15.595820
50.558558,15.597227
50.558344,15.598092
50.557979,15.598759
50.558183,15.601392
50.558764,15.601637
50.559313,15.601603
50.559548,15.601359
50.559596,15.600113
50.561025,15.597395
50.561940,15.596581
50.561930,15.596341
50.563147,15.594516
50.563528,15.594870
50.564441,15.593444
50.565046,15.592149
50.566229,15.588240
50.567577,15.586006
50.568497,15.587949
50.570270,15.589785
50.570535,15.590289
50.571523,15.591124
50.572207,15.592003
50.572550,15.592805
50.573483,15.593508
50.573944,15.594202
50.574574,15.591579
50.574889,15.591078
50.574693,15.590660
50.574910,15.588201
50.575593,15.585326
50.575936,15.580767
50.577627,15.578865
50.578579,15.577246
50.579483,15.575238
50.581147,15.571250
50.582515,15.572311
50.583511,15.574282
50.583847,15.574644
50.584969,15.575453
50.588397,15.578666
50.590104,15.579420
50.591726,15.581186
50.592174,15.581471
50.595178,15.582731
50.595576,15.583067
50.596202,15.584370
50.596498,15.584214
50.597969,15.582054
50.598471,15.581873
50.599094,15.581256
50.600928,15.582725
50.602772,15.584549
50.604678,15.587059
50.606081,15.590319
50.608458,15.592369
50.610184,15.593263
50.611289,15.594432
50.612791,15.597688
50.613583,15.600910
50.614109,15.602090
50.614307,15.601953
50.614556,15.601193
50.615530,15.599499
50.615894,15.598006
50.616571,15.596567
50.617381,15.594050
50.619176,15.590689
50.619291,15.590183
50.619221,15.589627
50.619487,15.589092
50.621011,15.587719
50.622635,15.588461
50.625315,15.586582
50.625536,15.586041
50.626268,15.585673
50.626472,15.585036
50.627747,15.583838
50.628901,15.583190
50.630546,15.582690
50.631139,15.582391
50.631348,15.582052
50.632736,15.578583
50.633222,15.575613
50.633805,15.574021
50.634508,15.572932
50.634918,15.571216
50.636670,15.567648
50.637383,15.565289
50.637691,15.565173
50.638830,15.565724
50.639783,15.566224
50.642869,15.570047
50.644643,15.571316
50.646869,15.573637
50.650061,15.577782
50.652069,15.583123
50.652583,15.583922
50.652827,15.583904
50.653619,15.581971
50.653500,15.581381
50.654061,15.580548
50.654941,15.579168
50.656461,15.578335
50.657081,15.576863
50.657969,15.575938
50.658754,15.574733
50.660285,15.571234
50.660600,15.570860
50.671374,15.567452
50.680061,15.565028
50.679741,15.563821
50.679682,15.562949
50.679837,15.562606
50.680204,15.562436
50.680589,15.562148
50.682665,15.561592
50.684493,15.561811
50.686186,15.562740
50.687523,15.563281
50.690377,15.565170
50.694014,15.566524
50.695171,15.565446
50.695761,15.565461
50.697711,15.564801
50.707886,15.565455
50.709247,15.564209
50.710333,15.561747
50.712559,15.558110
50.719327,15.560488
50.724331,15.565345
50.725478,15.565895
50.726296,15.567093
50.727199,15.567533
50.729396,15.569236
50.732429,15.570751
50.733836,15.572321
50.735201,15.573571
50.735631,15.573631
50.740180,15.571915
50.743841,15.569027
50.744110,15.568647
50.744619,15.567151
50.745652,15.565982
50.746365,15.564674
50.747479,15.560692
50.748545,15.559259
50.749496,15.556222
50.750353,15.554429
50.751971,15.548793
50.753528,15.544925
50.755155,15.543026
50.757337,15.539522
50.758841,15.538132
50.761233,15.536971
50.763121,15.535521
50.763855,15.535180
50.764544,15.535304
50.767483,15.535593
50.775178,15.535564
50.776696,15.535170
50.778229,15.535088
50.779404,15.535290
50.779832,15.535093
