#GSAKname=Usti nad Orlici
50.142976,16.580920
50.142992,16.581143
50.142579,16.581578
50.142542,16.581697
50.142603,16.582320
50.142343,16.582744
50.142609,16.583698
50.142151,16.584521
50.141642,16.586436
50.141039,16.587776
50.140942,16.588848
50.140625,16.589365
50.140601,16.589932
50.141029,16.592182
50.140863,16.593434
50.141070,16.594454
50.140854,16.595644
50.140318,16.596129
50.140370,16.596359
50.139616,16.597738
50.139161,16.599377
50.138576,16.600066
50.138114,16.600060
50.137715,16.600436
50.137437,16.600469
50.137130,16.601252
50.136345,16.601539
50.136107,16.602536
50.135593,16.602425
50.135375,16.602673
50.135108,16.603126
50.135239,16.603836
50.134427,16.604000
50.134176,16.604422
50.134120,16.604657
50.134274,16.605306
50.134183,16.605434
50.134302,16.605710
50.134033,16.606135
50.134218,16.607102
50.133929,16.607376
50.134119,16.608019
50.133893,16.608676
50.133946,16.609315
50.133201,16.611733
50.132593,16.612609
50.131708,16.614066
50.130503,16.614156
50.130071,16.613666
50.127767,16.613687
50.127051,16.613807
50.126658,16.614267
50.125312,16.614676
50.124792,16.615523
50.124829,16.615784
50.124466,16.616942
50.123824,16.617725
50.123507,16.618496
50.122311,16.620286
50.122025,16.622809
50.122142,16.623465
50.121496,16.625359
50.120909,16.626287
50.119585,16.627142
50.115907,16.630178
50.115544,16.631462
50.114978,16.632682
50.113956,16.632685
50.112986,16.633044
50.112083,16.633575
50.111776,16.633978
50.111917,16.638496
50.112646,16.641186
50.112327,16.643110
50.111334,16.646271
50.111323,16.648199
50.110721,16.650086
50.110449,16.651129
50.110218,16.653671
50.109149,16.657041
50.108348,16.661421
50.107429,16.663697
50.106694,16.664565
50.106353,16.665522
50.105702,16.669581
50.105442,16.672760
50.104450,16.675554
50.104241,16.678161
50.101318,16.682598
50.100398,16.684860
50.099007,16.689084
50.099038,16.690850
50.098649,16.693473
50.097965,16.696679
50.097494,16.701128
50.096886,16.702804
50.096852,16.704425
50.097052,16.705756
50.097821,16.707202
50.098140,16.708161
50.099947,16.710251
50.101521,16.715936
50.103459,16.720324
50.104700,16.721819
50.105374,16.722944
50.106759,16.722434
50.107738,16.723003
50.108265,16.723703
50.110132,16.726542
50.112252,16.727133
50.113233,16.727730
50.116259,16.727946
50.117191,16.728354
50.118796,16.730943
50.120430,16.733021
50.124132,16.735192
50.124524,16.735507
50.125147,16.736684
50.126279,16.736975
50.126919,16.737474
50.127676,16.738361
50.128312,16.740000
50.128677,16.740446
50.130332,16.741381
50.132633,16.743701
50.134017,16.743838
50.134794,16.744090
50.135232,16.744678
50.135658,16.746155
50.135362,16.748173
50.135601,16.749034
50.135729,16.750504
50.135462,16.751898
50.134584,16.752943
50.134350,16.754684
50.135156,16.755493
50.135815,16.756538
50.136259,16.758546
50.136391,16.760874
50.136467,16.761199
50.138242,16.763227
50.139277,16.765293
50.140383,16.766798
50.140845,16.768931
50.142353,16.772761
50.142709,16.774264
50.143179,16.775200
50.144837,16.781243
50.145699,16.782480
50.146627,16.782566
50.148120,16.782588
50.149205,16.781256
50.151612,16.780888
50.152470,16.782350
50.153551,16.785746
50.154710,16.786048
50.155024,16.786799
50.157226,16.789940
50.161459,16.793846
50.162311,16.794409
50.162939,16.794475
50.165833,16.796617
50.167378,16.796616
50.168425,16.796852
50.171508,16.798190
50.172320,16.798295
50.173572,16.798230
50.173870,16.797830
50.174734,16.797772
50.176050,16.798386
50.176496,16.798834
50.177856,16.798624
50.180426,16.799990
50.180953,16.801100
50.181720,16.801748
50.182731,16.803187
50.183207,16.804756
50.183601,16.804832
50.184882,16.805593
50.185668,16.806379
50.187787,16.807904
50.188265,16.808558
50.189677,16.809382
50.191755,16.812575
50.192576,16.815637
50.192561,16.816343
50.192429,16.817196
50.191896,16.818410
50.189314,16.822733
50.190059,16.823597
50.190515,16.823522
50.191202,16.823128
50.192192,16.823064
50.194914,16.825350
50.195128,16.826371
50.196108,16.828576
50.196847,16.830948
50.197854,16.832078
50.197874,16.833314
50.197596,16.834557
50.197847,16.835065
50.198122,16.835245
50.198877,16.835319
50.200586,16.833856
50.202079,16.834541
50.202652,16.834335
50.205805,16.842086
50.206195,16.842864
50.206905,16.844596
50.207921,16.847205
50.208048,16.849086
50.207519,16.849961
50.205146,16.851898
50.204506,16.853538
50.204437,16.854661
50.203933,16.855363
50.203249,16.857559
50.203196,16.858258
50.202374,16.859744
50.201905,16.861243
50.201285,16.862499
50.200684,16.862977
50.199612,16.863166
50.198943,16.863036
50.198717,16.863171
50.198617,16.863286
50.198636,16.863579
50.198182,16.863681
50.197360,16.864223
50.197353,16.864661
50.195550,16.864054
50.194551,16.864118
50.193471,16.863646
50.193049,16.863701
50.192789,16.864124
50.192167,16.864155
50.190923,16.865019
50.189860,16.866811
50.189200,16.867355
50.188707,16.867548
50.187738,16.867115
50.187076,16.867617
50.186741,16.867615
50.186121,16.867139
50.185224,16.865624
50.184771,16.866008
50.182960,16.864613
50.181523,16.864355
50.179580,16.864629
50.179242,16.864839
50.178675,16.864467
50.178381,16.864543
50.177491,16.865688
50.177091,16.865922
50.175929,16.864239
50.174224,16.863348
50.173644,16.863316
50.173129,16.861979
50.172713,16.861301
50.172379,16.860102
50.170820,16.858429
50.169862,16.856417
50.169630,16.854837
50.169686,16.852590
50.169267,16.851603
50.167596,16.850679
50.164951,16.848184
50.164342,16.848129
50.163812,16.848581
50.163381,16.848623
50.162818,16.848321
50.159951,16.847762
50.158474,16.846905
50.157796,16.845820
50.156494,16.844485
50.155597,16.844857
50.155189,16.844572
50.154637,16.844690
50.151164,16.843991
50.148545,16.842688
50.147015,16.841588
50.146462,16.841157
50.146284,16.840793
50.145491,16.840289
50.144928,16.839312
50.143983,16.838313
50.143063,16.837802
50.142595,16.837696
50.140350,16.838456
50.138380,16.837527
50.137793,16.836736
50.136954,16.836086
50.136010,16.834552
50.134623,16.833429
50.134480,16.833860
50.134394,16.835787
50.132262,16.834602
50.129467,16.833639
50.128463,16.832706
50.127107,16.832168
50.126048,16.831076
50.125908,16.829271
50.127513,16.828544
50.128443,16.827858
50.127884,16.825207
50.128036,16.825182
50.127638,16.824643
50.126708,16.824528
50.125346,16.825229
50.125293,16.824984
50.124545,16.825149
50.123997,16.824536
50.122280,16.825084
50.121373,16.824895
50.119112,16.825152
50.118461,16.825554
50.117830,16.826247
50.116449,16.826150
50.115258,16.826443
50.114736,16.826079
50.114207,16.825209
50.113526,16.823423
50.113595,16.822568
50.113386,16.821492
50.112370,16.820097
50.112066,16.819346
50.111858,16.817075
50.111551,16.815607
50.111166,16.814601
50.111572,16.812454
50.111335,16.808824
50.110224,16.805773
50.109963,16.805520
50.109439,16.805522
50.109042,16.804997
50.108520,16.804900
50.107286,16.805496
50.106262,16.806394
50.105760,16.806196
50.105411,16.806646
50.103690,16.806605
50.103256,16.807393
50.102566,16.808153
50.101303,16.808725
50.099825,16.810921
50.099038,16.810516
50.098562,16.811493
50.098349,16.812765
50.095864,16.813579
50.095035,16.815486
50.094513,16.816049
50.094143,16.816053
50.093270,16.815311
50.092330,16.815718
50.089789,16.815572
50.089102,16.816372
50.088329,16.816569
50.087458,16.817597
50.087437,16.818879
50.086585,16.820185
50.086467,16.821651
50.085976,16.822012
50.085563,16.824581
50.084655,16.823591
50.083872,16.819645
50.083933,16.818932
50.082342,16.815737
50.082127,16.814971
50.081299,16.813547
50.080345,16.810542
50.078267,16.808565
50.077732,16.807739
50.077194,16.806479
50.076181,16.805408
50.075921,16.804763
50.075244,16.803848
50.074181,16.802435
50.073715,16.802231
50.073349,16.801771
50.072853,16.801656
50.072270,16.801063
50.071434,16.800596
50.071226,16.799801
50.070432,16.799679
50.069710,16.798505
50.069143,16.798148
50.068374,16.798274
50.066732,16.799653
50.066234,16.800297
50.065266,16.803615
50.063917,16.806125
50.063316,16.806856
50.062782,16.808319
50.062031,16.809229
50.061718,16.810081
50.058781,16.813833
50.057941,16.813184
50.057087,16.813113
50.056541,16.812655
50.055850,16.811139
50.054987,16.810284
50.054494,16.809143
50.052853,16.806533
50.044288,16.819011
50.042302,16.813188
50.041753,16.812688
50.040801,16.811047
50.040122,16.808898
50.039649,16.808456
50.038164,16.807759
50.037867,16.807119
50.033733,16.807207
50.032422,16.810397
50.031155,16.809720
50.030173,16.808168
50.029723,16.806600
50.028984,16.805177
50.029264,16.803573
50.029103,16.801607
50.029633,16.800622
50.029727,16.800143
50.029681,16.797470
50.029361,16.795558
50.029555,16.793884
50.028647,16.792770
50.027362,16.792883
50.025211,16.791425
50.026119,16.790827
50.026659,16.789195
50.026971,16.788737
50.024030,16.785767
50.023668,16.782051
50.024048,16.779926
50.023390,16.779824
50.023271,16.780068
50.022174,16.779757
50.021704,16.779357
50.021397,16.778439
50.020300,16.777328
50.019673,16.777291
50.018677,16.777665
50.017835,16.777116
50.016709,16.775715
50.017125,16.773598
50.017454,16.772983
50.017993,16.770678
50.016749,16.769675
50.016996,16.766801
50.014919,16.766974
50.014832,16.766497
50.013288,16.766793
50.009226,16.769004
50.008400,16.768957
50.007124,16.768269
50.005472,16.762088
50.004561,16.760400
50.003787,16.759518
50.002713,16.758755
50.002316,16.759171
50.000927,16.757758
50.000240,16.756973
49.999065,16.755119
49.998475,16.753631
49.998037,16.753844
49.997899,16.754469
49.997429,16.754603
49.994611,16.748699
49.996581,16.748683
50.000074,16.747673
50.001244,16.743370
50.001417,16.741546
50.001202,16.738931
50.001282,16.736673
50.002199,16.731318
50.002398,16.719992
49.999668,16.711971
49.998837,16.712782
49.997907,16.713329
49.996745,16.713788
49.994546,16.713885
49.993109,16.715077
49.992624,16.715255
49.989795,16.715400
49.988985,16.716376
49.988216,16.716377
49.985557,16.718331
49.985019,16.718925
49.983969,16.720879
49.983252,16.724139
49.982106,16.726670
49.981881,16.727731
49.980717,16.727769
49.979777,16.727517
49.978515,16.729941
49.976505,16.730946
49.975756,16.731098
49.973458,16.730692
49.972490,16.730936
49.971920,16.730679
49.970681,16.730926
49.969717,16.733089
49.968733,16.734163
49.968129,16.735384
49.966598,16.734543
49.965337,16.734485
49.963833,16.734046
49.958683,16.733312
49.956221,16.733396
49.954359,16.733801
49.953119,16.733515
49.951776,16.732784
49.951226,16.732019
49.950933,16.731703
49.950016,16.734671
49.949683,16.734572
49.949199,16.733839
49.948209,16.733386
49.946919,16.734089
49.946473,16.734835
49.946033,16.736981
49.945259,16.738216
49.944260,16.738422
49.943345,16.739050
49.942259,16.738514
49.940568,16.738765
49.938531,16.740179
49.937957,16.741296
49.937575,16.741667
49.936855,16.741968
49.935484,16.742026
49.935426,16.742764
49.934954,16.742729
49.933744,16.744736
49.932923,16.747266
49.932526,16.747275
49.932006,16.749574
49.931481,16.750627
49.931395,16.750291
49.929507,16.750181
49.928700,16.748969
49.926287,16.747658
49.924793,16.745915
49.922460,16.749870
49.921023,16.752907
49.920856,16.754825
49.920134,16.756568
49.918811,16.755988
49.918426,16.756051
49.916952,16.754991
49.914923,16.755464
49.914246,16.755870
49.913273,16.756842
49.912371,16.757018
49.911621,16.756231
49.910561,16.756461
49.910072,16.755925
49.910019,16.754884
49.909752,16.754018
49.909196,16.753563
49.908786,16.754037
49.908200,16.753013
49.906900,16.753437
49.905831,16.753402
49.905492,16.753738
49.905206,16.754569
49.903470,16.754966
49.902682,16.755740
49.902020,16.756772
49.901023,16.757132
49.900379,16.756972
49.899068,16.755522
49.898659,16.755617
49.898344,16.755235
49.897011,16.754530
49.895998,16.751085
49.894919,16.749989
49.894287,16.749869
49.893446,16.750539
49.892823,16.751341
49.892854,16.751518
49.892591,16.751519
49.890624,16.753942
49.887817,16.754277
49.885858,16.756824
49.885299,16.756985
49.884708,16.757726
49.883725,16.758028
49.883438,16.758592
49.882372,16.759257
49.881684,16.760042
49.879859,16.760593
49.879053,16.760040
49.878356,16.760420
49.878089,16.759960
49.876877,16.760873
49.876275,16.762119
49.876335,16.763914
49.875979,16.766379
49.874423,16.768998
49.874256,16.767752
49.873358,16.765339
49.873004,16.764782
49.872260,16.765547
49.869097,16.761212
49.866361,16.756248
49.865434,16.753155
49.865660,16.752754
49.866161,16.752406
49.866736,16.751304
49.866914,16.749288
49.864719,16.745369
49.863934,16.742239
49.864049,16.741674
49.863115,16.741506
49.862384,16.742172
49.862040,16.742173
49.860167,16.739781
49.859583,16.739318
49.858881,16.739363
49.858904,16.738646
49.858737,16.738576
49.856547,16.738950
49.855469,16.738652
49.854822,16.738842
49.852928,16.738524
49.852354,16.737794
49.851257,16.737625
49.850590,16.738448
49.850336,16.739091
49.848704,16.739149
49.846900,16.736188
49.846495,16.735178
49.846001,16.734826
49.846177,16.733315
49.845845,16.732950
49.845744,16.732267
49.845808,16.731627
49.846246,16.730367
49.845980,16.728873
49.845916,16.726240
49.846124,16.725717
49.846938,16.725848
49.847261,16.725683
49.847247,16.723378
49.848225,16.718546
49.849017,16.710753
49.848923,16.708740
49.848388,16.707011
49.848298,16.704271
49.849411,16.701011
49.849926,16.700478
49.850060,16.699924
49.849469,16.698973
49.849458,16.698681
49.850185,16.697554
49.849679,16.696505
49.849849,16.695694
49.849107,16.690852
49.848907,16.688620
49.848944,16.684712
49.849201,16.682544
49.849561,16.680694
49.850322,16.679016
49.851395,16.675453
49.851651,16.673789
49.852518,16.670904
49.853518,16.668640
49.853938,16.666486
49.855000,16.663023
49.855038,16.662793
49.853447,16.662917
49.852419,16.662053
49.850817,16.664766
49.850667,16.665477
49.849748,16.665265
49.849643,16.665045
49.849516,16.664787
49.849785,16.664099
49.850160,16.660778
49.850882,16.658938
49.852385,16.658045
49.852632,16.657696
49.853580,16.654685
49.855131,16.651112
49.855691,16.650054
49.856734,16.648929
49.859289,16.642363
49.859528,16.641904
49.860026,16.641653
49.860343,16.640104
49.860112,16.638729
49.859412,16.637251
49.859202,16.636181
49.859131,16.634249
49.859257,16.632297
49.859937,16.629470
49.859651,16.628356
49.860247,16.626131
49.857474,16.625139
49.856808,16.624145
49.857802,16.620258
49.857186,16.619200
49.857527,16.617478
49.855333,16.615718
49.854535,16.613614
49.853147,16.611734
49.852713,16.610827
49.852327,16.610877
49.852469,16.610182
49.851270,16.609977
49.850519,16.609459
49.849412,16.609281
49.849439,16.608633
49.847375,16.607565
49.846177,16.605178
49.845385,16.602905
49.844752,16.599151
49.844636,16.598010
49.844688,16.595134
49.844048,16.590515
49.843866,16.588181
49.843773,16.587763
49.843291,16.587201
49.842931,16.587094
49.842412,16.587306
49.841116,16.586628
49.840175,16.585192
49.840317,16.585028
49.839252,16.582997
49.838333,16.580089
49.837683,16.578674
49.837677,16.577822
49.838146,16.576639
49.837382,16.575424
49.836716,16.573928
49.835160,16.569924
49.834679,16.566943
49.834413,16.566638
49.833201,16.567149
49.832625,16.567050
49.831892,16.567691
49.831106,16.567194
49.830600,16.567460
49.829961,16.568267
49.828359,16.568648
49.827805,16.568475
49.826897,16.567649
49.826110,16.567403
49.824731,16.567719
49.823608,16.568341
49.822007,16.568470
49.820705,16.568982
49.820192,16.568900
49.819203,16.568074
49.818861,16.567209
49.818932,16.565506
49.818747,16.564419
49.818655,16.561443
49.818515,16.560991
49.818658,16.559303
49.818643,16.556259
49.818950,16.553551
49.818919,16.550677
49.818717,16.549355
49.818817,16.546919
49.818617,16.544982
49.818909,16.544500
49.818924,16.543812
49.819448,16.541753
49.819474,16.538785
49.819711,16.536508
49.820734,16.536643
49.821386,16.537051
49.823362,16.539416
49.824241,16.539435
49.826207,16.538587
49.827225,16.539939
49.828918,16.541625
49.831683,16.541593
49.832262,16.540698
49.834496,16.538392
49.834467,16.538621
49.834868,16.538148
49.837638,16.536646
49.838833,16.535381
49.839755,16.534862
49.841637,16.534363
49.842531,16.534716
49.843190,16.534325
49.846036,16.535425
49.846514,16.534519
49.846784,16.533467
49.847510,16.531834
49.848449,16.530654
49.848841,16.530574
49.849557,16.531236
49.850490,16.531261
49.851060,16.530241
49.851257,16.529313
49.851647,16.529191
49.851879,16.528760
49.852529,16.528231
49.853553,16.528268
49.853618,16.526242
49.854407,16.522682
49.854576,16.521240
49.853406,16.519647
49.852129,16.516813
49.851496,16.516305
49.850952,16.508997
49.851139,16.508699
49.851068,16.507439
49.852793,16.507916
49.852581,16.504412
49.852851,16.501709
49.852185,16.500213
49.852233,16.499869
49.850900,16.500459
49.850693,16.497794
49.850257,16.496497
49.850108,16.492479
49.850784,16.484279
49.850818,16.481965
49.850585,16.480466
49.848102,16.472886
49.847785,16.470716
49.848189,16.470157
49.848323,16.470274
49.848350,16.470773
49.848630,16.470768
49.848789,16.471230
49.849181,16.471262
49.849317,16.471015
49.850022,16.471398
49.850459,16.472709
49.850727,16.472789
49.851179,16.472405
49.851343,16.472797
49.851795,16.472790
49.851842,16.472949
49.851593,16.473132
49.851963,16.473377
49.852737,16.472937
49.852855,16.472302
49.852677,16.472094
49.852942,16.471755
49.853337,16.471842
49.853595,16.471141
49.854129,16.471274
49.854326,16.471618
49.854401,16.472556
49.854696,16.472884
49.855115,16.474198
49.855505,16.473964
49.856280,16.475189
49.857914,16.475527
49.859384,16.476355
49.859204,16.478148
49.859036,16.478331
49.858550,16.478371
49.857489,16.477306
49.857407,16.478579
49.858696,16.479536
49.858947,16.479381
49.859034,16.478946
49.859569,16.479093
49.859725,16.478479
49.860046,16.478803
49.860175,16.479466
49.860481,16.479708
49.860760,16.479563
49.860978,16.479959
49.861335,16.479885
49.861619,16.480312
49.862708,16.479470
49.862820,16.478891
49.863111,16.478911
49.863316,16.478359
49.862767,16.477375
49.862591,16.475795
49.860646,16.475916
49.859581,16.475691
49.859525,16.475407
49.856337,16.472689
49.854113,16.469765
49.853030,16.469040
49.851052,16.468188
49.853012,16.465098
49.853211,16.463441
49.853086,16.462707
49.853190,16.462004
49.852690,16.460704
49.852478,16.458991
49.851409,16.459607
49.851282,16.458845
49.851500,16.457843
49.852633,16.457230
49.852573,16.455505
49.852718,16.454236
49.853145,16.451980
49.853856,16.449761
49.854139,16.448285
49.852450,16.445649
49.850173,16.439728
49.852117,16.437312
49.853786,16.435977
49.855120,16.433623
49.856152,16.432999
49.856802,16.432356
49.858042,16.429961
49.858400,16.428389
49.861455,16.426831
49.862341,16.425434
49.862641,16.423550
49.863319,16.423168
49.864180,16.421929
49.865277,16.421447
49.867673,16.418784
49.868073,16.418548
49.870406,16.418288
49.871911,16.417835
49.873017,16.416974
49.874828,16.412954
49.875570,16.409034
49.877040,16.409104
49.877383,16.407827
49.878759,16.407591
49.879395,16.407874
49.879963,16.406587
49.880146,16.406499
49.881058,16.406973
49.881509,16.407456
49.881591,16.407343
49.881947,16.407772
49.882320,16.407036
49.881844,16.406334
49.880395,16.405421
49.879284,16.405065
49.878401,16.405245
49.878285,16.405264
49.878785,16.404535
49.879912,16.404482
49.880615,16.404711
49.882440,16.405938
49.882702,16.405305
49.883377,16.405875
49.883312,16.402694
49.884010,16.403610
49.885161,16.405779
49.886082,16.404249
49.886143,16.403077
49.886375,16.402015
49.882581,16.398186
49.881922,16.396311
49.881948,16.395788
49.881619,16.394599
49.881712,16.394009
49.882216,16.396120
49.883180,16.395815
49.885818,16.396132
49.889223,16.395309
49.889403,16.394914
49.889513,16.393803
49.889371,16.392833
49.888477,16.390705
49.888417,16.390113
49.888968,16.388212
49.889320,16.385813
49.889145,16.385647
49.889391,16.385409
49.889638,16.384694
49.889901,16.381428
49.890397,16.380013
49.891729,16.378159
49.891862,16.377744
49.891757,16.377160
49.891556,16.377391
49.890730,16.376217
49.890626,16.375142
49.890815,16.372995
49.891040,16.372984
49.891231,16.371229
49.890983,16.371174
49.891460,16.369761
49.891548,16.369844
49.892217,16.368707
49.893437,16.368441
49.895085,16.366322
49.895869,16.366159
49.895050,16.369241
49.894883,16.370558
49.897154,16.373206
49.897302,16.377410
49.897545,16.377900
49.898340,16.378758
49.899540,16.381240
49.899850,16.382910
49.899448,16.384491
49.898053,16.387616
49.897632,16.388179
49.897413,16.389295
49.897456,16.390772
49.898057,16.392223
49.897798,16.393654
49.897614,16.396515
49.897875,16.399649
49.897858,16.401304
49.897629,16.402912
49.897580,16.404629
49.897112,16.407188
49.896209,16.410242
49.896752,16.409616
49.898096,16.408924
49.898713,16.407824
49.900225,16.407579
49.901890,16.406200
49.903174,16.405560
49.904074,16.404733
49.904847,16.404418
49.904495,16.402280
49.904497,16.400795
49.906622,16.398889
49.908907,16.396186
49.909587,16.395060
49.911136,16.393954
49.911335,16.390796
49.910775,16.386521
49.911158,16.385433
49.912078,16.383747
49.912958,16.383036
49.913515,16.382604
49.914133,16.381755
49.914488,16.380405
49.914737,16.379969
49.914804,16.378627
49.915178,16.377288
49.915848,16.377298
49.916222,16.377080
49.916803,16.376097
49.917501,16.374366
49.918132,16.373571
49.918007,16.374979
49.918086,16.375834
49.918690,16.377692
49.919473,16.376632
49.920102,16.376314
49.921611,16.376418
49.922532,16.376260
49.923192,16.376636
49.924536,16.376461
49.926457,16.375625
49.927242,16.374705
49.927577,16.373709
49.927386,16.372677
49.927447,16.372274
49.927808,16.371511
49.928230,16.371088
49.929816,16.370366
49.930808,16.370826
49.931187,16.370186
49.932571,16.369176
49.932877,16.368395
49.934189,16.366893
49.936102,16.363928
49.936929,16.361963
49.938135,16.359736
49.938395,16.358823
49.938205,16.358449
49.938258,16.358061
49.938613,16.357201
49.938990,16.356659
49.939471,16.357179
49.940350,16.356200
49.942526,16.354380
49.943780,16.352818
49.943918,16.350593
49.944367,16.349660
49.945132,16.349107
49.946780,16.348752
49.948329,16.345386
49.950161,16.342812
49.950939,16.341429
49.951322,16.341349
49.951772,16.342197
49.953858,16.343771
49.954808,16.342765
49.956446,16.341528
49.957920,16.341259
49.958471,16.339999
49.958926,16.339402
49.959055,16.338804
49.958980,16.338397
49.958348,16.337539
49.958230,16.337026
49.958508,16.336109
49.959051,16.335369
49.959918,16.335345
49.960867,16.337088
49.961419,16.336712
49.961365,16.335838
49.961617,16.334308
49.962187,16.333564
49.962745,16.333397
49.963347,16.332339
49.963629,16.331603
49.963510,16.330207
49.964160,16.329814
49.964519,16.329149
49.965103,16.328585
49.964258,16.328282
49.963824,16.327278
49.963806,16.324279
49.962927,16.320743
49.963091,16.319509
49.962090,16.316302
49.961419,16.317148
49.960536,16.317330
49.960279,16.316897
49.959930,16.317210
49.959992,16.315685
49.958649,16.315259
49.957010,16.314730
49.956808,16.316827
49.955772,16.316754
49.955503,16.320419
49.955669,16.322465
49.955899,16.323407
49.955610,16.323654
49.956296,16.328148
49.955473,16.328529
49.953589,16.330258
49.953306,16.330601
49.953331,16.331312
49.953058,16.332047
49.951892,16.331562
49.950814,16.331538
49.950249,16.333739
49.950124,16.335527
49.949509,16.336153
49.948597,16.336297
49.947741,16.330458
49.946952,16.328169
49.946353,16.325764
49.946529,16.321064
49.946558,16.311203
49.946936,16.307422
49.946711,16.305190
49.946794,16.304699
49.947084,16.304340
49.944733,16.303234
49.944358,16.302304
49.944184,16.300652
49.943338,16.300463
49.939507,16.298031
49.940327,16.293612
49.940418,16.291746
49.939924,16.289056
49.939447,16.287597
49.938803,16.286448
49.938282,16.284127
49.937356,16.281345
49.933929,16.281872
49.930912,16.281809
49.928049,16.281018
49.923129,16.278049
49.921435,16.277406
49.918582,16.275871
49.914230,16.274500
49.910352,16.272178
49.910173,16.270710
49.910562,16.269227
49.911453,16.269534
49.912551,16.268824
49.912992,16.268298
49.912945,16.266527
49.913749,16.261174
49.913569,16.258824
49.914670,16.259150
49.916029,16.259179
49.916162,16.258763
49.916003,16.258455
49.914378,16.258752
49.914142,16.258612
49.914119,16.258167
49.914560,16.257151
49.915190,16.257966
49.915930,16.257949
49.916048,16.257704
49.916068,16.256355
49.916309,16.256061
49.917083,16.256010
49.917902,16.256441
49.918221,16.255979
49.918822,16.254291
49.918878,16.251716
49.919255,16.250431
49.919315,16.249145
49.919516,16.248788
49.920189,16.249469
49.920550,16.249448
49.920465,16.249771
49.922218,16.251973
49.922777,16.251329
49.923630,16.247634
49.923177,16.247251
49.922842,16.246510
49.923180,16.245933
49.923232,16.244410
49.923473,16.243121
49.925970,16.238535
49.927101,16.239276
49.927313,16.238958
49.927558,16.237850
49.928306,16.236444
49.928455,16.235142
49.929239,16.233617
49.929160,16.233393
49.925416,16.232058
49.922488,16.230749
49.922307,16.230627
49.923634,16.224886
49.927598,16.211786
49.928645,16.209892
49.930543,16.208016
49.929822,16.203601
49.928606,16.204306
49.927454,16.204873
49.926817,16.206316
49.925719,16.206510
49.925102,16.207235
49.924182,16.207775
49.924058,16.208175
49.922337,16.209024
49.921780,16.208337
49.920932,16.206762
49.919784,16.203811
49.918826,16.202592
49.917952,16.202157
49.917453,16.202132
49.915336,16.202757
49.913363,16.204239
49.912577,16.205120
49.912187,16.205847
49.912020,16.207151
49.911371,16.206439
49.911026,16.207410
49.910510,16.207655
49.910313,16.208922
49.909852,16.208681
49.909557,16.209588
49.909001,16.210036
49.908482,16.209622
49.908210,16.210469
49.907591,16.210059
49.907200,16.210646
49.906921,16.211536
49.906219,16.211827
49.905754,16.211657
49.905473,16.209423
49.905738,16.208717
49.904798,16.207874
49.904814,16.207591
49.903002,16.203622
49.900989,16.199857
49.899669,16.201966
49.899089,16.201340
49.898511,16.202590
49.897774,16.203644
49.897495,16.203427
49.897141,16.203657
49.894561,16.208944
49.894040,16.208755
49.893008,16.209244
49.891514,16.208120
49.891189,16.206888
49.890641,16.206452
49.890325,16.207082
49.889659,16.206877
49.888365,16.204905
49.887205,16.203653
49.885416,16.200732
49.882050,16.193327
49.881437,16.192623
49.881122,16.192286
49.882691,16.190231
49.884419,16.192574
49.885609,16.190040
49.883553,16.185710
49.882929,16.183985
49.883057,16.183766
49.884652,16.184284
49.883650,16.179769
49.885564,16.179333
49.885708,16.178958
49.886563,16.178275
49.886799,16.177799
49.886642,16.176160
49.887420,16.174917
49.887038,16.174774
49.886107,16.173677
49.884050,16.171925
49.883289,16.170925
49.881780,16.168376
49.880377,16.165431
49.878784,16.163457
49.877862,16.160651
49.877692,16.158343
49.877327,16.156712
49.876524,16.154530
49.876208,16.153185
49.875379,16.151525
49.875201,16.151809
49.874328,16.151501
49.873543,16.151542
49.873468,16.151261
49.872304,16.150696
49.872072,16.149631
49.871653,16.148977
49.870463,16.148684
49.869362,16.148724
49.869328,16.147162
49.871593,16.147308
49.871267,16.145839
49.870063,16.145464
49.869544,16.144449
49.865077,16.144372
49.864284,16.144176
49.863427,16.143599
49.862652,16.143890
49.862758,16.144950
49.861231,16.145724
49.859199,16.147497
49.857124,16.149781
49.857906,16.151435
49.859346,16.150467
49.860157,16.151023
49.860009,16.151959
49.859592,16.151837
49.857969,16.152530
49.859496,16.155564
49.858302,16.157034
49.857500,16.158184
49.856653,16.156892
49.856264,16.156652
49.856159,16.157917
49.855171,16.159855
49.852496,16.155498
49.851551,16.156547
49.850027,16.157725
49.847191,16.163320
49.847101,16.163448
49.846994,16.163229
49.846636,16.162173
49.846839,16.161983
49.846631,16.160886
49.846709,16.158255
49.846464,16.157151
49.845551,16.156430
49.845363,16.155470
49.844735,16.154685
49.843901,16.154427
49.842931,16.153296
49.841942,16.152897
49.842011,16.152731
49.841551,16.152141
49.840686,16.151454
49.839774,16.148662
49.839474,16.148645
49.839567,16.149287
49.840295,16.151187
49.840175,16.151278
49.839428,16.149367
49.839341,16.148319
49.839510,16.147660
49.839104,16.146696
49.838168,16.146763
49.837214,16.148191
49.833999,16.150354
49.833784,16.150392
49.833467,16.149161
49.832994,16.148881
49.832900,16.148100
49.834488,16.148281
49.834396,16.145695
49.831493,16.145592
49.831553,16.144700
49.834403,16.145050
49.834155,16.142435
49.835518,16.141775
49.835165,16.141039
49.836283,16.140982
49.835464,16.135544
49.834285,16.135263
49.834798,16.133395
49.835262,16.132809
49.834978,16.130075
49.834525,16.128112
49.833618,16.126748
49.833604,16.125085
49.834072,16.125170
49.835449,16.124828
49.834058,16.120471
49.834485,16.119276
49.834584,16.119021
49.835101,16.119517
49.835788,16.121466
49.836346,16.122402
49.838058,16.123638
49.838771,16.124464
49.840229,16.126682
49.840032,16.127445
49.840469,16.127843
49.841014,16.127998
49.841566,16.128600
49.842063,16.128834
49.842517,16.128740
49.844444,16.126775
49.845238,16.126620
49.845211,16.126135
49.845736,16.125762
49.845767,16.124595
49.846021,16.124480
49.846571,16.123599
49.846584,16.122799
49.846350,16.122323
49.846510,16.121679
49.846363,16.120795
49.846437,16.119592
49.846321,16.118031
49.846639,16.114504
49.845982,16.113823
49.844930,16.111840
49.843628,16.110643
49.843516,16.109978
49.843938,16.109567
49.844547,16.109851
49.845323,16.109825
49.846685,16.111710
49.847315,16.109107
49.848002,16.107012
49.847717,16.106111
49.848021,16.106057
49.848635,16.106396
49.849120,16.107079
49.849941,16.107045
49.850247,16.107397
49.850347,16.106903
49.850261,16.106121
49.850792,16.106195
49.850925,16.105919
49.850724,16.104919
49.851563,16.105736
49.851962,16.105007
49.852880,16.104214
49.853131,16.103693
49.853563,16.103910
49.854336,16.103339
49.854741,16.103561
49.854838,16.103894
49.856459,16.103536
49.856812,16.102073
49.857325,16.102276
49.857663,16.101348
49.858151,16.101331
49.858099,16.100641
49.858326,16.100166
49.858114,16.099742
49.859227,16.096688
49.859687,16.096186
49.861039,16.095624
49.861381,16.094135
49.861434,16.091802
49.862035,16.091121
49.862235,16.090525
49.862613,16.090864
49.863432,16.089220
49.863486,16.089098
49.863063,16.088515
49.863697,16.086946
49.864488,16.086511
49.864651,16.085656
49.866108,16.085173
49.866840,16.083572
49.866687,16.082493
49.866769,16.081162
49.867251,16.080461
49.868466,16.078914
49.869010,16.078915
49.869346,16.078687
49.869684,16.078010
49.870255,16.078497
49.871344,16.077574
49.871200,16.075024
49.870833,16.075089
49.870831,16.074935
49.871058,16.073480
49.871824,16.073806
49.871918,16.073005
49.871128,16.072600
49.871391,16.070662
49.872531,16.069450
49.873759,16.069049
49.873970,16.069208
49.874159,16.070771
49.874019,16.071440
49.874200,16.072290
49.874928,16.075143
49.875684,16.076899
49.875923,16.079503
49.876773,16.080948
49.876837,16.081567
49.876594,16.082437
49.876638,16.082793
49.876860,16.082977
49.877240,16.082728
49.877657,16.082009
49.879945,16.083562
49.879327,16.087426
49.879352,16.088010
49.881039,16.089642
49.882133,16.090596
49.881772,16.093167
49.882836,16.093959
49.883914,16.095195
49.884367,16.095325
49.884636,16.095655
49.884809,16.093229
49.885250,16.092100
49.886087,16.090704
49.884075,16.087981
49.885082,16.086191
49.885234,16.086416
49.885398,16.084356
49.885845,16.082945
49.886783,16.081685
49.887181,16.082049
49.888969,16.077976
49.890276,16.076454
49.890944,16.075942
49.891276,16.076135
49.891891,16.075899
49.891648,16.075298
49.893261,16.073750
49.893210,16.075006
49.893322,16.075294
49.893522,16.075426
49.894084,16.075074
49.894334,16.074301
49.894839,16.070512
49.894057,16.068634
49.894002,16.067901
49.894242,16.066751
49.894583,16.065976
49.894952,16.066555
49.895978,16.065755
49.896974,16.065395
49.897552,16.065502
49.897886,16.065610
49.900602,16.064410
49.904148,16.061955
49.904265,16.061458
49.905696,16.060866
49.907451,16.065345
49.907938,16.067024
49.908451,16.066862
49.906619,16.061107
49.907410,16.060181
49.908512,16.059549
49.909356,16.065159
49.909940,16.066316
49.910116,16.067097
49.911973,16.067242
49.915119,16.067072
49.915942,16.066701
49.917549,16.065307
49.918337,16.065194
49.918475,16.064987
49.918489,16.063583
49.919211,16.064295
49.920259,16.064991
49.920103,16.065215
49.919058,16.065640
49.919853,16.067684
49.920253,16.067459
49.920445,16.067733
49.921136,16.066923
49.922644,16.064452
49.922534,16.064191
49.922908,16.063620
49.923342,16.063738
49.924108,16.065144
49.925080,16.063372
49.925546,16.065868
49.926238,16.068352
49.927452,16.067631
49.927883,16.068927
49.930300,16.068818
49.931145,16.073602
49.932695,16.073270
49.932628,16.072370
49.933238,16.072163
49.933010,16.069834
49.933081,16.069331
49.935423,16.067720
49.936262,16.067444
49.937057,16.067302
49.937825,16.068006
49.938637,16.068338
49.939934,16.068260
49.940132,16.066542
49.941811,16.065877
49.943218,16.065570
49.943522,16.067829
49.943933,16.068724
49.945224,16.068675
49.945689,16.068115
49.945482,16.067647
49.945808,16.067281
49.945733,16.066649
49.944837,16.062265
49.945001,16.061310
49.946621,16.059730
49.946702,16.058383
49.947253,16.057162
49.947499,16.056206
49.949816,16.054263
49.951760,16.053395
49.953324,16.050576
49.955101,16.046484
49.955612,16.045818
49.955775,16.043993
49.955686,16.041708
49.955317,16.039193
49.954556,16.036762
49.957711,16.035130
49.959100,16.035189
49.959351,16.037220
49.959996,16.038466
49.960903,16.039580
49.961458,16.039859
49.961992,16.039497
49.963463,16.040888
49.964441,16.038959
49.966358,16.040636
49.967510,16.041032
49.969063,16.043771
49.969709,16.045269
49.970074,16.046887
49.970440,16.044155
49.974111,16.042767
49.975911,16.042514
49.978655,16.041433
49.978106,16.046935
49.978072,16.052681
49.977309,16.059442
49.980821,16.059936
49.982063,16.060332
49.983597,16.061236
49.984197,16.061999
49.985624,16.060508
49.986368,16.060038
49.986429,16.059409
49.985838,16.059361
49.986063,16.058619
49.985842,16.057592
49.986039,16.057444
49.986577,16.057741
49.986750,16.057387
49.986744,16.056588
49.986137,16.055363
49.986966,16.055678
49.986910,16.055042
49.987076,16.054717
49.986931,16.054112
49.987117,16.053334
49.987013,16.052665
49.987772,16.051911
49.987454,16.051533
49.987410,16.050334
49.988881,16.049916
49.990397,16.048998
49.991082,16.047022
49.991538,16.047432
49.991695,16.048078
49.991310,16.049719
49.991562,16.050432
49.992292,16.051242
49.992768,16.051788
49.994814,16.055324
49.995604,16.061445
49.995552,16.061833
49.994946,16.061843
49.994622,16.063684
49.994801,16.063905
49.994787,16.065171
49.995673,16.065406
49.995667,16.066670
49.997054,16.066703
49.997094,16.067356
49.997866,16.067274
49.997964,16.066034
50.000402,16.065472
50.001949,16.065462
50.003728,16.066014
50.004250,16.066342
50.004043,16.066603
50.004237,16.067018
50.004220,16.067639
50.002030,16.068255
50.002063,16.068573
50.002419,16.069590
50.004396,16.069152
50.003943,16.069767
50.003908,16.070391
50.003939,16.070919
50.004236,16.071512
50.004240,16.072171
50.004516,16.072234
50.004266,16.074596
50.004306,16.076470
50.004401,16.077759
50.005076,16.081121
50.005286,16.081631
50.005154,16.082539
50.005614,16.085195
50.006356,16.087394
50.006757,16.087673
50.007051,16.089685
50.006328,16.091401
50.007560,16.092276
50.008156,16.092142
50.008802,16.092307
50.009918,16.093316
50.010404,16.093159
50.012065,16.093958
50.012435,16.093696
50.012558,16.093280
50.012089,16.091468
50.012140,16.090939
50.012977,16.089175
50.014162,16.085621
50.014966,16.083890
50.015482,16.083292
50.016163,16.083929
50.016829,16.083023
50.017460,16.081281
50.018697,16.081243
50.018914,16.081850
50.019022,16.083671
50.019579,16.084709
50.020834,16.084920
50.022983,16.087290
50.027441,16.090047
50.027878,16.089716
50.028224,16.089135
50.028574,16.087148
50.031370,16.084934
50.031052,16.081745
50.034741,16.081943
50.034322,16.083254
50.033757,16.084170
50.033255,16.085581
50.032953,16.087489
50.032523,16.088648
50.026403,16.091553
50.025392,16.093546
50.023679,16.101086
50.022419,16.104485
50.022023,16.107084
50.020935,16.109989
50.020456,16.111100
50.019611,16.113989
50.019509,16.114822
50.020726,16.114999
50.023891,16.119492
50.025538,16.119494
50.027755,16.120350
50.031651,16.121019
50.032178,16.121305
50.032350,16.122033
50.033166,16.121930
50.036320,16.124698
50.037178,16.125164
50.038367,16.125458
50.039306,16.126036
50.040658,16.127931
50.041547,16.128448
50.041686,16.128240
50.042089,16.128801
50.043634,16.129875
50.044147,16.129714
50.044551,16.129052
50.044477,16.128671
50.044622,16.128674
50.044771,16.129223
50.045582,16.129655
50.045787,16.129619
50.045957,16.128858
50.046197,16.128801
50.046058,16.131201
50.047613,16.131683
50.048260,16.132229
50.048516,16.134108
50.049492,16.136914
50.050285,16.137476
50.050530,16.137981
50.051352,16.137961
50.052007,16.137522
50.053378,16.137081
50.053891,16.136442
50.054340,16.135280
50.056716,16.135476
50.057748,16.135363
50.058177,16.136018
50.059030,16.135810
50.059756,16.136946
50.061039,16.137772
50.062425,16.138032
50.062668,16.138874
50.062895,16.139143
50.063264,16.139359
50.063939,16.139183
50.063481,16.140093
50.063007,16.140529
50.062832,16.141966
50.062756,16.142528
50.063998,16.144036
50.064463,16.143476
50.065395,16.143226
50.067453,16.146473
50.067422,16.147407
50.065978,16.150039
50.065064,16.150778
50.063826,16.152276
50.062774,16.153236
50.061350,16.155162
50.060793,16.155584
50.060189,16.155747
50.060068,16.156682
50.059689,16.157312
50.060292,16.158245
50.060104,16.158897
50.060481,16.158731
50.060521,16.159399
50.060776,16.159916
50.060750,16.160300
50.060133,16.160396
50.060017,16.160796
50.060911,16.160764
50.061313,16.160945
50.061561,16.161365
50.061618,16.162255
50.061214,16.163043
50.061430,16.163525
50.059424,16.165033
50.059751,16.166775
50.060572,16.167852
50.061533,16.168132
50.059954,16.169676
50.059648,16.171052
50.059760,16.172086
50.059626,16.173347
50.059737,16.173861
50.059181,16.175042
50.055308,16.177639
50.052167,16.180710
50.051697,16.180961
50.051458,16.180413
50.051131,16.180766
50.051140,16.181636
50.050945,16.182064
50.051023,16.183371
50.050255,16.185741
50.050052,16.187168
50.049122,16.186574
50.047626,16.188384
50.048017,16.189889
50.047204,16.190285
50.046307,16.190388
50.045574,16.189407
50.044969,16.190413
50.043086,16.191757
50.042852,16.192023
50.042968,16.192621
50.041455,16.193703
50.040486,16.193944
50.039252,16.194766
50.038718,16.195619
50.038527,16.196720
50.038441,16.197522
50.040396,16.198034
50.040807,16.198454
50.040844,16.199079
50.040037,16.201905
50.039869,16.204927
50.040198,16.206204
50.041029,16.207435
50.041757,16.208234
50.043569,16.209629
50.044084,16.210353
50.044968,16.214778
50.044118,16.218005
50.044053,16.219098
50.044908,16.219046
50.045209,16.219316
50.045574,16.220474
50.045891,16.223580
50.046371,16.223341
50.046170,16.225048
50.045266,16.227048
50.043636,16.228768
50.042573,16.230205
50.043548,16.230666
50.044381,16.230421
50.044828,16.231958
50.044838,16.233095
50.045544,16.235458
50.046960,16.238750
50.047675,16.241238
50.049866,16.241387
50.050840,16.241961
50.051572,16.242943
50.052359,16.243198
50.053183,16.242955
50.054741,16.240742
50.055706,16.242189
50.055237,16.243199
50.054504,16.243327
50.054401,16.244765
50.055451,16.246646
50.054821,16.248429
50.053827,16.250191
50.053095,16.251079
50.052050,16.251388
50.051348,16.249699
50.051732,16.248634
50.051706,16.248273
50.051271,16.248012
50.049958,16.246134
50.048646,16.245381
50.047842,16.245157
50.047764,16.246575
50.045809,16.247551
50.042607,16.247691
50.042856,16.249375
50.042792,16.250988
50.043030,16.254262
50.043712,16.255800
50.044272,16.259032
50.045455,16.262239
50.045508,16.265082
50.045840,16.267918
50.045615,16.269798
50.045964,16.272744
50.046961,16.273019
50.047617,16.272834
50.047922,16.272921
50.048091,16.273257
50.047972,16.277099
50.047837,16.277362
50.047466,16.277117
50.047156,16.277326
50.047029,16.279329
50.046492,16.280407
50.046957,16.280705
50.047039,16.281084
50.046217,16.282225
50.046216,16.282591
50.046607,16.282986
50.047183,16.282956
50.048096,16.279944
50.048924,16.280375
50.048184,16.282654
50.049677,16.283785
50.049397,16.284662
50.049435,16.284937
50.050588,16.282614
50.051004,16.280996
50.051437,16.280850
50.050840,16.285731
50.050238,16.288155
50.048215,16.292203
50.048976,16.293475
50.048559,16.294209
50.048320,16.295163
50.047899,16.295223
50.047752,16.295684
50.047846,16.296988
50.047699,16.299332
50.047259,16.300884
50.046911,16.301450
50.046692,16.301432
50.046961,16.300262
50.046919,16.299932
50.046728,16.299796
50.046040,16.301040
50.045345,16.301822
50.044905,16.303120
50.044853,16.303523
50.045306,16.304034
50.045192,16.304461
50.045613,16.305905
50.045518,16.307214
50.045370,16.307549
50.045405,16.308161
50.045187,16.308017
50.044936,16.305293
50.044387,16.305332
50.044106,16.305831
50.042872,16.310794
50.044466,16.314829
50.043680,16.315851
50.042983,16.317855
50.042942,16.320798
50.042240,16.322732
50.042202,16.323708
50.041885,16.325463
50.041697,16.325734
50.041415,16.328101
50.041230,16.328555
50.040174,16.329834
50.040207,16.332680
50.040720,16.332647
50.040770,16.332343
50.042801,16.332145
50.043751,16.331769
50.044585,16.331920
50.045758,16.331632
50.047025,16.330878
50.048373,16.330503
50.049815,16.328412
50.051835,16.326699
50.053311,16.324587
50.053721,16.324376
50.054163,16.324734
50.054498,16.324606
50.054990,16.323143
50.055889,16.321807
50.057121,16.320960
50.057261,16.316875
50.058493,16.316141
50.058786,16.315443
50.059351,16.314867
50.059963,16.313693
50.060257,16.312377
50.060847,16.312288
50.061963,16.312572
50.061056,16.315554
50.060720,16.315908
50.060990,16.316521
50.061569,16.316392
50.062683,16.318798
50.065390,16.316444
50.066639,16.316199
50.068093,16.316536
50.067805,16.319327
50.067871,16.320735
50.067736,16.321377
50.067860,16.323098
50.068261,16.325024
50.068787,16.324413
50.068905,16.324547
50.069578,16.323587
50.069855,16.323792
50.070195,16.325869
50.070140,16.326750
50.069754,16.328166
50.070097,16.328655
50.069628,16.329566
50.069264,16.329910
50.068114,16.330391
50.066634,16.331702
50.066344,16.332582
50.066425,16.333580
50.066793,16.334289
50.067401,16.334816
50.070799,16.336278
50.071563,16.338731
50.072557,16.340977
50.072522,16.341882
50.071998,16.344025
50.072099,16.344556
50.072292,16.344972
50.073736,16.345931
50.074465,16.347140
50.076305,16.352612
50.076909,16.355473
50.077548,16.357317
50.077766,16.357209
50.078013,16.356618
50.078213,16.353097
50.079744,16.348713
50.081295,16.346630
50.083014,16.345882
50.084814,16.344108
50.084056,16.342257
50.085768,16.339893
50.087648,16.338863
50.089231,16.338856
50.090295,16.339065
50.092016,16.340481
50.092446,16.341040
50.092792,16.342456
50.093410,16.343516
50.094415,16.344903
50.095436,16.345893
50.095663,16.346416
50.095846,16.348339
50.097012,16.351090
50.097182,16.353212
50.097239,16.352864
50.098855,16.352570
50.100489,16.351513
50.101142,16.355957
50.101384,16.360219
50.101304,16.366674
50.100603,16.371661
50.100596,16.372956
50.100766,16.374193
50.102636,16.377709
50.105076,16.381211
50.108002,16.386472
50.113768,16.392088
50.114433,16.392536
50.118313,16.394047
50.118285,16.394544
50.117941,16.394927
50.116927,16.396945
50.116587,16.398002
50.116424,16.399015
50.116649,16.401410
50.116179,16.401800
50.115648,16.402989
50.115480,16.402906
50.114586,16.408391
50.114933,16.409077
50.115320,16.409165
50.116611,16.408113
50.116829,16.408131
50.116720,16.407742
50.117925,16.407394
50.117976,16.408482
50.117738,16.409719
50.117967,16.411157
50.119161,16.413061
50.119677,16.412311
50.120060,16.412597
50.120131,16.412458
50.120719,16.413342
50.120831,16.413519
50.119986,16.415508
50.120719,16.416774
50.122487,16.418623
50.120116,16.423434
50.119155,16.425062
50.120410,16.428715
50.120631,16.430436
50.121357,16.429959
50.121715,16.431431
50.123638,16.430482
50.123401,16.427667
50.126062,16.422848
50.126425,16.424769
50.125498,16.425984
50.125042,16.427202
50.125581,16.431358
50.127543,16.431851
50.127290,16.433892
50.127685,16.434359
50.129029,16.434945
50.130691,16.434912
50.130808,16.435933
50.130441,16.436362
50.129218,16.436460
50.128469,16.436110
50.128399,16.436263
50.127977,16.439881
50.128043,16.441445
50.128360,16.443248
50.128033,16.448327
50.128136,16.449266
50.128831,16.450779
50.128176,16.451623
50.129315,16.453145
50.129979,16.453326
50.131707,16.454353
50.131987,16.455374
50.131960,16.456392
50.132337,16.456356
50.132650,16.457202
50.132656,16.458820
50.133999,16.461826
50.134551,16.462590
50.134342,16.463217
50.134389,16.465291
50.135373,16.466924
50.136349,16.467812
50.136920,16.472302
50.138689,16.474307
50.139497,16.474606
50.139768,16.475362
50.140097,16.475291
50.140524,16.475697
50.141289,16.475904
50.141799,16.476464
50.143417,16.476455
50.144419,16.477184
50.145169,16.476929
50.145842,16.477743
50.146395,16.478015
50.149247,16.477555
50.150617,16.478250
50.151581,16.477818
50.152830,16.477703
50.154046,16.479043
50.155980,16.478375
50.156913,16.479299
50.157640,16.478697
50.158292,16.478458
50.160249,16.479152
50.161055,16.478268
50.161433,16.478105
50.162209,16.478465
50.162724,16.478968
50.162966,16.478941
50.163207,16.478773
50.164296,16.481008
50.164368,16.481643
50.164697,16.482207
50.166850,16.489527
50.167104,16.491581
50.167203,16.494155
50.167647,16.496473
50.166942,16.497382
50.165980,16.498109
50.165480,16.501025
50.164105,16.502174
50.163439,16.503118
50.164158,16.505122
50.164932,16.505708
50.159565,16.520714
50.151748,16.522606
50.151496,16.522874
50.151277,16.523742
50.151556,16.524638
50.151712,16.526342
50.153022,16.526190
50.153052,16.526621
50.152323,16.526534
50.152184,16.527135
50.151781,16.527063
50.150354,16.531471
50.148913,16.532588
50.148677,16.533740
50.148626,16.535987
50.147467,16.535058
50.150172,16.540115
50.148093,16.545943
50.147923,16.546225
50.147182,16.546618
50.147076,16.546917
50.138612,16.569430
50.141162,16.571771
50.139813,16.574728
50.139695,16.575367
50.139842,16.575652
50.140323,16.575163
50.140537,16.575253
50.142072,16.578596
50.142064,16.579639
50.142459,16.579994
50.142976,16.580920
