# GsakName=inowrocﺏawski
52.869595,18.056288
52.874971,18.059129
52.877812,18.058163
52.882375,18.060087
52.884396,18.054147
52.892835,18.046693
52.895632,18.050691
52.89752,18.041078
52.904211,18.038136
52.907673,18.032769
52.905906,17.996904
52.917898,17.975734
52.923963,17.968271
52.932086,17.979671
52.936743,17.989609
52.942525,17.989917
52.944809,18.015791
52.952676,18.014599
52.958411,18.008782
52.962728,18.009048
52.966186,18.018351
52.966497,18.021636
52.963814,18.023052
52.96676,18.037154
52.967612,18.038926
52.970853,18.038966
52.971603,18.037522
52.972553,18.038825
52.973385,18.053589
52.971071,18.047228
52.967575,18.054063
52.966989,18.052251
52.961921,18.069284
52.957581,18.065829
52.953743,18.079421
52.958146,18.08135
52.947479,18.082351
52.94928,18.088548
52.948629,18.097683
52.943073,18.100797
52.941776,18.106087
52.936513,18.111699
52.941895,18.106524
52.94024,18.116114
52.941688,18.116807
52.941731,18.128517
52.944097,18.135895
52.949835,18.137758
52.948851,18.149054
52.951256,18.149336
52.949826,18.15851
52.944792,18.157779
52.944338,18.16586
52.94726,18.166341
52.947449,18.162855
52.948739,18.163447
52.948514,18.170807
52.94498,18.175194
52.943332,18.172653
52.942585,18.175562
52.943611,18.17897
52.945515,18.179978
52.944644,18.195695
52.94716,18.210633
52.945865,18.217746
52.953161,18.224246
52.953663,18.249447
52.955013,18.253971
52.956796,18.253965
52.958127,18.257486
52.961535,18.250856
52.970183,18.243877
52.974189,18.243971
52.975544,18.232662
52.977674,18.228572
52.978843,18.229245
52.984575,18.228563
52.985701,18.23715
52.981474,18.243402
52.98026,18.251861
52.980436,18.275211
52.98169,18.28216
52.980356,18.287995
52.981014,18.296036
52.988225,18.291875
52.988984,18.296006
52.99009,18.295513
52.991785,18.299577
52.991344,18.305012
52.990984,18.306851
52.979541,18.312053
52.976297,18.311945
52.974404,18.308029
52.970913,18.307503
52.970399,18.311775
52.972089,18.31535
52.970549,18.317691
52.98008,18.333655
52.980889,18.340726
52.985342,18.338917
52.987538,18.349659
52.986941,18.366886
52.986739,18.390392
52.988923,18.394685
52.989621,18.402838
52.988284,18.40329
52.988476,18.407705
52.983872,18.40726
52.980668,18.382417
52.975045,18.385029
52.968744,18.376903
52.960316,18.37177
52.952436,18.363912
52.946179,18.360997
52.955963,18.439962
52.942427,18.445936
52.948651,18.495733
52.908027,18.512898
52.906933,18.507773
52.902947,18.525073
52.899322,18.518706
52.896664,18.530649
52.88927,18.543344
52.8836,18.557808
52.878981,18.564759
52.853506,18.553654
52.85505,18.54516
52.850524,18.544084
52.85086,18.540654
52.848173,18.541387
52.843363,18.538186
52.843569,18.534011
52.841953,18.531554
52.837576,18.537462
52.839319,18.538645
52.837914,18.543761
52.834478,18.54432
52.818379,18.529922
52.819989,18.541855
52.815394,18.546117
52.81227,18.551639
52.810038,18.552393
52.814305,18.571291
52.807157,18.582879
52.802335,18.582256
52.80148,18.586109
52.798268,18.587757
52.800665,18.610633
52.799805,18.613176
52.797809,18.614035
52.795651,18.614197
52.787177,18.625152
52.782948,18.62515
52.774038,18.615631
52.753652,18.604212
52.752639,18.583632
52.754753,18.567834
52.757082,18.560766
52.75603,18.554284
52.752537,18.551979
52.748763,18.544175
52.743672,18.54128
52.748028,18.50006
52.73954,18.500787
52.736906,18.505941
52.710975,18.50742
52.709273,18.503614
52.703195,18.503266
52.696812,18.499907
52.692227,18.499825
52.690484,18.489858
52.689154,18.469581
52.6732,18.472
52.662999,18.468319
52.660875,18.47223
52.655933,18.475738
52.655897,18.461142
52.649302,18.459665
52.645593,18.456769
52.643421,18.456726
52.643183,18.45877
52.634182,18.46311
52.630237,18.475293
52.627169,18.473995
52.624789,18.480286
52.612063,18.479663
52.608368,18.477999
52.598598,18.481526
52.596322,18.474951
52.593103,18.47522
52.590894,18.473162
52.586155,18.474207
52.585573,18.480917
52.578864,18.475784
52.580045,18.467315
52.577843,18.466772
52.578713,18.447403
52.575723,18.448917
52.571967,18.440836
52.568962,18.439418
52.563047,18.440939
52.558729,18.443836
52.554078,18.431008
52.553839,18.420094
52.541486,18.395045
52.537464,18.377151
52.542789,18.355154
52.551779,18.354347
52.558057,18.349124
52.56511,18.347656
52.579211,18.355901
52.58174,18.36192
52.583584,18.360544
52.586669,18.362369
52.588887,18.359945
52.591516,18.360536
52.593177,18.316634
52.591569,18.305791
52.583382,18.308764
52.582774,18.301479
52.586311,18.295883
52.587561,18.289881
52.590678,18.290724
52.592922,18.282174
52.596715,18.282648
52.596794,18.265516
52.598365,18.260202
52.604111,18.249255
52.605981,18.248694
52.607354,18.242162
52.612564,18.238777
52.620855,18.244163
52.625623,18.253985
52.630273,18.255775
52.633628,18.255836
52.637233,18.247135
52.640242,18.244693
52.639512,18.238035
52.647165,18.243406
52.660614,18.243585
52.665402,18.262728
52.66703,18.25708
52.67136,18.252591
52.672168,18.235556
52.678003,18.238543
52.68363,18.244921
52.690866,18.259625
52.694381,18.263367
52.697006,18.263349
52.698029,18.261947
52.695682,18.258117
52.698106,18.256368
52.699694,18.24737
52.701435,18.246244
52.70027,18.239248
52.703662,18.239518
52.706647,18.236386
52.707719,18.238511
52.711673,18.238739
52.713161,18.236211
52.713651,18.239624
52.722388,18.234803
52.722958,18.235833
52.732455,18.227264
52.729642,18.20274
52.727664,18.195223
52.715692,18.188763
52.719581,18.180323
52.709778,18.175125
52.712951,18.161204
52.714964,18.158214
52.713673,18.155984
52.703226,18.147447
52.703134,18.151173
52.694711,18.143199
52.691863,18.151917
52.688441,18.147879
52.687657,18.139935
52.692266,18.13191
52.693223,18.117102
52.68918,18.114187
52.690341,18.097523
52.688701,18.0727
52.687173,18.067988
52.68408,18.068667
52.681641,18.064598
52.677483,18.06657
52.67293,18.042381
52.677442,18.044298
52.684182,18.036565
52.682346,18.00997
52.685339,18.008198
52.686805,18.013176
52.688243,18.013587
52.689247,18.011221
52.712747,18.010406
52.711653,18.000771
52.715547,17.997642
52.716194,18.003987
52.719301,18.011311
52.720729,18.009898
52.723625,18.010877
52.726868,18.00963
52.727297,18.011999
52.731395,18.015957
52.736097,18.018115
52.738582,18.032322
52.743809,18.029915
52.745569,18.029772
52.745735,18.030923
52.746167,18.029674
52.750598,18.029464
52.757049,18.03199
52.76276,18.032296
52.763897,18.038128
52.767577,18.038693
52.767088,18.028179
52.76867,18.02659
52.770128,18.012853
52.773791,18.018647
52.782385,18.020317
52.79213,18.004986
52.789984,17.999433
52.79161,17.99789
52.791803,17.994964
52.797023,17.99642
52.796721,18.002183
52.804851,18.009288
52.807025,18.017015
52.808195,18.03371
52.805728,18.043446
52.806824,18.043994
52.806326,18.052627
52.808191,18.052518
52.808218,18.054381
52.813374,18.05421
52.813066,18.055603
52.818298,18.058982
52.820498,18.054672
52.831383,18.068702
52.836604,18.056391
52.843494,18.066909
52.848906,18.070491
52.851546,18.065323
52.853058,18.064895
52.855624,18.050498
52.858467,18.049712
52.869595,18.056288
