# GsakName=kro𦨭ie雟ki (lubuskie)
51.996127,14.721327
52.003688,14.714047
52.005255,14.715489
52.008234,14.725248
52.013931,14.72671
52.023409,14.741314
52.029073,14.740362
52.031786,14.748249
52.036811,14.747506
52.043037,14.749776
52.046531,14.745712
52.050465,14.746802
52.05385,14.745249
52.056372,14.747826
52.060663,14.757255
52.065689,14.759096
52.070025,14.755227
52.070858,14.764092
52.078862,14.768443
52.081336,14.77466
52.079938,14.780605
52.073573,14.785092
52.070498,14.790213
52.070676,14.797343
52.074039,14.806656
52.083271,14.789871
52.086158,14.792344
52.085764,14.796372
52.090214,14.800439
52.090132,14.805835
52.092426,14.797593
52.094576,14.798914
52.094663,14.804879
52.096802,14.803334
52.099172,14.804713
52.101033,14.799323
52.103363,14.797825
52.1052,14.798659
52.107811,14.794743
52.109377,14.812457
52.110669,14.813985
52.113021,14.812135
52.114584,14.812869
52.115448,14.815938
52.119694,14.810425
52.123448,14.80839
52.132158,14.810039
52.134862,14.808376
52.138185,14.810783
52.140879,14.821966
52.149255,14.835006
52.144885,14.837621
52.145846,14.844507
52.147739,14.843023
52.148765,14.847027
52.145905,14.851956
52.146604,14.859189
52.14321,14.860829
52.142254,14.870585
52.13606,14.870992
52.137232,14.8614
52.132268,14.864424
52.137787,14.886535
52.140801,14.882674
52.142308,14.884539
52.143185,14.882766
52.144833,14.884661
52.147621,14.877707
52.147937,14.880475
52.152185,14.884607
52.155199,14.879647
52.151166,14.874154
52.153795,14.869241
52.166538,14.888852
52.169667,14.886706
52.171671,14.881025
52.176454,14.881387
52.178388,14.883232
52.176493,14.884135
52.17804,14.888909
52.176502,14.889433
52.176527,14.891745
52.178121,14.892651
52.181623,14.891322
52.182883,14.896287
52.186629,14.890722
52.194536,14.88321
52.200002,14.885062
52.206843,14.889444
52.206795,14.892352
52.205376,14.893312
52.207351,14.895052
52.20533,14.898172
52.20706,14.898813
52.206238,14.900601
52.207767,14.903691
52.205971,14.905774
52.207056,14.907247
52.208104,14.90531
52.210448,14.907109
52.208768,14.910005
52.210086,14.913224
52.209369,14.920158
52.208034,14.917873
52.20702,14.91887
52.208783,14.923416
52.207219,14.924276
52.206948,14.921288
52.204918,14.924459
52.206183,14.923711
52.207182,14.931714
52.20866,14.930151
52.209563,14.931696
52.208353,14.933209
52.211338,14.936941
52.208949,14.946904
52.208643,14.960892
52.21888,14.982299
52.217783,15.006976
52.215201,15.008965
52.216493,15.023938
52.218881,15.027104
52.223753,15.026081
52.221857,15.032217
52.220289,15.032763
52.221804,15.046201
52.225541,15.051946
52.224197,15.053413
52.224623,15.055591
52.225741,15.05713
52.227226,15.056596
52.227399,15.060281
52.229825,15.061041
52.230584,15.059945
52.232815,15.067537
52.232363,15.070293
52.231352,15.06999
52.231864,15.072033
52.230635,15.071424
52.231659,15.072745
52.230677,15.075945
52.229038,15.077249
52.230523,15.07982
52.232898,15.080259
52.232425,15.083024
52.234736,15.087081
52.23352,15.087043
52.232803,15.089739
52.23182,15.086677
52.227221,15.08613
52.226084,15.091333
52.22601,15.08901
52.223344,15.090332
52.222786,15.092717
52.205045,15.101023
52.212434,15.137462
52.21466,15.153822
52.211329,15.155376
52.218799,15.197804
52.205773,15.203903
52.207626,15.214564
52.19459,15.220779
52.208143,15.253418
52.213988,15.287444
52.211834,15.293782
52.208684,15.296589
52.204242,15.304775
52.202583,15.314395
52.195135,15.312556
52.193886,15.306907
52.190285,15.306149
52.190121,15.303987
52.175697,15.300889
52.169411,15.296752
52.163685,15.298013
52.160116,15.296224
52.15456,15.295948
52.145558,15.291706
52.14318,15.292822
52.13354,15.305443
52.131334,15.306001
52.127199,15.303299
52.126541,15.300935
52.121772,15.296312
52.115978,15.294533
52.11521,15.291816
52.112043,15.290802
52.109227,15.292719
52.108039,15.288464
52.105434,15.285493
52.104181,15.28763
52.097653,15.289018
52.09247,15.287081
52.091367,15.288736
52.089118,15.288879
52.083486,15.295359
52.081714,15.290896
52.084068,15.284528
52.078989,15.282482
52.078148,15.283414
52.074883,15.280418
52.08603,15.27369
52.086432,15.270888
52.080608,15.273076
52.079277,15.272125
52.079649,15.268448
52.077155,15.267771
52.074375,15.269424
52.073337,15.267429
52.074643,15.261436
52.069721,15.263046
52.066379,15.26242
52.065966,15.266871
52.062447,15.266066
52.056844,15.27081
52.040255,15.275913
52.039425,15.270831
52.035209,15.267015
52.028356,15.276116
52.021591,15.278076
52.015996,15.264827
52.010758,15.26085
52.005248,15.260328
52.003755,15.258066
52.00131,15.261908
51.999564,15.271369
51.993927,15.276073
51.985114,15.279401
51.983157,15.281638
51.973837,15.276829
51.968548,15.288307
51.962142,15.293292
51.948761,15.283152
51.934025,15.274775
51.931302,15.265672
51.93341,15.250183
51.928691,15.244581
51.913193,15.235682
51.910476,15.23603
51.906091,15.239272
51.899121,15.232354
51.899983,15.20392
51.896483,15.197776
51.892242,15.179167
51.890633,15.175322
51.887029,15.17257
51.881973,15.164709
51.882696,15.15633
51.879859,15.155565
51.878096,15.15309
51.862882,15.106457
51.860845,15.08447
51.861855,15.076683
51.866268,15.069179
51.871485,15.068282
51.872757,15.069262
51.8777,15.051235
51.88053,15.031442
51.887988,15.015004
51.883774,14.999425
51.882427,14.974664
51.884434,14.971618
51.885695,14.972498
51.888795,14.950845
51.893759,14.938903
51.892833,14.932884
51.887322,14.918658
51.878846,14.927192
51.872923,14.906567
51.870887,14.889662
51.871602,14.88209
51.881686,14.859649
51.881234,14.857193
51.875552,14.848848
51.872624,14.851018
51.872769,14.854
51.871671,14.851388
51.867133,14.851271
51.849653,14.858413
51.84888,14.85568
51.850405,14.848138
51.84923,14.845681
51.850896,14.842489
51.84919,14.839863
51.852075,14.829191
51.85404,14.828013
51.848887,14.819239
51.849474,14.817598
51.84839,14.817936
51.847773,14.798395
51.850064,14.790924
51.849947,14.78583
51.856294,14.781722
51.856994,14.769332
51.859726,14.762255
51.854314,14.763838
51.854229,14.762742
51.853583,14.763855
51.852482,14.752959
51.85048,14.751289
51.84863,14.756011
51.84682,14.756509
51.847061,14.754091
51.845984,14.754387
51.843718,14.758546
51.841556,14.772922
51.839024,14.776597
51.837068,14.775223
51.83762,14.767373
51.835863,14.751456
51.838194,14.723635
51.83544,14.723451
51.824584,14.732204
51.819984,14.730585
51.81751,14.732228
51.815531,14.730906
51.813003,14.735358
51.812169,14.734712
51.810003,14.736612
51.810928,14.720138
51.812802,14.715306
51.814975,14.713496
51.811893,14.703936
51.810471,14.693029
51.807921,14.692152
51.802677,14.686521
51.79213,14.682622
51.786196,14.674831
51.785024,14.6686
51.788384,14.663365
51.786482,14.649962
51.795814,14.645114
51.797695,14.636066
51.801078,14.633957
51.800453,14.622774
51.802009,14.615933
51.804053,14.613645
51.803483,14.608239
51.805039,14.604918
51.809191,14.600806
51.812909,14.600622
51.817319,14.597171
51.821026,14.590146
51.82705,14.589794
51.830646,14.593137
51.833466,14.590995
51.835944,14.592066
51.838144,14.590154
51.842222,14.596269
51.839705,14.601272
51.840172,14.604973
51.841914,14.606101
51.846179,14.603403
51.847887,14.604148
51.848086,14.607149
51.845271,14.609123
51.845055,14.611891
51.847305,14.612197
51.852245,14.607131
51.857421,14.611584
51.858228,14.624475
51.865383,14.634636
51.867441,14.644172
51.872319,14.646785
51.87436,14.65263
51.878934,14.652525
51.883357,14.654571
51.887043,14.661819
51.890515,14.663115
51.889576,14.674394
51.894318,14.674224
51.89513,14.680533
51.898481,14.685269
51.901288,14.693557
51.90345,14.694421
51.908136,14.69129
51.914257,14.6997
51.921148,14.702385
51.923555,14.705531
51.931263,14.703478
51.935858,14.707201
51.936797,14.712553
51.941952,14.719388
51.945764,14.719074
51.951632,14.721389
51.955275,14.718976
51.957198,14.713723
51.964602,14.707971
51.97346,14.706937
51.976892,14.70488
51.979571,14.706998
51.97971,14.711651
51.982432,14.716204
51.988629,14.717405
51.990971,14.719986
51.996127,14.721327
