# GsakName=siedlecki
52.288217,22.210711
52.290737,22.21166
52.292532,22.214427
52.297054,22.211947
52.30037,22.214113
52.303876,22.213896
52.305774,22.224256
52.30101,22.243388
52.312266,22.246498
52.310213,22.265071
52.317655,22.271302
52.314948,22.283443
52.3116,22.281421
52.311813,22.293642
52.302474,22.297089
52.301296,22.300121
52.305506,22.31521
52.301289,22.317843
52.302615,22.322904
52.301654,22.329247
52.304311,22.332711
52.302897,22.354097
52.30415,22.367575
52.318958,22.361081
52.32207,22.362713
52.32145,22.377624
52.314717,22.381715
52.318725,22.402556
52.316102,22.405777
52.313919,22.414957
52.314068,22.421677
52.319805,22.450604
52.316386,22.460615
52.320473,22.463671
52.321039,22.462613
52.322243,22.466661
52.320125,22.469224
52.321547,22.482135
52.319444,22.491016
52.322635,22.494958
52.329614,22.510123
52.335213,22.50976
52.342267,22.512962
52.354441,22.52438
52.352777,22.526666
52.351794,22.534735
52.352093,22.55181
52.356416,22.550563
52.356672,22.554024
52.367953,22.551691
52.365275,22.540245
52.368977,22.539883
52.36927,22.537764
52.376898,22.53696
52.376485,22.532667
52.378865,22.532393
52.386757,22.519378
52.387872,22.526844
52.385617,22.536548
52.389457,22.551888
52.388594,22.562761
52.389935,22.563969
52.396324,22.563864
52.398702,22.559668
52.399874,22.552438
52.408205,22.557572
52.410534,22.562852
52.406515,22.563467
52.403431,22.566271
52.403846,22.574604
52.401835,22.579268
52.39529,22.578347
52.393158,22.580414
52.393263,22.583907
52.398599,22.591934
52.399019,22.603925
52.397442,22.608926
52.392768,22.612657
52.38873,22.612476
52.387462,22.617745
52.39209,22.62233
52.392761,22.625159
52.392651,22.630392
52.388305,22.643248
52.39325,22.65836
52.39211,22.660083
52.388638,22.659807
52.385665,22.664744
52.39101,22.677319
52.392959,22.686854
52.392877,22.695656
52.392243,22.706707
52.384942,22.713839
52.38327,22.722832
52.379859,22.722158
52.377263,22.723993
52.375021,22.720839
52.372263,22.72046
52.363909,22.715606
52.362294,22.729803
52.353831,22.731132
52.35356,22.734034
52.350457,22.734372
52.345931,22.74014
52.340938,22.740201
52.337268,22.737466
52.330539,22.737354
52.330446,22.72989
52.334336,22.720268
52.333969,22.718308
52.329819,22.723585
52.329895,22.721862
52.32887,22.722741
52.325866,22.716551
52.324299,22.715821
52.32545,22.712056
52.325118,22.710042
52.323508,22.710519
52.326581,22.692241
52.32654,22.683203
52.324926,22.682156
52.325031,22.67498
52.319931,22.673732
52.308396,22.706857
52.306299,22.71755
52.306761,22.723206
52.303975,22.729494
52.302923,22.727827
52.301492,22.730055
52.29673,22.722013
52.285965,22.726221
52.286545,22.721671
52.280413,22.723841
52.278987,22.705451
52.275996,22.702041
52.271638,22.6845
52.27837,22.682085
52.277346,22.675235
52.273677,22.67653
52.272339,22.666462
52.269047,22.666979
52.268762,22.670036
52.256701,22.673054
52.256951,22.674493
52.251276,22.675689
52.250228,22.672276
52.245346,22.6757
52.248564,22.685398
52.246559,22.685794
52.247711,22.699016
52.240698,22.700776
52.23772,22.681471
52.24208,22.678018
52.238951,22.637755
52.238451,22.636038
52.222038,22.632639
52.219128,22.647386
52.211614,22.644074
52.199226,22.64497
52.199034,22.628626
52.182492,22.631791
52.172144,22.628877
52.178474,22.608834
52.176146,22.607092
52.180711,22.589976
52.176386,22.584574
52.169209,22.579394
52.167653,22.585043
52.165531,22.583595
52.164856,22.585577
52.152578,22.576445
52.154232,22.570728
52.151251,22.568601
52.152731,22.566767
52.146577,22.561791
52.143328,22.569199
52.136827,22.577755
52.136987,22.590165
52.135028,22.595528
52.131381,22.600694
52.124691,22.599965
52.124663,22.598319
52.121657,22.599571
52.116089,22.610088
52.117228,22.611291
52.090861,22.648292
52.087166,22.657442
52.079613,22.666719
52.072532,22.665591
52.070458,22.663786
52.067723,22.667678
52.065045,22.665879
52.062726,22.669141
52.059676,22.666122
52.053845,22.665186
52.050771,22.66275
52.046885,22.66452
52.039713,22.659897
52.036594,22.661361
52.035376,22.654804
52.032616,22.650483
52.031043,22.633753
52.02788,22.629683
52.023959,22.628959
52.018745,22.622901
52.019094,22.6168
52.027341,22.608674
52.032399,22.609011
52.032679,22.607359
52.036956,22.608281
52.037399,22.585645
52.042081,22.586399
52.038026,22.576613
52.038097,22.572764
52.044524,22.547498
52.050932,22.548351
52.051083,22.528086
52.05729,22.520355
52.063569,22.521631
52.064431,22.51689
52.065709,22.515384
52.068376,22.515947
52.068449,22.508933
52.06993,22.505472
52.067227,22.48329
52.060226,22.481068
52.061065,22.47821
52.054124,22.46986
52.048947,22.469586
52.049322,22.467889
52.045002,22.463509
52.038236,22.462627
52.037305,22.458231
52.029618,22.455995
52.028626,22.45372
52.029811,22.44394
52.027834,22.442017
52.022179,22.441177
52.017431,22.433529
52.017954,22.431945
52.015028,22.425044
52.014159,22.409256
52.016599,22.380415
52.006694,22.371439
52.001619,22.359817
52.000204,22.350093
51.996004,22.34435
51.996855,22.3406
51.998501,22.334631
52.003013,22.327047
52.013454,22.316224
52.015841,22.31688
52.022926,22.324457
52.036889,22.322682
52.037457,22.297455
52.027646,22.294797
52.027902,22.287244
52.024835,22.28949
52.019258,22.285616
52.004806,22.254956
52.004667,22.252137
52.009691,22.242026
52.013793,22.212202
52.028354,22.151913
52.025355,22.147863
52.014701,22.146182
52.006808,22.138613
52.004074,22.131281
52.00322,22.11933
52.001473,22.114539
52.005969,22.076311
52.008435,22.067844
52.014863,22.057151
52.020543,22.051154
52.021713,22.029854
52.015739,22.026515
52.010623,22.013551
52.008935,22.006434
52.012137,21.997681
52.000861,21.986918
51.992664,21.971428
51.988979,21.968374
51.993111,21.954727
51.991924,21.940249
51.993194,21.934191
51.988185,21.931665
51.982042,21.920614
51.980877,21.921551
51.977708,21.910018
51.980484,21.902807
51.974048,21.892974
51.973184,21.889175
51.982888,21.887751
51.984285,21.892903
51.985856,21.890137
51.990816,21.887858
51.99903,21.885079
52.001252,21.886997
52.001936,21.884129
52.005078,21.884381
52.008004,21.881862
52.008233,21.88359
52.015064,21.880811
52.016679,21.885659
52.021748,21.887356
52.024518,21.88013
52.025571,21.880332
52.026256,21.874564
52.030047,21.870911
52.036216,21.870231
52.037546,21.867977
52.041114,21.881845
52.046903,21.890158
52.049748,21.902005
52.051323,21.902837
52.052548,21.908884
52.055362,21.911496
52.054677,21.922901
52.057667,21.922821
52.064327,21.927345
52.072581,21.940552
52.078415,21.946571
52.082507,21.956444
52.085422,21.970735
52.090191,21.975988
52.090871,21.979916
52.090764,21.978105
52.090837,21.976303
52.097381,21.967915
52.102159,21.95372
52.106064,21.94681
52.13424,21.936928
52.147155,21.937719
52.152342,21.931196
52.148948,21.919915
52.159492,21.914076
52.157997,21.90826
52.161179,21.900312
52.163857,21.906469
52.168402,21.909081
52.175225,21.916121
52.181417,21.906393
52.185317,21.912191
52.189094,21.913736
52.194332,21.921441
52.192664,21.929741
52.196524,21.928682
52.196201,21.933321
52.199113,21.932877
52.199646,21.93004
52.19971,21.934634
52.216418,21.941781
52.216197,21.947896
52.21945,21.94691
52.21916,21.956072
52.220895,21.968397
52.216996,21.986117
52.219136,22.00023
52.215911,22.000283
52.215605,22.006656
52.219495,22.005281
52.218661,22.010458
52.215736,22.016064
52.216421,22.021579
52.214516,22.02422
52.21005,22.02616
52.209517,22.048812
52.214842,22.048738
52.214751,22.051274
52.218613,22.048624
52.227397,22.050721
52.228201,22.054545
52.226566,22.065078
52.224466,22.065108
52.224104,22.068359
52.225589,22.068784
52.22539,22.072411
52.231266,22.073592
52.231762,22.075925
52.234404,22.074609
52.240002,22.076785
52.24365,22.061706
52.245256,22.062009
52.246613,22.064778
52.247836,22.064126
52.254938,22.052723
52.257791,22.052162
52.26588,22.054872
52.267335,22.049772
52.27257,22.049419
52.275257,22.04781
52.275313,22.042275
52.276753,22.041757
52.293314,22.042423
52.292848,22.047113
52.297407,22.069582
52.302024,22.0659
52.314328,22.092168
52.326913,22.080827
52.333303,22.065014
52.334938,22.063726
52.336414,22.073816
52.338213,22.076071
52.331761,22.092397
52.317324,22.111956
52.313439,22.114233
52.316265,22.139156
52.313992,22.148524
52.316012,22.165103
52.315296,22.170112
52.313386,22.173928
52.311631,22.174099
52.308975,22.171834
52.304355,22.170675
52.297432,22.171038
52.299936,22.177708
52.299929,22.186206
52.295888,22.195352
52.291043,22.196975
52.288217,22.210711
52.127554,22.241835
52.127714,22.249442
52.130253,22.253224
52.129929,22.25685
52.132188,22.256153
52.134984,22.264465
52.140628,22.26357
52.144277,22.264531
52.14525,22.266228
52.144017,22.274338
52.150966,22.281148
52.149677,22.28528
52.147148,22.283149
52.145331,22.293007
52.143836,22.291848
52.139874,22.301613
52.142735,22.303306
52.145778,22.302283
52.147243,22.304111
52.148672,22.313579
52.152482,22.314524
52.155782,22.318383
52.159681,22.326015
52.160535,22.330956
52.170384,22.329407
52.172607,22.32811
52.174289,22.324273
52.175714,22.305913
52.180684,22.304235
52.18347,22.308127
52.183032,22.3016
52.18473,22.299611
52.18498,22.289643
52.191789,22.28193
52.190363,22.280918
52.195697,22.263962
52.192094,22.261571
52.193151,22.25817
52.18794,22.253956
52.187796,22.251765
52.18063,22.244308
52.181744,22.237874
52.186836,22.240615
52.19152,22.228399
52.195839,22.228757
52.195929,22.223348
52.195947,22.222266
52.193227,22.223251
52.188975,22.220545
52.1843,22.223509
52.180604,22.222286
52.180293,22.224507
52.177496,22.222979
52.173851,22.223747
52.172099,22.226196
52.172115,22.225032
52.169569,22.225817
52.167094,22.231214
52.166903,22.230102
52.164569,22.233096
52.163892,22.231983
52.161354,22.232274
52.160898,22.230555
52.160319,22.231999
52.158915,22.231448
52.155466,22.237699
52.155125,22.236384
52.153381,22.23754
52.152747,22.235397
52.151861,22.236532
52.151791,22.234756
52.150069,22.234402
52.147608,22.239358
52.147143,22.238377
52.141567,22.240674
52.139673,22.238808
52.136316,22.241997
52.135217,22.242245
52.134667,22.239497
52.127554,22.241835
