# GsakName=ostrowski (wielkopolskie)
51.71476,18.006662
51.711992,18.013436
51.715198,18.016685
51.714837,18.01995
51.709657,18.033771
51.713606,18.037164
51.712024,18.051595
51.701494,18.063566
51.700866,18.072448
51.707262,18.084321
51.706258,18.087265
51.696714,18.080952
51.691098,18.080404
51.690433,18.104293
51.693008,18.120273
51.691435,18.12126
51.689429,18.116777
51.687043,18.118655
51.683473,18.118724
51.681788,18.117511
51.681238,18.114605
51.678857,18.114374
51.677805,18.112406
51.674325,18.113191
51.67266,18.110248
51.671442,18.112924
51.666958,18.111389
51.66622,18.107383
51.661397,18.102158
51.662559,18.098117
51.661603,18.096713
51.659806,18.096917
51.659344,18.09236
51.6564,18.091841
51.657787,18.088554
51.656337,18.087449
51.656065,18.083277
51.654204,18.07939
51.651359,18.078658
51.637824,18.074889
51.635756,18.078569
51.632546,18.076652
51.630542,18.080279
51.627497,18.081849
51.628198,18.09008
51.62718,18.087407
51.623442,18.090794
51.621837,18.090541
51.620927,18.088132
51.619478,18.090061
51.618123,18.088732
51.61842,18.091527
51.615359,18.092579
51.616629,18.095605
51.615825,18.097334
51.612563,18.095758
51.611467,18.096589
51.610333,18.09314
51.608677,18.094962
51.605416,18.093692
51.60532,18.099731
51.602698,18.10032
51.603885,18.103993
51.601432,18.10521
51.601927,18.10869
51.599098,18.110305
51.599771,18.116683
51.598238,18.11655
51.59632,18.119284
51.596131,18.126007
51.593618,18.127157
51.59029,18.140181
51.588501,18.142403
51.589412,18.146121
51.588008,18.147411
51.589813,18.149129
51.587792,18.149735
51.588495,18.151689
51.586512,18.154185
51.586815,18.15826
51.585606,18.158463
51.585962,18.162019
51.582861,18.16406
51.583956,18.167067
51.581709,18.169026
51.580123,18.177255
51.577431,18.178279
51.576944,18.182577
51.572178,18.184758
51.57127,18.187132
51.5694,18.184359
51.56705,18.18541
51.565797,18.18448
51.563098,18.187958
51.561821,18.187103
51.557971,18.188415
51.55731,18.184417
51.556489,18.186454
51.552679,18.187467
51.551034,18.18447
51.54949,18.188408
51.546835,18.184542
51.548008,18.183571
51.546214,18.181109
51.545856,18.17708
51.543425,18.177152
51.542911,18.175299
51.541913,18.176759
51.539154,18.174973
51.538471,18.172825
51.540356,18.167766
51.537509,18.160225
51.53791,18.158095
51.535999,18.155489
51.537256,18.150639
51.53521,18.14911
51.533257,18.143853
51.530343,18.144774
51.52771,18.142711
51.527232,18.138947
51.526646,18.140123
51.524107,18.137999
51.523077,18.134847
51.529771,18.133565
51.53861,18.125948
51.543911,18.116737
51.544339,18.108857
51.544844,18.100732
51.54078,18.078829
51.545246,18.077364
51.545789,18.082818
51.547859,18.082424
51.548718,18.081172
51.547351,18.068224
51.557998,18.060716
51.558488,18.050705
51.561242,18.048405
51.564267,18.04835
51.566096,18.044489
51.564562,18.044715
51.556192,18.023593
51.55586,18.018407
51.557434,18.018149
51.558133,18.013004
51.560532,18.012963
51.563858,18.015416
51.567446,18.021283
51.569865,18.021329
51.569007,17.996672
51.578447,18.004518
51.582266,17.999705
51.577837,17.990412
51.574182,17.989263
51.573391,17.986378
51.570148,17.983656
51.567816,17.983958
51.563136,17.981761
51.568803,17.950395
51.568997,17.948299
51.563955,17.939416
51.555106,17.938619
51.547824,17.932567
51.539219,17.904478
51.534831,17.896075
51.525557,17.889878
51.518011,17.874825
51.513135,17.871199
51.509272,17.872881
51.50769,17.873093
51.496975,17.861221
51.495197,17.862856
51.493988,17.861056
51.490824,17.863846
51.489688,17.862392
51.493435,17.856076
51.491786,17.854392
51.49215,17.85228
51.486366,17.849879
51.488183,17.845023
51.495972,17.847205
51.50297,17.833366
51.499157,17.826968
51.498039,17.828383
51.496318,17.825724
51.493789,17.831792
51.491092,17.830955
51.490255,17.832283
51.487531,17.830225
51.48387,17.837226
51.479412,17.838525
51.479269,17.83102
51.481947,17.825112
51.481118,17.82329
51.488058,17.806119
51.489697,17.807728
51.492673,17.800394
51.491077,17.798332
51.495818,17.783283
51.490928,17.778461
51.490472,17.779545
51.486787,17.776626
51.488288,17.774102
51.490035,17.773762
51.494611,17.764414
51.491946,17.760958
51.488806,17.7597
51.491572,17.754904
51.490484,17.754904
51.490365,17.752286
51.48918,17.751488
51.48507,17.753388
51.486103,17.748202
51.484797,17.74903
51.482766,17.750622
51.482532,17.747385
51.479366,17.744919
51.477911,17.741568
51.474993,17.747725
51.471358,17.742799
51.463366,17.753704
51.465594,17.784527
51.461794,17.791462
51.457633,17.795031
51.455297,17.800594
51.450518,17.787973
51.448223,17.773847
51.443288,17.763569
51.436782,17.755778
51.427572,17.749386
51.411314,17.750024
51.41265,17.7456
51.414662,17.748463
51.416846,17.734189
51.419084,17.737955
51.421654,17.72952
51.420797,17.726251
51.422613,17.723178
51.421283,17.719117
51.422654,17.718637
51.421492,17.715989
51.419838,17.716935
51.418505,17.713963
51.414744,17.716204
51.411439,17.715173
51.406257,17.719428
51.403061,17.718549
51.399492,17.703072
51.401736,17.700364
51.405388,17.686795
51.407819,17.688062
51.409105,17.682314
51.410979,17.68287
51.414798,17.674502
51.415986,17.66833
51.409983,17.661103
51.412755,17.652642
51.418032,17.648389
51.421195,17.63978
51.423634,17.640069
51.423478,17.630953
51.421653,17.63135
51.419092,17.626573
51.422992,17.612871
51.41985,17.612111
51.409389,17.603916
51.409616,17.584888
51.404991,17.570306
51.406118,17.563519
51.410522,17.554429
51.413309,17.553743
51.417178,17.548876
51.418998,17.548518
51.41937,17.543862
51.42129,17.540568
51.428348,17.545304
51.427823,17.548373
51.431843,17.548954
51.435179,17.551958
51.442943,17.548183
51.450324,17.53718
51.452066,17.532137
51.454804,17.530706
51.457198,17.527006
51.462508,17.52081
51.470018,17.529123
51.472813,17.521606
51.476185,17.519915
51.480364,17.522967
51.480874,17.521106
51.484898,17.52321
51.485662,17.51787
51.487142,17.518644
51.488173,17.515993
51.489208,17.518434
51.493342,17.519426
51.494508,17.524284
51.496884,17.524736
51.49696,17.523799
51.499917,17.526385
51.501527,17.51403
51.502256,17.513057
51.50349,17.514344
51.505502,17.512182
51.510981,17.514631
51.511145,17.52004
51.514581,17.521603
51.513309,17.532934
51.513768,17.535388
51.516144,17.535666
51.515524,17.544747
51.517086,17.545883
51.517589,17.5553
51.51906,17.555397
51.521763,17.562305
51.524198,17.563576
51.52988,17.572734
51.536495,17.573268
51.539704,17.574644
51.539693,17.576389
51.549309,17.574944
51.555193,17.571904
51.56678,17.572366
51.570411,17.560105
51.574914,17.560191
51.575532,17.556846
51.578508,17.554673
51.58421,17.556293
51.582325,17.559738
51.585304,17.562292
51.589514,17.569588
51.589463,17.57102
51.585549,17.572449
51.586041,17.574146
51.589989,17.571415
51.597136,17.572162
51.599512,17.575193
51.601857,17.574146
51.60164,17.577238
51.602581,17.573092
51.605342,17.573281
51.605411,17.58
51.607723,17.581042
51.609448,17.574462
51.613658,17.577957
51.614295,17.575826
51.615458,17.576001
51.617126,17.577355
51.616833,17.581677
51.618362,17.582199
51.617098,17.585684
51.619833,17.588915
51.621755,17.588044
51.623119,17.589071
51.625819,17.586692
51.628503,17.586426
51.629674,17.58255
51.626459,17.574653
51.628002,17.573658
51.627775,17.569842
51.626484,17.56773
51.624275,17.567351
51.623563,17.571184
51.62114,17.571204
51.622147,17.568673
51.620436,17.560431
51.623207,17.549622
51.625344,17.55011
51.627343,17.548378
51.632783,17.55128
51.633288,17.553172
51.638577,17.553858
51.637381,17.557576
51.649752,17.561504
51.650638,17.552662
51.657575,17.552581
51.661575,17.547668
51.664398,17.547714
51.66407,17.56202
51.665773,17.559413
51.671725,17.563313
51.672328,17.567193
51.673719,17.583378
51.672024,17.600119
51.674775,17.604529
51.678158,17.60429
51.681886,17.610254
51.688849,17.612293
51.690671,17.615132
51.698124,17.619288
51.696695,17.632397
51.700336,17.633398
51.703218,17.627696
51.715042,17.661351
51.718433,17.659347
51.725295,17.660788
51.728737,17.657636
51.733519,17.660943
51.736303,17.660719
51.738458,17.679282
51.735553,17.694475
51.742972,17.692978
51.743214,17.698288
51.744775,17.698055
51.744584,17.707239
51.745859,17.707298
51.745777,17.708789
51.74915,17.709368
51.749078,17.711414
51.75084,17.711584
51.750781,17.714465
51.755654,17.713767
51.756875,17.71191
51.756097,17.699971
51.760109,17.68906
51.774737,17.681863
51.776261,17.668327
51.781131,17.666376
51.781125,17.658507
51.784276,17.661315
51.790328,17.645307
51.795641,17.64672
51.799446,17.647495
51.801959,17.645871
51.80447,17.646355
51.809604,17.654701
51.80912,17.662928
51.807002,17.662637
51.807533,17.674114
51.808834,17.67554
51.808248,17.683097
51.810195,17.686058
51.810436,17.692357
51.812488,17.696453
51.814834,17.696786
51.816463,17.726657
51.815102,17.732118
51.810704,17.733996
51.808181,17.73345
51.797041,17.747964
51.791546,17.748284
51.789829,17.74978
51.789571,17.771591
51.795778,17.804064
51.799082,17.809826
51.796225,17.8295
51.796114,17.840583
51.789686,17.874455
51.78573,17.873799
51.784014,17.884939
51.784747,17.900312
51.778294,17.933574
51.783237,17.940772
51.786051,17.949572
51.784523,17.969189
51.778254,17.990282
51.763359,17.986516
51.763467,17.996692
51.759673,18.009648
51.75672,18.009344
51.752424,18.005774
51.748704,18.006061
51.744032,17.999915
51.743402,17.995761
51.741074,17.995035
51.740195,18.004746
51.736811,18.005454
51.734188,18.009432
51.733073,18.018022
51.728727,18.014705
51.724185,18.007841
51.725809,18.00175
51.717497,17.998472
51.71476,18.006662
