# GsakName=Řystre Slidre
#
# The source data is © Kartverket http://www.kartverket.no
# and distributed under the license CC BY 4.0
# http://creativecommons.org/licenses/by/4.0/deed.no
#
# This file was created by Peter John Acklam, pjacklam@gmail.com
#
# Area 1 of 1
#
61.0509184,9.1703349
61.0514802,9.1700434
61.0524014,9.168709
61.0529458,9.1667359
61.0530977,9.1659305
61.0531107,9.1655365
61.0535942,9.163399
61.0540847,9.1625168
61.0544127,9.160414
61.0552842,9.1577359
61.0555736,9.1563855
61.0557474,9.1559584
61.0560445,9.1550203
61.0562097,9.1541018
61.0568942,9.1527873
61.0577261,9.1507495
61.0588408,9.1483191
61.059037,9.1477736
61.059393,9.1465065
61.0595848,9.1454764
61.0596031,9.1448838
61.0594074,9.1440392
61.0590165,9.1433615
61.059271,9.1424326
61.05971,9.1415067
61.0597557,9.1405508
61.0594428,9.1390908
61.0594363,9.1369906
61.0603724,9.1353004
61.0613133,9.1344139
61.0614091,9.1343238
61.0614898,9.1342477
61.0632081,9.131725
61.0654962,9.1291743
61.0676205,9.1249648
61.0695861,9.1168091
61.0691951,9.1149602
61.0691578,9.1147456
61.0680637,9.1084452
61.0676613,9.107024
61.067432,9.1060573
61.067359,9.1057125
61.0672611,9.1053045
61.0672119,9.105097
61.0672371,9.1050646
61.0672841,9.1050046
61.0673565,9.1049078
61.0674859,9.1047107
61.0675322,9.1046265
61.0675412,9.1046101
61.0675691,9.1045681
61.0676514,9.1044626
61.0677619,9.1042707
61.0677901,9.1041991
61.0678173,9.1041533
61.0678535,9.1040819
61.0678771,9.1040398
61.0679053,9.1039918
61.0679188,9.1039685
61.0680104,9.1037778
61.0680476,9.1037194
61.0680936,9.103665
61.0681307,9.1036159
61.0682039,9.1035138
61.0682414,9.1034646
61.0681547,9.1021288
61.0678535,9.1001427
61.067598,9.0980679
61.0678579,9.0977408
61.0683527,9.0968704
61.0684961,9.0966184
61.068707,9.0963005
61.0687778,9.0961312
61.0690253,9.0957609
61.0691515,9.0955355
61.0684044,9.0902076
61.0685535,9.0901195
61.0689991,9.0893369
61.0693409,9.0886836
61.0707057,9.0871102
61.0710402,9.0863394
61.0717013,9.0861159
61.0720323,9.0857139
61.0735505,9.083546
61.0738594,9.0830322
61.0744165,9.0828805
61.074597,9.081826
61.0748362,9.0811787
61.0762972,9.0772226
61.0750422,9.0716178
61.0755302,9.068974
61.0767748,9.0671453
61.0814918,9.0651917
61.0820597,9.0643073
61.0820957,9.0642511
61.082398,9.0636844
61.0830249,9.0629081
61.0840303,9.0616289
61.0840005,9.0614614
61.084375,9.0611893
61.0848723,9.0605562
61.0851855,9.0596432
61.0865247,9.0566944
61.0882357,9.0532553
61.08886,9.0558663
61.0892935,9.0575439
61.089466,9.0585292
61.0900017,9.0628995
61.0903793,9.0661534
61.0904203,9.0680662
61.090645,9.0670945
61.0907138,9.0668804
61.0909498,9.0658924
61.0918732,9.0602164
61.0922097,9.0593938
61.0923953,9.0589877
61.0930777,9.0562108
61.0935267,9.0543842
61.0938229,9.0531791
61.0939152,9.052472
61.0939483,9.0523776
61.094039,9.0521344
61.0940843,9.0519622
61.0942666,9.0511769
61.0943639,9.0493704
61.0943951,9.0489111
61.0944448,9.0479288
61.0944341,9.0478207
61.0945668,9.0473559
61.0946985,9.046286
61.0947699,9.0457503
61.0949236,9.0445963
61.0951339,9.0436059
61.0953744,9.0426531
61.0954692,9.0422778
61.095629,9.0411395
61.0958363,9.040441
61.0962828,9.0389685
61.096969,9.037093
61.0979181,9.0344046
61.0979653,9.0342712
61.0996528,9.0303661
61.099704,9.0302478
61.1002222,9.0297454
61.10115,9.0288456
61.1018581,9.0281933
61.1022556,9.0277814
61.1031312,9.0268734
61.1036551,9.0261298
61.1047242,9.0243775
61.1049573,9.0239953
61.1053408,9.0233891
61.1054146,9.0232797
61.1066859,9.0213936
61.1072277,9.0208245
61.1086775,9.019775
61.1086847,9.0197699
61.1099096,9.0165432
61.1101092,9.015994
61.111302,9.0119561
61.1117826,9.0117372
61.1128197,9.0111633
61.1144215,9.0100552
61.1163287,9.0084976
61.1164589,9.0083835
61.1167322,9.007981
61.1174923,9.0071189
61.1182034,9.0062069
61.119028,9.0065682
61.1190559,9.0065158
61.1192694,9.0066799
61.1195845,9.0067113
61.1199049,9.0067401
61.1201453,9.0066881
61.1210689,9.0068135
61.1217484,9.0066878
61.1224262,9.0064614
61.1228706,9.0101862
61.1231827,9.0126266
61.1236884,9.0145614
61.1248748,9.0149553
61.1261483,9.0152286
61.1269557,9.0158003
61.12803,9.0163267
61.1287979,9.0169274
61.1301089,9.0181333
61.1311637,9.01844
61.1312668,9.018408
61.1312864,9.0184083
61.1313206,9.0184091
61.1313449,9.0184058
61.1313745,9.0184063
61.1314104,9.0184034
61.1314437,9.0183912
61.1314896,9.0183644
61.1315184,9.0183334
61.1315591,9.0182747
61.1315963,9.0182049
61.1316296,9.0181498
61.1316594,9.0181283
61.1316972,9.0181012
61.1317242,9.0180886
61.1317747,9.018034
61.1318064,9.0179846
61.1318308,9.0179442
61.1318696,9.0178763
61.131895,9.0178305
61.131924,9.0177697
61.1319702,9.0176742
61.1319975,9.0176061
61.1320276,9.0175138
61.132043,9.0174585
61.132073,9.0173755
61.1320983,9.0173352
61.1321317,9.0173042
61.1321631,9.0172957
61.1321883,9.0172924
61.1322788,9.0172147
61.1323186,9.0171502
61.1324208,9.0170855
61.1324567,9.0170733
61.1324819,9.0170644
61.1325043,9.0170704
61.1325662,9.0170792
61.1325868,9.0170868
61.1326181,9.0170967
61.1326473,9.0171002
61.1326845,9.0171167
61.1327045,9.0171199
61.1327181,9.0171259
61.1327329,9.0171324
61.1327687,9.017148
61.1328001,9.0171578
61.1328405,9.0171587
61.1328898,9.0171561
61.1329231,9.0171436
61.1329392,9.0171385
61.1329663,9.0171261
61.132995,9.0171173
61.133031,9.017101
61.1330679,9.0170927
61.1331038,9.0170842
61.1331369,9.0170811
61.1331639,9.0170724
61.1331908,9.0170692
61.1332251,9.0170606
61.1332493,9.0170517
61.1332807,9.0170485
61.1333076,9.0170436
61.1333391,9.0170406
61.1333643,9.0170318
61.1333885,9.0170286
61.133411,9.017016
61.1334497,9.0169982
61.1334838,9.0169711
61.1335334,9.0169257
61.1335669,9.0168819
61.1336148,9.0168123
61.1336464,9.0167628
61.1336588,9.0167447
61.1336689,9.016725
61.1336831,9.0167048
61.1337123,9.0166767
61.133751,9.0166496
61.133805,9.0166248
61.1338248,9.0166196
61.1338455,9.0166108
61.1338697,9.0166075
61.1339038,9.0165988
61.133928,9.0165957
61.1339533,9.0165868
61.1339757,9.0165837
61.1340009,9.0165692
61.1340413,9.0165479
61.1340703,9.0165206
61.1341109,9.0164582
61.1341453,9.0164126
61.1341877,9.0163576
61.1342152,9.0163337
61.13424,9.0163125
61.1342651,9.0163053
61.1342939,9.0163004
61.1343326,9.0162695
61.1343623,9.0162295
61.1343868,9.0162019
61.1344344,9.0161621
61.1344796,9.0161074
61.1345184,9.0160672
61.1345609,9.0160033
61.1345997,9.0159483
61.134643,9.0158935
61.1347044,9.0158129
61.1347514,9.0157451
61.1347947,9.015685
61.1348291,9.0156446
61.1348833,9.0155641
61.134924,9.0155001
61.1349765,9.015414
61.1350054,9.0153772
61.1350441,9.0153371
61.1350739,9.0153135
61.1350963,9.0153104
61.1351411,9.0153112
61.1351655,9.0153079
61.1351905,9.0153048
61.1352265,9.0152905
61.1352598,9.0152745
61.1352829,9.0152517
61.1353213,9.015201
61.1353392,9.0151795
61.1353709,9.0151245
61.1354097,9.0150734
61.1354269,9.0150631
61.1354482,9.0150249
61.1354666,9.0149965
61.1354937,9.0149563
61.1355224,9.0149438
61.1355476,9.0149444
61.135579,9.0149543
61.1356257,9.0149516
61.1356464,9.0149426
61.1356761,9.0149245
61.1357256,9.014881
61.1357815,9.0148171
61.1358165,9.0148086
61.1358319,9.0147921
61.1358606,9.0147814
61.1359164,9.0147697
61.1359397,9.0147629
61.1359631,9.0147668
61.1359665,9.0147762
61.1360105,9.0147882
61.1360615,9.0148319
61.1360865,9.0148529
61.136107,9.0148682
61.1361224,9.0148666
61.1361385,9.014865
61.1361861,9.0148492
61.1362283,9.0148446
61.1362687,9.0148417
61.1362848,9.0148549
61.1363118,9.0148481
61.1363262,9.0148409
61.1363486,9.0148599
61.1363583,9.0148638
61.1363942,9.0148905
61.1364121,9.0149002
61.136447,9.0149194
61.1364631,9.0149272
61.1364882,9.0149479
61.1365106,9.0149578
61.1365194,9.0149673
61.1365356,9.0149823
61.1365597,9.0149941
61.1365839,9.0150186
61.1366214,9.0150491
61.136641,9.0150643
61.1366535,9.0150812
61.1366625,9.0150869
61.1367,9.0151174
61.1367448,9.0151536
61.1367688,9.0151689
61.1368111,9.0151755
61.136834,9.0151825
61.1368676,9.01518
61.1368927,9.0151862
61.1369231,9.0151961
61.1369374,9.0152003
61.136985,9.015203
61.1370155,9.0152165
61.1370271,9.0152149
61.1370541,9.0152155
61.1370702,9.0152194
61.13709,9.0152199
61.1371438,9.0152264
61.137211,9.0152334
61.1372361,9.0152394
61.1372828,9.0152404
61.1373161,9.0152392
61.1373662,9.0152475
61.1373905,9.0152444
61.1374156,9.0152448
61.1374623,9.0152421
61.1375188,9.0152431
61.1375609,9.0152478
61.1375969,9.015254
61.1376327,9.0152751
61.1376684,9.0153
61.1376899,9.0153302
61.1377131,9.0153472
61.1377282,9.0153848
61.1377638,9.0154318
61.1378145,9.0155293
61.1378242,9.0155407
61.1378414,9.0155558
61.1378752,9.0155975
61.1379029,9.0156388
61.1379243,9.015669
61.1379617,9.0157216
61.1380002,9.0157576
61.138011,9.0157596
61.1380495,9.0157733
61.1380844,9.0157909
61.1381325,9.0158633
61.1381538,9.0159092
61.1381661,9.0159743
61.1381839,9.0160119
61.1382268,9.0160553
61.1382688,9.0160843
61.1382849,9.0160992
61.1382983,9.0161034
61.1383269,9.016128
61.1383762,9.0161568
61.1384165,9.0161577
61.1384345,9.0161543
61.1384551,9.0161509
61.1384867,9.016133
61.138518,9.0161483
61.1385466,9.0161674
61.1385717,9.0161625
61.1385943,9.0161554
61.138614,9.0161504
61.1386454,9.0161381
61.1386904,9.0161482
61.1387244,9.0161581
61.1388096,9.0161617
61.1388473,9.0161681
61.1388903,9.0161819
61.1389306,9.0161975
61.1389593,9.0162073
61.1389979,9.0162192
61.139031,9.0162384
61.1390667,9.0162615
61.1391026,9.0162824
61.1391276,9.0163017
61.1391724,9.0163211
61.1392099,9.016333
61.1392414,9.0163335
61.1392754,9.0163436
61.1393131,9.0163592
61.1393535,9.0163471
61.1393823,9.0163494
61.1393876,9.0163477
61.1394289,9.0163355
61.1394567,9.016364
61.1394896,9.0164147
61.1395235,9.0164634
61.1395592,9.0165051
61.1396056,9.0165637
61.1396413,9.0166051
61.1396814,9.016658
61.1397188,9.0167105
61.1397501,9.0167484
61.1397929,9.0168013
61.1398394,9.0168486
61.1398796,9.0168828
61.1399306,9.0169208
61.1399627,9.0169457
61.1400003,9.016965
61.140038,9.0169936
61.1400736,9.0170371
61.1401166,9.0170656
61.140147,9.0170774
61.1401873,9.0170967
61.1402392,9.0171314
61.1402661,9.0171596
61.1403196,9.0172219
61.1403767,9.0173029
61.140406,9.0173538
61.140446,9.0174436
61.1404762,9.0175241
61.1405028,9.0175988
61.1405338,9.0176921
61.1405664,9.0178005
61.1405992,9.0178904
61.1406212,9.0179209
61.1406367,9.0179317
61.1406884,9.0179941
61.1407179,9.0180375
61.1407614,9.0181311
61.1407996,9.0182209
61.1408262,9.0182809
61.1408546,9.0183612
61.1408961,9.0184827
61.1409157,9.0185351
61.1409467,9.0186063
61.1409672,9.0186624
61.1409734,9.0186718
61.1410063,9.0187245
61.1410196,9.0187564
61.1410356,9.0187727
61.1410537,9.018781
61.1410734,9.0187814
61.1411299,9.0187882
61.1411541,9.0187851
61.1411883,9.0187801
61.1412332,9.0187736
61.1412619,9.0187685
61.1412889,9.0187692
61.1413141,9.0187659
61.1414325,9.0187702
61.1414665,9.0187671
61.1415159,9.0187848
61.1415293,9.0187906
61.1415623,9.0188154
61.1415874,9.0188345
61.1416294,9.0188651
61.1416876,9.0189069
61.1417259,9.0189375
61.1417663,9.0189568
61.1418084,9.0189762
61.1418712,9.018998
61.1419276,9.0190139
61.1419652,9.0190239
61.1419949,9.0190284
61.1420397,9.0190439
61.1421042,9.0190601
61.1421356,9.01907
61.1421696,9.0190855
61.1422045,9.0191048
61.1422403,9.0191297
61.1422922,9.0191548
61.1423253,9.0191703
61.1423594,9.0191803
61.1423953,9.0191902
61.1424419,9.0191968
61.142467,9.019201
61.1425657,9.0192048
61.1426034,9.0192038
61.1427047,9.0192149
61.1427604,9.0192142
61.142765,9.0192106
61.1428394,9.0192139
61.1428977,9.0192243
61.1429496,9.0192403
61.1429828,9.0192558
61.1430249,9.0192715
61.1430544,9.0192813
61.1430725,9.0192817
61.1430876,9.0193043
61.1431068,9.0193297
61.1431241,9.019359
61.1431453,9.0194189
61.1431762,9.0195457
61.1431894,9.019596
61.1431911,9.0196108
61.1432032,9.0196361
61.1432205,9.0196486
61.1432402,9.019662
61.1432805,9.0196961
61.1433028,9.0197152
61.1433386,9.0197456
61.1433896,9.0197745
61.1434236,9.01979
61.1434613,9.0198039
61.1434953,9.0198193
61.1435284,9.019835
61.1435625,9.0198503
61.1436,9.0198733
61.1436421,9.0198983
61.1436673,9.0199293
61.1436866,9.0199642
61.143707,9.0200259
61.143722,9.0200782
61.143768,9.0202222
61.1438017,9.0203175
61.1438273,9.0203961
61.1438477,9.0204669
61.1438777,9.0205603
61.1438911,9.0205848
61.1439115,9.0206316
61.1439668,9.0207032
61.1440151,9.0207339
61.1440537,9.0207607
61.1440697,9.0207795
61.1441098,9.020838
61.1441499,9.0209036
61.1441784,9.0209507
61.1442184,9.0210256
61.144254,9.0210915
61.1442914,9.0211498
61.1443538,9.0212216
61.1443782,9.0212127
61.1444124,9.0211762
61.1444441,9.0211214
61.144483,9.0210663
61.144501,9.0210594
61.1445296,9.0210692
61.1445564,9.0210919
61.1446126,9.0211878
61.1446545,9.021235
61.1446741,9.0212595
61.1446881,9.0212718
61.1446911,9.0212718
61.1447025,9.0212718
61.145538,9.0211578
61.1459685,9.0208349
61.1476999,9.0160036
61.1482599,9.014836
61.1486768,9.0144837
61.1513209,9.0129091
61.1518267,9.0129371
61.1519944,9.0129464
61.1524246,9.0130263
61.1527266,9.0125117
61.1529194,9.0109547
61.1530011,9.0088038
61.1530211,9.0080944
61.1526297,9.0076149
61.1524525,9.0070229
61.1524028,9.0061956
61.1523545,9.0056016
61.1523721,9.0052694
61.1524047,9.0051149
61.152584,9.0042605
61.1524809,9.0034003
61.152541,9.0023929
61.1524728,9.0021048
61.1524254,9.0018034
61.1524842,9.001072
61.152608,9.0004775
61.1527873,9.0000452
61.1528061,8.9993429
61.1529931,8.9986893
61.1530952,8.9978295
61.1531261,8.9971655
61.1531309,8.9964863
61.1529537,8.9957481
61.1526199,8.9949384
61.1522956,8.9942113
61.1519387,8.9939669
61.1516209,8.9935233
61.1513045,8.9928249
61.1511167,8.9922541
61.1511279,8.9914949
61.1513614,8.9908549
61.1516626,8.9904367
61.1520307,8.9899431
61.1523285,8.9895155
61.1526157,8.9892477
61.1529623,8.9891238
61.1532565,8.9888468
61.1535666,8.9884597
61.1539285,8.9880153
61.1542082,8.987707
61.1544803,8.9869669
61.1548181,8.986793
61.1551726,8.986936
61.155557,8.98716
61.1558451,8.9872085
61.1559559,8.9867786
61.1558081,8.9860722
61.1556618,8.985194
61.155628,8.9846216
61.1556808,8.9843193
61.1560829,8.9838245
61.1561177,8.9834791
61.1560915,8.9832895
61.1560798,8.9832027
61.1560624,8.983077
61.1559985,8.9825281
61.1559822,8.9819122
61.155898,8.9816465
61.1557753,8.981517
61.1557189,8.9813498
61.1557531,8.9811354
61.1557828,8.9808523
61.1556987,8.9805573
61.1557141,8.9803034
61.1560389,8.9797815
61.1561776,8.9795297
61.1563445,8.9793178
61.156352,8.9791375
61.1563557,8.9790488
61.1563508,8.9789754
61.1563428,8.9788923
61.1563366,8.978845
61.156326,8.9787736
61.1563167,8.9787024
61.1563099,8.9786122
61.156304,8.9785363
61.1562984,8.9784394
61.1562939,8.9783493
61.1562875,8.9782216
61.1562883,8.9781625
61.156288,8.9780988
61.1562892,8.9780071
61.1562901,8.9779339
61.156292,8.977875
61.1562917,8.9778018
61.1562881,8.9777201
61.1562899,8.9775892
61.156295,8.977462
61.1562979,8.9774104
61.1562995,8.9773678
61.1563095,8.9773117
61.1563194,8.9772511
61.1563235,8.977197
61.1563266,8.9771239
61.156326,8.9770862
61.1563175,8.9770384
61.1563067,8.976993
61.1562959,8.9769451
61.1562807,8.9768831
61.1562665,8.9768374
61.1562588,8.9768135
61.1562352,8.9767811
61.1562127,8.9767612
61.1561834,8.9767314
61.1561579,8.9766804
61.1561346,8.9766272
61.1561113,8.976579
61.15607,8.976508
61.1560345,8.9764328
61.1560032,8.9763794
61.1559742,8.9763352
61.1559408,8.9762721
61.1559196,8.9762332
61.1558941,8.9761775
61.155881,8.9761249
61.1558695,8.9760464
61.1558727,8.9759709
61.1558794,8.975898
61.1558941,8.9758211
61.1559155,8.9757538
61.1559423,8.9757034
61.1560085,8.9756126
61.1560699,8.9755334
61.1561233,8.9754583
61.1561563,8.9753801
61.1561767,8.975289
61.156195,8.9752003
61.1562023,8.97517
61.1562379,8.9750611
61.1562597,8.9749583
61.156283,8.9748395
61.1563086,8.9747015
61.1563236,8.9746032
61.1563375,8.9744953
61.1563501,8.9744064
61.1563593,8.9743102
61.156371,8.9741929
61.1563792,8.9740777
61.156385,8.9739907
61.1563874,8.9738869
61.1563865,8.9736909
61.1563859,8.9735634
61.1563914,8.9734859
61.1563992,8.9734108
61.1564037,8.9733261
61.1564082,8.9732508
61.1564146,8.9731876
61.1564227,8.9730889
61.1564342,8.9729973
61.1564462,8.9729391
61.1564641,8.9728835
61.1564957,8.9728191
61.1565284,8.9727666
61.1565677,8.9727192
61.1565759,8.9727008
61.1565995,8.9726406
61.1566251,8.9725994
61.1566729,8.9725172
61.1567048,8.9724341
61.1567354,8.9723529
61.1567685,8.9722605
61.1568077,8.9721492
61.1568326,8.9720609
61.1568545,8.9719677
61.1568737,8.971879
61.1568827,8.9718087
61.1568891,8.9717454
61.156891,8.9716888
61.1568919,8.9716206
61.1568961,8.971557
61.1569048,8.9714985
61.1569169,8.9714473
61.1569322,8.9714032
61.1569578,8.9713668
61.1569822,8.9713353
61.1570121,8.9713156
61.1570487,8.9713082
61.1570646,8.9713067
61.1570932,8.9712988
61.1571117,8.9712856
61.1571439,8.9712686
61.1571886,8.9712401
61.1572209,8.9712162
61.157252,8.9711918
61.1572716,8.9711809
61.1572935,8.9711538
61.15732,8.9711316
61.157356,8.9710794
61.1573841,8.9710221
61.1574042,8.970971
61.1574233,8.9708966
61.1574392,8.9708173
61.1574443,8.9707774
61.1574518,8.9707189
61.1574608,8.9706486
61.1574697,8.9705759
61.1574784,8.9705174
61.1574966,8.970431
61.1575155,8.97038
61.157539,8.9703248
61.1575647,8.9702718
61.1575764,8.9702444
61.1576086,8.9701397
61.1576263,8.9701005
61.1576657,8.9700484
61.1576901,8.9700145
61.1577096,8.9699966
61.1577584,8.9699308
61.157789,8.9698569
61.1578128,8.9697804
61.1578251,8.9697078
61.1578316,8.9696445
61.1578325,8.9695761
61.1578336,8.9694888
61.1578334,8.9694181
61.1578265,8.9693303
61.1578171,8.9692568
61.1578115,8.9691619
61.1578089,8.9690934
61.1577998,8.9690007
61.1577886,8.9689057
61.1577772,8.9688035
61.1577713,8.9687421
61.1577607,8.9686729
61.1577515,8.9685945
61.1577402,8.9684996
61.1577308,8.9684259
61.1577162,8.9683188
61.1577027,8.9682144
61.157687,8.9681072
61.1576668,8.9679903
61.1576566,8.9678956
61.1576442,8.9677932
61.1576314,8.967717
61.1576103,8.9675956
61.1575881,8.9674575
61.15758,8.9673744
61.1575652,8.9672817
61.1575326,8.9671571
61.1574941,8.9670441
61.1574777,8.9669915
61.1574354,8.9669064
61.157402,8.9668455
61.1573742,8.966792
61.1573273,8.9667094
61.1572849,8.9666386
61.1572301,8.9665531
61.157182,8.966482
61.1571507,8.9664306
61.1570915,8.9663331
61.1570446,8.966255
61.157,8.9661747
61.1569478,8.9660632
61.1569111,8.9659929
61.1568821,8.9659347
61.1568415,8.9658096
61.1568195,8.9657495
61.1567799,8.9656436
61.1567402,8.9655375
61.1566893,8.965412
61.1566439,8.9653055
61.1566059,8.9652375
61.1565747,8.9651768
61.1565378,8.9651207
61.156512,8.9650932
61.1564749,8.965058
61.1564511,8.9650402
61.1564228,8.9650247
61.1563798,8.9649963
61.1563461,8.964966
61.1563134,8.9649266
61.1562889,8.9648827
61.1562627,8.9647917
61.1562433,8.9646961
61.1562251,8.9646079
61.1562101,8.9645294
61.1561953,8.9644388
61.1561766,8.9643032
61.1561618,8.964208
61.1561515,8.9641272
61.1561443,8.9640559
61.1561373,8.9639777
61.1561315,8.9638972
61.156119,8.9638023
61.1561073,8.9637401
61.1560922,8.963666
61.1560839,8.9636042
61.1560746,8.9635283
61.1560617,8.9634708
61.1560484,8.9634301
61.1560097,8.9633406
61.1559876,8.963283
61.1559679,8.9632204
61.1559509,8.9631275
61.1559412,8.9629877
61.1559382,8.9628625
61.1559418,8.9627612
61.1559444,8.9626481
61.155945,8.962511
61.1559532,8.9624031
61.1559791,8.9621519
61.1559917,8.962063
61.1559981,8.9620161
61.1560011,8.9619502
61.1560024,8.9618487
61.1559937,8.9618083
61.1559852,8.96177
61.1559704,8.9616841
61.1559578,8.9615938
61.1559466,8.9614824
61.1559274,8.9613821
61.1558899,8.9612881
61.155862,8.9612346
61.1558252,8.9611641
61.1557898,8.9610822
61.155753,8.9610093
61.1557186,8.960946
61.1556886,8.9608806
61.155672,8.9608396
61.155651,8.9607866
61.1556335,8.9607288
61.1556205,8.9606741
61.1556077,8.9606026
61.1555996,8.9605171
61.1555959,8.9604509
61.1555937,8.9603516
61.1555929,8.9602383
61.1555895,8.9601486
61.1555887,8.9600423
61.1555913,8.9599171
61.1555929,8.9597948
61.1555991,8.9596583
61.1556095,8.9595644
61.1556212,8.9594539
61.1556479,8.9593114
61.1556942,8.9591816
61.1557388,8.9590756
61.1557553,8.9590316
61.1557836,8.95896
61.1558072,8.9588953
61.1558296,8.9588351
61.155852,8.9587868
61.1558846,8.9587295
61.1559114,8.9586792
61.1559542,8.9586582
61.1560109,8.9586203
61.1560533,8.9585944
61.1561324,8.9585562
61.1562308,8.9585
61.1563191,8.9583936
61.1563679,8.958294
61.1563849,8.9581969
61.1563931,8.9580837
61.1564024,8.9579863
61.1563904,8.9578015
61.1563566,8.9576663
61.156322,8.9575923
61.1562975,8.9575506
61.1562661,8.957504
61.1562302,8.9574621
61.1562021,8.95743
61.1561683,8.9573998
61.156149,8.9573845
61.156131,8.9573646
61.1560812,8.9573431
61.1560426,8.9573244
61.1559827,8.9572858
61.1559475,8.9572698
61.1558931,8.9572456
61.1558475,8.9572454
61.15581,8.9572434
61.15577,8.9572412
61.1557518,8.9572356
61.155721,8.9572363
61.155695,8.957223
61.1556677,8.9572074
61.1556293,8.9571911
61.1555952,8.9571799
61.1555284,8.9571409
61.155507,8.9571279
61.1554718,8.9571071
61.1554344,8.9570908
61.1553869,8.9570578
61.1553539,8.9570442
61.1553165,8.9570327
61.155261,8.956999
61.1552316,8.9569905
61.1552088,8.9569818
61.1551931,8.9569694
61.1551784,8.9569545
61.1551628,8.9569299
61.1551393,8.9568981
61.1551184,8.9568283
61.15511,8.9567807
61.1550982,8.9567187
61.1550879,8.956626
61.1550795,8.9565668
61.1550699,8.9565286
61.1550681,8.9564766
61.1550763,8.9563779
61.1550819,8.9562907
61.1550897,8.9562156
61.155094,8.9561427
61.1550963,8.9560508
61.1551028,8.9559804
61.155105,8.955905
61.1551001,8.9558338
61.1550922,8.9557319
61.1550776,8.9556416
61.1550637,8.9555676
61.1550473,8.9555005
61.1550286,8.9554549
61.1550066,8.9553874
61.1549758,8.9553009
61.1549517,8.9552241
61.15494,8.9551551
61.1549318,8.9550814
61.1549315,8.9550129
61.1549432,8.9549074
61.1549581,8.9548067
61.1549726,8.9547391
61.1549848,8.9546711
61.1550126,8.9545525
61.1550419,8.954403
61.1550768,8.9542515
61.1551068,8.9541351
61.1551262,8.9540488
61.15514,8.9539481
61.1551539,8.9538357
61.1551571,8.9537672
61.1551501,8.9536843
61.1551371,8.9536388
61.1551182,8.9535952
61.1550881,8.953544
61.1550635,8.9535004
61.1550445,8.9534687
61.1550168,8.9534151
61.1550092,8.9533771
61.1550048,8.9533602
61.1549984,8.9533314
61.1549831,8.9532718
61.1549766,8.9532525
61.1549669,8.9532048
61.1549626,8.953181
61.1549432,8.9530925
61.1549297,8.9529975
61.1549171,8.9529048
61.1549061,8.9527813
61.1548951,8.9526653
61.1548861,8.9525586
61.1548752,8.9524258
61.154872,8.9523289
61.1548766,8.95223
61.1548804,8.9521123
61.1548918,8.9520161
61.1549239,8.951914
61.1549783,8.9517587
61.1550239,8.9516715
61.1550821,8.9515733
61.1551288,8.9514885
61.1551778,8.9514085
61.155228,8.9513096
61.1552725,8.9512177
61.1553157,8.9511377
61.1553638,8.9510244
61.1554004,8.950925
61.1554531,8.9508146
61.1554952,8.9507318
61.1555234,8.9506742
61.15555,8.9505552
61.1555689,8.9504124
61.1555655,8.9502188
61.1555636,8.9501031
61.1555526,8.949982
61.1555446,8.9498047
61.1555458,8.9497079
61.1555459,8.9496089
61.1555504,8.9495287
61.1555537,8.9494393
61.1555519,8.9494039
61.1555547,8.9493508
61.1555614,8.9492841
61.1555729,8.9491783
61.1555809,8.9490916
61.155585,8.949047
61.1555852,8.9490257
61.1555824,8.9488816
61.1555643,8.9487839
61.1555353,8.9487256
61.1555019,8.948672
61.1554649,8.948618
61.1554266,8.9485804
61.1553971,8.9485624
61.155344,8.9485266
61.1553091,8.9484938
61.1552608,8.9484347
61.1552419,8.9483912
61.1552255,8.9483431
61.155208,8.9482739
61.1551987,8.9481952
61.1552022,8.9481083
61.1551999,8.9480185
61.1552058,8.9479151
61.1552118,8.9477995
61.155221,8.9476917
61.1552366,8.9476333
61.1552627,8.9475521
61.1552948,8.9474479
61.1553161,8.9473969
61.155343,8.9473419
61.155394,8.9472643
61.1554569,8.9471734
61.1555219,8.9470707
61.1555743,8.9469885
61.1556106,8.9469126
61.1556413,8.946834
61.1556592,8.946764
61.1556639,8.9467454
61.1556724,8.9467151
61.1556778,8.9466542
61.1556843,8.9465862
61.1556848,8.9465412
61.1556809,8.9464892
61.1556738,8.9464203
61.1556654,8.9463608
61.1556541,8.9462635
61.1556448,8.9461853
61.1556412,8.9461141
61.1556407,8.9460575
61.1556418,8.9459749
61.1556452,8.945883
61.1556477,8.9457746
61.1556487,8.9456898
61.1556393,8.9456279
61.1556207,8.945556
61.1556087,8.9455201
61.1555989,8.9454888
61.1555901,8.9454577
61.1555694,8.9453882
61.1555528,8.9453378
61.1555396,8.9453013
61.1555209,8.9452487
61.1555087,8.9452173
61.1554986,8.9452073
61.1554797,8.9451755
61.1554639,8.9451513
61.1554517,8.9451293
61.1554344,8.9450599
61.155434,8.9449985
61.1554438,8.9449353
61.1554426,8.9448644
61.1554342,8.9448026
61.1554106,8.9447132
61.1554083,8.9445927
61.1554199,8.94449
61.1554344,8.9444203
61.155449,8.9443504
61.1554643,8.9443087
61.1554806,8.9442836
61.1555003,8.944261
61.1555176,8.9442431
61.1555315,8.9442203
61.1555478,8.9441976
61.1555664,8.9441702
61.1555838,8.9441428
61.1556073,8.9440852
61.1556299,8.9440108
61.1556433,8.9439502
61.1556506,8.9439129
61.1556698,8.9438337
61.1556785,8.9437728
61.1556872,8.9437189
61.1557031,8.9436325
61.1557192,8.9435365
61.1557356,8.9434051
61.1557603,8.9432626
61.1557756,8.9431218
61.1557943,8.943
61.1558056,8.9429158
61.1558095,8.9428759
61.1558226,8.9427491
61.1558355,8.9426223
61.1558436,8.9425213
61.1558475,8.9423917
61.1558449,8.9422359
61.1558487,8.9421252
61.1558588,8.9420431
61.1558643,8.9419679
61.1558657,8.9419492
61.1558671,8.9419256
61.1558704,8.9418337
61.1558732,8.9417985
61.1558779,8.9416926
61.1558802,8.9415936
61.1558779,8.9415154
61.1558686,8.9414395
61.1558601,8.9413822
61.1558474,8.9413109
61.1558391,8.9412418
61.1558246,8.941128
61.1558159,8.9410024
61.1558153,8.9408728
61.1558235,8.9407575
61.1558428,8.9406781
61.1558683,8.9405569
61.1558946,8.9404568
61.1559241,8.9403757
61.1559478,8.9403038
61.1559618,8.9402833
61.156021,8.9401897
61.1560582,8.9401445
61.1560983,8.940123
61.1561281,8.940113
61.1561781,8.9401181
61.1562168,8.9401319
61.1562473,8.9401523
61.1562823,8.9401824
61.1563127,8.9402172
61.1563304,8.9402559
61.1563605,8.9403165
61.1563904,8.9403795
61.1564115,8.9404302
61.156428,8.9404807
61.1564648,8.9405349
61.1565123,8.9405826
61.1565586,8.9405931
61.1566063,8.9405767
61.1566718,8.9405138
61.156709,8.9404382
61.1567164,8.9403965
61.1567168,8.9403031
61.1567151,8.940106
61.1567099,8.9399337
61.1567061,8.9397095
61.156706,8.9394464
61.1567059,8.9393225
61.1567055,8.9392564
61.1567048,8.9392187
61.1567007,8.9390957
61.1567068,8.9389018
61.1567132,8.9387983
61.156714,8.9387301
61.1567203,8.9386217
61.1567301,8.9385585
61.156747,8.9384612
61.1567649,8.938386
61.1568242,8.9382504
61.1568515,8.9381669
61.1568799,8.9380833
61.1569028,8.9379809
61.1569271,8.937864
61.1569384,8.9377797
61.156954,8.9377073
61.1569641,8.9376277
61.1569701,8.9375242
61.1569755,8.9374467
61.1569873,8.9373362
61.1570015,8.9372901
61.1570098,8.9372622
61.1570182,8.9372318
61.1570415,8.9371882
61.1570554,8.9371725
61.1570869,8.9371284
61.1571191,8.9371002
61.157141,8.9370804
61.1571537,8.9370691
61.1571686,8.9370534
61.1571905,8.937038
61.1572229,8.9370044
61.157238,8.9369862
61.1572518,8.9369707
61.1572762,8.9369412
61.1573166,8.9368937
61.1573306,8.9368662
61.1573574,8.9368229
61.1573692,8.9367952
61.1573881,8.9367465
61.157407,8.9366886
61.1574192,8.9366231
61.1574327,8.9365413
61.1574356,8.9364941
61.1574375,8.9364353
61.1574467,8.9363414
61.1574453,8.9362634
61.1574451,8.9361902
61.1574484,8.9361148
61.1574492,8.9360442
61.1574499,8.9359923
61.1574519,8.935919
61.1574474,8.9358293
61.1574447,8.9357653
61.15744,8.9356921
61.1574353,8.9356114
61.1574303,8.9355523
61.1574316,8.9354579
61.1574301,8.9353846
61.1574308,8.9353327
61.1574328,8.9351677
61.1574352,8.9350711
61.15744,8.9349582
61.1574413,8.9348589
61.1574459,8.93476
61.1574567,8.9346237
61.1574707,8.9345159
61.1574877,8.9344295
61.1575063,8.9343007
61.1575195,8.9342449
61.1575388,8.9341679
61.1575559,8.9340791
61.1575707,8.9339925
61.1575865,8.9339131
61.1576147,8.9338439
61.1576374,8.9337803
61.1576619,8.9337258
61.157697,8.9336577
61.1577404,8.9336096
61.1577729,8.9335903
61.15779,8.933582
61.1578231,8.9335883
61.1578492,8.9335991
61.1579051,8.9335925
61.1579324,8.9335615
61.1579646,8.9334967
61.1579879,8.9334509
61.1580009,8.9334137
61.158033,8.9333071
61.1580575,8.9332656
61.1580798,8.9332173
61.1580952,8.9331711
61.1581068,8.9331458
61.1581139,8.9331271
61.1581268,8.9331043
61.1581549,8.93304
61.1581889,8.9329684
61.158203,8.9329383
61.1582368,8.9328813
61.1582753,8.9328054
61.1583116,8.9327295
61.1583375,8.9326742
61.1583691,8.932598
61.1583974,8.9325215
61.1584317,8.9324268
61.158452,8.9323522
61.1584853,8.93225
61.1585128,8.9321478
61.1585458,8.9320576
61.1585876,8.9318993
61.1586067,8.9318292
61.1586169,8.9317427
61.1586235,8.931672
61.1586371,8.931588
61.1586517,8.9315179
61.1586702,8.9314081
61.1586863,8.9313073
61.1586984,8.9312396
61.1587085,8.9311597
61.1587191,8.9310496
61.1587327,8.9309651
61.1587425,8.9309043
61.1587555,8.9307846
61.1587622,8.9307
61.1587677,8.9306294
61.1587614,8.9305773
61.1587508,8.930513
61.1587425,8.9304535
61.1587356,8.9303637
61.1587329,8.9303114
61.1587405,8.9302505
61.1587533,8.9302205
61.1587781,8.9301557
61.1587885,8.9301492
61.1588069,8.9301289
61.1588303,8.930083
61.1588536,8.9300511
61.158871,8.9300191
61.1588978,8.9299757
61.1589131,8.9299315
61.15893,8.9298666
61.1589424,8.9297986
61.1589544,8.929731
61.1589542,8.9296554
61.1589519,8.9295681
61.1589462,8.9294778
61.1589407,8.9294563
61.1589268,8.9293776
61.1589163,8.9293132
61.1589033,8.9292561
61.1588996,8.9291875
61.1589131,8.9291057
61.1589287,8.9290475
61.1589428,8.9290129
61.1589629,8.9289572
61.1589711,8.9289318
61.1589856,8.9288803
61.1590116,8.9288062
61.1590293,8.9287481
61.1590436,8.928702
61.1590556,8.9286577
61.1590722,8.9286064
61.1590775,8.9285575
61.1590862,8.9284895
61.1590892,8.9284352
61.1590954,8.9283908
61.1591051,8.9283487
61.1591229,8.9282953
61.1591452,8.9282446
61.1591687,8.9281869
61.1591863,8.928136
61.1592043,8.9280708
61.1592163,8.9280171
61.1592262,8.9279656
61.159237,8.9279098
61.1592505,8.9278349
61.1592615,8.9277834
61.1592663,8.9277556
61.1592713,8.9277248
61.1592762,8.9277017
61.1592821,8.9276808
61.1592974,8.9276484
61.1593079,8.9276253
61.1593277,8.9275889
61.1593393,8.9275753
61.1593646,8.9275551
61.159373,8.9275252
61.1593768,8.9274924
61.1593806,8.9274641
61.1593844,8.9274361
61.1593881,8.9274102
61.1593896,8.9273867
61.1593864,8.9273677
61.1593802,8.9273202
61.1593758,8.9272987
61.159367,8.9272768
61.159358,8.92726
61.1593469,8.9272428
61.1593334,8.9272232
61.15932,8.9272062
61.1593097,8.9271959
61.1592872,8.9271829
61.1592666,8.9271748
61.1592442,8.9271573
61.1592238,8.9271396
61.1592083,8.9271081
61.1591973,8.927072
61.1591953,8.9270484
61.1592038,8.9270158
61.159213,8.926993
61.1592261,8.9269628
61.1592581,8.9269239
61.1592897,8.926893
61.1593208,8.926859
61.159361,8.926833
61.1594026,8.9267974
61.1594465,8.926755
61.1595064,8.9267084
61.1595584,8.9266522
61.1595941,8.926621
61.1596273,8.9265993
61.1596574,8.9265749
61.1596968,8.9265157
61.1597298,8.9264301
61.1597592,8.9263584
61.1597735,8.9263072
61.1597969,8.9262636
61.1598143,8.9262364
61.1598282,8.9262251
61.1598373,8.9262209
61.1598542,8.9262359
61.1598697,8.9262769
61.1598847,8.9263534
61.1598905,8.9264433
61.1599053,8.9265338
61.1599237,8.926608
61.159964,8.9266785
61.1600193,8.9267191
61.1600623,8.9267452
61.1601032,8.9267474
61.1601353,8.9267349
61.1601835,8.9267185
61.1602272,8.9266855
61.1602791,8.9266386
61.1603276,8.926594
61.1603565,8.9265603
61.1603924,8.9265172
61.1604251,8.9264529
61.1604489,8.9263764
61.1604694,8.9262829
61.1604844,8.9261777
61.1604887,8.9261068
61.1605002,8.9260062
61.1605271,8.9258636
61.160549,8.9257537
61.1605755,8.925642
61.1605917,8.925527
61.1606076,8.9254382
61.16062,8.9253633
61.16063,8.9252905
61.1606476,8.9251524
61.1606609,8.9250091
61.1606759,8.9248942
61.160676,8.9248802
61.1606794,8.9248048
61.1606898,8.9246991
61.1606972,8.9245579
61.1606982,8.9244705
61.160698,8.924395
61.1606938,8.9242792
61.1606791,8.9241793
61.1606664,8.9240984
61.160655,8.9240128
61.160643,8.9239602
61.1606268,8.9238954
61.1606093,8.923831
61.1605888,8.923733
61.160563,8.9236161
61.1605471,8.9235136
61.1605406,8.9233952
61.1605442,8.9232941
61.1605475,8.9231952
61.1605545,8.9231034
61.160567,8.9230144
61.1605898,8.9229235
61.1606204,8.9228424
61.1606484,8.9227899
61.1606915,8.9227118
61.1607381,8.9226387
61.1607913,8.9225779
61.1608365,8.922514
61.1608692,8.9224593
61.1609085,8.9224165
61.1609581,8.9223743
61.1609926,8.9223478
61.1610525,8.922299
61.1610922,8.9222395
61.1611141,8.922203
61.1611512,8.9221461
61.1611884,8.9220938
61.1612297,8.9220277
61.1612582,8.9219842
61.161278,8.9219427
61.1612933,8.921908
61.161312,8.921869
61.1613211,8.9218839
61.1613254,8.9218955
61.1613354,8.9219126
61.1613445,8.9219202
61.1613558,8.9219351
61.1613648,8.9219449
61.1613771,8.9219621
61.1613894,8.9219745
61.1614032,8.9219683
61.1614125,8.9219568
61.1614275,8.9219388
61.1614415,8.9219184
61.1614485,8.9219045
61.1614619,8.9218938
61.1614964,8.9219339
61.1615329,8.9219693
61.1615682,8.921988
61.1616161,8.9220166
61.161673,8.9220497
61.1617208,8.9220663
61.161779,8.9220875
61.1618303,8.9221136
61.1618815,8.9221302
61.161942,8.9221726
61.1619842,8.922208
61.1620286,8.9222507
61.1620604,8.922293
61.1621175,8.9224017
61.1621755,8.9225152
61.1622291,8.9226118
61.1623122,8.9227628
61.1623647,8.9228621
61.1624399,8.9229919
61.1624991,8.9230816
61.1625571,8.9231642
61.1625981,8.9232232
61.1626461,8.923306
61.1626951,8.9233887
61.1627669,8.9234924
61.1628101,8.9235445
61.1628534,8.9236295
61.1628796,8.923686
61.1628842,8.9236955
61.1629172,8.9237497
61.1629662,8.9238206
61.1630232,8.9239149
61.1630847,8.9240285
61.1631633,8.9241582
61.163227,8.9242668
61.1632863,8.9243824
61.1633227,8.9244532
61.1633421,8.9245006
61.1633694,8.9245691
61.1633877,8.9246187
61.1634241,8.9247083
61.1634776,8.9248215
61.1635208,8.9249161
61.1635552,8.924982
61.1636042,8.9250624
61.1636542,8.9251308
61.1637089,8.9252231
61.1637602,8.9253363
61.1638172,8.925445
61.1638855,8.9255535
61.1639288,8.9256219
61.1639903,8.9257212
61.1640437,8.9258274
61.1640883,8.9259314
61.1641293,8.9260116
61.1641487,8.9260729
61.1641657,8.9261036
61.1641999,8.9262029
61.164226,8.9262899
61.164259,8.9264034
61.1642875,8.9265023
61.1643023,8.9265449
61.1643217,8.9266064
61.1643605,8.926708
61.1644014,8.9268237
61.1644185,8.9268637
61.1644675,8.9269888
61.1644891,8.9270336
61.1645256,8.9271163
61.1645507,8.9271683
61.1645837,8.9272318
61.1646167,8.9272721
61.1646497,8.9273076
61.164684,8.9273359
61.1647205,8.9273596
61.1647489,8.9273856
61.1647889,8.9274327
61.1648217,8.9274611
61.1648332,8.9274683
61.1648547,8.9274983
61.1653215,8.9263639
61.1655008,8.925703
61.1656597,8.9248356
61.1662662,8.9229108
61.1665303,8.9221223
61.1665979,8.9216208
61.1665865,8.921244
61.1664698,8.9174045
61.1663561,8.91607
61.1668189,8.9155596
61.1673386,8.9147534
61.1677167,8.9141719
61.1678419,8.9139596
61.1679247,8.9138291
61.1680218,8.9136977
61.1681054,8.9135553
61.1683916,8.9132406
61.1690227,8.9125672
61.1693778,8.9122135
61.1699705,8.9116017
61.1707597,8.9107562
61.1707962,8.910753
61.1711007,8.9107465
61.1714038,8.9107607
61.1718288,8.9107808
61.1723922,8.910772
61.1727068,8.9107756
61.1741602,8.9106884
61.1743906,8.9106873
61.1744634,8.9107053
61.1745492,8.9107066
61.17477,8.9107101
61.1751665,8.9107311
61.175874,8.9107765
61.1761691,8.9107858
61.1765007,8.9107992
61.1769884,8.9108269
61.1777278,8.9108951
61.1777931,8.9109013
61.1777928,8.9108816
61.1777913,8.910798
61.1777942,8.9107476
61.1777945,8.9106918
61.1777857,8.9106211
61.1777709,8.9105335
61.1777577,8.9104535
61.1777517,8.9103696
61.1777538,8.9102953
61.1777613,8.9102062
61.1777705,8.910119
61.1777844,8.9100542
61.1778035,8.9099765
61.1778218,8.9098877
61.1778409,8.9097969
61.1778608,8.9097545
61.1778809,8.9096859
61.1778855,8.9096396
61.1778823,8.909556
61.1778869,8.9095187
61.1779003,8.9095228
61.1779272,8.9095324
61.1779631,8.9095293
61.1779901,8.9095112
61.1780082,8.9094799
61.1780218,8.9094281
61.1780222,8.9093444
61.1780269,8.9092794
61.1780432,8.9092443
61.1780551,8.909198
61.1780552,8.9091424
61.178084,8.9091281
61.1781047,8.909119
61.1781272,8.9090971
61.1781408,8.9090658
61.1781499,8.9090194
61.1781573,8.9089822
61.1781798,8.9089549
61.1781998,8.9089087
61.1781998,8.9088809
61.1781922,8.9087914
61.1781942,8.9087227
61.1782104,8.908695
61.1782258,8.908686
61.1782618,8.9086552
61.1782808,8.9086127
61.1782988,8.9085721
61.1783412,8.908532
61.1783638,8.9084952
61.1783443,8.9084391
61.1783248,8.9083774
61.1783222,8.9083365
61.1783269,8.9082752
61.1783594,8.9082291
61.1783864,8.9082036
61.1784153,8.9081708
61.1784359,8.908158
61.1784675,8.9081306
61.1785035,8.9080996
61.178562,8.9080357
61.1785847,8.9079951
61.1786101,8.9079342
61.1786192,8.9078655
61.1786283,8.9078285
61.1786581,8.9077824
61.1786807,8.9077421
61.178699,8.9076956
61.178708,8.9076532
61.1787263,8.9075607
61.1787516,8.90752
61.1787949,8.9074613
61.1788266,8.9073968
61.1788493,8.907347
61.1788927,8.9072586
61.1789153,8.9071994
61.1789514,8.9071219
61.1789768,8.907076
61.1790084,8.907015
61.1790401,8.906947
61.1790492,8.9068969
61.1790521,8.9068355
61.1790576,8.9067804
61.1790625,8.9067834
61.1804139,8.9076738
61.1809733,8.9080309
61.1815764,8.9084348
61.1818411,8.9086245
61.1823267,8.908952
61.1828155,8.9092847
61.1830362,8.9094249
61.1830725,8.9094504
61.1832368,8.9095383
61.1851421,8.9113882
61.1854424,8.9115535
61.1857876,8.9117848
61.1863411,8.9121416
61.1870271,8.9125828
61.1883143,8.9134791
61.1912142,8.9148775
61.1924093,8.9169667
61.1932478,8.9178865
61.1995638,8.9216653
61.1998672,8.9218418
61.1999276,8.9218788
61.2000479,8.9219492
61.2000976,8.9219788
61.2017208,8.9140963
61.2029841,8.9093613
61.2084402,8.89175
61.2096353,8.8891568
61.2098869,8.8888435
61.2101931,8.8884817
61.2115043,8.8867266
61.2157,8.8810614
61.2186506,8.8776104
61.2227808,8.8724292
61.2271575,8.8667218
61.228537,8.8648852
61.230055,8.8619588
61.2303143,8.8613671
61.230758,8.8600236
61.230772,8.8599814
61.2308452,8.8594714
61.2309022,8.8590687
61.2310464,8.858725
61.2312414,8.858604
61.2315363,8.8584828
61.2318435,8.858069
61.2321452,8.8576244
61.2324377,8.8571918
61.2326733,8.8567154
61.2329896,8.8560225
61.2335035,8.8549569
61.2339093,8.8541472
61.2342411,8.8535352
61.2345838,8.8531194
61.2350321,8.8527792
61.2351446,8.8526084
61.2351753,8.852313
61.2351238,8.8511741
61.2351474,8.8506611
61.2350537,8.8501271
61.2341145,8.8464117
61.233919,8.8453441
61.2338697,8.8447991
61.2339215,8.8443905
61.234011,8.8439283
61.2342315,8.8432197
61.234479,8.8425848
61.2346749,8.8420981
61.2348081,8.8418117
61.234939,8.8416173
61.2350708,8.8414277
61.2351313,8.8410999
61.2351121,8.8407685
61.2350183,8.8405352
61.2348112,8.8404015
61.2345495,8.8402578
61.2342772,8.8401661
61.2338964,8.8401577
61.2337242,8.8401763
61.2336599,8.840277
61.2335845,8.8402876
61.2335266,8.8402252
61.2334908,8.8400473
61.2334381,8.8397814
61.2333582,8.8395079
61.2332591,8.8392153
61.233141,8.8390479
61.2330464,8.8387483
61.2329568,8.8382878
61.2328478,8.8378888
61.2326809,8.8376684
61.2324885,8.8375945
61.2322946,8.8376127
61.2320711,8.8376116
61.2319137,8.837602
61.2318309,8.8374824
61.2318169,8.837248
61.2318279,8.836742
61.2318154,8.8352229
61.2318302,8.8349205
61.2318974,8.834616
61.2319796,8.8342959
61.232095,8.8339212
61.2322196,8.8335567
61.2322852,8.8333564
61.2324811,8.8328486
61.2325603,8.8326936
61.2326568,8.8325224
61.2327111,8.8323223
61.232703,8.8320337
61.2326063,8.8313743
61.2325093,8.8310533
61.2325175,8.8306218
61.2325574,8.8302005
61.232595,8.8298033
61.2328009,8.8288427
61.2329313,8.8281244
61.2329591,8.8277815
61.2328859,8.8273376
61.2327274,8.8267927
61.2325906,8.8261706
61.2325383,8.8258709
61.2325239,8.82535
61.2325033,8.8251063
61.2326427,8.8242611
61.2327339,8.8239027
61.232896,8.8235812
61.2330624,8.823288
61.2332481,8.8230046
61.2334397,8.8226881
61.2337361,8.8221083
61.2338863,8.8218691
61.2340326,8.8217887
61.2341922,8.8218076
61.2344021,8.8217802
61.234585,8.8216742
61.2347695,8.8214308
61.2348739,8.8212572
61.2350081,8.8210299
61.2350945,8.8208135
61.2352251,8.8206144
61.235333,8.8204269
61.2354558,8.8202489
61.2355932,8.8200688
61.2357284,8.8198697
61.2358112,8.8197101
61.2358667,8.8195003
61.2359246,8.8192742
61.2359836,8.8190148
61.2360587,8.8187558
61.2361097,8.8185198
61.2361334,8.8182883
61.2361125,8.8180607
61.2360589,8.817769
61.2360873,8.8174666
61.2361947,8.8170943
61.2363814,8.8165459
61.2364835,8.8163486
61.2365944,8.8159766
61.2366811,8.8156252
61.2367689,8.8153143
61.2368899,8.8149635
61.237014,8.8146959
61.2371241,8.8145531
61.2373056,8.8144964
61.23744,8.8145648
61.2375868,8.8146332
61.2377352,8.8146214
61.2378838,8.8145007
61.2379635,8.8143994
61.238035,8.8143089
61.2381935,8.8139848
61.2382726,8.8135362
61.2383149,8.812879
61.2384749,8.8121387
61.238601,8.8119346
61.2387314,8.8118466
61.238928,8.8117217
61.239659,8.8110916
61.2397983,8.8110438
61.2399739,8.8110392
61.2401194,8.8111645
61.2402432,8.8113273
61.2404064,8.8116043
61.2405478,8.8115921
61.2407739,8.8115271
61.2409747,8.8114708
61.2411589,8.8113269
61.2413762,8.8111455
61.2415948,8.8109547
61.2418932,8.8107013
61.2426103,8.8101299
61.2428231,8.8099816
61.2430056,8.8099252
61.2431697,8.8099867
61.2434049,8.8098909
61.2436646,8.8096582
61.2439269,8.8093518
61.2439365,8.8093385
61.244199,8.8089779
61.2442763,8.8088719
61.2449737,8.8080706
61.245222,8.8078186
61.2454746,8.8076592
61.2457029,8.8076104
61.2459502,8.8076685
61.2461969,8.8075467
61.2465141,8.8071633
61.2466349,8.8068929
61.246731,8.8066339
61.2467472,8.8065534
61.2468959,8.8058094
61.2469495,8.8052537
61.2470974,8.8049506
61.2473657,8.8048825
61.2474949,8.8050099
61.2475986,8.8050649
61.2477718,8.8049238
61.2478853,8.8046021
61.2481634,8.8041392
61.2484668,8.803892
61.2487951,8.8039501
61.2490974,8.8040618
61.2496682,8.8040154
61.2498764,8.8037851
61.2500353,8.8033892
61.2500687,8.8030875
61.2500557,8.8020922
61.2501103,8.801666
61.2501811,8.8013938
61.2502558,8.8011816
61.2503799,8.8009272
61.2505949,8.8005457
61.2508342,8.8002417
61.2511968,8.800016
61.2513937,8.7999341
61.2515423,8.7998931
61.2516784,8.7999034
61.2521399,8.8000552
61.252523,8.8002315
61.252803,8.8004062
61.2529985,8.8004669
61.2532018,8.8005127
61.2532683,8.8005135
61.2533933,8.8003598
61.2535313,8.8000427
61.2537997,8.799124
61.2538743,8.7986528
61.2538237,8.7980916
61.2536902,8.797602
61.2535408,8.7966148
61.2534523,8.7956287
61.2534183,8.7951065
61.2532848,8.7939041
61.2532782,8.7938226
61.2532378,8.793366
61.252985,8.7920729
61.252723,8.7915644
61.2524964,8.7905523
61.2521777,8.7886832
61.2521791,8.7882346
61.2522363,8.7871559
61.2524222,8.7859103
61.2525519,8.7855578
61.252647,8.7852656
61.252965,8.7847383
61.2530063,8.7844173
61.2529736,8.7840815
61.2527676,8.7831705
61.2525294,8.7816857
61.2520826,8.7802406
61.2520435,8.7797368
61.2521476,8.7786759
61.2525966,8.7770741
61.2525858,8.7761653
61.252631,8.7744744
61.252568,8.772936
61.2523163,8.7717714
61.2522912,8.7711441
61.2522667,8.7702519
61.2522079,8.7696393
61.2522008,8.7695904
61.2521544,8.7692694
61.2520417,8.7689317
61.2518754,8.7687313
61.2516653,8.7683914
61.2516117,8.7680846
61.2516026,8.7677076
61.2517814,8.7669482
61.2518142,8.766498
61.2517818,8.7660377
61.2518769,8.7656486
61.2519708,8.7654133
61.2521346,8.7649954
61.2522257,8.764668
61.2524856,8.7640536
61.2526796,8.7635623
61.2526534,8.7633134
61.2526872,8.7630221
61.2528246,8.7626551
61.2529637,8.7623866
61.2530158,8.7621945
61.2530475,8.7619503
61.2531567,8.7616646
61.2533796,8.7613499
61.2535614,8.7609687
61.2536626,8.7607695
61.2537646,8.7606198
61.2538734,8.7604846
61.2540334,8.7603601
61.2541418,8.7603076
61.2544758,8.7602122
61.2546082,8.7601413
61.2547122,8.7600675
61.2548431,8.7599717
61.2549344,8.7597735
61.2550364,8.7596047
61.255149,8.7595496
61.255226,8.7595554
61.255415,8.759715
61.2555392,8.7597382
61.2556358,8.7597371
61.2557978,8.7596551
61.2558951,8.759626
61.2559926,8.7595685
61.2560827,8.7595163
61.2562009,8.7594378
61.256323,8.7593514
61.2564087,8.7592811
61.2565342,8.7591585
61.2566432,8.7590543
61.256765,8.7589429
61.2568521,8.7588648
61.2569758,8.7587495
61.2571119,8.7586384
61.2572173,8.758523
61.2573118,8.7584264
61.2573849,8.7583537
61.2574859,8.7582891
61.2576501,8.7582294
61.257747,8.758206
61.2578854,8.7581994
61.258039,8.7582238
61.258192,8.7583276
61.2583253,8.7585049
61.2585073,8.7588294
61.2587772,8.7593184
61.2588573,8.7595072
61.2589772,8.7600382
61.2590757,8.7603513
61.2591978,8.7606888
61.2593799,8.7610433
61.259382,8.7610477
61.2595154,8.7611844
61.2598088,8.7612779
61.2600836,8.7613827
61.2603198,8.7615246
61.2606744,8.7614037
61.2610527,8.7613304
61.261129,8.7613059
61.2612596,8.761138
61.2613592,8.7610474
61.2614799,8.7610098
61.2616344,8.7608704
61.2617239,8.7607065
61.2617617,8.7606525
61.2618902,8.7606883
61.2619494,8.7607154
61.2621855,8.7606379
61.2626962,8.7605741
61.2630304,8.7603248
61.2631328,8.760209
61.2638404,8.7595083
61.2639869,8.7592263
61.2640406,8.7589564
61.2640337,8.7587327
61.2640328,8.7585216
61.2640605,8.7583424
61.2641509,8.757991
61.2642548,8.7577181
61.2643491,8.7575776
61.2644405,8.7574623
61.2645093,8.7572554
61.2646149,8.7569038
61.2646362,8.7563734
61.2646957,8.7560827
61.2649436,8.7556038
61.2649399,8.7556096
61.2652281,8.7545646
61.265397,8.7543665
61.2655504,8.7537875
61.2656561,8.7536482
61.2659472,8.7528424
61.2659713,8.7527025
61.2664721,8.7497907
61.2665403,8.7494548
61.2664579,8.748916
61.2664451,8.7488052
61.2665346,8.7485163
61.2665732,8.7481927
61.2666623,8.7477899
61.266677,8.7477176
61.2666909,8.7475276
61.2667064,8.747416
61.2667227,8.7473435
61.2668468,8.7469302
61.2669087,8.7468242
61.2670299,8.7466764
61.2671306,8.7464853
61.2672644,8.7464068
61.2673781,8.7461783
61.2674068,8.7460667
61.2673893,8.7458421
61.2673948,8.7457036
61.2674491,8.7456241
61.2676391,8.7456636
61.2677285,8.7458622
61.2677513,8.7459959
61.2677819,8.7460655
61.2678665,8.7461467
61.2679023,8.7462057
61.2679816,8.7463721
61.2680098,8.7464151
61.2680457,8.7464424
61.2681537,8.7464274
61.2682283,8.7463644
61.268271,8.7463695
61.2683104,8.7465931
61.2683407,8.7466501
61.2684399,8.746741
61.2685504,8.7467923
61.2686651,8.7468865
61.268683,8.7469017
61.2687314,8.7469358
61.2687851,8.7469726
61.2688338,8.7468942
61.2688564,8.7468328
61.268886,8.7466679
61.2688971,8.7464981
61.2689363,8.7464519
61.2689884,8.7464574
61.2690312,8.7464406
61.2690824,8.7463256
61.2691287,8.746299
61.2691785,8.7462503
61.2692144,8.7461423
61.2692484,8.74584
61.2693247,8.7456983
61.2694311,8.7453426
61.2696245,8.7448063
61.2696417,8.7447505
61.2696884,8.7445955
61.2698171,8.7444113
61.2699131,8.7441336
61.2700849,8.744034
61.2702176,8.7440142
61.2704483,8.7440468
61.2705045,8.7440295
61.2705943,8.7438887
61.2706285,8.7438649
61.2706816,8.743817
61.2708588,8.7436308
61.2709389,8.7435364
61.2709569,8.7435106
61.2709659,8.74352
61.2710215,8.7435375
61.271045,8.7435024
61.2710559,8.7434596
61.2710694,8.7434131
61.2710874,8.7433629
61.2711325,8.7432984
61.2712044,8.7432432
61.2712342,8.7431877
61.2712676,8.7431414
61.2713303,8.7431215
61.2713914,8.7431316
61.2714066,8.7431467
61.2714273,8.7431338
61.2714408,8.7431416
61.2714695,8.7431289
61.2715127,8.7431012
61.2715738,8.7430555
61.2716384,8.7430467
61.2716744,8.7430285
61.2717104,8.7429917
61.2718221,8.7428605
61.2720124,8.742764
61.2720224,8.742724
61.2720068,8.7427193
61.2719796,8.7426908
61.2719957,8.7426648
61.2720587,8.7425631
61.2721306,8.7425174
61.2721714,8.7423779
61.2721696,8.7422622
61.2721675,8.7421356
61.2721542,8.7420981
61.2722039,8.7419776
61.2722714,8.7418664
61.2723436,8.7417367
61.2724207,8.7414485
61.2724568,8.7413652
61.2725243,8.7413008
61.2726278,8.7411714
61.2726684,8.7410786
61.2727496,8.7409211
61.2728441,8.7407823
61.2729565,8.7406717
61.273024,8.7406539
61.2730738,8.7406198
61.2731184,8.7405896
61.2732218,8.7405255
61.2732534,8.740493
61.2733387,8.7404054
61.2733837,8.7403783
61.2735362,8.7403706
61.2735991,8.7403154
61.273671,8.740279
61.2737518,8.7402892
61.2738635,8.7404564
61.2740249,8.7405235
61.274101,8.7405803
61.2742354,8.7406934
61.274343,8.7407228
61.2744596,8.7407521
61.2745313,8.74079
61.2746342,8.7409217
61.2746877,8.7410342
61.2747277,8.7411931
61.274754,8.741417
61.2747493,8.7415008
61.2747488,8.7416594
61.2747573,8.7418645
61.2748192,8.7422568
61.2748457,8.7423503
61.2748948,8.7424812
61.274881,8.7425837
61.2748898,8.7427142
61.2748903,8.7427237
61.2749075,8.7427612
61.2749271,8.7428265
61.2749656,8.7429016
61.2750191,8.7429955
61.2750547,8.7431133
61.275074,8.7432812
61.275096,8.7434437
61.2751163,8.7435559
61.2751439,8.7436533
61.2751672,8.7436924
61.2752702,8.743772
61.2752791,8.7437814
61.2753371,8.743909
61.2753773,8.7439747
61.2754024,8.7439972
61.2754337,8.7440404
61.2754901,8.7440821
61.2755501,8.744135
61.2756082,8.7442102
61.2756439,8.7442759
61.2756733,8.7443564
61.2756929,8.7444536
61.2757124,8.7445356
61.2757337,8.7445719
61.275776,8.7445812
61.2757805,8.744585
61.2758208,8.7446226
61.2758833,8.7447224
61.2759262,8.7448123
61.2759982,8.7450518
61.2760543,8.7452127
61.2760854,8.7453306
61.2761057,8.745465
61.2761187,8.7456329
61.2761157,8.7457783
61.27612,8.7458381
61.2761405,8.7458942
61.2761807,8.7459468
61.2762184,8.7459696
61.2762542,8.7460036
61.2762765,8.7460654
61.2762878,8.7461588
61.2762712,8.7463301
61.2762753,8.7464513
61.2762886,8.746582
61.2762882,8.7466845
61.2762746,8.7467776
61.2762762,8.7468577
61.2762984,8.7469176
61.2763279,8.7469608
61.276352,8.7470115
61.2763759,8.7471684
61.2763784,8.7471889
61.2763872,8.7472972
61.2763876,8.7474464
61.2763948,8.7474858
61.2764027,8.7475399
61.2764835,8.7478039
61.2765542,8.7479367
61.2765836,8.7480004
61.27665,8.7481897
61.2766935,8.7485312
61.2767006,8.7485686
61.2767227,8.7487236
61.2767225,8.7487461
61.2767357,8.7488673
61.2767489,8.7489758
61.276771,8.7491103
61.2768044,8.7492069
61.2768782,8.7492848
61.276905,8.7493131
61.2769337,8.7493637
61.2769631,8.7494162
61.2769979,8.7494783
61.2770032,8.74951
61.2770412,8.7496463
61.2771182,8.749817
61.277128,8.7498283
61.2771655,8.7499071
61.2772592,8.750076
61.2773201,8.7501662
61.2773933,8.7502882
61.2774691,8.7504587
61.2774825,8.7504907
61.2775227,8.7505601
61.2775629,8.75065
61.2775807,8.7506782
61.2775833,8.7506912
61.277661,8.7508469
61.2777307,8.7509634
61.2777762,8.7510496
61.2778031,8.7511114
61.2778262,8.7511671
61.2778336,8.7512384
61.2778197,8.7513293
61.27783,8.7514212
61.2778387,8.7515238
61.2778506,8.7517591
61.2778584,8.7518839
61.2778654,8.7520554
61.277895,8.7521891
61.2779005,8.7523077
61.2778673,8.7525054
61.2778605,8.7527884
61.2778647,8.7528817
61.2779081,8.7532141
61.277906,8.7534097
61.2779803,8.753667
61.2780219,8.754037
61.2781529,8.7541902
61.2781708,8.7541962
61.2782175,8.7541781
61.2783019,8.7541657
61.2783163,8.7541604
61.2783477,8.7541047
61.2783796,8.7539988
61.2784606,8.7537971
61.2785895,8.7536752
61.278699,8.7536762
61.2787322,8.7536598
61.2788666,8.7535855
61.2789019,8.7536217
61.2789629,8.7537298
61.2790694,8.7537963
61.2791845,8.7536671
61.2792113,8.753673
61.2792606,8.7537052
61.2793545,8.7538742
61.2793901,8.7539678
61.2794184,8.7541098
61.2794613,8.754198
61.2794834,8.7542783
61.2794851,8.7543345
61.2794875,8.7544557
61.2795009,8.7544837
61.2795186,8.7545251
61.2795545,8.754572
61.2795876,8.7546004
61.2795966,8.7546061
61.2796147,8.7545542
61.2796239,8.7544479
61.2796446,8.7543959
61.2796915,8.7543218
61.2797303,8.7542813
61.2797886,8.7542725
61.2798711,8.7542849
61.2799858,8.754344
61.2799966,8.7543403
61.280028,8.7543593
61.2800977,8.7544384
61.2801174,8.7544349
61.28014,8.754398
61.2801742,8.7543517
61.2802236,8.7543469
61.280282,8.7543717
61.2803089,8.7543476
61.2803492,8.7543576
61.2803914,8.754358
61.2804317,8.7544199
61.2804701,8.7544446
61.2804989,8.7544301
61.2805422,8.7543896
61.2805869,8.7543938
61.2806048,8.7544312
61.2806315,8.7545249
61.2806538,8.7545624
61.2806924,8.7545704
61.2807597,8.7545414
61.2807866,8.7545546
61.2808063,8.7545922
61.2808419,8.7547043
61.2808713,8.7547662
61.2809428,8.7548418
61.2809715,8.754898
61.2809919,8.7549579
61.281025,8.7550198
61.2810456,8.7550706
61.2810514,8.7551972
61.2810645,8.7553318
61.2810775,8.7554997
61.2810864,8.7555651
61.2811086,8.7556213
61.281156,8.755689
61.2812008,8.7557399
61.281223,8.7558017
61.2812273,8.7558576
61.2811973,8.7559972
61.2811999,8.7560532
61.2812309,8.7562064
61.2816758,8.7608097
61.2821737,8.7623225
61.294375,8.7994216
61.2915582,8.8135246
61.2914844,8.8138939
61.2892018,8.8253152
61.3178942,8.8274268
61.3213157,8.8275455
61.3277779,8.8250688
61.3278348,8.8250467
61.3325103,8.8275564
61.3359044,8.8271458
61.3361664,8.8271141
61.3363442,8.8270926
61.3364305,8.8270822
61.3366655,8.8268638
61.3368423,8.8265117
61.3370138,8.8261263
61.3371469,8.8261169
61.3373489,8.8261683
61.3375939,8.8262119
61.3378047,8.8260842
61.3380225,8.8253314
61.3381939,8.8250344
61.3383707,8.8246601
61.3384761,8.8243344
61.3385821,8.8238268
61.3387209,8.8233826
61.3388756,8.822951
61.3390251,8.8226009
61.3391284,8.8225096
61.3393992,8.8222539
61.3394747,8.8220435
61.3394381,8.8218209
61.3392897,8.8214739
61.3392909,8.8212607
61.3393551,8.8209434
61.3394764,8.8204715
61.3395156,8.8201368
61.3396236,8.8199296
61.3397125,8.819835
61.3397394,8.8198355
61.3398274,8.8198347
61.3400093,8.8196263
61.3400184,8.8196076
61.3401676,8.8191189
61.3404672,8.8185109
61.3406674,8.8179527
61.3408676,8.8175304
61.3409821,8.8171802
61.341133,8.8168742
61.3411874,8.8166208
61.3412153,8.8163492
61.3412396,8.8161584
61.3413904,8.8159368
61.3414129,8.8159182
61.3414579,8.8158722
61.3415099,8.8157995
61.3415792,8.8156144
61.3416462,8.8155199
61.3417333,8.8153126
61.341924,8.8145742
61.3420485,8.8141319
61.3421504,8.8135954
61.3422124,8.8132406
61.342305,8.8130329
61.3424062,8.8128081
61.3424655,8.8125393
61.3426263,8.8120944
61.3427445,8.8116393
61.3427594,8.8114488
61.3427711,8.811146
61.342881,8.8105771
61.3430947,8.8099829
61.343263,8.8096634
61.343356,8.8095021
61.3434105,8.8092759
61.3434359,8.8088187
61.343464,8.8082713
61.3434915,8.8079818
61.3435401,8.8075883
61.3435662,8.8069824
61.3435999,8.8065484
61.3435601,8.8063324
61.343482,8.8060058
61.3434504,8.8058548
61.3434543,8.8056779
61.3435433,8.80538
61.3435702,8.8051219
61.3436374,8.8049773
61.3436564,8.8049364
61.3438023,8.8045548
61.3440026,8.8038398
61.3443191,8.8032454
61.3445731,8.8029188
61.3448076,8.8028656
61.3448845,8.8027573
61.3449534,8.8023866
61.3453228,8.8013858
61.3455306,8.8009287
61.3457438,8.8006201
61.3457461,8.8004587
61.3456621,8.8003428
61.3455284,8.8001548
61.3454837,8.7998819
61.3455803,8.79962
61.3457319,8.7994356
61.345799,8.7994249
61.3469182,8.7969031
61.3492462,8.7952031
61.3527513,8.7944723
61.3577993,8.7905998
61.3579755,8.7904908
61.3580077,8.7904082
61.3580155,8.7902341
61.3580212,8.7900789
61.3580433,8.7900792
61.3581526,8.7902901
61.358193,8.7903097
61.3582232,8.7902474
61.3582658,8.790063
61.3583215,8.7897395
61.3583704,8.789566
61.3584676,8.7893848
61.3585122,8.789369
61.3585786,8.7893445
61.35861,8.7893169
61.3586559,8.7892501
61.3587638,8.7890613
61.3588601,8.7889146
61.3588811,8.788814
61.3588652,8.788684
61.3589101,8.7885973
61.3589362,8.7885751
61.3590348,8.7885784
61.3592961,8.7886142
61.3593581,8.7884533
61.3594111,8.788335
61.3594978,8.788208
61.3596139,8.7880722
61.3596743,8.7879391
61.359685,8.787792
61.3597134,8.7876756
61.3597288,8.7874424
61.359781,8.7872176
61.3598541,8.7870689
61.3599645,8.7868931
61.3600087,8.7866873
61.3600429,8.7865825
61.3601791,8.7864969
61.3602918,8.7863745
61.3603634,8.7861799
61.3604144,8.7858943
61.3604511,8.7857472
61.3605623,8.7856141
61.3607027,8.785466
61.3608308,8.7853317
61.3611439,8.7850309
61.361385,8.7849062
61.3617619,8.7849625
61.3618951,8.784816
61.3625852,8.784524
61.3629182,8.7839323
61.3632603,8.7837329
61.3635935,8.783535
61.3638902,8.7837198
61.364172,8.7837764
61.3643916,8.7832636
61.3648828,8.7825841
61.365201,8.7822576
61.3654384,8.7813474
61.3654293,8.7805611
61.3655219,8.7798297
61.3657397,8.7792795
61.3660101,8.778888
61.3661726,8.7783113
61.3663786,8.7778949
61.3663488,8.7772443
61.3665407,8.7767181
61.366993,8.7771533
61.3673594,8.7772867
61.3675993,8.7764317
61.3685468,8.775098
61.3695574,8.7747463
61.3700676,8.773894
61.3705014,8.7733382
61.370875,8.7730384
61.3713276,8.7728916
61.3715977,8.7724997
61.3720014,8.7726631
61.3724575,8.7725912
61.3730635,8.7724513
61.3734845,8.7720108
61.3739629,8.7714459
61.3745047,8.7712816
61.3748439,8.7712137
61.3751544,8.7711141
61.3754269,8.7709657
61.3755225,8.7707116
61.3755321,8.770686
61.3869638,8.7402687
61.3987218,8.7214696
61.4271176,8.7537314
61.4319322,8.7592078
61.4319849,8.7601563
61.4320277,8.761088
61.4319587,8.7617412
61.4319166,8.7627839
61.4317732,8.7635837
61.4318139,8.7646662
61.4320905,8.7651937
61.4325575,8.7653634
61.4327986,8.76571
61.4328291,8.7665688
61.432879,8.7674616
61.4330596,8.7682529
61.4333835,8.7686394
61.4338284,8.7683246
61.4342758,8.7680656
61.4345321,8.768353
61.434848,8.7687599
61.4351089,8.7699299
61.4353271,8.7705634
61.4354965,8.7715075
61.4355394,8.7724392
61.435664,8.7729973
61.4359553,8.7732587
61.4364076,8.7727168
61.4369721,8.7724536
61.4374792,8.7731042
61.4378076,8.7739789
61.4381214,8.7745368
61.4383685,8.775409
61.4386209,8.7767879
61.4388739,8.7773957
61.4390891,8.7781614
61.4392754,8.7786884
61.4397599,8.7790429
61.4401162,8.7793477
61.4406011,8.7795143
61.4410985,8.7797534
61.4417883,8.7822301
61.4421796,8.7836944
61.4426775,8.7841404
61.4433486,8.7844392
61.44383,8.7845311
61.4441734,8.7837663
61.4443142,8.7829104
61.444419,8.7818548
61.4446675,8.7811845
61.4451005,8.7810039
61.4456785,8.7810388
61.4464252,8.780626
61.4469021,8.7804177
61.447313,8.7805425
61.4474445,8.7812499
61.4477651,8.7823523
61.4481856,8.7826822
61.4486649,8.7825299
61.4492743,8.7820694
61.4498644,8.781387
61.4503204,8.7809196
61.4507734,8.7805846
61.4507186,8.7815548
61.4474083,8.8045492
61.4473364,8.805049
61.4443792,8.825562
61.4409291,8.842987
61.4225702,8.9368415
61.4225185,8.9369784
61.4222723,8.9376323
61.4217217,8.9380028
61.4213532,8.9380184
61.4209768,8.9384674
61.4204439,8.9388342
61.4200151,8.9393122
61.4197372,8.9397421
61.4195953,8.9405969
61.4195757,8.941371
61.4196968,8.9422686
61.4196847,8.9430039
61.4195733,8.943533
61.4196269,8.9443307
61.4197761,8.9450533
61.419972,8.9460113
61.4200618,8.9472156
61.4199865,8.948151
61.4199887,8.9488087
61.4201351,8.9496632
61.4201712,8.9502768
61.41995,8.9513722
61.4196894,8.9511785
61.4192527,8.9512819
61.4188975,8.9507873
61.4186317,8.9504819
61.4184139,8.9510504
61.418771,8.9517891
61.4188866,8.9529693
61.4184747,8.9534251
61.4184859,8.9540805
61.4185307,8.9548801
61.4185507,8.9555338
61.4184585,8.9566982
61.414778,8.9751566
61.4131883,8.9831241
61.4065741,9.0162412
61.386706,9.0700243
61.3691387,9.1355914
61.3689639,9.1362366
61.3672908,9.1424105
61.3668362,9.1418955
61.3664144,9.1412994
61.3656859,9.1400667
61.3652291,9.139496
61.3647147,9.1388422
61.3640127,9.1382237
61.3634073,9.1377559
61.3626265,9.1373961
61.361796,9.1373457
61.3610198,9.1375102
61.3603207,9.1377917
61.3596151,9.138543
61.3588053,9.1395959
61.3575259,9.1414485
61.3562536,9.1436741
61.3552421,9.1456827
61.35434,9.1477268
61.3536963,9.1494976
61.3529386,9.151552
61.3513902,9.1573916
61.3511369,9.1581536
61.3509517,9.158711
61.3502131,9.1601614
61.3494249,9.161715
61.3487691,9.1625873
61.3480135,9.1638534
61.3469545,9.1656069
61.3461192,9.1669064
61.3452978,9.1683156
61.3446547,9.1698979
61.344083,9.1714666
61.3434199,9.1732208
61.3429742,9.1747848
61.3426029,9.1764097
61.3421988,9.1785282
61.3418434,9.180731
61.3415544,9.182809
61.3413274,9.1846505
61.3411014,9.1863044
61.3410329,9.1878542
61.3409189,9.1891872
61.3408882,9.1903549
61.3409483,9.191337
61.3410914,9.1919477
61.3412249,9.1925415
61.3415946,9.193185
61.3420471,9.1936633
61.3428921,9.1938435
61.3452702,9.1945075
61.3465574,9.1949247
61.3480688,9.1951125
61.3492744,9.1950948
61.3502944,9.1947366
61.3521089,9.1935928
61.3534236,9.1923364
61.3546786,9.1913716
61.3505059,9.2022546
61.3443438,9.2183159
61.3429281,9.2218052
61.3372479,9.2358003
61.3132501,9.2949341
61.2924811,9.3008697
61.2834345,9.3300129
61.2719123,9.3658473
61.2407712,9.4657157
61.2406969,9.4660032
61.2404283,9.4658735
61.2384381,9.4649102
61.2361398,9.4639825
61.2297148,9.4616371
61.2203402,9.4582268
61.2187613,9.4579384
61.2144289,9.4563296
61.2065546,9.4536746
61.2049919,9.4520926
61.2037575,9.4507768
61.1982326,9.4450239
61.1966624,9.4432345
61.1921953,9.4386126
61.1920465,9.4384587
61.1915687,9.4379645
61.1905932,9.4369557
61.1889496,9.4352561
61.1888081,9.4351098
61.1881178,9.4343961
61.1760663,9.4218993
61.1698956,9.4216117
61.1689352,9.4216157
61.1670705,9.4215351
61.1665125,9.4214368
61.163062,9.4212749
61.160542,9.4211236
61.1590586,9.4209841
61.1548987,9.4208556
61.1522049,9.4207027
61.1520075,9.4206905
61.1446342,9.4202697
61.1434083,9.4201462
61.1383553,9.4191032
61.1376616,9.4191048
61.136851,9.419225
61.1354937,9.4192755
61.1333798,9.4194199
61.131151,9.4194532
61.1272426,9.4196876
61.125569,9.4183415
61.1241537,9.4178761
61.1228803,9.4167994
61.119907,9.4145264
61.1198211,9.4142582
61.1187172,9.4108162
61.1186763,9.4107592
61.109885,9.3984972
61.1082507,9.3962064
61.105723,9.3926265
61.1043459,9.3903744
61.102471,9.3874706
61.1001827,9.3838865
61.098521,9.3810162
61.0981904,9.3804458
61.0975542,9.3793469
61.0967626,9.3779798
61.0946069,9.3742844
61.092313,9.3680865
61.0917624,9.3660395
61.0903235,9.3606896
61.0902232,9.3603187
61.0896757,9.3546689
61.0896357,9.3542579
61.0894835,9.3538197
61.0856144,9.3426784
61.0847053,9.340136
61.0844108,9.3393823
61.0841736,9.338773
61.0833456,9.3355198
61.0815903,9.3297044
61.0792069,9.321549
61.0780264,9.3175105
61.0780123,9.3174653
61.0777147,9.316512
61.0768173,9.3134712
61.0778361,9.3010609
61.0778292,9.3010021
61.0776055,9.2991939
61.0770207,9.2944563
61.0769864,9.2942255
61.0764631,9.2907441
61.0764093,9.2903833
61.0763006,9.2896592
61.0760919,9.2882729
61.0759325,9.2872589
61.0756985,9.2862849
61.0754645,9.2853111
61.0753999,9.2850426
61.0752418,9.2843693
61.0749565,9.2831551
61.0745426,9.2815263
61.0741956,9.2799916
61.0741474,9.2798179
61.0740523,9.279404
61.0739807,9.2790944
61.0739039,9.2787757
61.0737737,9.2782364
61.0737397,9.2780947
61.0734985,9.2770968
61.0734236,9.2767503
61.0732746,9.2760587
61.0730456,9.2751446
61.0727703,9.274129
61.0725381,9.2731463
61.0723031,9.2721485
61.0721673,9.2715187
61.072077,9.271068
61.071865,9.2697041
61.0716236,9.2682063
61.0712943,9.2662519
61.0712399,9.2659189
61.0711415,9.2653123
61.0711157,9.2651524
61.071088,9.264981
61.0710432,9.2647019
61.0708231,9.2633491
61.0706372,9.262266
61.070567,9.2618785
61.0703914,9.2607235
61.0702375,9.2592634
61.0702019,9.2589252
61.070139,9.2582438
61.0701138,9.2579669
61.0700954,9.2577664
61.0700795,9.2575937
61.0700048,9.2567729
61.0699906,9.2566151
61.0699982,9.2559946
61.0700055,9.2544408
61.0697128,9.2534677
61.0696039,9.2523905
61.0694951,9.2516002
61.0691374,9.2502586
61.068846,9.249232
61.0686892,9.2486275
61.0684906,9.2479645
61.0683383,9.2473658
61.0683631,9.2468516
61.0683906,9.2462842
61.0681254,9.2454859
61.0678465,9.2446456
61.0675015,9.2436067
61.0673137,9.2430417
61.0671589,9.2425757
61.0670555,9.2422641
61.0668681,9.2417005
61.0666227,9.241239
61.0663881,9.2407976
61.0661658,9.2403796
61.0653485,9.2391383
61.0651633,9.2387084
61.065044,9.2384316
61.0649129,9.238127
61.0646834,9.2375216
61.0644828,9.2369921
61.064222,9.2363035
61.0640129,9.2357522
61.0639937,9.2357014
61.062777,9.2326589
61.0624912,9.2318497
61.0623733,9.2315114
61.0617625,9.2300309
61.0616171,9.2296783
61.0608412,9.2270169
61.0603053,9.225727
61.059431,9.2240243
61.0589929,9.2228816
61.0578321,9.2200218
61.0570954,9.2179509
61.0567235,9.2170024
61.0565196,9.2164305
61.0560319,9.2153381
61.0558017,9.2124679
61.0559953,9.2096938
61.0561112,9.2079101
61.0561558,9.2072149
61.0561409,9.2028358
61.0561523,9.201092
61.0559648,9.198993
61.0558265,9.196764
61.0557667,9.1958089
61.0555644,9.1943559
61.0550106,9.1905927
61.0544866,9.1884576
61.0539866,9.1858918
61.0538439,9.1854421
61.0535629,9.1842484
61.0535021,9.1839137
61.0533538,9.18346
61.0533261,9.1831464
61.0533246,9.1830984
61.0533208,9.1829908
61.0533052,9.1828905
61.0532747,9.1827453
61.0532457,9.1826334
61.0530558,9.181342
61.0529805,9.1810069
61.0529789,9.1809994
61.0529493,9.1809558
61.0529463,9.1809317
61.0529371,9.1808268
61.0529217,9.1807629
61.0528946,9.1807011
61.0528557,9.1806051
61.0528422,9.1805306
61.0528569,9.1804469
61.0528597,9.1803743
61.0528472,9.1802904
61.05283,9.1802375
61.0528173,9.1801632
61.0528087,9.1800856
61.0527997,9.1800186
61.0527842,9.1797247
61.0527841,9.1797146
61.0527837,9.1796993
61.0527839,9.1796911
61.0527869,9.1796164
61.0528121,9.1795643
61.0528164,9.179512
61.0528238,9.1794431
61.0528282,9.1793273
61.0528184,9.1792658
61.0528,9.1792341
61.0527726,9.1792237
61.0527425,9.1792149
61.052714,9.1791734
61.0526397,9.1790556
61.0525774,9.1789525
61.0525427,9.1788448
61.0525365,9.1787984
61.0525187,9.1786639
61.0525044,9.17859
61.0524738,9.1784612
61.0524401,9.1783131
61.0523974,9.1782348
61.05235,9.1781646
61.0523018,9.1781066
61.052256,9.1780736
61.0521953,9.1780449
61.0519317,9.1773219
61.051891,9.177234
61.0518583,9.1771237
61.0518439,9.1769947
61.0518231,9.1768886
61.0518256,9.1767058
61.0517877,9.1764591
61.0517433,9.1761559
61.0517146,9.1759257
61.0516773,9.175672
61.0516669,9.1756254
61.0516591,9.1755831
61.0516296,9.1755033
61.0515992,9.1754596
61.0515809,9.1754205
61.0515692,9.175369
61.0515665,9.1752959
61.0515652,9.1752046
61.0515609,9.1751112
61.0515578,9.1750687
61.0515543,9.1750358
61.0515504,9.1750055
61.051545,9.1749788
61.051539,9.1749701
61.0515279,9.1749606
61.0515156,9.1749599
61.0514977,9.1749548
61.0514897,9.1749403
61.051486,9.17493
61.0514838,9.174911
61.0514815,9.1748884
61.0514757,9.1748547
61.0514706,9.1748341
61.0514618,9.1748218
61.0514534,9.1748165
61.0514515,9.1748161
61.051441,9.1748212
61.051436,9.1748213
61.0514254,9.1748055
61.051412,9.1747379
61.0514024,9.1746845
61.0513832,9.1746144
61.0513781,9.1745096
61.0513607,9.1744179
61.0513452,9.1742978
61.0513248,9.1740414
61.0513179,9.1739725
61.0512889,9.1736748
61.0512533,9.1732671
61.0512345,9.1730943
61.051231,9.1730615
61.0512261,9.1730175
61.0512204,9.1729281
61.0512166,9.1728248
61.051218,9.1727313
61.0512267,9.172637
61.0512276,9.1725074
61.0512298,9.1724452
61.0512302,9.172309
61.0512259,9.172188
61.0512162,9.1720833
61.0511992,9.1719806
61.0511943,9.1719561
61.051188,9.1718189
61.0511847,9.1717651
61.0511747,9.1716557
61.051167,9.1715704
61.0511474,9.1713941
61.0511443,9.1713144
61.0511144,9.1711896
61.0511022,9.1711318
61.051089,9.1710888
61.0510749,9.1710386
61.0510689,9.1709978
61.051063,9.1709346
61.051051,9.1708473
61.0510344,9.1707581
61.0510204,9.1707114
61.0510168,9.1706985
61.0509184,9.1703349
