# GsakName=Hemsedal
#
# The source data is © Kartverket http://www.kartverket.no
# and distributed under the license CC BY 4.0
# http://creativecommons.org/licenses/by/4.0/deed.no
#
# This file was created by Peter John Acklam, pjacklam@gmail.com
#
# Area 1 of 1
#
60.7640389,8.7243577
60.7640719,8.72396
60.7642637,8.7216541
60.7644895,8.7189381
60.764519,8.7185819
60.7649934,8.7183772
60.7658215,8.7180194
60.7663275,8.7178007
60.766816,8.7175895
60.7671974,8.7174223
60.7673214,8.7161512
60.7674377,8.714947
60.767614,8.7131207
60.7676566,8.7126787
60.7677543,8.711667
60.7678195,8.7109919
60.7678928,8.7102319
60.7679834,8.7092921
60.7681119,8.7079611
60.7682241,8.706799
60.7683671,8.7053153
60.7685204,8.7037265
60.768638,8.7025066
60.7687121,8.7017385
60.7687666,8.7011735
60.768845,8.700361
60.7689388,8.6993869
60.7691168,8.6975416
60.7691187,8.6975216
60.7691589,8.6968755
60.7691607,8.696846
60.7692625,8.6952103
60.7693554,8.6937149
60.7694005,8.6929917
60.7694394,8.692364
60.7694527,8.6921492
60.7695139,8.6911645
60.7695535,8.6905276
60.7696273,8.6893395
60.76964,8.6891338
60.7696782,8.6885205
60.7697148,8.6879315
60.7698079,8.6864322
60.7699123,8.6847498
60.7699499,8.6841435
60.7699907,8.6834863
60.7699985,8.6833617
60.7700832,8.6819983
60.7701561,8.6808239
60.770231,8.6796169
60.7702317,8.6796048
60.7703201,8.6781794
60.770397,8.6769403
60.770411,8.676716
60.7705136,8.6750602
60.7705966,8.6737225
60.7706894,8.6722262
60.7706922,8.6721807
60.770777,8.6708118
60.7707161,8.6702782
60.7705203,8.6685655
60.770425,8.6677318
60.7703106,8.6667308
60.7700889,8.6647911
60.7699858,8.6638898
60.7697701,8.6620044
60.7697636,8.661947
60.7695849,8.6603843
60.7695352,8.6599498
60.7694116,8.6588681
60.7692351,8.6573254
60.7691468,8.6565542
60.7690079,8.6553402
60.7689475,8.6548124
60.7688111,8.6536193
60.7686605,8.6523036
60.7683242,8.6493654
60.7679155,8.645795
60.7724714,8.6260406
60.7739241,8.6197376
60.773927,8.6197258
60.7764182,8.6093983
60.7771297,8.6064476
60.7774092,8.6052886
60.7778655,8.6033956
60.7782395,8.601844
60.7789602,8.5988553
60.7794145,8.5969698
60.7795742,8.5963073
60.7802175,8.5936379
60.7804912,8.5934676
60.7816236,8.5927625
60.7831268,8.5918264
60.7832964,8.5917208
60.7841887,8.591165
60.7848423,8.5850823
60.7857888,8.5762687
60.7974881,8.5625422
60.8037694,8.5455855
60.7953861,8.5146916
60.792871,8.5054316
60.7842891,8.4675935
60.7845274,8.4669367
60.7847763,8.4666829
60.7851464,8.4670681
60.7853989,8.4674402
60.7857075,8.4676721
60.7859581,8.468192
60.78595,8.4695023
60.7856886,8.4717119
60.7867919,8.4725369
60.786618,8.4713743
60.7863692,8.4699693
60.7863238,8.4683015
60.7861964,8.4671668
60.7870731,8.4674112
60.7875619,8.467643
60.7888668,8.4676158
60.7897917,8.4686615
60.7974156,8.4694441
60.7982781,8.4695809
60.7995725,8.4698878
60.8003664,8.4697254
60.8011557,8.4689187
60.8020656,8.468364
60.8020826,8.4683419
60.8118061,8.4595467
60.8148469,8.465361
60.819981,8.4493107
60.8230774,8.4378816
60.8302553,8.4166856
60.8348481,8.4031131
60.8348209,8.403121
60.8347934,8.4031281
60.8347565,8.403061
60.8347271,8.4029379
60.8347272,8.4028748
60.8347398,8.4028
60.8347215,8.4026912
60.834702,8.4026107
60.8346906,8.4025405
60.8346656,8.4024759
60.834646,8.4024644
60.8346221,8.4024902
60.8346011,8.4024988
60.8345802,8.4025044
60.8345578,8.4025189
60.8345396,8.4024728
60.8345298,8.4024183
60.8345214,8.4022693
60.8344961,8.4020685
60.8344654,8.4019307
60.8344374,8.4017612
60.8344178,8.401655
60.8344107,8.4015461
60.8344066,8.4014429
60.8343941,8.4013598
60.8343674,8.4013051
60.8343478,8.4012706
60.8343366,8.4011445
60.8343171,8.4010239
60.8342861,8.4009205
60.8342722,8.4008318
60.8342778,8.4007688
60.8342789,8.4007383
60.8342823,8.4006429
60.8342936,8.4005727
60.8342889,8.4004888
60.834266,8.4004117
60.834261,8.4003435
60.834266,8.4002694
60.8342632,8.4002139
60.8342411,8.4001073
60.8342202,8.4000596
60.8341884,8.4000016
60.834162,8.399948
60.8341354,8.3998823
60.834119,8.3998242
60.8341126,8.3997524
60.8341111,8.3996003
60.8341277,8.3994984
60.8341359,8.3994371
60.8341536,8.3993585
60.8341495,8.3992824
60.8341371,8.3992337
60.8341257,8.3991531
60.8341174,8.3990663
60.8341132,8.3989732
60.8341236,8.3989179
60.8341173,8.3988481
60.834105,8.3987759
60.8341122,8.3987081
60.8341278,8.3986571
60.8341505,8.3986149
60.8341598,8.3986086
60.8341763,8.3986022
60.834196,8.398581
60.8342065,8.3985515
60.8342074,8.3985026
60.8342084,8.3984412
60.8342188,8.3982888
60.8342205,8.3982005
60.8342104,8.3980757
60.8342019,8.3979699
60.8342055,8.3979025
60.8342002,8.3977984
60.8341961,8.3977221
60.8341843,8.3976644
60.8341648,8.3976112
60.834141,8.3975783
60.8340903,8.3975402
60.8340531,8.3974942
60.8340234,8.3974265
60.8340121,8.3974025
60.8340027,8.397357
60.8340155,8.3972787
60.8340173,8.3972089
60.8340002,8.3971093
60.8340019,8.3969264
60.8340078,8.3968112
60.8340036,8.3967294
60.834001,8.3966264
60.8339934,8.3965374
60.8339729,8.3964486
60.8339611,8.3963805
60.8339403,8.3962791
60.8339001,8.396165
60.8338786,8.3960809
60.8338606,8.3960279
60.8338145,8.3959439
60.8337871,8.395865
60.8337715,8.3957948
60.8337596,8.3956948
60.8337563,8.3956104
60.8337503,8.3955142
60.8337479,8.3954754
60.8337425,8.395384
60.8337356,8.3952234
60.8337311,8.3951208
60.8337298,8.3950345
60.8337253,8.3949411
60.8337253,8.3948573
60.8337297,8.3948174
60.8337432,8.3947687
60.8337604,8.3947288
60.8337706,8.3947078
60.8337883,8.3946742
60.8338105,8.3946458
60.8338342,8.394439
60.8338261,8.3942609
60.8338076,8.3938516
60.8337276,8.3935181
60.8336554,8.3930242
60.8336745,8.3926485
60.8336949,8.3924958
60.8337051,8.3924195
60.8337214,8.3922537
60.8337317,8.3922401
60.8337127,8.3921265
60.8334307,8.3904418
60.8326498,8.3848595
60.8326422,8.3848052
60.8315541,8.3692874
60.8318874,8.3632025
60.8323577,8.3546121
60.8332768,8.3479045
60.8349018,8.3390926
60.8649222,8.3385053
60.8670846,8.3345233
60.867759,8.323461
60.8719502,8.2985928
60.8718344,8.2914785
60.871628,8.2788437
60.8709047,8.2351419
60.8743944,8.1601433
60.8778513,8.1345334
60.8782762,8.132975
60.8845271,8.0929443
60.8932149,8.0408698
60.9241399,8.0789649
60.9340622,8.091206
60.9354475,8.092905
60.936524,8.0942084
60.9377169,8.0956714
60.9395524,8.0978843
60.9434369,8.1026164
60.9459451,8.1056472
60.9482529,8.1084626
60.9519044,8.1128772
60.9537789,8.1151575
60.9555271,8.1172618
60.9576137,8.1198115
60.959209,8.1217458
60.9609786,8.1239199
60.9626676,8.1259267
60.9653213,8.1291703
60.9669459,8.1311547
60.9679257,8.132333
60.9696952,8.1345084
60.971607,8.1368202
60.9727217,8.1381738
60.9733352,8.1395985
60.9751533,8.1437856
60.9773921,8.1489765
60.9782397,8.1509263
60.9787607,8.1521305
60.9793398,8.1528085
60.9795305,8.1530281
60.9799876,8.1535542
60.9805892,8.1539253
60.9807226,8.1540076
60.9813903,8.1541972
60.9817463,8.1542871
60.9822325,8.1539399
60.9816867,8.1561354
60.9808092,8.159608
60.9798435,8.1634704
60.9788926,8.1672735
60.9782844,8.1696673
60.9776321,8.1706612
60.976035,8.173101
60.974372,8.1756658
60.9727579,8.1781273
60.9710521,8.1807379
60.9690031,8.1838671
60.9690774,8.1872812
60.9691424,8.1914016
60.9692174,8.1957243
60.9692785,8.1985293
60.9692995,8.1996558
60.9693578,8.2002737
60.9697132,8.2044433
60.9700099,8.2078096
60.9700929,8.2087376
60.9697509,8.2126674
60.9694423,8.2163672
60.9692373,8.2187288
60.9691816,8.219408
60.96886,8.2205339
60.9684443,8.2219391
60.9680888,8.2231086
60.9685574,8.2232865
60.9693018,8.2235724
60.9705228,8.2240159
60.9725987,8.2247961
60.9747301,8.2256015
60.9767509,8.2263565
60.9788622,8.2271291
60.9808099,8.2278629
60.9828492,8.2286322
60.9848689,8.2293695
60.9868994,8.2301414
60.9888745,8.230888
60.9909227,8.2316564
60.9938064,8.2327283
60.9945644,8.2328145
60.9950403,8.2314631
60.9963822,8.2278733
60.9971046,8.2259374
60.9973843,8.225228
60.9989024,8.2224536
60.9996205,8.2211495
61.0011294,8.2210491
61.0026491,8.2209835
61.0034224,8.2209478
61.0042926,8.2208729
61.0047383,8.2216683
61.0052233,8.2225297
61.0057075,8.2233728
61.0060252,8.2239545
61.0063902,8.2245817
61.0066087,8.2249802
61.0070443,8.2261121
61.0075819,8.2274823
61.0076732,8.2285765
61.0080049,8.2285426
61.0085416,8.2284646
61.0090228,8.2287147
61.0091353,8.2316606
61.0092958,8.2361001
61.0094546,8.2401501
61.0096112,8.2445162
61.0096945,8.2467077
61.0094522,8.2490612
61.0089313,8.2537572
61.0086484,8.256379
61.008543,8.2573298
61.0105559,8.2590172
61.0143393,8.2622215
61.0160424,8.2636598
61.0166543,8.2641794
61.0172802,8.2646217
61.0186641,8.2661656
61.0208996,8.2686977
61.0247566,8.2730215
61.0302949,8.2792548
61.0333306,8.2826595
61.0495746,8.2399902
61.0539105,8.2144315
61.0736449,8.2511306
61.0739438,8.2516992
61.0814553,8.2699637
61.0917205,8.3092019
61.0573772,8.3562032
61.0546932,8.3598715
61.049242,8.3653467
61.0482634,8.3663329
61.0290439,8.4246304
61.0289123,8.4258093
61.0286538,8.428073
61.0283763,8.4305077
61.0282276,8.4311514
61.0278178,8.4327221
61.0275146,8.4333418
61.0262758,8.4358279
61.0258202,8.4364609
61.0254368,8.4369118
61.0235153,8.43926
61.0222303,8.4408076
61.0210399,8.4422615
61.0207469,8.4432691
61.0203671,8.444536
61.0199154,8.4465416
61.0197516,8.447801
61.0194115,8.4504336
61.0191824,8.4522074
61.0191366,8.4542221
61.0191099,8.4551562
61.0191047,8.4561596
61.0191004,8.4568099
61.0191543,8.4590271
61.0190047,8.4603943
61.0186607,8.4635099
61.0184807,8.4651809
61.0186378,8.4660024
61.0185897,8.4679798
61.0199574,8.4725805
61.020969,8.4759737
61.0213991,8.4774074
61.021598,8.47965
61.0216765,8.4807106
61.019634,8.4919177
61.0184146,8.4985547
61.0184341,8.5033563
61.0184079,8.5094907
61.0178578,8.509584
61.0168265,8.5096843
61.0159755,8.510527
61.0156669,8.5104789
61.0150388,8.5103478
61.0136803,8.5107563
61.0130753,8.5114744
61.0126693,8.5125784
61.0128853,8.5150026
61.0128386,8.5159031
61.0131421,8.5216318
61.0124448,8.5234261
61.012234,8.5244717
61.0119354,8.5259432
61.0116584,8.527299
61.0114669,8.5289344
61.0113166,8.5301158
61.0111449,8.5315984
61.0110105,8.5327394
61.0109122,8.533502
61.0108093,8.534358
61.0106419,8.5357471
61.0104934,8.5369651
61.0103439,8.538165
61.0101559,8.5396878
61.0099974,8.5410752
61.0098604,8.542161
61.0097372,8.5432489
61.008082,8.5467731
61.0073167,8.5486548
61.006712,8.5501324
61.0062896,8.5510905
61.00586,8.5520876
61.0053419,8.5533061
61.005049,8.5537742
61.0045957,8.5554064
61.0042337,8.5566863
61.003819,8.5581807
61.0035124,8.5593005
61.0029473,8.5601019
61.0024759,8.5607916
61.0017509,8.5618293
61.0010001,8.5628912
61.000326,8.563863
60.9995405,8.5645791
60.9986078,8.5654181
60.9978732,8.5660681
60.9973296,8.5665681
60.9963969,8.5674067
60.9955937,8.5681263
60.994652,8.5689668
60.9937978,8.5806191
60.9917133,8.5850941
60.9886816,8.5924787
60.9861063,8.5986659
60.9848113,8.6018035
60.9844279,8.6027342
60.9824639,8.6074912
60.9822768,8.6079389
60.9813031,8.6081524
60.9803874,8.6083324
60.9792619,8.6086294
60.9785095,8.6100863
60.9763114,8.6142475
60.9745445,8.6176769
60.9731818,8.621366
60.9713448,8.6264311
60.9697924,8.6271598
60.9676337,8.6283466
60.9663939,8.6274279
60.9625676,8.6317434
60.9616447,8.6327843
60.9616324,8.6327317
60.9616125,8.6326748
60.9615857,8.632622
60.9615637,8.6325413
60.9615482,8.6324939
60.9615351,8.6324372
60.9615222,8.6323661
60.961509,8.6323048
60.9614916,8.6322288
60.9614694,8.6321717
60.9614361,8.632086
60.9614162,8.6320196
60.961394,8.6319484
60.9613697,8.6318818
60.9613454,8.6318103
60.9613167,8.6317107
60.9612836,8.6316156
60.9612591,8.6315442
60.9612437,8.6314965
60.9612259,8.6314491
60.9612061,8.6313732
60.9611729,8.6312826
60.9611347,8.6312251
60.9610899,8.6311574
60.961045,8.631076
60.9610114,8.6310182
60.9609846,8.6309703
60.960967,8.6309086
60.9609402,8.6308512
60.9609178,8.6308175
60.9608862,8.6307786
60.9608594,8.630726
60.9608262,8.6306354
60.9608017,8.6305595
60.9607842,8.6304932
60.9607645,8.6304266
60.9607422,8.6303647
60.9607245,8.6303172
60.960709,8.6302695
60.9606867,8.6302217
60.9606552,8.6301689
60.9606193,8.6301158
60.9605836,8.6300488
60.9605659,8.6299823
60.9605506,8.6299209
60.96054,8.6298406
60.9605272,8.6297606
60.9605074,8.6296847
60.9604901,8.6295901
60.9604568,8.6294903
60.9604214,8.6293996
60.9603784,8.6293604
60.9603151,8.6293205
60.9602858,8.6292771
60.9602707,8.629192
60.9602582,8.6290742
60.9602431,8.6289939
60.9602302,8.6289278
60.9602127,8.6288379
60.9601857,8.6288038
60.9601405,8.6287647
60.9601066,8.6287443
60.9600771,8.6287245
60.9600385,8.6287091
60.9599885,8.6287021
60.9599569,8.6286632
60.9599281,8.6285871
60.9599105,8.6285253
60.9598909,8.6284405
60.9598687,8.6283736
60.9598466,8.628298
60.9598314,8.6282362
60.9598048,8.6281459
60.959772,8.6280228
60.9597504,8.6278953
60.9597331,8.6278055
60.9597108,8.6277481
60.9596885,8.6276957
60.9596551,8.6276287
60.9596304,8.6275901
60.9596034,8.6275517
60.9595447,8.6274882
60.959513,8.6274776
60.9594743,8.6274712
60.9594263,8.6274785
60.9593943,8.627496
60.9593711,8.6275281
60.959348,8.6275692
60.9593084,8.6276474
60.9592688,8.6277393
60.9592544,8.6278092
60.9592469,8.6278745
60.9592394,8.6279491
60.9592316,8.6280333
60.9592265,8.6280987
60.9592234,8.6281736
60.9592181,8.628253
60.95921,8.6283747
60.9591999,8.6284729
60.9591825,8.6286173
60.9591704,8.6286967
60.9591491,8.6287708
60.9591304,8.6288121
60.9590887,8.6288807
60.9590448,8.6289399
60.9590149,8.6289761
60.9589689,8.6290117
60.9589209,8.6290332
60.9588889,8.6290459
60.9588475,8.629077
60.9587969,8.6291264
60.95876,8.629167
60.9587347,8.6291989
60.9586977,8.6292397
60.9586702,8.6292619
60.9586404,8.6292842
60.9586149,8.6293206
60.958578,8.629366
60.9585458,8.6294023
60.9585202,8.6294434
60.9584947,8.6294844
60.9584714,8.629535
60.9584549,8.6295908
60.9584362,8.629646
60.9584242,8.6297018
60.9584121,8.6297765
60.9584063,8.6298934
60.9584101,8.6299779
60.9584164,8.6300344
60.958429,8.6301334
60.95843,8.6302599
60.9584092,8.6302967
60.9583796,8.6302906
60.9583433,8.6302707
60.9583092,8.6302549
60.9582798,8.6302349
60.9582187,8.6301951
60.9581756,8.6301746
60.9581302,8.6301445
60.9580922,8.6300867
60.9580654,8.6300339
60.9580091,8.629952
60.9579777,8.6299039
60.9579531,8.6298653
60.9579263,8.6298125
60.9578995,8.6297553
60.9578413,8.6296402
60.9577763,8.6295394
60.9577403,8.6294862
60.957693,8.6294466
60.9576564,8.6294499
60.9576291,8.6294487
60.9576058,8.6294759
60.9575775,8.6295872
60.957563,8.6296711
60.9575486,8.6297407
60.9575368,8.6297966
60.9575269,8.6298619
60.9575082,8.6299174
60.9574643,8.6299764
60.9574206,8.6300168
60.9573861,8.6300436
60.9573426,8.6300605
60.9573038,8.6300636
60.9572765,8.6300622
60.9572332,8.6300606
60.9571809,8.6300538
60.9571469,8.630029
60.95712,8.6299949
60.9570771,8.6299463
60.9570547,8.629908
60.95703,8.6298646
60.9570032,8.6298216
60.9569806,8.6297876
60.9569516,8.6297303
60.9569204,8.6296632
60.9568892,8.6295963
60.9568556,8.6295247
60.9568313,8.6294628
60.9568021,8.6294102
60.9567706,8.6293711
60.9567299,8.6293365
60.9566824,8.6293064
60.9566486,8.6292724
60.9566193,8.6292383
60.9565764,8.6291896
60.956545,8.6291463
60.9565158,8.6291029
60.9564731,8.6290355
60.9564464,8.6289781
60.9564263,8.6289304
60.956404,8.6288919
60.9563748,8.6288487
60.9563296,8.6288044
60.9562911,8.6287749
60.9562577,8.6286984
60.9562469,8.6286371
60.9562317,8.6285614
60.9562208,8.6285095
60.9562102,8.6284386
60.9561974,8.6283489
60.9561776,8.6282733
60.9561601,8.6282116
60.9561357,8.6281357
60.9561046,8.6280545
60.9560304,8.6279579
60.9560009,8.6279425
60.9559647,8.6279174
60.955926,8.6279159
60.9558828,8.6279095
60.9558371,8.627903
60.9558076,8.6279017
60.955762,8.6278905
60.9557282,8.6278609
60.9556764,8.6277978
60.955654,8.6277641
60.9556293,8.6277211
60.9555936,8.6276492
60.9555535,8.6275629
60.9555245,8.6274963
60.955498,8.6274109
60.9554627,8.6272968
60.9554404,8.6272396
60.9554048,8.6271584
60.9553622,8.6270816
60.9553241,8.6270192
60.9552723,8.6269561
60.9552384,8.6269267
60.9551956,8.6268779
60.9551663,8.6268486
60.9551235,8.6268
60.9550805,8.6267654
60.9550396,8.6267451
60.9549967,8.6267058
60.954963,8.6266668
60.9549315,8.6266281
60.9548977,8.6265797
60.9548482,8.6265263
60.9548097,8.6264918
60.9547669,8.6264479
60.9547399,8.6263998
60.9547198,8.6263616
60.9546867,8.6262571
60.9546603,8.6261715
60.954636,8.626091
60.9546183,8.6260386
60.9545942,8.625944
60.9545925,8.6258782
60.9546073,8.6257615
60.9546218,8.6256826
60.9546318,8.6255939
60.9546395,8.6255099
60.9546427,8.6254115
60.9546392,8.6253034
60.9546179,8.6251573
60.9546025,8.6251098
60.954578,8.6250431
60.9545514,8.6249717
60.9545247,8.6249097
60.9544688,8.6247997
60.9544375,8.6247373
60.9544175,8.6246852
60.9543975,8.6246279
60.9543437,8.6245413
60.9543078,8.6244883
60.9542563,8.6244018
60.954225,8.6243395
60.9541958,8.6242822
60.9541533,8.6242054
60.9541243,8.6241478
60.9541041,8.6241096
60.9540751,8.6240519
60.9540527,8.6240137
60.9540169,8.6239468
60.9539969,8.6238943
60.9539612,8.6238177
60.9539254,8.6237553
60.95391,8.6236891
60.9538699,8.6236079
60.9538344,8.6235079
60.9538147,8.6234369
60.9537991,8.6233891
60.9537792,8.6233369
60.9537479,8.6232747
60.9537189,8.6232031
60.9536923,8.6231317
60.9536565,8.62306
60.9536251,8.6230119
60.9535847,8.6229492
60.9535578,8.6229059
60.9535331,8.6228673
60.9534927,8.6228049
60.9534635,8.622752
60.9534211,8.62268
60.9533896,8.6226271
60.9533671,8.6225888
60.9533315,8.622517
60.9533136,8.6224741
60.9532914,8.6224215
60.9532716,8.6223459
60.9532631,8.6222844
60.9532501,8.6222137
60.9532393,8.6221618
60.9532216,8.6220953
60.9531928,8.6220237
60.9531657,8.6219947
60.9531361,8.6219934
60.9530927,8.6219915
60.9530543,8.6219759
60.953018,8.6219604
60.952984,8.6219449
60.9529362,8.6219148
60.9529091,8.6218997
60.9528728,8.6218889
60.9528206,8.6218632
60.9527911,8.621848
60.9527435,8.6218226
60.9526869,8.6217826
60.9526554,8.6217532
60.9526102,8.621714
60.9525694,8.6216796
60.952513,8.6216255
60.9524678,8.6215863
60.9524091,8.6215228
60.9523618,8.6214696
60.9523145,8.6214205
60.9522806,8.6213911
60.9522535,8.6213713
60.9522265,8.6213326
60.9522017,8.6212987
60.9521747,8.6212742
60.9521429,8.6212496
60.9521023,8.6212198
60.952057,8.6211852
60.9520118,8.6211504
60.9519755,8.6211301
60.9519438,8.6211101
60.9519029,8.6210843
60.9518046,8.6213624
60.9483713,8.6310686
60.9456711,8.6387457
60.9440927,8.6431744
60.9422957,8.6482446
60.9418376,8.6495936
60.9403799,8.6537684
60.9391596,8.6572265
60.9382664,8.6563131
60.9359465,8.6540509
60.9310571,8.6723955
60.9254301,8.6934897
60.9225697,8.7127284
60.9196096,8.7326145
60.9188863,8.735735
60.9183318,8.7381239
60.9175502,8.7414925
60.9166969,8.7451698
60.9159597,8.7483488
60.9147929,8.7533735
60.9137607,8.7578205
60.9127343,8.7622414
60.9122764,8.764212
60.9107847,8.7706342
60.9085122,8.7804153
60.9079905,8.782659
60.9074143,8.785136
60.9063652,8.789649
60.9054133,8.7937408
60.9045921,8.7972777
60.9045216,8.7975807
60.9041278,8.7992739
60.9036347,8.8013874
60.9026579,8.8055869
60.9018565,8.8090294
60.9005856,8.8144902
60.9003753,8.8191557
60.8999532,8.8291094
60.8997639,8.8353403
60.8991456,8.8429261
60.8988663,8.8464626
60.8985082,8.8512903
60.8982432,8.8545391
60.8978708,8.8587092
60.8976251,8.8619536
60.8975019,8.8636363
60.897481,8.8638967
60.8973294,8.8659047
60.8971031,8.868989
60.8969769,8.8706228
60.8969492,8.8728446
60.8968434,8.8796973
60.8966741,8.8867048
60.8966308,8.8894527
60.8966342,8.8896436
60.8966478,8.8904035
60.8966212,8.8905842
60.8960259,8.892055
60.8956865,8.8928937
60.8953107,8.8935328
60.8950977,8.8938296
60.8948548,8.8942552
60.894653,8.8946776
60.8943462,8.8953486
60.8942165,8.8957003
60.8941362,8.8958353
60.8938183,8.896136
60.89367,8.8961908
60.893064,8.8957796
60.892501,8.8951371
60.8922985,8.8947875
60.8919628,8.8947875
60.8917155,8.8948945
60.8911671,8.8949355
60.8897977,8.8944347
60.889637,8.8944434
60.8892693,8.8946309
60.8886276,8.8951034
60.8876576,8.8960051
60.8872239,8.8963222
60.8868777,8.8964732
60.8858384,8.8967148
60.8854939,8.896932
60.8844964,8.8977577
60.8841809,8.8978558
60.8838311,8.8978338
60.8835256,8.8976834
60.8832393,8.8974339
60.88305,8.8974218
60.8829104,8.8975539
60.8826538,8.8980378
60.8820228,8.8996758
60.8815856,8.9006688
60.881405,8.9009676
60.8812491,8.9011347
60.8810354,8.9013872
60.8807873,8.9014825
60.8805664,8.9015213
60.8803432,8.9014698
60.8801279,8.9014002
60.8799131,8.901279
60.8792252,8.900675
60.8791204,8.9006421
60.8790428,8.900744
60.8789538,8.9007922
60.878883,8.9009754
60.8788657,8.9012953
60.8789162,8.9031024
60.8788663,8.9044235
60.8787304,8.9052186
60.8786674,8.9055214
60.8785439,8.9058894
60.8783256,8.9063941
60.8781754,8.9067303
60.8780241,8.9068697
60.8777846,8.9073042
60.8775612,8.9079743
60.8773901,8.9085974
60.8771652,8.9091957
60.8765833,8.9106777
60.8762211,8.9114984
60.8760537,8.9116135
60.8759234,8.911646
60.8754873,8.911775
60.8750312,8.9119097
60.8747385,8.9121385
60.8740493,8.9122368
60.8733119,8.9123419
60.8728858,8.9125428
60.8715493,8.9141666
60.8711829,8.9148581
60.8711278,8.9149622
60.868987,8.9189966
60.8651565,8.9189923
60.863376,8.9189901
60.8670584,8.8857717
60.8685348,8.8728476
60.8712604,8.848769
60.871273,8.8486875
60.8712737,8.848485
60.8712417,8.8482229
60.8712056,8.8479778
60.8711577,8.8477227
60.8708564,8.8468064
60.870842,8.8467608
60.870632,8.8460882
60.8704842,8.845409
60.870451,8.8452198
60.8703964,8.8444631
60.870433,8.8437242
60.8705951,8.8429049
60.8708093,8.8421382
60.8709187,8.84159
60.8709369,8.8414984
60.8709716,8.8410065
60.8709712,8.8399232
60.870942,8.838923
60.8708893,8.8380948
60.8709632,8.8377312
60.8713323,8.8360716
60.8714544,8.8357999
60.871584,8.8354806
60.8716701,8.8352894
60.8717115,8.8349755
60.8716883,8.8346438
60.8716204,8.834444
60.8715154,8.8342912
60.871379,8.8341324
60.8713713,8.8340084
60.8713799,8.8338599
60.8714126,8.8336951
60.8714573,8.8335719
60.8715769,8.8333692
60.8716411,8.8332301
60.8716849,8.8330419
60.8717147,8.8324277
60.871709,8.8317174
60.871694,8.8312316
60.8716757,8.830814
60.8716251,8.8302719
60.871584,8.8298577
60.8715512,8.8295272
60.8714423,8.8289023
60.8712995,8.8283177
60.8712357,8.8275328
60.8710781,8.8275892
60.8658238,8.8298517
60.8646337,8.8302326
60.8625065,8.8309134
60.8608844,8.8313716
60.8586976,8.8319294
60.8572319,8.8322856
60.8525804,8.821732
60.8507905,8.8176692
60.8492262,8.8141187
60.848522,8.812521
60.8478035,8.8108905
60.8466701,8.809882
60.8451166,8.8084913
60.8442353,8.8074256
60.8432973,8.8063779
60.8426211,8.8057962
60.8422052,8.8052387
60.8419577,8.8049936
60.8410963,8.8041409
60.8390358,8.8021015
60.8379197,8.800997
60.8370318,8.800118
60.8344502,8.7976178
60.8334243,8.796932
60.8323333,8.7962754
60.8315259,8.7957898
60.8305288,8.7951899
60.8299657,8.7947887
60.8292171,8.7942551
60.8282232,8.7935467
60.8280907,8.7934684
60.8272182,8.792953
60.8270875,8.7928771
60.8265344,8.7925557
60.8250742,8.791707
60.8232438,8.7905836
60.8219118,8.7896404
60.8189332,8.7876508
60.814372,8.7829109
60.8142504,8.7827863
60.813442,8.7819526
60.8117131,8.7801786
60.8109595,8.7795005
60.8104339,8.7789978
60.8099314,8.7785758
60.8094118,8.7780763
60.8087155,8.7774218
60.8067784,8.7757756
60.805244,8.7744335
60.8035647,8.7729634
60.80314,8.7726195
60.8020901,8.7717084
60.8011201,8.7709052
60.8006605,8.770189
60.8004997,8.7701826
60.7997419,8.7695194
60.7996565,8.7694323
60.7995532,8.7693271
60.7987155,8.7684733
60.7976942,8.7674569
60.7972186,8.7670644
60.7967469,8.7664873
60.7957191,8.7654505
60.794698,8.7645022
60.7942604,8.7638227
60.7933605,8.7623444
60.7929185,8.7616219
60.792477,8.7609218
60.7919954,8.7601848
60.7915276,8.7594569
60.7911295,8.7587527
60.7902929,8.7574531
60.7902457,8.7573766
60.789735,8.7565459
60.7896788,8.7564546
60.7895539,8.7562512
60.7893396,8.7559027
60.7893185,8.7558683
60.7889105,8.7552127
60.788874,8.7551533
60.7886731,8.754827
60.7885275,8.7545911
60.7884631,8.7544863
60.788226,8.7541017
60.7880956,8.75389
60.7880371,8.7537952
60.7879696,8.7536897
60.7875844,8.7530882
60.7875542,8.7530413
60.7870971,8.752296
60.7869351,8.7520292
60.7866634,8.7515819
60.7864788,8.7512923
60.7862167,8.7508813
60.7861631,8.7507961
60.7858628,8.7503206
60.7857563,8.750152
60.7852821,8.7493917
60.7851185,8.7491358
60.7843736,8.7479679
60.7843708,8.7479631
60.7843386,8.747905
60.7842905,8.7478317
60.7842648,8.7477925
60.7833618,8.7464406
60.7830477,8.7459376
60.7829395,8.7457657
60.7829378,8.7457633
60.7827854,8.7455584
60.7827824,8.7455549
60.7827055,8.7454679
60.7826796,8.7454356
60.7824561,8.745007
60.7805201,8.7415312
60.7798993,8.7403279
60.7799349,8.7401666
60.7800328,8.7396606
60.7790607,8.7376478
60.7789213,8.737879
60.7787919,8.738087
60.7767403,8.7344134
60.7763693,8.7337468
60.7761187,8.7333178
60.7758216,8.7328087
60.7756021,8.7324331
60.7754956,8.7322332
60.7754053,8.7320639
60.7752389,8.7317516
60.775002,8.7313074
60.7748166,8.7309594
60.7747344,8.7308051
60.7745731,8.730625
60.7743059,8.7303256
60.7740406,8.7299131
60.7737252,8.7294225
60.773453,8.7289992
60.7711857,8.7254633
60.7709373,8.7245442
60.7707038,8.7237926
60.7697382,8.722894
60.7662476,8.7237905
60.7640389,8.7243577
