# GsakName=Skien
#
# The source data is © Kartverket http://www.kartverket.no
# and distributed under the license CC BY 4.0
# http://creativecommons.org/licenses/by/4.0/deed.no
#
# This file was created by Peter John Acklam, pjacklam@gmail.com
#
# Area 1 of 1
#
59.0452565,9.4150155
59.0460094,9.4129576
59.0462564,9.4124634
59.0465775,9.411821
59.0467984,9.4113789
59.0472097,9.4105559
59.0476548,9.4096653
59.0478405,9.4089468
59.0480174,9.4082621
59.0482102,9.4077
59.0485997,9.4065642
59.0489208,9.4056281
59.0493906,9.404258
59.0497422,9.4032328
59.0499587,9.4026012
59.0501481,9.4020492
59.0505287,9.400939
59.0507338,9.4003405
59.050939,9.3997426
59.0512952,9.3987034
59.0517055,9.3977344
59.0518449,9.3973811
59.0521016,9.3967301
59.0524066,9.395984
59.0526209,9.3953922
59.052771,9.3949911
59.0529236,9.3945836
59.0531841,9.3938456
59.0533617,9.3933422
59.0537207,9.392321
59.0541466,9.3911574
59.054554,9.3900445
59.0549474,9.3889866
59.055062,9.3885543
59.0552978,9.3880001
59.0555631,9.3873771
59.0557864,9.3867199
59.0561526,9.3857849
59.0565124,9.3847429
59.056851,9.3839074
59.0570157,9.3833978
59.0572416,9.3828415
59.0578452,9.3812781
59.0579683,9.3809103
59.0582095,9.3802532
59.0584222,9.3796894
59.0586775,9.3790536
59.0590707,9.3778816
59.0593883,9.377155
59.0594062,9.3771145
59.0594818,9.3769416
59.0598363,9.3761326
59.0620316,9.3699447
59.0643067,9.3638332
59.0655316,9.3605468
59.0661424,9.3589548
59.0667396,9.3572616
59.0677335,9.3545976
59.068448,9.3525587
59.0692493,9.3505639
59.069665,9.3494563
59.0699255,9.3487
59.0700382,9.3484253
59.0705742,9.3469942
59.0705769,9.3469872
59.0705853,9.3469654
59.0706264,9.346859
59.0708013,9.3464069
59.0708426,9.3462999
59.0715371,9.34441
59.0717634,9.3437746
59.0724073,9.3420451
59.0730809,9.3404143
59.0734587,9.3394674
59.0738279,9.3383286
59.0739987,9.3377979
59.0742579,9.3370919
59.0742926,9.3370002
59.0747695,9.3356545
59.0754856,9.3336466
59.078088,9.3277429
59.0783974,9.3268639
59.0803211,9.3213998
59.0818811,9.3169458
59.0824115,9.3154636
59.0824164,9.3154062
59.0824326,9.3152653
59.0824298,9.3151554
59.0824546,9.3150724
59.0824971,9.3145327
59.0827437,9.3140771
59.0849028,9.306996
59.0850653,9.3066199
59.0854322,9.3057715
59.085935,9.3046216
59.0859973,9.3044765
59.0874984,9.2990561
59.0877702,9.2982211
59.0886888,9.2953584
59.0893681,9.2933458
59.0895282,9.2929138
59.0898692,9.2921639
59.0899611,9.2918628
59.0901075,9.291467
59.0907147,9.2896199
59.0905704,9.2889357
59.0902171,9.2877034
59.0900912,9.2872273
59.0899073,9.2865614
59.0895919,9.2851662
59.0894898,9.2848432
59.0892728,9.2841566
59.0888495,9.2828179
59.0886894,9.2823412
59.0884758,9.2816865
59.0883572,9.2812962
59.0885809,9.2809079
59.0889976,9.2803499
59.0892964,9.2798396
59.0896527,9.2793515
59.0902408,9.2784179
59.0903681,9.2782292
59.0905139,9.2780133
59.0910728,9.2772776
59.0914197,9.2768188
59.0915115,9.2766642
59.0918479,9.2761722
59.0920657,9.2756945
59.0925573,9.2749692
59.0928378,9.2746519
59.09307,9.2741608
59.0932954,9.2737495
59.0935225,9.2735007
59.093635,9.2730742
59.0940483,9.2722231
59.0942544,9.2718742
59.094478,9.271203
59.0955921,9.2714619
59.0958607,9.2709138
59.0961491,9.2704851
59.0965029,9.2699411
59.0966947,9.2695901
59.0967821,9.2694052
59.0969361,9.2690797
59.0971086,9.2686637
59.097353,9.2680853
59.0975075,9.2675606
59.0977382,9.2668982
59.0978874,9.2664692
59.0980518,9.2660529
59.0980938,9.2652739
59.0982323,9.2643212
59.0982118,9.2640239
59.0982127,9.263492
59.0982833,9.2626036
59.0984472,9.2614614
59.098747,9.2610678
59.0990741,9.2607619
59.099431,9.2605581
59.0995627,9.2599227
59.0996358,9.2594464
59.0997127,9.2589754
59.0998825,9.2585592
59.1001971,9.2578063
59.1005318,9.2577049
59.1009009,9.2575658
59.101253,9.257519
59.1016895,9.2574811
59.1020805,9.2574248
59.1026319,9.257533
59.1030029,9.2576365
59.1032063,9.2576853
59.1038214,9.2579276
59.1043621,9.2581543
59.104722,9.2582944
59.1048501,9.2583446
59.1052388,9.2584959
59.1055538,9.2586401
59.105906,9.2587274
59.1064851,9.2589778
59.1067872,9.2590588
59.1074604,9.2593202
59.108046,9.259555
59.1085122,9.2597866
59.1090609,9.2600102
59.1093875,9.2600532
59.1096065,9.2601933
59.1100017,9.2604198
59.110378,9.2610752
59.1106244,9.2615441
59.111051,9.2621852
59.1114395,9.2626228
59.1116942,9.2629172
59.1119748,9.2632403
59.1123584,9.2636096
59.1129287,9.2641025
59.1133242,9.2644355
59.1135844,9.2645768
59.1138459,9.2641364
59.1142022,9.2636321
59.1145718,9.26313
59.1149189,9.2626517
59.1150263,9.2620366
59.1152859,9.260938
59.1154845,9.2602378
59.1157105,9.2592047
59.1159331,9.258142
59.1161587,9.2581005
59.1166262,9.2580075
59.1170667,9.2579103
59.1174065,9.2578387
59.1175612,9.2578059
59.1177747,9.2577907
59.1184142,9.2565629
59.119459,9.2563313
59.1197282,9.2562581
59.1201291,9.2550657
59.1205904,9.2541154
59.1214632,9.2534558
59.1217567,9.2528618
59.1220902,9.2524696
59.1226307,9.2520422
59.1237598,9.2501463
59.1244069,9.2469654
59.1268649,9.2450117
59.1292134,9.2438058
59.1318855,9.2417003
59.1329706,9.2393932
59.1333013,9.2381119
59.133597,9.2376045
59.1338115,9.2372366
59.1339527,9.2368511
59.1342625,9.2362946
59.1346316,9.2360364
59.1350654,9.2352751
59.1356825,9.2345775
59.1358627,9.2344149
59.1359525,9.2342449
59.1361303,9.2339947
59.136345,9.2339405
59.1364349,9.2342396
59.1365571,9.2343022
59.1367259,9.2342469
59.1369122,9.2338357
59.137204,9.2336945
59.1375585,9.2333469
59.1379264,9.2332966
59.1382629,9.2333346
59.1385916,9.2329226
59.1389625,9.2323049
59.1396059,9.2316746
59.1399287,9.2314747
59.1400926,9.2314798
59.1401252,9.231525
59.1402129,9.231641
59.1404212,9.2317511
59.1406742,9.2318126
59.1409985,9.2316421
59.1413302,9.2314456
59.1416336,9.231231
59.1418877,9.2309027
59.1421635,9.2305218
59.1422301,9.2304151
59.1423382,9.2302422
59.1424851,9.2301072
59.142652,9.2299989
59.1428808,9.2297602
59.143332,9.2292365
59.1445842,9.2276463
59.1447486,9.2280577
59.152219,9.2464024
59.1524197,9.2468947
59.1532025,9.2488165
59.1535779,9.2488697
59.1579051,9.2494824
59.1675857,9.2508688
59.176066,9.2520535
59.1770313,9.2541177
59.1778793,9.2563389
59.1780851,9.2568631
59.1782208,9.2571863
59.1784968,9.2578742
59.1790162,9.2586709
59.1795605,9.2589766
59.1798623,9.2590174
59.1801052,9.2592203
59.1809917,9.2615808
59.181584,9.2631082
59.1821667,9.2649866
59.1830407,9.2677609
59.1838791,9.2707977
59.1848463,9.2736063
59.1851127,9.2743746
59.1851487,9.2746175
59.1852239,9.2750036
59.185302,9.2754585
59.1853491,9.2756297
59.1854223,9.2759986
59.185815,9.2764163
59.1860534,9.2767074
59.1861654,9.2768373
59.1864416,9.2770497
59.1865906,9.2773146
59.1867964,9.2776279
59.1869487,9.2779293
59.1870127,9.2780823
59.187171,9.2784636
59.1874094,9.2789183
59.1877272,9.2795125
59.1878966,9.2799887
59.1879793,9.2802609
59.1881713,9.2808622
59.1883114,9.2813385
59.1885328,9.2821044
59.188707,9.2827176
59.1887935,9.2829552
59.1889677,9.2834493
59.1891312,9.2838844
59.1892483,9.2841653
59.1893903,9.2845476
59.1895178,9.2848765
59.1897134,9.2853695
59.1898913,9.2858856
59.1901515,9.2865143
59.1903339,9.286988
59.1905414,9.2876573
59.1907525,9.2881923
59.1909624,9.2887216
59.1911424,9.2892027
59.1913262,9.2897446
59.1914856,9.2901848
59.1916213,9.2904712
59.1918086,9.2909077
59.1919925,9.2913005
59.1920739,9.2915369
59.1922326,9.2920007
59.192314,9.2922348
59.1923841,9.2924222
59.1925209,9.2927071
59.1927581,9.2933101
59.1930893,9.2940984
59.1931799,9.294284
59.1933232,9.2945904
59.1934441,9.2948725
59.1936182,9.2952436
59.193861,9.295765
59.1940356,9.2961723
59.194185,9.2965262
59.1944131,9.2970167
59.1946372,9.297448
59.1948537,9.2978675
59.1949865,9.298111
59.195186,9.2984515
59.1953163,9.298674
59.1955251,9.299036
59.1956003,9.2991884
59.1958785,9.2996956
59.1960178,9.2999184
59.1962941,9.3004334
59.1965472,9.3011282
59.1966619,9.3014412
59.1966781,9.3040255
59.1966782,9.3040486
59.1967038,9.3040626
59.1967589,9.3040685
59.1968229,9.3040337
59.1968715,9.3039932
59.1969252,9.3039686
59.1969787,9.3039612
59.1970534,9.3039645
59.1970893,9.3039626
59.1971305,9.3038957
59.1971625,9.3038653
59.1971919,9.3038591
59.1972535,9.3038588
59.1972971,9.3038338
59.1973982,9.3037315
59.1974525,9.3036647
59.197514,9.3036105
59.1975675,9.3035737
59.1976167,9.3035125
59.1976587,9.3034737
59.1977445,9.3034292
59.1978217,9.3034049
59.1979034,9.3033955
59.1979851,9.3033887
59.1980577,9.303376
59.1981198,9.303357
59.1981956,9.3033149
59.1982266,9.3032855
59.1982728,9.3032948
59.1983182,9.3033344
59.1983501,9.3033531
59.1983852,9.3033452
59.1984418,9.3033169
59.1984786,9.3032764
59.1985138,9.3032179
59.1985447,9.3031543
59.1986111,9.3030632
59.1986449,9.3030224
59.1986956,9.3029643
59.1987433,9.3028826
59.1987776,9.3027942
59.1988036,9.3027713
59.1988429,9.302743
59.198894,9.302715
59.1989407,9.3026894
59.1989861,9.3026659
59.1990498,9.3026451
59.1991054,9.3026239
59.1991474,9.3026161
59.1992064,9.3026017
59.1992597,9.3025872
59.1993018,9.3025702
59.1993552,9.3025404
59.1994054,9.3024969
59.199436,9.3024731
59.1994622,9.302447
59.1995109,9.302392
59.1995342,9.3023553
59.1995814,9.3022674
59.1996333,9.3021476
59.199682,9.3020614
59.1997278,9.3019773
59.1997575,9.301949
59.1997927,9.3019343
59.1998472,9.3019241
59.1999339,9.3019263
59.2000352,9.3019303
59.2000874,9.3019381
59.2001689,9.3019508
59.2002528,9.3019659
59.200315,9.3019648
59.2003978,9.3019687
59.2004568,9.3019699
59.2005021,9.3019711
59.2005453,9.3019586
59.2006316,9.3019401
59.2007465,9.301876
59.2008725,9.3018213
59.2009826,9.3017723
59.2010721,9.3017532
59.2012116,9.3017478
59.2013246,9.3017336
59.2014085,9.3017173
59.2014957,9.3016887
59.2015638,9.3016722
59.2016401,9.3016342
59.2016942,9.3015924
59.2017226,9.3015808
59.2017558,9.3015636
59.2018024,9.301558
59.2018556,9.3015522
59.2019056,9.3015488
59.2019394,9.3015473
59.2020315,9.301516
59.202086,9.3015016
59.2021462,9.3014828
59.202203,9.3014596
59.2022632,9.3014364
59.202337,9.3014089
59.202404,9.301397
59.2024801,9.3013829
59.2025413,9.3013553
59.2026228,9.3013466
59.2026854,9.30132
59.2027593,9.3012847
59.2028288,9.3012436
59.2028696,9.3012288
59.2029014,9.3012251
59.202949,9.3012261
59.202983,9.3012336
59.2030394,9.3012701
59.203079,9.301302
59.2031252,9.3013564
59.2031634,9.3014037
59.2032244,9.3014583
59.2032785,9.3015036
59.2033304,9.3015471
59.2033902,9.301595
59.2034443,9.3016449
59.2034781,9.3016788
59.2035017,9.3017148
59.2035287,9.3017621
59.2035354,9.3017733
59.2035685,9.3018278
59.2036068,9.3018538
59.2036518,9.3018512
59.2036846,9.3018585
59.203688,9.3018564
59.203697,9.3018588
59.2037232,9.301866
59.2037616,9.3018713
59.2038081,9.30187
59.203858,9.3018731
59.2039089,9.3018897
59.2039439,9.3019151
59.2039891,9.3019424
59.2040198,9.3019558
59.204054,9.3019316
59.2040982,9.3018756
59.2041175,9.3018829
59.2041626,9.301944
59.2042108,9.301999
59.2042543,9.3020378
59.2043446,9.3020972
59.2044376,9.3021113
59.2044829,9.3021337
59.2045214,9.3021829
59.2045598,9.3022434
59.2046027,9.3023147
59.2046662,9.3023915
59.2047327,9.3024312
59.2048045,9.3024171
59.2048675,9.3023794
59.2048672,9.3022812
59.2048656,9.3018635
59.204861,9.3014347
59.2048573,9.3009926
59.2048494,9.300466
59.2048443,9.3002104
59.2048441,9.2997552
59.2048453,9.2991644
59.2048544,9.2986067
59.2048539,9.2982778
59.2048583,9.2978337
59.2048744,9.2977006
59.2048937,9.2965905
59.2052449,9.2955342
59.2057334,9.2942746
59.205885,9.2939068
59.2065233,9.2921357
59.2074458,9.2896814
59.2079988,9.2886583
59.2083045,9.2881667
59.209247,9.2857543
59.2099164,9.2837398
59.2101736,9.283202
59.2104713,9.2825849
59.2135755,9.278413
59.2135343,9.2765518
59.214038,9.274205
59.2141822,9.2732201
59.2141278,9.2721276
59.2143422,9.2708707
59.2143551,9.2708917
59.2144159,9.2709799
59.2144782,9.2710376
59.2145356,9.2710543
59.2145855,9.2710494
59.2146242,9.2710392
59.2146588,9.2709877
59.214685,9.2708718
59.2146999,9.2707886
59.214718,9.2707065
59.214736,9.2705764
59.2147466,9.2704477
59.214754,9.2703232
59.2147611,9.2702249
59.2147854,9.2701232
59.2148192,9.2700494
59.2148694,9.2700022
59.214912,9.269978
59.2149565,9.2699169
59.2149867,9.26982
59.2150178,9.2697144
59.2150429,9.2695992
59.2150544,9.2694958
59.2150527,9.2693805
59.2150264,9.2692168
59.2149926,9.2690481
59.2149726,9.2689323
59.2149393,9.2687786
59.214909,9.268667
59.2148879,9.2685933
59.21487,9.2685425
59.2148644,9.2684641
59.2148603,9.2683595
59.214872,9.2682574
59.214886,9.2681689
59.214923,9.2680436
59.2149712,9.2678689
59.2150186,9.2677177
59.2150359,9.2676419
59.2150464,9.2675402
59.2150364,9.2674631
59.2149857,9.267339
59.2149374,9.2672004
59.2148972,9.2670375
59.2148581,9.2668592
59.214841,9.2667264
59.2148358,9.2666321
59.2148394,9.2665874
59.2148481,9.2665547
59.2149088,9.2664806
59.2149441,9.266461
59.2150317,9.2664617
59.2150799,9.2664708
59.2151864,9.2665084
59.2152373,9.2665202
59.2152453,9.2665225
59.215302,9.2665101
59.21536,9.2664688
59.2153942,9.2664479
59.2154454,9.2663898
59.2154785,9.266337
59.2155265,9.2662643
59.2155822,9.2662028
59.2156368,9.2661592
59.2156995,9.2661157
59.2157552,9.2660787
59.2158177,9.2660329
59.2158889,9.2659667
59.2159412,9.2659128
59.2159976,9.2658687
59.2160489,9.2658028
59.2160969,9.2657389
59.2161391,9.2656753
59.2161692,9.2656138
59.2161992,9.2655698
59.2162367,9.2655807
59.2164631,9.2656465
59.2165912,9.2656643
59.2167219,9.2659635
59.2168436,9.2662206
59.2169348,9.2664198
59.2169764,9.2667673
59.2171066,9.2671313
59.2173262,9.2674317
59.2173983,9.267858
59.2174525,9.268
59.2175785,9.2682895
59.2176971,9.2685868
59.2176966,9.2688668
59.2177819,9.2693665
59.2181113,9.2692706
59.2183745,9.2689743
59.2184473,9.2689173
59.218774,9.268651
59.218967,9.2691916
59.2191906,9.2697259
59.2195109,9.2704907
59.2200724,9.2719346
59.2202734,9.272451
59.221759,9.2760115
59.2218995,9.2766336
59.2219191,9.2771252
59.22177,9.2783658
59.2215678,9.2793095
59.2214966,9.2798065
59.221489,9.2808668
59.2214804,9.2813045
59.2216086,9.2818817
59.2217597,9.2824139
59.2217713,9.2827718
59.221828,9.2833479
59.2218766,9.2840218
59.2219523,9.2847468
59.2219914,9.285096
59.2220381,9.2855342
59.2220739,9.2857658
59.2221092,9.2863038
59.2221151,9.2867305
59.2221118,9.2872463
59.2220783,9.2875907
59.2219676,9.2879055
59.2217935,9.2881619
59.2217774,9.2883328
59.221766,9.2889174
59.2218027,9.289725
59.2217856,9.2898176
59.2217842,9.2899053
59.2217879,9.2900132
59.2218004,9.2901454
59.2218,9.2902917
59.2217931,9.2904474
59.2217776,9.2906105
59.2217455,9.2907861
59.2217231,9.2909675
59.2216966,9.2911901
59.2216738,9.2914218
59.2216451,9.2920749
59.2216171,9.2925032
59.2216069,9.2929658
59.2215102,9.2936741
59.2213489,9.2943798
59.2212047,9.2949787
59.2209741,9.295677
59.2208552,9.2960922
59.220641,9.2966527
59.2204397,9.2974046
59.2203149,9.2979661
59.2200807,9.2987621
59.2198377,9.2994247
59.2195956,9.3001853
59.219374,9.3009326
59.2192413,9.3014983
59.2191675,9.3020579
59.219143,9.3024177
59.2191259,9.3029777
59.2191843,9.3037781
59.219261,9.3044966
59.2192743,9.3046389
59.219323,9.3062374
59.2192358,9.3072166
59.2190273,9.3087552
59.2187977,9.3100448
59.2186748,9.3107391
59.2185787,9.3110805
59.2184232,9.311175
59.2181843,9.3109641
59.2179369,9.3105112
59.2176776,9.3102958
59.2174294,9.3107274
59.2169048,9.31203
59.2162387,9.3137181
59.215919,9.3151577
59.2157542,9.3163431
59.2155862,9.3174329
59.2154731,9.3188119
59.2156982,9.3195692
59.2161874,9.3209598
59.2164512,9.321702
59.2169428,9.322935
59.2174679,9.3240059
59.2179213,9.325114
59.2182806,9.3262683
59.2183629,9.32694
59.2184431,9.327319
59.2184835,9.3275015
59.2185307,9.327675
59.2186157,9.3278663
59.2186727,9.3279901
59.2187536,9.3282235
59.2188257,9.3284106
59.2188617,9.3285444
59.2189389,9.3287131
59.2189846,9.3288296
59.2190804,9.3291149
59.2191471,9.3292557
59.2192442,9.3294255
59.2193156,9.3294881
59.2193597,9.3295287
59.2193799,9.3295931
59.2193853,9.3296536
59.219392,9.3297401
59.2194245,9.3297811
59.2194734,9.3298054
59.2194918,9.3298442
59.2194971,9.3299114
59.2194864,9.3301163
59.219507,9.3301738
59.2195521,9.3301846
59.2195754,9.3302044
59.2196156,9.3303394
59.2196535,9.3305124
59.219677,9.3305937
59.219721,9.3307472
59.2197817,9.3309388
59.2198529,9.3311105
59.2199274,9.3312624
59.2199985,9.3314074
59.2200719,9.3315525
59.220143,9.3315999
59.2201924,9.3316497
59.2202607,9.3317831
59.2202934,9.3318789
59.2203001,9.3318987
59.2203181,9.3319502
59.2203553,9.332075
59.2203982,9.332182
59.2204495,9.3322746
59.220521,9.3324783
59.2206136,9.332704
59.2206712,9.332831
59.2208009,9.3331299
59.2208606,9.3332905
59.2209135,9.3334465
59.2210103,9.3336668
59.2210782,9.3338076
59.2210993,9.3339068
59.2211137,9.334044
59.2211139,9.3341426
59.221083,9.3342905
59.2210733,9.3343446
59.2210689,9.334459
59.2210731,9.3345881
59.2211037,9.3347155
59.2211437,9.3347307
59.2211793,9.3347669
59.2212255,9.3348992
59.2212773,9.3350689
59.2213176,9.3352424
59.2213509,9.3353835
59.2213844,9.3355
59.2214387,9.3356567
59.2214841,9.3357563
59.2215477,9.3358091
59.2216214,9.3358351
59.2216779,9.3359023
59.2217435,9.3360073
59.2218293,9.3361412
59.2218814,9.3362109
59.2219357,9.3362645
59.2220047,9.3363674
59.2220363,9.3364455
59.2220828,9.3365681
59.2221028,9.3366678
59.2221203,9.3367805
59.222134,9.3368442
59.22217,9.3369578
59.2222083,9.3370691
59.2222484,9.3371941
59.2222668,9.3373077
59.2222689,9.3373588
59.2222675,9.3374322
59.2222582,9.3374945
59.2222579,9.3375411
59.2222717,9.3375795
59.2222951,9.3376348
59.222311,9.3376863
59.2223168,9.3377766
59.2223409,9.3378506
59.2223845,9.3379227
59.2227911,9.338763
59.2228402,9.3391751
59.2228693,9.3397292
59.2228753,9.3398139
59.2228857,9.3399055
59.2229102,9.3400799
59.2229469,9.3403326
59.222989,9.3405799
59.2230136,9.3407023
59.2230548,9.3408555
59.2230982,9.3410185
59.2231112,9.3410862
59.2231096,9.3413525
59.2231134,9.3415721
59.223117,9.3418168
59.2231296,9.3418996
59.2231624,9.3419459
59.2232607,9.3420622
59.2233202,9.3421661
59.2233617,9.3423669
59.2234064,9.3426139
59.2234368,9.3427596
59.2234662,9.3429443
59.2234878,9.3431283
59.2235202,9.3432831
59.223549,9.3434384
59.2235709,9.3435677
59.2235905,9.3436737
59.2236187,9.3437681
59.2236669,9.3438842
59.2237323,9.3440216
59.2237613,9.3440759
59.2238096,9.3442509
59.2238235,9.3443445
59.2238459,9.3444015
59.2238923,9.3446497
59.2242086,9.3454961
59.2242748,9.3461672
59.2244571,9.3467029
59.2244808,9.3471294
59.224586,9.3475984
59.2246839,9.3477988
59.2247211,9.3479619
59.2249363,9.3494658
59.2259535,9.3511597
59.2261359,9.3518619
59.2266175,9.3536747
59.2268179,9.3550489
59.2270684,9.3566828
59.2272085,9.3574536
59.2273507,9.3583143
59.2275725,9.3595073
59.2275309,9.3600291
59.2274377,9.3611969
59.2273753,9.36198
59.2273242,9.3626223
59.2273133,9.3634969
59.2273117,9.3657115
59.227241,9.367399
59.2271614,9.3694834
59.2271112,9.3705818
59.2270273,9.3726992
59.2269408,9.3744731
59.2268559,9.3757323
59.2267772,9.3768502
59.2266678,9.378404
59.226644,9.37867
59.226582,9.3793813
59.2265678,9.3796158
59.2265102,9.3803701
59.2264677,9.3810614
59.2263851,9.3820074
59.2262597,9.3835747
59.2260684,9.3859687
59.2260373,9.3864717
59.2259396,9.38767
59.2258705,9.3885536
59.2256166,9.3894468
59.2257391,9.3899403
59.2256609,9.3901811
59.2253795,9.3905988
59.2253088,9.3910006
59.2252433,9.392087
59.2254682,9.3927763
59.2258022,9.3931013
59.2260265,9.3934657
59.2262961,9.3944197
59.2264464,9.394899
59.2264534,9.3949231
59.2264745,9.3949953
59.2265175,9.3951429
59.2265471,9.3952447
59.2265544,9.3952696
59.2265674,9.3953146
59.2266015,9.3954219
59.226657,9.395579
59.2266611,9.3956369
59.2266683,9.3956891
59.2266696,9.3956985
59.2266779,9.3957863
59.2266905,9.3958918
59.226699,9.3959567
59.2267143,9.3960764
59.2267228,9.3961239
59.226736,9.3961645
59.2267601,9.3961827
59.2267689,9.3962094
59.2267674,9.3962388
59.226762,9.3962739
59.2267394,9.3963048
59.2267316,9.3963869
59.2267311,9.3964447
59.2267335,9.3964919
59.2267335,9.3966059
59.2267343,9.3966286
59.226734,9.396655
59.226736,9.3967339
59.2267443,9.3968251
59.2267458,9.3968742
59.2267455,9.3969039
59.2267451,9.3969617
59.22674,9.3970351
59.2267313,9.3971136
59.2267219,9.3971712
59.2267051,9.3972565
59.2266952,9.3973666
59.2266978,9.3973894
59.226681,9.3974714
59.2266716,9.3975324
59.2266712,9.3975848
59.2266755,9.3976026
59.22667,9.3976198
59.2266818,9.397708
59.2266901,9.3977921
59.2266988,9.3978362
59.226709,9.39791
59.2267175,9.3979716
59.2267214,9.3980418
59.2267192,9.3980908
59.2267175,9.3981869
59.2267108,9.3982518
59.2266965,9.3983528
59.2266898,9.3983999
59.226694,9.3984439
59.2267036,9.3984897
59.226735,9.3985992
59.2267578,9.3986701
59.2267708,9.3987317
59.2267971,9.3988199
59.2268234,9.3988943
59.2268364,9.3989561
59.2268557,9.3990179
59.2268687,9.3990795
59.2268681,9.3991461
59.2268793,9.3992165
59.2269011,9.399296
59.2269246,9.3993878
59.2269357,9.3994546
59.2269397,9.3995249
59.2269456,9.399581
59.2269567,9.3996567
59.2269783,9.3997623
59.2269883,9.399859
59.2270055,9.3999611
59.2270272,9.4000581
59.2270313,9.4001143
59.227029,9.4001667
59.2270195,9.4002331
59.2270079,9.4003379
59.2269893,9.4004108
59.2269682,9.4004768
59.2269407,9.4005496
59.2269133,9.4006153
59.2268859,9.4006758
59.2268584,9.4007484
59.2268401,9.4007969
59.2268171,9.4008611
59.2268059,9.4009098
59.2267964,9.4009795
59.2267933,9.4010443
59.2267928,9.4011057
59.2267831,9.4011893
59.2267626,9.401285
59.2267395,9.4013668
59.2267165,9.4014502
59.2266843,9.4015457
59.2266613,9.4016185
59.226631,9.4017016
59.2265907,9.4018089
59.2265604,9.4018869
59.226522,9.4019786
59.2264826,9.4020739
59.2264415,9.4021813
59.2264165,9.4022646
59.2263889,9.4023548
59.2263723,9.4024155
59.2263537,9.4024992
59.2263469,9.4025689
59.2263418,9.4026476
59.2263383,9.4027386
59.2263376,9.4028402
59.2263415,9.4029015
59.2263436,9.4029892
59.2263537,9.4030771
59.2263752,9.4032003
59.226388,9.4032883
59.2263964,9.4033533
59.2264013,9.4034149
59.2264026,9.4034726
59.2263976,9.403546
59.2263877,9.4036649
59.2263826,9.4037384
59.2263757,9.4038309
59.2263706,9.4039007
59.2263701,9.4039656
59.226367,9.4040144
59.2263687,9.4041406
59.2263699,9.4042282
59.2263722,9.4042773
59.2263733,9.4045927
59.2263687,9.4047239
59.2263658,9.404745
59.2263681,9.4047939
59.2263718,9.4048852
59.2263829,9.4049784
59.2263931,9.4050434
59.2264218,9.4051634
59.2264523,9.4052869
59.2264698,9.4053487
59.2264932,9.4054493
59.2265061,9.4055111
59.2265128,9.405569
59.2265142,9.4056338
59.2265118,9.4057091
59.2265087,9.4057564
59.2265084,9.4058052
59.2265034,9.4058577
59.2264967,9.4059224
59.2264871,9.4059973
59.2264727,9.4061019
59.2264652,9.406149
59.2264538,9.4062502
59.2264414,9.4063236
59.2264255,9.4064247
59.2264131,9.4065065
59.2264082,9.4065591
59.2264086,9.4066203
59.2263946,9.4066986
59.2263806,9.4067562
59.226355,9.4068289
59.2263255,9.4069068
59.2263026,9.4069814
59.2262747,9.4070945
59.2262608,9.4071642
59.2262349,9.4072545
59.2262145,9.4073238
59.2261916,9.4073986
59.2261777,9.4074453
59.2261612,9.4074975
59.2261518,9.4075463
59.2261314,9.4076243
59.226113,9.4076798
59.2260874,9.4077458
59.2260489,9.4078498
59.2260095,9.4079482
59.2259865,9.4080142
59.2259571,9.4080922
59.2259249,9.4081909
59.2259092,9.4082571
59.2258967,9.4083619
59.2258941,9.4084705
59.2258935,9.4085456
59.2258902,9.4086192
59.225885,9.4087064
59.2258781,9.4087816
59.2258747,9.4088779
59.225865,9.4089775
59.2258583,9.4090297
59.2258516,9.409143
59.2258345,9.4091953
59.2258224,9.4092565
59.2257992,9.4093484
59.2257835,9.4094093
59.2257665,9.4094964
59.225748,9.4095746
59.2257278,9.4096441
59.2257066,9.4097083
59.2256727,9.4097947
59.2256387,9.4098867
59.2256249,9.40993
59.225604,9.4099767
59.2255764,9.4100512
59.2255516,9.410124
59.2255287,9.4101987
59.2255071,9.4102977
59.2254979,9.41035
59.225491,9.41042
59.2254812,9.4105124
59.2254758,9.4106262
59.2254707,9.4107136
59.2254656,9.4107782
59.2254469,9.410888
59.2254302,9.4109487
59.2254074,9.4110007
59.2253938,9.4110212
59.2253855,9.4110368
59.2253345,9.4111386
59.2253005,9.4112288
59.2252839,9.4112895
59.2252727,9.4113468
59.2252632,9.4114167
59.2252581,9.4114955
59.225261,9.4115846
59.2252617,9.4116498
59.22527,9.4117567
59.2252707,9.4117603
59.225276,9.4118321
59.2252936,9.4118906
59.2253174,9.4119384
59.225353,9.4119748
59.2253933,9.4119987
59.2254453,9.4120037
59.2255531,9.4120069
59.2255906,9.412022
59.2256381,9.4120411
59.2256737,9.4120718
59.2257156,9.4121167
59.2257492,9.412167
59.2257686,9.41222
59.2257816,9.4122766
59.2257883,9.412338
59.2257852,9.4123957
59.2257666,9.412474
59.2257463,9.412547
59.2257322,9.4126218
59.2257108,9.4127175
59.2257012,9.4127908
59.225699,9.4128572
59.2256981,9.4129623
59.2257066,9.4130275
59.2257242,9.4130716
59.2257668,9.4131344
59.2257935,9.4131612
59.2258443,9.4132065
59.2258799,9.4132481
59.2259109,9.4132979
59.2259375,9.4133426
59.2259578,9.413387
59.2259884,9.4134877
59.2260103,9.4135549
59.2260369,9.413603
59.2260681,9.4136388
59.2260993,9.4136574
59.2261326,9.4136549
59.2261643,9.4136208
59.2261853,9.4135725
59.226201,9.4135168
59.2262104,9.4134645
59.2262181,9.4134035
59.2262188,9.4133108
59.2262164,9.4132633
59.2262216,9.4131882
59.22624,9.4131326
59.2262672,9.4130897
59.2262988,9.4130591
59.2263421,9.4130395
59.2263824,9.4130529
59.2264046,9.4130851
59.2264151,9.4131152
59.2264262,9.4131908
59.2264303,9.4132382
59.226452,9.4133316
59.2264845,9.413415
59.2265153,9.4135033
59.2265284,9.4135565
59.2265351,9.4136144
59.226539,9.4136847
59.2265381,9.413802
59.226535,9.413851
59.2265424,9.4139333
59.2265425,9.4140473
59.2265536,9.4141229
59.2265682,9.4141936
59.2265902,9.4142555
59.2266283,9.4143212
59.2266652,9.4144241
59.2266966,9.4145213
59.2267142,9.4145779
59.2267335,9.4146364
59.226751,9.4146929
59.2267818,9.4147778
59.2267977,9.4148134
59.2268262,9.4148493
59.2268619,9.4148677
59.2268914,9.4148722
59.2269247,9.4148732
59.226965,9.4148745
59.2269857,9.4148717
59.2270262,9.4148728
59.227062,9.4148827
59.2271067,9.4148963
59.2271605,9.4149206
59.2272115,9.4149432
59.2272561,9.4149759
59.2273052,9.4150125
59.2273408,9.4150433
59.2273745,9.4150882
59.2274011,9.4151328
59.2274294,9.4151949
59.2274469,9.4152444
59.2274733,9.4153101
59.227489,9.4153683
59.2275195,9.4154831
59.227537,9.4155485
59.2275562,9.4156244
59.2275717,9.4156949
59.2275939,9.4158002
59.2276063,9.4158712
59.2276191,9.4159451
59.2276277,9.4159978
59.2276451,9.4160684
59.2276627,9.4161215
59.2276917,9.4161926
59.2277314,9.4162725
59.227752,9.4163139
59.2312303,9.4203276
59.2296966,9.4314002
59.2334643,9.4429954
59.2404615,9.4363426
59.2458734,9.4189651
59.2489251,9.4195624
59.261977,9.4066237
59.2680023,9.390222
59.2846986,9.3619316
59.2867889,9.3128327
59.3169078,9.2804069
59.334772,9.2613452
59.3350655,9.2605297
59.3366359,9.2735246
59.3366604,9.2736829
59.3366992,9.2739502
59.3367204,9.2742284
59.3367453,9.2745137
59.3370886,9.276851
59.3371368,9.2771597
59.3371691,9.2773553
59.3372325,9.2777282
59.3372817,9.2780411
59.3373637,9.2783099
59.3374279,9.2787177
59.3374597,9.2789728
59.3375524,9.2795312
59.3375901,9.2799706
59.3376521,9.2804456
59.3378053,9.2809764
59.3379988,9.281714
59.3381732,9.2823306
59.3385328,9.2836253
59.3387949,9.2845258
59.3389541,9.2852405
59.3392146,9.2862031
59.3392975,9.2865049
59.3394254,9.2869172
59.3397869,9.2877959
59.340303,9.2890283
59.340678,9.289916
59.3410002,9.2906895
59.3410952,9.2909991
59.3411197,9.2910739
59.3418013,9.2931611
59.3418281,9.2932576
59.3420937,9.2942036
59.3424599,9.2952434
59.34285,9.2966718
59.3433018,9.2962931
59.3436257,9.2971291
59.3437409,9.2974714
59.3437973,9.2976207
59.3438048,9.2976397
59.3441572,9.2985381
59.3442784,9.2988532
59.3448649,9.300513
59.3472526,9.3071986
59.3481888,9.3102209
59.3487107,9.3119054
59.3497771,9.3150555
59.3499678,9.3157603
59.3507145,9.3182507
59.3514256,9.320241
59.3519997,9.3221795
59.3527081,9.3242449
59.3528434,9.3247266
59.3529832,9.3251345
59.3533111,9.3262561
59.3537053,9.3273546
59.3538284,9.32807
59.3538924,9.3284593
59.3549585,9.3311933
59.3549817,9.3326895
59.3549073,9.3348191
59.3552358,9.3370196
59.3552669,9.337195
59.3558356,9.3409064
59.3558167,9.3415245
59.3558663,9.3442875
59.3558728,9.3456969
59.3558973,9.3458015
59.3558802,9.3460038
59.3558691,9.3461366
59.3558618,9.3462239
59.3558113,9.3463844
59.3557283,9.3466484
59.3556148,9.3472394
59.355491,9.3478838
59.3521144,9.3654685
59.351553,9.3683908
59.3509638,9.3724109
59.3501404,9.3779196
59.3502585,9.3785846
59.3504501,9.3796756
59.3505713,9.3802555
59.3507202,9.3815483
59.3509674,9.3826999
59.3513788,9.3852321
59.3537422,9.3974977
59.3552336,9.4070009
59.3574593,9.3990541
59.3579821,9.3977601
59.3583971,9.3963158
59.358618,9.3953777
59.3589637,9.3941082
59.3595746,9.3917161
59.3600526,9.3900234
59.3611513,9.3859856
59.3617713,9.383551
59.362381,9.3813302
59.3626065,9.3803499
59.363218,9.3779951
59.3636084,9.3765244
59.3642104,9.3740633
59.3656005,9.374635
59.3663348,9.3749502
59.3674738,9.3752586
59.3675255,9.3752729
59.367536,9.3752759
59.3686751,9.3755291
59.3686872,9.3755317
59.3689653,9.3755938
59.3696088,9.3754811
59.3705723,9.375494
59.3715807,9.3754276
59.3725333,9.3753913
59.3737323,9.3753959
59.3745472,9.3759342
59.3753801,9.3764404
59.3767924,9.3787685
59.377718,9.3802727
59.3782202,9.3821551
59.3790592,9.3849374
59.3798898,9.3877875
59.3809496,9.3873753
59.382837,9.3865462
59.3844811,9.3860633
59.3856575,9.3855886
59.3865698,9.385268
59.3875886,9.3848695
59.3885891,9.3844976
59.3886124,9.3844897
59.3888071,9.3844233
59.3899509,9.3840326
59.3901047,9.3839801
59.3910101,9.3836752
59.3913904,9.3835574
59.3935768,9.3828976
59.3937811,9.3828268
59.3945504,9.3825616
59.3951412,9.3823564
59.395318,9.3822893
59.396082,9.3819996
59.3962704,9.3819282
59.3966162,9.3818458
59.3990559,9.3808827
59.3993756,9.3813749
59.4006013,9.3832578
59.4013208,9.3843627
59.4027599,9.3865149
59.403636,9.3875842
59.4044535,9.388461
59.40526,9.389312
59.4062051,9.390342
59.4069994,9.3904391
59.407552,9.3905153
59.4077971,9.3905343
59.4081581,9.3905696
59.4086988,9.3906249
59.4090223,9.390674
59.4099971,9.3908064
59.4104971,9.3908509
59.410896,9.3908993
59.4113653,9.3909497
59.4114237,9.3909568
59.4116224,9.3909851
59.412265,9.3910742
59.4139612,9.3913032
59.4149176,9.3914151
59.4153712,9.3914684
59.4158702,9.3915271
59.4161097,9.3915366
59.4184263,9.3895472
59.4198048,9.3904744
59.4208184,9.3911584
59.422011,9.3919634
59.4245617,9.3936846
59.4294885,9.3970148
59.4306332,9.39777
59.4310961,9.3980783
59.4337089,9.3998772
59.4339317,9.400012
59.4346635,9.4004641
59.4382848,9.4029445
59.4397009,9.4033023
59.4408474,9.4035981
59.4415676,9.4037833
59.441992,9.4038926
59.4428491,9.4041063
59.4435279,9.4042827
59.4446237,9.4045635
59.4453022,9.4047374
59.4465631,9.4050568
59.4476051,9.4053243
59.4489279,9.4051916
59.4492954,9.4051532
59.4507214,9.4050039
59.4522854,9.4048437
59.4533267,9.4047456
59.4538962,9.4046868
59.454422,9.4046325
59.455291,9.404544
59.4560961,9.4044631
59.457024,9.4043747
59.4570615,9.4043711
59.4573037,9.4043481
59.4580069,9.4040031
59.4583477,9.4040326
59.4589665,9.4040919
59.4596513,9.4040102
59.4603926,9.4039333
59.4610384,9.4043034
59.4616534,9.4048822
59.4615504,9.4067293
59.4614706,9.4078278
59.4614339,9.4087847
59.4613893,9.4092598
59.4613651,9.4096968
59.4612949,9.4104522
59.4612836,9.4109924
59.4612202,9.4117968
59.4611845,9.4126912
59.4611221,9.4132896
59.4611344,9.4137534
59.4611668,9.414006
59.461154,9.4149695
59.4611687,9.415478
59.4611253,9.4160137
59.4611557,9.4168242
59.4611832,9.4175117
59.461187,9.4181972
59.4611884,9.4188916
59.4611783,9.4194985
59.461212,9.4204123
59.4612198,9.4208446
59.4612058,9.4212794
59.461213,9.4219668
59.4612254,9.4226148
59.4612331,9.4229309
59.4613608,9.4281613
59.4613648,9.4283265
59.461374,9.4291688
59.4613837,9.4300181
59.4613886,9.4307275
59.4613961,9.4314563
59.4613972,9.4316586
59.4614313,9.4330539
59.4614482,9.4336942
59.4614699,9.4345007
59.4614805,9.4347849
59.4615693,9.4355056
59.461984,9.438872
59.4620394,9.4393103
59.4621184,9.4399544
59.4622099,9.4406914
59.4623882,9.4421173
59.4624551,9.4426702
59.4626268,9.4440874
59.4626405,9.4442001
59.4626541,9.4443055
59.4627355,9.4449293
59.4627548,9.4450775
59.4628721,9.4460348
59.4633106,9.4468506
59.463397,9.4470123
59.4644954,9.4490702
59.4645613,9.4491938
59.4646152,9.4493177
59.4670357,9.4534563
59.467308,9.4539218
59.46743,9.4541334
59.4681184,9.4553291
59.4709743,9.4602895
59.4728484,9.4628526
59.4748972,9.4645604
59.479135,9.4688524
59.4822113,9.4717438
59.4822504,9.4721103
59.4823212,9.4730375
59.4823886,9.4739802
59.4824606,9.4749302
59.48252,9.475978
59.4825702,9.4769268
59.4826238,9.4778694
59.4826963,9.4790095
59.4827579,9.4799568
59.4828148,9.4807826
59.4828212,9.4809044
59.4828945,9.4817282
59.4829272,9.4821863
59.4829871,9.4831243
59.483016,9.483523
59.4830407,9.4839926
59.4830803,9.4846268
59.4831172,9.4851196
59.4831462,9.4856051
59.4831741,9.4859967
59.4831914,9.4862508
59.4832238,9.4867388
59.4832544,9.4871908
59.4832838,9.4876473
59.4833189,9.4881021
59.4833433,9.4885918
59.4833567,9.4887785
59.4833886,9.4892196
59.4834259,9.4896852
59.4834552,9.4901487
59.4834959,9.4906145
59.4835307,9.4910871
59.4835645,9.4915506
59.4835951,9.4920094
59.4836323,9.4924732
59.4836638,9.4929411
59.4837013,9.4933799
59.4837361,9.4938635
59.4837555,9.4941942
59.4837932,9.494633
59.4838201,9.4951009
59.483847,9.4955749
59.483905,9.4964613
59.4839387,9.4969268
59.4839767,9.4974265
59.4839858,9.4976017
59.4840187,9.4980495
59.4840523,9.4985264
59.4840796,9.498965
59.4841119,9.4994551
59.4841444,9.49993
59.484185,9.5003983
59.4842186,9.5008819
59.4842579,9.5013546
59.4842891,9.5018515
59.4843182,9.5023125
59.4843554,9.5027875
59.4843836,9.5032371
59.4844161,9.5037097
59.4844572,9.504225
59.4844806,9.5045268
59.4844991,9.5048638
59.4845336,9.5053498
59.4845698,9.5058872
59.4845859,9.506043
59.4846138,9.5065287
59.4846461,9.5070099
59.4846799,9.5074844
59.4847143,9.5079884
59.4847159,9.5081297
59.4847526,9.5086271
59.4847803,9.5091193
59.4848092,9.5096073
59.4848441,9.5100686
59.4848782,9.510512
59.4849073,9.5109842
59.484946,9.5115017
59.4849606,9.5118636
59.4849943,9.5121545
59.4850383,9.5126297
59.4850806,9.5131338
59.4851301,9.5136117
59.4851346,9.5137889
59.4851557,9.5142565
59.4851569,9.5145051
59.4851691,9.5148416
59.4851866,9.5153192
59.4851965,9.5155076
59.485237,9.5160713
59.4852753,9.5166414
59.4853193,9.5172275
59.4853555,9.517773
59.4853972,9.5183366
59.4854334,9.5188911
59.485473,9.51943
59.4855092,9.5199824
59.4855416,9.5205793
59.4855618,9.5207593
59.4855983,9.5212757
59.485629,9.521783
59.4856379,9.521951
59.4856764,9.5224899
59.4857057,9.5230465
59.4857282,9.5234751
59.4856847,9.5237514
59.4856015,9.5242703
59.4855476,9.5245775
59.4854816,9.5249674
59.4853962,9.5254684
59.485304,9.5259937
59.4852118,9.5264991
59.4851219,9.5270155
59.4850633,9.5273205
59.4849914,9.5277277
59.4849041,9.5282088
59.4848096,9.5287137
59.4847124,9.5292861
59.4846118,9.5298337
59.4845028,9.5304456
59.4844069,9.5309822
59.4843116,9.5314628
59.4842032,9.5321481
59.4840493,9.5330374
59.4837708,9.5346466
59.4835789,9.5357356
59.4839581,9.5374299
59.4841812,9.5384088
59.4844339,9.5395323
59.4846348,9.5404161
59.4851302,9.5425984
59.4853833,9.5437171
59.4855568,9.5444836
59.4856984,9.5451069
59.4858245,9.5456598
59.4859517,9.5462111
59.4860654,9.5467301
59.4861894,9.547272
59.4863187,9.5478343
59.4864482,9.5483808
59.4865752,9.5489499
59.4866924,9.5494667
59.4868018,9.549979
59.4869122,9.5504939
59.4870229,9.5509772
59.487068,9.5511489
59.4871676,9.5515855
59.487169,9.5515914
59.4872366,9.5518936
59.4872544,9.5520315
59.4870636,9.5523308
59.4868664,9.552648
59.4866626,9.5529927
59.4864588,9.5533372
59.4862527,9.5536664
59.4860577,9.5539926
59.4858514,9.5543193
59.4856487,9.554655
59.485446,9.5549906
59.4852543,9.5553033
59.4850527,9.555641
59.4848599,9.5559535
59.4846784,9.5562678
59.484471,9.55659
59.4842617,9.5569419
59.4840488,9.5572868
59.4838358,9.5576297
59.4836286,9.5579723
59.4834236,9.5583079
59.483356,9.5584414
59.4831276,9.5588252
59.4829129,9.5591974
59.482679,9.5595837
59.4824839,9.5599032
59.482471,9.5599231
59.4822693,9.560235
59.4820198,9.5606261
59.4817895,9.5610032
59.4815739,9.5613506
59.4813166,9.5617645
59.4810548,9.5621738
59.4808356,9.5625325
59.4805805,9.5629238
59.4803649,9.5632711
59.4803189,9.5633578
59.4801167,9.5637049
59.4799281,9.5640132
59.4797358,9.5643149
59.4795484,9.5646325
59.479372,9.5649157
59.4791957,9.5652126
59.4790136,9.5654941
59.4788294,9.5658024
59.4786373,9.5661085
59.478451,9.5664172
59.4782364,9.5667643
59.4780476,9.5670705
59.4778655,9.5673563
59.4776824,9.56766
59.4775015,9.5679458
59.4773355,9.5682333
59.4771366,9.5685623
59.477059,9.5686834
59.4768657,9.5689786
59.4766782,9.5693093
59.476494,9.5696064
59.4763166,9.569912
59.4761255,9.5702095
59.4759099,9.5705589
59.4757202,9.5708809
59.4755235,9.5711894
59.4754024,9.5714261
59.4750498,9.5719956
59.4743088,9.5731882
59.473726,9.5740194
59.4734617,9.574408
59.4724345,9.5759003
59.4723255,9.5760548
59.472125,9.5763166
59.4719383,9.5765935
59.4717616,9.5768412
59.4715826,9.5770885
59.4714003,9.5773474
59.4712529,9.5775649
59.4711314,9.5777365
59.4709435,9.5780113
59.4707487,9.5782771
59.4705486,9.5785771
59.4703427,9.5788947
59.470147,9.5791808
59.4699389,9.5794875
59.4697667,9.5797326
59.469571,9.5800164
59.4694032,9.5802591
59.469311,9.580394
59.4690995,9.5806965
59.4689149,9.5809622
59.4687235,9.5812302
59.4685253,9.5814962
59.4683546,9.5817747
59.4681644,9.5820449
59.4679585,9.5823494
59.4677851,9.5825855
59.4675884,9.5828894
59.4675005,9.5830086
59.4673123,9.5832429
59.4672381,9.5833572
59.4670231,9.5836753
59.4668332,9.583959
59.4666656,9.5842172
59.4664878,9.5844827
59.4664182,9.5845991
59.4661493,9.5847262
59.465914,9.5848379
59.4658182,9.5848978
59.4656175,9.5849917
59.4655467,9.5846986
59.4654558,9.5843097
59.4653626,9.5839255
59.4652579,9.5835193
59.4652142,9.5833302
59.4651076,9.5829647
59.4650034,9.5825696
59.4649816,9.5824829
59.4648708,9.5820434
59.4648171,9.5818862
59.4647199,9.5814127
59.46463,9.5810169
59.4645387,9.5805768
59.4644543,9.5801612
59.4643689,9.5797496
59.4643288,9.5795764
59.4641073,9.5795165
59.4638926,9.5794472
59.463661,9.5793898
59.4634531,9.5793137
59.4632281,9.5792404
59.463035,9.5791683
59.4628227,9.5791057
59.4626264,9.579038
59.4624184,9.5789643
59.4621957,9.5788863
59.4620935,9.5789232
59.4619032,9.5790413
59.4617082,9.579155
59.4615101,9.5792867
59.4614286,9.5793497
59.4611957,9.5795542
59.4610999,9.5796544
59.4610133,9.5797709
59.4607819,9.5799991
59.4606925,9.5800695
59.4604341,9.5802136
59.4601708,9.5803444
59.4600005,9.5804179
59.4598774,9.580539
59.4596272,9.5807094
59.4594021,9.5808926
59.459169,9.5810673
59.4590332,9.5811663
59.458847,9.5812515
59.458612,9.5813455
59.4583965,9.5814497
59.458192,9.5815382
59.4580449,9.5816488
59.457825,9.5817757
59.4575867,9.5818966
59.4574566,9.5819909
59.4573013,9.5820775
59.4570539,9.5821897
59.4568042,9.5822999
59.4565999,9.5823879
59.4563455,9.582496
59.4560958,9.5826061
59.4559064,9.5826961
59.4557617,9.58282
59.4555137,9.5830064
59.4552703,9.5831766
59.4550145,9.5833696
59.4548423,9.5834835
59.4546833,9.5835297
59.4544251,9.5835955
59.454167,9.5836611
59.4541239,9.5838038
59.4539938,9.5842675
59.4539194,9.5843621
59.4537442,9.5845209
59.4536386,9.5846679
59.4534057,9.5848827
59.4531764,9.5851063
59.4529529,9.585334
59.4528817,9.5854039
59.452651,9.5855872
59.4524122,9.5857818
59.4521598,9.5859636
59.4518972,9.5861703
59.4516551,9.5863493
59.4514108,9.5865422
59.4511649,9.5867124
59.4510678,9.5868013
59.450635,9.5868352
59.4504924,9.5871785
59.4504466,9.5872832
59.4502736,9.5876703
59.450088,9.5880689
59.4500325,9.5882193
59.4499104,9.5884473
59.4497328,9.5888365
59.4495424,9.5891996
59.4493591,9.5895711
59.4492129,9.589871
59.449033,9.5902328
59.4488528,9.5906326
59.4487741,9.5907712
59.4486839,9.5910054
59.4486347,9.5911492
59.448502,9.5915069
59.4483751,9.59188
59.4482358,9.5922602
59.4481041,9.5925978
59.4479785,9.5929776
59.4478401,9.5933444
59.4477121,9.5937288
59.4475805,9.5940888
59.4474481,9.5944619
59.4473164,9.5948175
59.4471884,9.5951859
59.4470567,9.5955347
59.4469308,9.5958945
59.4468017,9.5962585
59.4466656,9.5966299
59.4466192,9.5967668
59.4466132,9.5967881
59.4465352,9.5969918
59.4464082,9.5973426
59.4462788,9.5977046
59.4461453,9.5980868
59.4460082,9.5984671
59.4458576,9.5988724
59.445725,9.5992567
59.4455802,9.599657
59.4455054,9.5998687
59.4454375,9.6000531
59.4452971,9.6004533
59.4451588,9.6008269
59.4451014,9.6009853
59.4450128,9.6012251
59.4448801,9.6015939
59.4447431,9.601983
59.4446092,9.6023405
59.4445147,9.6026255
59.4443742,9.6030123
59.4442314,9.6033882
59.4441032,9.6037434
59.4440183,9.6039607
59.4439883,9.6040379
59.4439172,9.6042337
59.4438438,9.6044384
59.4437393,9.6047294
59.4436479,9.6050039
59.4435927,9.6051776
59.4435427,9.6053391
59.4434948,9.6054961
59.4434503,9.6056487
59.4433846,9.605845
59.4433269,9.6060493
59.4432343,9.606332
59.4431499,9.6065913
59.4430616,9.6068696
59.4429303,9.6072674
59.4427901,9.6076878
59.4426478,9.6081374
59.4425142,9.6085284
59.4423843,9.6089621
59.4422555,9.6093864
59.4421266,9.6098022
59.4419954,9.6101955
59.441872,9.6105995
59.4417319,9.6110334
59.4416042,9.6114557
59.441482,9.6118397
59.4413496,9.6122554
59.4412207,9.6126709
59.4410918,9.6130909
59.440983,9.613441
59.4409329,9.6135837
59.4408419,9.6138971
59.4407098,9.6143331
59.4406452,9.6145319
59.4405708,9.6147669
59.4404417,9.6151667
59.4403072,9.6155869
59.4401726,9.6160115
59.4400403,9.6164182
59.4398749,9.6169279
59.4397716,9.6172663
59.439648,9.6176495
59.4395257,9.6180257
59.4394053,9.6183998
59.4392741,9.6188057
59.4391537,9.6191708
59.4390357,9.6195246
59.4389043,9.6199258
59.4387863,9.6202886
59.438665,9.6206763
59.4385449,9.6210593
59.4384353,9.6213747
59.4380442,9.6214486
59.4378352,9.6214949
59.4376112,9.621533
59.4375135,9.6215617
59.4372703,9.6216117
59.437185,9.621633
59.4369159,9.6217087
59.4366819,9.6217742
59.4364332,9.6218468
59.4361958,9.62191
59.4359231,9.6219793
59.4356619,9.6220503
59.4354109,9.6221208
59.4351668,9.6221975
59.4349191,9.622257
59.4346522,9.6223304
59.4344001,9.6224032
59.4341422,9.6224672
59.4338777,9.6225474
59.4336379,9.6226107
59.4334108,9.6226735
59.4331586,9.6227373
59.4329258,9.6228028
59.4326681,9.622878
59.4324262,9.6229571
59.4321707,9.6230278
59.4319457,9.6230883
59.4317141,9.6231557
59.4314699,9.6232216
59.4313056,9.6232665
59.4311861,9.6233201
59.4309295,9.6233998
59.4306627,9.6234756
59.4303732,9.6235358
59.4300956,9.623599
59.4298243,9.623686
59.4295551,9.6237551
59.4293051,9.6238279
59.4290496,9.6238918
59.4287917,9.6239606
59.4285576,9.6240213
59.4283079,9.6240985
59.4280512,9.624167
59.4278013,9.6242419
59.4275401,9.6243127
59.4272925,9.6243807
59.4270484,9.624451
59.426795,9.6245128
59.4265781,9.6245775
59.4264186,9.6245773
59.4261567,9.6245832
59.4258995,9.6245982
59.4256396,9.6245951
59.4253983,9.6246114
59.4251388,9.6246154
59.4249008,9.6246204
59.4118457,9.6062527
59.3975308,9.6162766
59.3931766,9.6199619
59.3840009,9.6369375
59.383267,9.638295
59.3832407,9.6383438
59.379711,9.6443715
59.3794983,9.6443083
59.379412,9.6443224
59.378573,9.6445246
59.3754626,9.6434769
59.3688774,9.6405586
59.3684035,9.6405547
59.3533646,9.6339674
59.3494617,9.6240431
59.3499761,9.6061799
59.3500154,9.6049577
59.3500961,9.6022501
59.3501001,9.6021134
59.3503685,9.5930947
59.3502811,9.5868877
59.3504482,9.5816094
59.3442458,9.5813495
59.3410084,9.5814087
59.3362746,9.5811961
59.3330814,9.5810191
59.3318346,9.5808674
59.3296729,9.5805759
59.3117433,9.587652
59.3112241,9.5891232
59.3109351,9.5899874
59.3106913,9.590787
59.3105354,9.5913161
59.3103857,9.5920405
59.3100296,9.5936757
59.3097683,9.5946678
59.3095395,9.5956036
59.3092582,9.596404
59.3090853,9.5969815
59.3087362,9.5981577
59.3082085,9.6001361
59.3078342,9.6014718
59.3070226,9.6027686
59.3066479,9.6033674
59.3061111,9.6042247
59.3057533,9.6048025
59.305128,9.6064575
59.3042082,9.6076746
59.3040602,9.6079056
59.3036179,9.608595
59.3030942,9.6094737
59.3028557,9.6099038
59.3020584,9.6105243
59.301433,9.610952
59.3008928,9.6112225
59.3003937,9.6115247
59.299792,9.6121412
59.299526,9.6123422
59.2991808,9.6127089
59.2989174,9.6130345
59.2985824,9.6134177
59.297439,9.6146585
59.2969656,9.6154287
59.2963351,9.6164459
59.2956791,9.617517
59.2952998,9.618089
59.2947742,9.6189587
59.2940466,9.6202672
59.2911786,9.6251142
59.2906814,9.6270304
59.2905762,9.6282587
59.2905637,9.6283861
59.2904624,9.6286406
59.290034,9.6290336
59.2895576,9.6285799
59.2891503,9.628446
59.2885581,9.6280509
59.2881131,9.6276309
59.2879007,9.6270873
59.2874583,9.6266515
59.2868217,9.6265161
59.2863935,9.626813
59.2861391,9.6273467
59.2860166,9.6276944
59.2859558,9.6280965
59.2854008,9.6291274
59.2852948,9.6296648
59.2850855,9.6302944
59.2848841,9.6307819
59.2848183,9.6313592
59.2846662,9.6315756
59.2842912,9.6320863
59.2837769,9.6325293
59.2833814,9.6327092
59.2831794,9.6325159
59.2829359,9.6325264
59.2825791,9.6324934
59.2814944,9.6335409
59.2811188,9.634027
59.280637,9.6348823
59.2802463,9.6357866
59.2800341,9.636319
59.2797801,9.6371669
59.2795911,9.6372231
59.2793089,9.6379903
59.2788165,9.6384928
59.2781232,9.6396777
59.2779513,9.6399489
59.2770899,9.6429132
59.2768791,9.6446668
59.2768984,9.6447584
59.2768497,9.6448262
59.2768561,9.6451701
59.2768772,9.6455111
59.2768323,9.646022
59.2766692,9.6464812
59.276557,9.6467646
59.276449,9.6470362
59.2763566,9.6470651
59.2762801,9.6472126
59.2762213,9.6476519
59.2761835,9.6480227
59.2761319,9.6483528
59.2761395,9.6484627
59.2760894,9.6488794
59.2760527,9.6492864
59.2760056,9.6495339
59.2759042,9.6497128
59.2758014,9.6499345
59.2756579,9.6504341
59.2755534,9.6509478
59.275523,9.6510916
59.2755209,9.6511018
59.2754477,9.6512842
59.2752299,9.6517835
59.2752263,9.6517933
59.2752206,9.651811
59.2752177,9.6518268
59.2752056,9.6518721
59.275199,9.6519015
59.2751946,9.6519463
59.2751918,9.6519866
59.2751841,9.6520223
59.27518,9.6520469
59.2751744,9.6520787
59.2751679,9.6521052
59.2751624,9.6521303
59.2751516,9.6521683
59.2751371,9.6522022
59.2751272,9.6522343
59.2751136,9.6522769
59.2751049,9.6523064
59.2750948,9.6523252
59.275076,9.6523697
59.2750629,9.6524064
59.2750536,9.6524286
59.2750406,9.6524633
59.2750314,9.6524927
59.2750271,9.6525149
59.2750206,9.6525398
59.2750021,9.6526115
59.2749855,9.6526568
59.2749652,9.6526955
59.2749449,9.652734
59.2749274,9.6527663
59.2749159,9.6527871
59.2748983,9.6528186
59.2748847,9.6528576
59.2748681,9.6529049
59.2748502,9.652946
59.2748306,9.6530062
59.2748147,9.653036
59.2747971,9.6530771
59.2747835,9.653104
59.2747735,9.6531316
59.2747569,9.6531789
59.2747446,9.6532111
59.2747368,9.6532402
59.2747348,9.6532488
59.2747294,9.6532669
59.2747247,9.6532784
59.2747204,9.6532961
59.2747118,9.6533298
59.2747083,9.6533546
59.2747034,9.6533995
59.2746982,9.6534513
59.2746929,9.6535096
59.2746867,9.6535634
59.2746792,9.6536104
59.2746641,9.6536707
59.2746498,9.653723
59.2746407,9.6537496
59.2746231,9.6537907
59.2746117,9.6538115
59.274587,9.6538572
59.2745679,9.6538843
59.2745535,9.6539077
59.2745286,9.6539483
59.2745118,9.6539759
59.2744873,9.654035
59.2744662,9.6540691
59.2744506,9.65409
59.2744209,9.654136
59.2744064,9.6541611
59.2743852,9.6542059
59.274373,9.6542379
59.2743598,9.6542648
59.2743329,9.6543045
59.2743228,9.6543297
59.2743093,9.654374
59.2742903,9.6544151
59.2742751,9.6544604
59.2742584,9.6544945
59.2742439,9.6545214
59.2742325,9.654549
59.274218,9.6545803
59.2742159,9.6545901
59.274207,9.6546009
59.2741989,9.6546058
59.274182,9.6546178
59.274165,9.6546342
59.2741482,9.6546525
59.274129,9.654662
59.2740946,9.654675
59.2740799,9.6546913
59.2740674,9.6547075
59.2740495,9.6547126
59.2740244,9.6547182
59.2740177,9.6547201
59.274006,9.6547161
59.2739855,9.6547215
59.2739744,9.6547445
59.2739508,9.6547719
59.2739362,9.6547883
59.2739181,9.6548136
59.2739058,9.6548404
59.2738926,9.6548681
59.2738803,9.654895
59.2738644,9.6549272
59.2738498,9.6549524
59.2738375,9.6549819
59.2738223,9.6550202
59.2738079,9.6550565
59.2737942,9.6550861
59.2737789,9.6551221
59.2737449,9.6551813
59.273725,9.6552206
59.2737049,9.6552681
59.2736881,9.6552907
59.2736712,9.6553203
59.273659,9.6553437
59.2736431,9.6553688
59.2736221,9.6554233
59.2736098,9.6554542
59.2735898,9.6555175
59.2735799,9.6555497
59.2735643,9.655579
59.2735475,9.6556061
59.273534,9.6556383
59.2735186,9.6556722
59.2735106,9.6556859
59.2734997,9.6557091
59.2734826,9.6557517
59.273475,9.6557636
59.273442,9.6557869
59.2734365,9.6558117
59.2734197,9.6558456
59.273403,9.6558735
59.2733941,9.6558828
59.2733896,9.655889
59.2733817,9.6559033
59.2733759,9.6559098
59.2733626,9.6559173
59.273348,9.6559398
59.2733276,9.6559634
59.2733071,9.6559888
59.2732906,9.6560361
59.2732773,9.6560629
59.2732571,9.6561043
59.2732413,9.6561424
59.2732247,9.6561836
59.2732124,9.6562103
59.2731857,9.656272
59.273168,9.6563043
59.2731479,9.6563533
59.2731254,9.6563973
59.2731166,9.656415
59.2730985,9.6564406
59.2730884,9.6564653
59.2730739,9.6564975
59.273057,9.6565246
59.2730461,9.6565453
59.2730293,9.656575
59.2730113,9.656609
59.2729946,9.6566475
59.2729858,9.6566652
59.2729712,9.6566861
59.2729575,9.6567182
59.2729349,9.6567437
59.2729151,9.6567753
59.2729037,9.6568003
59.272889,9.6568237
59.2728766,9.6568418
59.2728633,9.656858
59.2728496,9.6568744
59.2728283,9.6569014
59.2728151,9.6569197
59.2727955,9.6569495
59.2727733,9.656966
59.2727631,9.656985
59.2727418,9.6570121
59.2727111,9.6570398
59.272684,9.6570637
59.2726774,9.6570797
59.2726568,9.6570936
59.2726399,9.6571058
59.2726238,9.6571109
59.2726193,9.6571127
59.2726171,9.6571199
59.2726091,9.6571263
59.2726037,9.6571291
59.2725912,9.6571322
59.2725692,9.6571331
59.2725572,9.6571467
59.2725375,9.6571539
59.2725205,9.6571639
59.2725027,9.6571692
59.2724753,9.6571833
59.2724469,9.6572064
59.2724314,9.6572405
59.2724134,9.6572729
59.2723907,9.6572982
59.2723694,9.6573237
59.2723593,9.6573461
59.2723461,9.6573738
59.2723347,9.6573988
59.2723171,9.6574372
59.2722954,9.6574646
59.2722761,9.6574741
59.2722558,9.6574994
59.2722366,9.6575116
59.2722232,9.6575236
59.2722028,9.6575445
59.2721926,9.6575582
59.2721723,9.6575836
59.2721567,9.6576087
59.2721386,9.6576297
59.2721159,9.6576482
59.2721034,9.6576688
59.2720845,9.6576943
59.2720675,9.6577126
59.2720461,9.6577335
59.2720324,9.6577517
59.272017,9.657781
59.2720083,9.6577971
59.2719958,9.6578179
59.2719866,9.6578402
59.2719756,9.6578636
59.2719655,9.6578745
59.2719521,9.6578889
59.2719405,9.6579045
59.2719273,9.6579252
59.2719128,9.6579531
59.2718932,9.6579713
59.2718652,9.6580012
59.2718494,9.6580336
59.2718316,9.6580474
59.2718146,9.6580596
59.2717998,9.6580646
59.2717897,9.6580698
59.2717815,9.6580739
59.2717565,9.6580951
59.2717384,9.658118
59.2717148,9.6581389
59.2716875,9.6581532
59.2716685,9.6581787
59.2716425,9.6581867
59.2716103,9.6581984
59.2715867,9.6582221
59.2715594,9.6582366
59.2715298,9.6582464
59.2715063,9.6582657
59.27148,9.6582932
59.2714576,9.6583055
59.2714269,9.6583227
59.2713985,9.65835
59.2713532,9.658365
59.2713318,9.6583817
59.2712966,9.658405
59.2712565,9.6584067
59.2712362,9.6584319
59.2712125,9.6584398
59.2711866,9.6584585
59.2711669,9.6584776
59.2711617,9.6584824
59.2711545,9.6584932
59.2711333,9.6585098
59.271125,9.6585128
59.2711071,9.6585197
59.2710832,9.6585347
59.2710651,9.6585396
59.2710355,9.6585427
59.2710172,9.6585477
59.270998,9.658553
59.270973,9.6585724
59.2709559,9.6585773
59.2709369,9.6586
59.2709184,9.658601
59.2709015,9.658604
59.2708875,9.6586107
59.2708754,9.6586211
59.270856,9.6586551
59.2708465,9.6586817
59.2708353,9.6587359
59.2708269,9.6587855
59.2708128,9.6588526
59.2707961,9.6588867
59.2707825,9.6589231
59.270765,9.6589616
59.2707458,9.6590133
59.2707223,9.659053
59.2707065,9.6590887
59.2706912,9.6591252
59.2706767,9.6591591
59.2706558,9.6592092
59.2706389,9.6592407
59.2706219,9.6592841
59.2706131,9.6593047
59.2705964,9.6593449
59.2705761,9.659379
59.2705661,9.659404
59.2705506,9.6594293
59.270537,9.6594615
59.2705204,9.6595042
59.2705027,9.6595452
59.2704848,9.6595809
59.2704637,9.6596336
59.2704615,9.6596409
59.2704546,9.6596586
59.2704392,9.6596899
59.2704181,9.6597356
59.2703988,9.6597787
59.2703892,9.6598034
59.2703791,9.6598354
59.2703647,9.6598737
59.2703489,9.659906
59.2703366,9.6599354
59.2703278,9.6599489
59.2703141,9.6599811
59.2702929,9.6600172
59.2702751,9.6600651
59.2702605,9.6600894
59.2702429,9.6601261
59.2702221,9.6602007
59.2701974,9.6602508
59.2701761,9.6603071
59.2701675,9.6603406
59.2701553,9.6603858
59.2701408,9.6604223
59.2701218,9.6604584
59.2701074,9.6604879
59.2700841,9.6605381
59.2700704,9.6605656
59.2700638,9.6605791
59.2700448,9.6606116
59.2700324,9.660634
59.2700144,9.6606663
59.2699955,9.6607022
59.2699751,9.6607344
59.2699619,9.6607597
59.2699553,9.6607704
59.269938,9.6607956
59.269935,9.6608003
59.2699247,9.6608033
59.2699109,9.6608197
59.2698953,9.6608308
59.2698771,9.66085
59.2698543,9.6608729
59.2698434,9.6608978
59.2698245,9.6609319
59.2698019,9.6609706
59.269781,9.6610345
59.2697651,9.6610641
59.2697528,9.6610795
59.2697247,9.661108
59.2697036,9.6611535
59.2696798,9.661194
59.2696595,9.6612308
59.2696421,9.6612868
59.2696218,9.6613191
59.2695993,9.6613603
59.2695825,9.6613918
59.269555,9.6614509
59.2695381,9.6614761
59.2695198,9.6615015
59.2694942,9.6615455
59.2694762,9.6615725
59.2694516,9.661634
59.2694385,9.6616635
59.2694136,9.661689
59.2693946,9.6617204
59.2693706,9.6617548
59.2693504,9.6617872
59.2693357,9.6618123
59.269319,9.661842
59.2693022,9.6618691
59.26929,9.6618968
59.2692811,9.661919
59.2692667,9.6619487
59.2692587,9.6619647
59.2692529,9.6619737
59.269242,9.6620014
59.2692341,9.6620209
59.2692219,9.662046
59.2692052,9.6620844
59.2691901,9.6621384
59.2691699,9.6621868
59.2691496,9.6622297
59.2691272,9.6622771
59.2691062,9.6623384
59.2690919,9.662375
59.2690695,9.662427
59.2690483,9.6624681
59.2690282,9.6625198
59.2690115,9.6625537
59.268996,9.6625772
59.2689734,9.6626071
59.2689476,9.6626372
59.2689228,9.6626687
59.2689092,9.6626965
59.2688819,9.6627082
59.2688494,9.6627384
59.2688289,9.6627594
59.2688121,9.6627803
59.268793,9.6628054
59.268766,9.6628427
59.2687546,9.6628721
59.2687458,9.6628856
59.2687378,9.6629036
59.2687278,9.6629268
59.2687123,9.662958
59.2687009,9.6629786
59.2686864,9.6630153
59.2686698,9.6630563
59.268651,9.6631097
59.268623,9.6631802
59.2685939,9.6632333
59.2685741,9.6632777
59.2685482,9.6633325
59.2685235,9.6633719
59.2685147,9.6633896
59.2684992,9.6634151
59.2684798,9.663451
59.2684608,9.6634858
59.2684551,9.6635009
59.268434,9.6635378
59.2684172,9.6635746
59.268402,9.6636128
59.2683839,9.6636485
59.2683616,9.6637085
59.2683448,9.6637397
59.268334,9.6637762
59.2683204,9.6638056
59.2683024,9.6638441
59.2682891,9.6638692
59.2682769,9.6639074
59.268268,9.6639211
59.2682638,9.6639412
59.268255,9.6639954
59.2682375,9.6640408
59.2682183,9.6640994
59.2682008,9.6641492
59.2681865,9.6641875
59.2681676,9.6642285
59.2681532,9.6642669
59.268135,9.6643055
59.2681214,9.6643348
59.2681117,9.6643511
59.2680857,9.6643941
59.2680703,9.6644221
59.2680556,9.6644359
59.2680463,9.6644477
59.2680409,9.6644522
59.2680249,9.6644722
59.2680139,9.6644867
59.2680022,9.6644977
59.2679855,9.664521
59.2679663,9.6645422
59.2679437,9.6645631
59.2679311,9.6645654
59.2679095,9.6645664
59.2679033,9.6645937
59.2678961,9.6646388
59.2678031,9.6648555
59.2677102,9.6650478
59.2676172,9.6652292
59.2675184,9.6654196
59.2674509,9.6655286
59.2674069,9.6655768
59.2672738,9.6657651
59.267257,9.665789
59.2670962,9.6660529
59.2669836,9.6662124
59.2668493,9.6663748
59.2667192,9.6665061
59.2665863,9.6666955
59.2664659,9.6668798
59.2664049,9.6670843
59.266386,9.6671385
59.2662978,9.6673575
59.2661906,9.667626
59.266077,9.6678236
59.2659356,9.6679395
59.2657911,9.6678488
59.265621,9.6676915
59.2654244,9.6676311
59.2652978,9.6676443
59.2651908,9.6676612
59.265143,9.6676392
59.2644755,9.668259
59.2584849,9.6778648
59.25824,9.6782366
59.258209,9.6782836
59.2580153,9.6785773
59.2577226,9.6790215
59.2576422,9.6791855
59.2576306,9.6792093
59.2572524,9.6797705
59.2571815,9.6798872
59.2570773,9.6800588
59.2568478,9.6804171
59.2567096,9.6806703
59.2561102,9.6814356
59.2537911,9.6854229
59.2537476,9.685553
59.2536945,9.6855616
59.2536368,9.6856805
59.2535119,9.6859119
59.2534686,9.6859643
59.2532306,9.686275
59.2531842,9.6863259
59.253165,9.6863995
59.2531856,9.6866001
59.2531601,9.6866768
59.2528369,9.6871901
59.2528705,9.6873593
59.2528222,9.6874387
59.2527218,9.6873895
59.2526409,9.6872735
59.252611,9.687277
59.2524185,9.6879297
59.2524398,9.6880113
59.2525312,9.6881574
59.2525449,9.688205
59.2525319,9.688243
59.2524079,9.6881408
59.2523405,9.6882037
59.2523189,9.6882881
59.2523761,9.6887611
59.2523908,9.6888507
59.2522578,9.6890188
59.2522167,9.6890655
59.2521948,9.6891376
59.25226,9.689569
59.2523282,9.6898233
59.2523593,9.689968
59.2523525,9.6901316
59.2522676,9.6904967
59.2522252,9.6906418
59.2521448,9.6913391
59.2521794,9.6916977
59.2521822,9.6919113
59.2522019,9.6920753
59.2522239,9.6925227
59.2522547,9.6926957
59.2522712,9.6928973
59.2522769,9.6930697
59.2523076,9.6933907
59.2523489,9.6939602
59.2523509,9.6942361
59.2523513,9.6944751
59.2523655,9.6946402
59.2523876,9.6947162
59.2524084,9.6948809
59.252415,9.6951085
59.2524217,9.6952763
59.2524466,9.6954985
59.2524619,9.6956442
59.2524743,9.6958495
59.2524645,9.6960218
59.2524512,9.696167
59.2524628,9.6963005
59.2524883,9.6965141
59.2525013,9.6967825
59.2525072,9.697237
59.2525271,9.6973982
59.2525556,9.6975169
59.2525474,9.697819
59.2525442,9.6979846
59.252566,9.6981149
59.2526417,9.6982504
59.2526943,9.6984434
59.2527179,9.6986017
59.2527251,9.6987845
59.2527099,9.6990519
59.2527407,9.6991536
59.2527561,9.6992694
59.2527527,9.699388
59.2527339,9.6995282
59.2527264,9.6997407
59.2527218,9.6998778
59.2527264,9.7000281
59.2527392,9.7000731
59.2527423,9.7004827
59.2528835,9.704918
59.2532934,9.7085634
59.2533828,9.7089156
59.25345,9.7090531
59.2534652,9.7094133
59.2533499,9.7100906
59.2533706,9.7117946
59.2534434,9.7129534
59.2533788,9.7138107
59.2530287,9.7145519
59.2526507,9.7149525
59.2513142,9.7151109
59.2486412,9.7154329
59.2474598,9.7162739
59.2467715,9.7167721
59.2400908,9.7223332
59.2399746,9.7225267
59.2397676,9.722871
59.2391956,9.7238341
59.2385897,9.7248997
59.2380101,9.7259374
59.2376455,9.7264221
59.2375831,9.7265009
59.2374449,9.7266498
59.2373203,9.7267731
59.2371562,9.7268873
59.2369612,9.7270366
59.2367437,9.7272134
59.236646,9.7274036
59.2365821,9.7275376
59.2364624,9.7276924
59.2363441,9.7278173
59.2362394,9.7280183
59.2361032,9.7282289
59.2359921,9.7283525
59.2359281,9.7284928
59.235856,9.728651
59.2357753,9.728919
59.2356742,9.7291568
59.2355919,9.7293557
59.235552,9.7294481
59.2355279,9.729522
59.2354843,9.7295412
59.2353825,9.7295345
59.235338,9.7295212
59.2352238,9.7296485
59.2351081,9.729866
59.2350534,9.7300504
59.2350149,9.7301514
59.2349549,9.7301784
59.2349102,9.730188
59.2347959,9.7303107
59.234648,9.7304982
59.2344073,9.7306501
59.2342852,9.7307278
59.2342103,9.730819
59.2341787,9.730924
59.234107,9.7309533
59.2340101,9.7309771
59.2339784,9.7310847
59.2339427,9.7311687
59.2337756,9.7313106
59.233511,9.7313928
59.2333647,9.7315298
59.2331857,9.7320168
59.2328804,9.7322905
59.2323431,9.7330786
59.2317165,9.7340293
59.2307737,9.7354415
59.2302012,9.7362981
59.2300272,9.7366344
59.2296665,9.7382977
59.2293326,9.7393912
59.2291966,9.7400458
59.228974,9.7410316
59.2289121,9.741964
59.2287772,9.7426848
59.2287433,9.7428802
59.2284207,9.7447354
59.2278023,9.7453379
59.2274859,9.7455997
59.2271418,9.7459716
59.2268728,9.7464902
59.2266321,9.7466567
59.2260683,9.7470468
59.225436,9.7474843
59.2252156,9.7484389
59.2238433,9.7496899
59.2226329,9.7516291
59.2219896,9.7527124
59.2204328,9.7551273
59.2200465,9.7557265
59.2198197,9.7561579
59.2194334,9.7569798
59.2191436,9.7573621
59.2189335,9.7577526
59.218689,9.7579626
59.218358,9.7583252
59.2181988,9.7588864
59.2179201,9.7596673
59.2149421,9.7650862
59.2144204,9.7657456
59.2134814,9.767015
59.2119556,9.7693017
59.2110709,9.7700521
59.2105422,9.7704227
59.2103105,9.7705851
59.2101334,9.7707089
59.2099892,9.7708492
59.2078911,9.7728884
59.2072344,9.7732328
59.2048004,9.7767774
59.2041359,9.7774983
59.2032257,9.7784504
59.2016965,9.7797039
59.2014795,9.7796815
59.2011643,9.7796143
59.1996164,9.7787926
59.1992748,9.778704
59.1979789,9.778736
59.1974844,9.7786789
59.196933,9.7786121
59.1965072,9.7785583
59.1955183,9.7784197
59.1950686,9.7783818
59.1946765,9.7782094
59.1942452,9.7782054
59.1942132,9.7782051
59.1917858,9.7765629
59.1909075,9.7750791
59.1906133,9.7746801
59.1902677,9.7740466
59.1897158,9.7721384
59.1897749,9.771666
59.1898341,9.7701149
59.1896907,9.7701367
59.1893815,9.7701839
59.1893257,9.766447
59.1893294,9.7661949
59.1894235,9.7654294
59.1896463,9.7643446
59.1893304,9.7638068
59.1892458,9.7636467
59.1889148,9.7630211
59.1886877,9.7624158
59.1884357,9.7619624
59.1882694,9.7616816
59.1876712,9.7610958
59.1867907,9.7602233
59.1862715,9.7597819
59.1859515,9.7594815
59.1857911,9.7593394
59.1847803,9.7589641
59.1842505,9.7583712
59.1834516,9.7581409
59.183159,9.7579392
59.1824387,9.756828
59.1821902,9.7564449
59.1796949,9.7528753
59.1795123,9.7526142
59.1790559,9.7524722
59.1784878,9.7522347
59.1780952,9.751794
59.1778075,9.7510089
59.1776134,9.7505944
59.1773345,9.7500002
59.1769584,9.7494493
59.1765298,9.7488287
59.1761287,9.748206
59.1758269,9.7477486
59.1750451,9.747906
59.1747327,9.7484685
59.1747905,9.7490423
59.1747941,9.7490775
59.1739697,9.7477008
59.1739102,9.7471627
59.1735137,9.7461804
59.1732969,9.7460731
59.1728971,9.7455351
59.1726411,9.745832
59.1721188,9.7453304
59.1720272,9.7453712
59.1717906,9.7449388
59.1715525,9.7450729
59.1712196,9.7445931
59.170972,9.7440349
59.1703896,9.7439851
59.1703539,9.7434412
59.1702616,9.7430803
59.1699634,9.7429291
59.1697353,9.7432645
59.1685712,9.7424721
59.168333,9.7417935
59.1678958,9.7409716
59.1669444,9.7395095
59.165434,9.7373128
59.165099,9.7363362
59.1636411,9.7326003
59.1630665,9.7319599
59.1630552,9.7315897
59.1629103,9.7313586
59.1626914,9.7308968
59.1622601,9.7303188
59.1621725,9.7301714
59.1618826,9.7296843
59.1606822,9.7288694
59.1604585,9.7287172
59.1591518,9.7295597
59.1581755,9.7288003
59.1571667,9.7271077
59.1564261,9.7266551
59.1561503,9.7264988
59.155895,9.7263539
59.1549269,9.726045
59.154817,9.7257835
59.1544291,9.7256484
59.1541323,9.7252419
59.1537959,9.7248514
59.1534741,9.7245551
59.1531685,9.7242865
59.1530255,9.7240541
59.1526614,9.7235558
59.1526261,9.7230699
59.1527229,9.7230744
59.1527939,9.7226083
59.1528069,9.7225225
59.1523387,9.7193136
59.152066,9.7188517
59.151936,9.71855
59.1517056,9.7180103
59.1514333,9.7171634
59.1511573,9.7160469
59.1509797,9.7158156
59.150628,9.7155008
59.1504287,9.7152729
59.1501366,9.7148006
59.1498032,9.7145036
59.1494943,9.7141908
59.1491322,9.7139306
59.1493847,9.7131765
59.149522,9.7127533
59.1498016,9.7120701
59.1499564,9.7116237
59.1501107,9.7111789
59.1501699,9.7112485
59.1503552,9.7115685
59.1505389,9.7101805
59.1505144,9.7099331
59.1505961,9.7096085
59.1510692,9.708632
59.151244,9.7084326
59.1514065,9.7081033
59.1515344,9.7078202
59.1518398,9.7075711
59.1519964,9.7075196
59.1522096,9.7074468
59.1524694,9.7072669
59.1525163,9.7067646
59.1524795,9.706309
59.1523038,9.7059597
59.1524008,9.7056608
59.1524963,9.7055619
59.1525834,9.7055878
59.1528705,9.705133
59.1529439,9.7051553
59.1530727,9.7051453
59.1532449,9.7050318
59.1535884,9.704857
59.1535949,9.7048547
59.1538161,9.704783
59.1539983,9.7047238
59.1540776,9.7046987
59.1544601,9.7045544
59.1545376,9.7044669
59.1546465,9.7043444
59.1548174,9.7041403
59.1550449,9.7039826
59.1552729,9.7038703
59.1556372,9.7037552
59.1556413,9.7037484
59.1557252,9.7036107
59.1558263,9.7034443
59.1561864,9.7032944
59.1562547,9.7032369
59.156299,9.7031994
59.156262,9.7030877
59.1562107,9.7026876
59.1563409,9.7025756
59.1564265,9.7025021
59.156554,9.7023434
59.1566811,9.702166
59.1567428,9.7019178
59.1567911,9.7017053
59.1573665,9.7012937
59.1575184,9.701417
59.1575975,9.7014811
59.1581284,9.7031329
59.1580809,9.7038085
59.1580447,9.7043274
59.1581772,9.7043864
59.1584334,9.7045
59.1586687,9.7048772
59.1588075,9.7051135
59.1589446,9.704692
59.1590299,9.7044298
59.1590955,9.7041915
59.1594195,9.7027281
59.159467,9.7023342
59.1598279,9.7016419
59.1598405,9.7015949
59.1598738,9.7014324
59.1598907,9.7013207
59.1599098,9.7012826
59.159942,9.7012476
59.1599829,9.7012167
59.1600736,9.7011147
59.160155,9.7010511
59.16018,9.7010066
59.1601981,9.7009577
59.1602112,9.7009087
59.1602254,9.7008416
59.1602374,9.7007941
59.160239,9.700761
59.1602348,9.7006611
59.1602281,9.7006218
59.1602259,9.7005964
59.1602254,9.7005963
59.160221,9.7005611
59.1602146,9.7004995
59.1602091,9.7004709
59.1602135,9.7003679
59.1602207,9.7003062
59.1602298,9.7001954
59.1602414,9.700133
59.160249,9.7000552
59.1602272,9.7000001
59.1601956,9.699947
59.1601885,9.6999215
59.1601869,9.6998735
59.1601913,9.699766
59.1601978,9.6997078
59.1601968,9.6995641
59.1601903,9.6994931
59.1601734,9.6993782
59.160156,9.6993113
59.1601358,9.6992114
59.1601221,9.6991168
59.1601101,9.6990561
59.1600774,9.6989445
59.1600414,9.6988532
59.1600218,9.6987978
59.1599825,9.6987032
59.1599514,9.6986458
59.1599279,9.6986032
59.1599034,9.698567
59.1598303,9.6984946
59.1597898,9.6984778
59.1597123,9.6984668
59.1596158,9.6984585
59.1596011,9.6984349
59.1595438,9.6983318
59.1595203,9.6983095
59.1594727,9.6982848
59.1594608,9.6982383
59.1594559,9.6982105
59.1594403,9.6981765
59.1594339,9.6981627
59.1594209,9.6981187
59.1593416,9.6982042
59.1592945,9.6982073
59.1592758,9.6982085
59.1592345,9.6981544
59.1592257,9.6980531
59.1592322,9.6977234
59.1592235,9.6974805
59.1592147,9.6973856
59.1591914,9.6972915
59.1591384,9.6972112
59.1590738,9.6972197
59.1589993,9.6972707
59.1589375,9.6973542
59.1588879,9.6973955
59.1588368,9.6973947
59.15879,9.6973631
59.1587564,9.6972845
59.1587441,9.6971587
59.1587604,9.6967759
59.158769,9.6964373
59.158733,9.696339
59.1586727,9.6963186
59.1585893,9.6964009
59.1585309,9.6964841
59.1584944,9.6965872
59.1584615,9.6967496
59.1584755,9.6969237
59.1584719,9.697063
59.1584421,9.6971789
59.1583963,9.6972554
59.1583475,9.6972612
59.1582881,9.697221
59.1582077,9.6970932
59.1581417,9.6969485
59.158136,9.6969361
59.1580151,9.6965771
59.1580082,9.6964247
59.1580306,9.6962451
59.1580679,9.6960779
59.1581267,9.6959016
59.1581826,9.6957894
59.1582045,9.6956872
59.1581957,9.6955836
59.1581695,9.6955687
59.1581039,9.6955973
59.1580203,9.6956506
59.1578257,9.6957151
59.15777,9.6957269
59.1577349,9.6957126
59.157637,9.6956111
59.1575424,9.6954931
59.1575291,9.6953838
59.1575531,9.6952732
59.1576241,9.695126
59.1577463,9.6948831
59.157767,9.6947769
59.1577037,9.6946248
59.1576561,9.6944559
59.1575908,9.6943416
59.1575125,9.6942846
59.1574495,9.6942909
59.1573831,9.6943203
59.1570921,9.6940546
59.1569992,9.6940044
59.1569165,9.6939556
59.1568231,9.6938961
59.1567731,9.6938901
59.1567048,9.6939359
59.1566458,9.6940139
59.1566046,9.6941305
59.1565251,9.6943464
59.1564734,9.6943823
59.1564284,9.6943779
59.1563897,9.6943161
59.1563429,9.6942233
59.1562989,9.6941121
59.1562452,9.6940049
59.1562083,9.693907
59.1562011,9.6937492
59.1562026,9.6935613
59.1561932,9.6933651
59.1561579,9.6931088
59.156193,9.6930871
59.156244,9.6930566
59.1562786,9.6930331
59.1563303,9.6929687
59.1563447,9.6929556
59.1563672,9.6929339
59.1564002,9.692931
59.1564607,9.692926
59.1564979,9.6929048
59.156526,9.6928758
59.1565764,9.6928063
59.1565944,9.6927733
59.1566003,9.6927065
59.1566083,9.6926578
59.1566256,9.6926122
59.1566885,9.6925267
59.1567048,9.6925125
59.1567181,9.6924987
59.1567464,9.692469
59.1567935,9.6924172
59.1568325,9.6923709
59.1568948,9.6923403
59.1569301,9.6922998
59.1569463,9.6922442
59.1569701,9.692169
59.1570098,9.6920993
59.1570737,9.6919916
59.1571411,9.691894
59.1571697,9.6918643
59.1572458,9.6917851
59.1572813,9.6917601
59.157301,9.6917555
59.1573259,9.6917616
59.1573566,9.6917668
59.1573934,9.6917006
59.1574436,9.6916695
59.1574941,9.6916077
59.1575434,9.6915498
59.1576202,9.6914944
59.1576768,9.6914245
59.1577142,9.6913621
59.1577398,9.6913069
59.1577649,9.6912471
59.1577792,9.691203
59.1577942,9.6911483
59.15781,9.6910756
59.1578267,9.690998
59.1578544,9.690917
59.1579069,9.6908123
59.1579334,9.6907505
59.1579511,9.6907031
59.1580304,9.6905711
59.1580725,9.6904711
59.1579476,9.6885917
59.1579462,9.6885704
59.157946,9.688538
59.1579508,9.6883934
59.1578988,9.6884001
59.1577846,9.6883889
59.1577546,9.6883661
59.1575837,9.6883504
59.1575083,9.6883208
59.1575111,9.688299
59.15748,9.6882863
59.1575555,9.6878989
59.1575589,9.6878814
59.1578119,9.6871399
59.1575935,9.6868874
59.1575437,9.6869393
59.157502,9.6868016
59.1573655,9.6863497
59.1573457,9.6863775
59.157045,9.685992
59.1567951,9.6863019
59.1566253,9.6859147
59.1566064,9.6858382
59.1566575,9.6855072
59.1565891,9.6848675
59.1565191,9.6845076
59.1564689,9.684298
59.1560669,9.6833951
59.1561208,9.6825953
59.15603,9.6821749
59.1557093,9.6822134
59.155433,9.6816099
59.1553689,9.6812901
59.1554404,9.6807953
59.1554034,9.6800228
59.1554112,9.6794791
59.155595,9.6787598
59.1552887,9.678424
59.1551712,9.6781492
59.1549571,9.6773373
59.154375,9.6741561
59.154364,9.674096
59.1541663,9.6730153
59.1560647,9.6698467
59.1562723,9.6695003
59.1569619,9.6685123
59.1577282,9.6674142
59.1576862,9.667221
59.1579455,9.6668762
59.1581679,9.6665805
59.1583967,9.6662762
59.1587354,9.6661955
59.1588757,9.666162
59.1591913,9.665722
59.1592643,9.6656204
59.1592365,9.6653018
59.1592274,9.6651975
59.1594051,9.6651899
59.1595007,9.6651857
59.1595935,9.6651817
59.1595902,9.6648847
59.1595247,9.6647099
59.159617,9.664656
59.1597209,9.6646141
59.1597165,9.664573
59.1598798,9.6644305
59.159926,9.6643949
59.1599738,9.6643676
59.1599897,9.6642349
59.1599915,9.6642184
59.16007,9.6633328
59.1601173,9.6631247
59.1601235,9.6630675
59.1601028,9.6629809
59.1599036,9.6630505
59.1598933,9.6625448
59.1598896,9.6623793
59.1597554,9.6622899
59.1596304,9.6622093
59.1596299,9.6619715
59.1595045,9.6619888
59.1595018,9.6618904
59.1595231,9.6617623
59.1595254,9.6616697
59.1595276,9.6615741
59.1595375,9.6615021
59.1595372,9.6614851
59.1595785,9.6609537
59.1596158,9.6604723
59.1595286,9.660276
59.1594815,9.6600294
59.1594622,9.6598627
59.1594538,9.6597708
59.1594663,9.6594821
59.1594674,9.6594381
59.1594682,9.6593949
59.1594681,9.6593511
59.1594603,9.6591785
59.1594325,9.6584317
59.1594317,9.6583909
59.1594254,9.6582505
59.1594108,9.6580809
59.1591566,9.65824
59.1591471,9.6581239
59.1591378,9.6580286
59.159069,9.6574408
59.1585683,9.6575478
59.1585347,9.6578644
59.1585153,9.6580218
59.1584194,9.6583261
59.1583201,9.6585589
59.1577244,9.6583198
59.1577406,9.6581321
59.1572915,9.6577842
59.1570213,9.657575
59.1570317,9.6575121
59.1567776,9.6573494
59.1565723,9.6573028
59.1565694,9.6573835
59.1564324,9.6573832
59.1564336,9.6573115
59.1562731,9.657299
59.1562579,9.6572977
59.1561294,9.6567241
59.1561034,9.6566096
59.156021,9.6566859
59.1559966,9.6567083
59.1558449,9.6568485
59.1558431,9.6568404
59.1556577,9.6570022
59.1556435,9.6568339
59.1556346,9.6567274
59.1555325,9.65558
59.1553398,9.6534163
59.1553151,9.6533005
59.1552862,9.653165
59.1552533,9.6530333
59.1551726,9.6527089
59.1549473,9.6518048
59.1549427,9.6517861
59.1549352,9.6517573
59.1541254,9.648316
59.1541123,9.6482434
59.1541065,9.6481636
59.1540754,9.6477057
59.1540039,9.6471658
59.1538976,9.6463407
59.1538161,9.6457088
59.1538104,9.6456737
59.1537896,9.6455454
59.1537052,9.6450129
59.1536183,9.6443844
59.1535748,9.6440834
59.1535372,9.6437764
59.1535303,9.6437077
59.1534623,9.6431658
59.1534446,9.6430041
59.1533847,9.6425513
59.153126,9.6405742
59.1530687,9.6401613
59.1529866,9.6400242
59.152967,9.6399916
59.1525013,9.6404315
59.1524834,9.6403319
59.1524646,9.640225
59.1524559,9.6401807
59.1524243,9.6399968
59.1523971,9.6398562
59.1522405,9.6390485
59.1520231,9.6379274
59.151999,9.637803
59.1519818,9.6377142
59.1519355,9.637475
59.1519303,9.6374484
59.1518943,9.6372619
59.151741,9.6373075
59.1517254,9.6373121
59.1512978,9.6361209
59.1511768,9.6357838
59.1511242,9.6356373
59.1510679,9.6354806
59.1510226,9.6353542
59.1509053,9.6350287
59.1508542,9.6348845
59.1508175,9.6347834
59.1508059,9.6347513
59.1506868,9.6344229
59.1506355,9.634494
59.1504806,9.6347615
59.1503307,9.6350436
59.1500807,9.6345473
59.1500001,9.634452
59.1498532,9.6340963
59.1498459,9.6340838
59.149786,9.6339949
59.1497556,9.633981
59.1497493,9.6339821
59.1497444,9.6339931
59.1497107,9.6340437
59.1496957,9.6341121
59.1496822,9.6341537
59.149651,9.6342155
59.1496225,9.6342594
59.1495871,9.6342628
59.1495757,9.6342725
59.1495587,9.6343143
59.1495521,9.6343303
59.1495438,9.6343865
59.1495426,9.6343972
59.1495443,9.6344363
59.1495448,9.6344804
59.1495173,9.6345299
59.1495039,9.6345395
59.1494836,9.6345758
59.1494563,9.6346146
59.1494537,9.6346475
59.1494572,9.6346735
59.1494707,9.6347283
59.1494726,9.6347899
59.1494682,9.634834
59.1494247,9.6349004
59.1494113,9.6349122
59.1493885,9.6349297
59.149356,9.6349569
59.1493379,9.6349603
59.1493292,9.6349671
59.1493121,9.634995
59.1492899,9.6350969
59.1493003,9.6351151
59.1492573,9.6351849
59.1491735,9.6355652
59.1491332,9.6354785
59.149016,9.6352264
59.1489474,9.635079
59.1489262,9.6350105
59.1489046,9.6349148
59.1488602,9.6347113
59.1487979,9.6343827
59.1487699,9.6342851
59.1487266,9.6341898
59.1486665,9.6340908
59.148617,9.6339688
59.1485787,9.6338481
59.1485365,9.6337495
59.148456,9.6336542
59.1483513,9.63363
59.1482711,9.6336333
59.1481739,9.633424
59.1481917,9.6332833
59.1471859,9.6326221
59.1470424,9.6325276
59.1468886,9.6324265
59.1463347,9.6324864
59.1463255,9.6321466
59.1463231,9.632055
59.1462805,9.632027
59.1462141,9.6320259
59.1462068,9.6320142
59.1462064,9.6318918
59.1460614,9.6318936
59.1460538,9.6318937
59.145958,9.6319007
59.1458625,9.6319192
59.145809,9.6314207
59.1456224,9.6314973
59.1456202,9.631498
59.1455314,9.6315345
59.1451584,9.6312815
59.1451987,9.6311382
59.1451104,9.6311692
59.1450235,9.6312116
59.1448815,9.6311325
59.1444543,9.6313507
59.1444522,9.6313104
59.1444271,9.6308532
59.1444151,9.6305979
59.1442783,9.6306548
59.144239,9.63059
59.1441629,9.630596
59.1441446,9.630598
59.1438287,9.6304126
59.1436806,9.6301642
59.1434203,9.6300823
59.1432823,9.629695
59.1432139,9.629536
59.1431698,9.6294401
59.1431018,9.6292916
59.142982,9.6288014
59.1429144,9.6271365
59.142909,9.627005
59.1426859,9.6263125
59.1417963,9.6235516
59.1417847,9.6235159
59.1414968,9.6226226
59.1414062,9.6223416
59.1413113,9.6220468
59.1399411,9.6177955
59.1372525,9.6168774
59.1364261,9.6165951
59.1359544,9.6166091
59.1358742,9.6166115
59.1355215,9.6166221
59.1353958,9.6172169
59.1351704,9.6167278
59.1350294,9.6165768
59.1349917,9.6165491
59.1348278,9.6164661
59.1347593,9.6163993
59.1346252,9.6162961
59.1333576,9.6161367
59.1325858,9.6144984
59.1326582,9.6143739
59.1326696,9.6141128
59.1326455,9.6139553
59.1325909,9.6137505
59.1324986,9.6135764
59.1323713,9.6134013
59.1322939,9.6131195
59.1323241,9.6127372
59.1322843,9.6125428
59.13224,9.6124468
59.1321748,9.6123711
59.1319804,9.6123506
59.1318572,9.6129519
59.1315381,9.6122749
59.1314672,9.6121243
59.1303572,9.6097688
59.1300045,9.610008
59.1299626,9.6093541
59.1297935,9.6090587
59.1296802,9.6097437
59.1292997,9.6080067
59.1292706,9.6078739
59.1290469,9.606852
59.1283516,9.6074203
59.1281673,9.6082936
59.1280503,9.6093481
59.1277282,9.6090317
59.1276054,9.6099371
59.1274647,9.6104199
59.1270745,9.610644
59.1269786,9.6105452
59.1268697,9.6105784
59.1268419,9.6105868
59.1267339,9.6106192
59.1266753,9.6106371
59.126528,9.6106816
59.1264754,9.6106976
59.1263825,9.6107257
59.1245506,9.6130817
59.1141919,9.6063313
59.1091438,9.6065742
59.1115423,9.5728859
59.1169024,9.5711905
59.1226341,9.5540716
59.1229225,9.5532099
59.1231636,9.5524839
59.1232666,9.5451558
59.1232755,9.5438891
59.1233293,9.5378396
59.1244501,9.5332295
59.1257426,9.5264215
59.1253618,9.5253859
59.1253563,9.5253733
59.1250781,9.5246031
59.1244538,9.5228415
59.1243132,9.5223631
59.1239157,9.5209727
59.1228726,9.5175268
59.1228254,9.5173712
59.122154,9.5157524
59.1217186,9.5148961
59.1215733,9.5142188
59.1215458,9.5140913
59.1214721,9.5139389
59.1198694,9.5109149
59.1194842,9.5097493
59.1170007,9.5055397
59.1165238,9.5046716
59.1157431,9.5035901
59.1150264,9.5023528
59.1137365,9.5002234
59.1077582,9.4901637
59.0997286,9.4766005
59.0976661,9.4761844
59.0974418,9.4760411
59.0967376,9.4753692
59.0955439,9.4754626
59.0952247,9.4754963
59.0947602,9.4755173
59.0933333,9.4751975
59.091071,9.4754726
59.0908458,9.475543
59.0892529,9.4755071
59.0877034,9.474896
59.0867381,9.4745052
59.0860134,9.4742111
59.0847738,9.4744746
59.0846208,9.4744117
59.0841754,9.4743683
59.0832373,9.4760512
59.082052,9.4781456
59.0812532,9.4795738
59.0805506,9.480821
59.080058,9.4815006
59.0796184,9.4824786
59.0793307,9.4829839
59.0785787,9.4843266
59.0778196,9.4856708
59.077811,9.4856844
59.0773115,9.486604
59.0769919,9.4859914
59.0751979,9.482526
59.0747902,9.4817413
59.0746547,9.4810013
59.0744968,9.4801498
59.0742428,9.4796269
59.0741086,9.4791487
59.0740124,9.478802
59.07366,9.4776414
59.0735159,9.4771662
59.0732939,9.4767434
59.0730449,9.4764012
59.0727778,9.4758887
59.0726635,9.4756592
59.0723985,9.4750438
59.0714286,9.4724763
59.0711399,9.4716834
59.070632,9.4706062
59.069902,9.4686205
59.0695373,9.4673299
59.0694351,9.4669687
59.0693931,9.4667662
59.0686931,9.4659741
59.0684212,9.4656162
59.067803,9.4644902
59.0673139,9.4634977
59.0669725,9.4629273
59.0652793,9.4600004
59.0649652,9.4594284
59.0629428,9.455392
59.0626402,9.4547739
59.0606993,9.4506268
59.0604434,9.4500321
59.0599052,9.4486604
59.0597712,9.4461229
59.0597325,9.4457589
59.059722,9.4454067
59.0596275,9.4452207
59.0595826,9.4451202
59.0594164,9.4451051
59.0592136,9.4453243
59.0590894,9.4455383
59.0589451,9.4454696
59.0585303,9.4452118
59.058447,9.4450201
59.0584378,9.4447473
59.0584355,9.4446791
59.0584728,9.4445249
59.0587646,9.443772
59.0588247,9.4435269
59.0588378,9.4432807
59.058818,9.4429957
59.0587751,9.4428122
59.0586793,9.4426644
59.058583,9.4425594
59.0584969,9.4424839
59.0584221,9.4423758
59.0580654,9.4416818
59.0558609,9.437567
59.0525551,9.4314732
59.0524934,9.431357
59.0524584,9.4312915
59.0452565,9.4150155
#
# Hole 1 of 1 in area 1 of 1
#
59.150799,9.2898991
59.1509448,9.2898504
59.1512099,9.2896948
59.1515462,9.2894836
59.1520611,9.2891579
59.1524938,9.2888846
59.1530133,9.2885573
59.1533731,9.2883238
59.1537681,9.2880545
59.1542999,9.2877592
59.1547798,9.2874222
59.1556435,9.2868925
59.1559483,9.2867082
59.1567588,9.2862016
59.1650401,9.2811902
59.1686468,9.2790096
59.1713792,9.2706416
59.1553575,9.2514024
59.1533592,9.2490045
59.1532025,9.2488165
59.1531844,9.2491228
59.1529477,9.2531269
59.1521529,9.2665626
59.1516935,9.2744573
59.1513665,9.2800012
59.1513182,9.2806361
59.1512763,9.2813707
59.1512523,9.2818735
59.1512131,9.2825996
59.1511677,9.283329
59.1511233,9.2840216
59.1510778,9.284901
59.1510196,9.2859201
59.1509679,9.2867857
59.1509197,9.2876531
59.1508603,9.2887036
59.150799,9.2898991
