# GsakName=Lavangen
#
# The source data is © Kartverket http://www.kartverket.no
# and distributed under the license CC BY 4.0
# http://creativecommons.org/licenses/by/4.0/deed.no
#
# This file was created by Peter John Acklam, pjacklam@gmail.com
#
# Area 1 of 1
#
68.5998327,17.7976029
68.6025531,17.7981159
68.6030474,17.7980791
68.6053269,17.7975765
68.6064759,17.7975722
68.6079324,17.797975
68.6088649,17.798042
68.6096198,17.7974474
68.6106747,17.7955378
68.6117355,17.7932845
68.612564,17.7920352
68.6133772,17.791177
68.6153224,17.7918863
68.6160077,17.7927835
68.616741,17.7940309
68.6173338,17.7950886
68.6178107,17.7950251
68.6184487,17.7938992
68.6191483,17.7933956
68.6196836,17.7941265
68.6199993,17.796749
68.6200774,17.79853
68.6202577,17.7995614
68.6206714,17.8011381
68.6211115,17.8022018
68.6216978,17.8031116
68.6223215,17.8044689
68.6230891,17.8095841
68.623239,17.812974
68.6233862,17.8149117
68.6234581,17.81652
68.6238393,17.817872
68.6244713,17.8181975
68.6251085,17.8182037
68.6258375,17.8170157
68.626297,17.8158428
68.6268956,17.815475
68.6284254,17.8206141
68.6291028,17.8219789
68.6299534,17.8221105
68.6307073,17.8214776
68.6313918,17.82005
68.6331965,17.8198684
68.634183,17.8148204
68.6353688,17.8144966
68.6363118,17.8111905
68.6376084,17.8100383
68.6401726,17.8110269
68.6437675,17.8143323
68.6462164,17.814002
68.6473743,17.8086743
68.6486701,17.8155318
68.648016,17.8257659
68.6503747,17.8267016
68.6536994,17.8332625
68.655548,17.8369661
68.656215,17.8379025
68.6564163,17.838185
68.656623,17.8383078
68.656641,17.838317
68.6566672,17.8383181
68.6566901,17.8383128
68.6567322,17.8383054
68.6567832,17.838336
68.6568548,17.838383
68.6569276,17.8384021
68.6569822,17.8384233
68.6570355,17.8384572
68.657107,17.838498
68.6571831,17.8385422
68.6572308,17.8385694
68.6573363,17.8386274
68.6574182,17.8386688
68.6575489,17.8387125
68.6577011,17.838785
68.657826,17.8388504
68.6580223,17.8389721
68.6581064,17.8390166
68.6581597,17.8390536
68.658254,17.8390957
68.6583574,17.839141
68.6584984,17.8392006
68.6585972,17.8392333
68.6586758,17.8392337
68.6587853,17.8392138
68.6588717,17.8392045
68.6588868,17.8392028
68.6589735,17.8391785
68.6590658,17.8391639
68.6591754,17.8391282
68.6593249,17.8390944
68.6594629,17.8390663
68.6595862,17.8390312
68.6597105,17.8390024
68.6597961,17.8389812
68.6598794,17.8389538
68.6599352,17.8389564
68.6600093,17.8389503
68.6600207,17.8389446
68.6601017,17.838914
68.6602501,17.8388766
68.6603665,17.838829
68.6604511,17.8387919
68.6605493,17.8387496
68.6606359,17.8387503
68.660686,17.8387559
68.6607087,17.8387536
68.6607898,17.8387385
68.6608936,17.8387152
68.6609939,17.8386946
68.6611081,17.8386561
68.661211,17.8386011
68.6613136,17.8385683
68.6614357,17.8385394
68.6615441,17.838513
68.6615933,17.8384837
68.6616937,17.8384634
68.6617449,17.8384753
68.6618111,17.8384532
68.6619034,17.8384388
68.6619831,17.838439
68.6620686,17.8384461
68.6621493,17.8384781
68.6622358,17.8384854
68.662304,17.8384977
68.6623792,17.8385198
68.662436,17.838529
68.6625089,17.8385323
68.6625762,17.8385258
68.662646,17.8384693
68.6627645,17.8384656
68.6628648,17.8384638
68.662924,17.8384634
68.6630048,17.8384764
68.6630699,17.8384701
68.6630948,17.8384683
68.6632077,17.8384545
68.6632671,17.8384448
68.6633686,17.838418
68.6634498,17.8383686
68.6635253,17.8382934
68.6635815,17.8382429
68.6636306,17.8382136
68.6637528,17.8381724
68.6638021,17.8381244
68.663872,17.838068
68.6639519,17.8380216
68.6640205,17.8379872
68.6640709,17.8379426
68.6641385,17.8378797
68.6641785,17.8378532
68.6642517,17.8378161
68.6643032,17.8377743
68.6643376,17.8377385
68.6643434,17.8377232
68.6643767,17.8376744
68.6644494,17.837521
68.6644887,17.837432
68.6645382,17.8373434
68.6645853,17.8372673
68.6646432,17.8371225
68.6646916,17.8370182
68.6647481,17.8369016
68.664808,17.8367948
68.6648702,17.8366846
68.6649337,17.8365497
68.664996,17.8364181
68.6650549,17.8362764
68.6651081,17.836138
68.6651658,17.8360183
68.6652097,17.8359201
68.6652443,17.8358402
68.6652779,17.8357665
68.6653241,17.8356886
68.6653514,17.8356541
68.6653756,17.8356019
68.665447,17.8354828
68.665494,17.8354192
68.6655377,17.8353584
68.6655614,17.8353198
68.6655676,17.8353097
68.665587,17.8352919
68.6656054,17.835277
68.6656617,17.8352075
68.6657028,17.835175
68.665752,17.8351551
68.6658068,17.8351231
68.6658594,17.8350849
68.6659155,17.8350498
68.6659931,17.835019
68.6660572,17.8349778
68.6661051,17.8349676
68.6661541,17.8349605
68.6661883,17.8349589
68.6662282,17.8349575
68.6663034,17.8349422
68.6663422,17.8349377
68.6663937,17.8348932
68.6664307,17.8348005
68.6664471,17.8347449
68.6664529,17.8347077
68.6664676,17.8345392
68.6664905,17.834349
68.6665129,17.8342089
68.6665477,17.8340883
68.6665674,17.8340516
68.6666098,17.8340067
68.6666533,17.8339804
68.6667183,17.8339457
68.6667789,17.8339233
68.66687,17.8339213
68.6669315,17.8339335
68.6670122,17.8339652
68.6670837,17.8339969
68.6671622,17.8340224
68.6672111,17.8340434
68.6672895,17.8340688
68.6673544,17.8340877
68.6674409,17.8340979
68.6674967,17.8340847
68.6675737,17.8339973
68.6676412,17.8339314
68.6677304,17.8338727
68.6677854,17.8338282
68.6678483,17.8337873
68.6679261,17.8337252
68.6680211,17.8336354
68.6680944,17.8335855
68.6681322,17.83354
68.6682056,17.8334807
68.6682365,17.8334602
68.6682744,17.8333866
68.6683329,17.8333423
68.6683662,17.8332905
68.6683765,17.8332723
68.6683845,17.8332694
68.6684221,17.8332648
68.6684974,17.8332588
68.6685557,17.8332304
68.6685976,17.8332698
68.6686438,17.8333377
68.6687138,17.83346
68.668751,17.8335273
68.6688004,17.8336271
68.6688686,17.8338588
68.6689324,17.8340624
68.6689758,17.8342242
68.6690204,17.8343798
68.6690854,17.8345552
68.669137,17.8346922
68.6692147,17.8348462
68.6692789,17.8349715
68.6693383,17.8351339
68.6694213,17.8353478
68.6694998,17.8355708
68.6695444,17.835717
68.6696082,17.8359203
68.6696596,17.8360888
68.6696651,17.8361112
68.6697085,17.8362886
68.6697429,17.836447
68.6697919,17.8366153
68.6698357,17.8367362
68.6699223,17.8369252
68.6699729,17.837031
68.6700223,17.8371522
68.6700595,17.8372197
68.6701,17.8372905
68.670169,17.8373971
68.6702299,17.8374847
68.6703123,17.8376138
68.6703923,17.8377647
68.67046,17.8378838
68.6705412,17.8380225
68.6706099,17.8381476
68.6706777,17.8382386
68.6707399,17.8383042
68.6708124,17.8383701
68.6708952,17.8384366
68.6709497,17.8384674
68.6710238,17.8384706
68.6711114,17.838484
68.6711569,17.8384863
68.671223,17.8384705
68.6712811,17.8384855
68.6713108,17.8384807
68.6713619,17.8384923
68.6714325,17.8385114
68.6714849,17.83852
68.6715349,17.838535
68.6716178,17.8385605
68.6717157,17.8385964
68.6718052,17.8386696
68.6718915,17.8387173
68.671996,17.8387723
68.6720789,17.8388198
68.672179,17.8388465
68.6723052,17.8388867
68.6724255,17.838936
68.6725129,17.8390028
68.6726023,17.8391074
68.6726478,17.839125
68.6727127,17.8391248
68.6728074,17.839107
68.6728756,17.839126
68.6729372,17.8391196
68.6730331,17.8390893
68.6731358,17.8390343
68.6732046,17.8389749
68.6732778,17.8389218
68.6733624,17.838882
68.6734343,17.8388601
68.6734949,17.8388221
68.6735544,17.8387715
68.6735924,17.8387043
68.6736097,17.8386737
68.6736728,17.838589
68.6737164,17.8385282
68.6737648,17.8384364
68.6738008,17.8383534
68.6738423,17.8382423
68.6738784,17.8381283
68.673912,17.8380262
68.6739456,17.8379462
68.6739916,17.8378605
68.6740308,17.8377809
68.674048,17.8377532
68.6740917,17.8377052
68.6741317,17.8376726
68.6741867,17.8376219
68.6742223,17.8375798
68.6742716,17.8375286
68.6743321,17.8375061
68.6743992,17.8375218
68.6744742,17.8375471
68.6745436,17.8375818
68.6746128,17.8376194
68.6746833,17.8376444
68.6747548,17.8376791
68.6748432,17.8377616
68.6749177,17.8378621
68.6749765,17.8379497
68.6750409,17.8380464
68.6750837,17.8381174
68.6751198,17.8381785
68.6751593,17.8382432
68.6752079,17.8383019
68.6752467,17.8383098
68.6752809,17.8382959
68.6753073,17.8382531
68.6753269,17.8382193
68.6753499,17.8381862
68.6753912,17.8381283
68.6754463,17.8380618
68.6755312,17.8379594
68.6755874,17.8378992
68.6756402,17.8378388
68.6756999,17.8377601
68.675747,17.8376933
68.6757929,17.8376263
68.6758458,17.837544
68.6758953,17.8374741
68.6759562,17.8373893
68.676002,17.8373411
68.6760342,17.8373082
68.6760697,17.8372597
68.6760893,17.8372291
68.6761214,17.8371898
68.6761455,17.8371628
68.6761741,17.8371358
68.6762235,17.8370723
68.676266,17.8370148
68.6763177,17.8369542
68.6763567,17.8368933
68.6764061,17.8368236
68.6764668,17.8367699
68.6765104,17.8367059
68.6765564,17.8366518
68.676601,17.8365975
68.6766401,17.8365709
68.6766458,17.8365585
68.6766997,17.8364953
68.6767741,17.8364298
68.6768256,17.8364038
68.6768575,17.8363832
68.6768942,17.8363506
68.6769309,17.8363148
68.6769642,17.8362815
68.6770147,17.8362181
68.6770513,17.8361791
68.6771053,17.8361031
68.6771421,17.8360579
68.6771788,17.8359999
68.6772041,17.8359634
68.6772456,17.83589
68.6772732,17.835835
68.6772871,17.8358136
68.6773171,17.8357397
68.6773542,17.8356253
68.6773927,17.8354767
68.6774149,17.835374
68.6774396,17.8352501
68.6774622,17.8351067
68.6774657,17.8350943
68.6774802,17.8349538
68.6774862,17.8348976
68.677511,17.8347454
68.6775363,17.8345239
68.6775558,17.8343113
68.6775702,17.8341804
68.677587,17.8340402
68.677604,17.8338621
68.6776174,17.8337091
68.6776277,17.8335121
68.6776411,17.8333624
68.6776442,17.8332273
68.6776369,17.8331174
68.6776329,17.8330074
68.6776258,17.8328817
68.6776174,17.8327622
68.6776055,17.8326455
68.6775937,17.8325197
68.6775884,17.8324566
68.6775845,17.8323407
68.6775797,17.8322022
68.677587,17.8321116
68.677606,17.8319966
68.6776257,17.8319224
68.6776488,17.8318763
68.677681,17.8318278
68.6777258,17.8317671
68.677774,17.8317128
68.6778164,17.8316521
68.677892,17.8315926
68.6779252,17.8315691
68.6779721,17.8315336
68.6780098,17.8315199
68.6781792,17.8315549
68.6814146,17.8404201
68.6834357,17.840874
68.6863713,17.8413951
68.6885761,17.8416013
68.6905047,17.8422167
68.6923692,17.8428978
68.6915463,17.8395101
68.6911482,17.8364979
68.6911031,17.8327657
68.6909908,17.8303575
68.69094,17.8280312
68.6911392,17.8257863
68.6910615,17.8250607
68.6916105,17.8222919
68.6926765,17.8202792
68.6930212,17.8179041
68.6931747,17.815702
68.6933336,17.8115505
68.6931861,17.8080026
68.692828,17.8057857
68.691868,17.804135
68.6911889,17.8028649
68.6904984,17.801742
68.6895734,17.8001449
68.6891108,17.798804
68.6889175,17.7963861
68.6888772,17.7939383
68.6894848,17.7913981
68.690563,17.7886206
68.6919713,17.7870443
68.6928052,17.7870989
68.6930617,17.7862426
68.6929806,17.784628
68.6924386,17.783746
68.6913196,17.7830145
68.6910586,17.7830561
68.6919288,17.778179
68.6940492,17.7671136
68.6952816,17.7614658
68.6966853,17.7546533
68.6969135,17.7534951
68.697655,17.7497315
68.700003,17.738149
68.7007116,17.7350269
68.701933,17.7294008
68.7031692,17.7229091
68.7050781,17.7135605
68.7072692,17.7028614
68.7075443,17.701389
68.7055933,17.6971027
68.704655,17.6928657
68.7039914,17.6900448
68.7034651,17.6858827
68.7031665,17.6815016
68.7032245,17.6744474
68.7033185,17.6690495
68.7040386,17.6655081
68.7055586,17.6607485
68.706042,17.6585602
68.7058251,17.6523861
68.7053784,17.648259
68.7051631,17.6464783
68.7051235,17.6427203
68.7051839,17.6394196
68.7048653,17.636247
68.7049587,17.6325526
68.704966,17.6292455
68.7056687,17.622118
68.7065875,17.616127
68.7078251,17.6103925
68.709329,17.6024924
68.7096387,17.6004544
68.7103843,17.5986402
68.7120438,17.5992779
68.7154445,17.5999216
68.7163572,17.6024727
68.7172478,17.6040831
68.7189565,17.6055914
68.720372,17.6075375
68.7212209,17.6101072
68.7220102,17.6136106
68.7222371,17.6146251
68.7242456,17.6112268
68.7260715,17.6075112
68.7282221,17.6048446
68.7315914,17.6022735
68.7336731,17.5999443
68.7350062,17.5984928
68.7372019,17.5963494
68.7386797,17.5977574
68.7412316,17.6004547
68.7440987,17.6036842
68.7475733,17.6065386
68.7498068,17.6083825
68.752402,17.608884
68.7549626,17.6069571
68.7558623,17.6038958
68.7579253,17.596414
68.7593609,17.5905428
68.759796,17.5885142
68.7611892,17.5812981
68.7613276,17.5781471
68.7615477,17.5742842
68.7614682,17.5706616
68.7612834,17.5668777
68.7609137,17.5622302
68.7603105,17.5587947
68.7622264,17.5549305
68.7638547,17.5505376
68.7646774,17.5471418
68.7648769,17.5440192
68.764797,17.5403469
68.7642357,17.5359012
68.7636972,17.533462
68.7639394,17.5298757
68.7644994,17.5254578
68.7651909,17.5205856
68.7656138,17.5163016
68.7667654,17.5076405
68.7677619,17.5057984
68.7683294,17.5050697
68.7704168,17.5022827
68.7710404,17.50015
68.771395,17.4980101
68.7715033,17.4943074
68.7717456,17.4881937
68.7725144,17.4847632
68.7733432,17.4820814
68.7744679,17.4775984
68.775634,17.4745588
68.7765496,17.47268
68.7772599,17.4707761
68.7783329,17.4679484
68.779518,17.464809
68.7810841,17.4614145
68.7823976,17.4587604
68.7834775,17.4572709
68.7844873,17.4563661
68.7853137,17.455095
68.7862096,17.4520706
68.7868686,17.4493442
68.7875375,17.4471355
68.788091,17.4448694
68.7893203,17.4423524
68.7904191,17.4402407
68.7918119,17.4364838
68.7918666,17.4362134
68.7919161,17.4358976
68.791999,17.435491
68.79213,17.4346054
68.7921836,17.434114
68.7922288,17.4340236
68.792397,17.4332773
68.7924487,17.4330656
68.7925003,17.4329431
68.7925492,17.4325134
68.7925884,17.4322991
68.7926354,17.431894
68.7926762,17.4317614
68.7927029,17.4315588
68.7928405,17.4311513
68.792854,17.4308198
68.7929006,17.4305411
68.7929771,17.4296143
68.793022,17.4293034
68.7930821,17.429045
68.7932211,17.4287585
68.79325,17.4286702
68.7934897,17.4282574
68.7935459,17.428088
68.7935713,17.4279748
68.7936136,17.4279335
68.793712,17.4277279
68.7938453,17.4275208
68.7938879,17.4273931
68.7940024,17.42721
68.7941089,17.4269651
68.7942671,17.4268624
68.7942603,17.4267211
68.7943267,17.4264328
68.7943392,17.4264208
68.7943544,17.4264683
68.7943904,17.4267043
68.7944892,17.4271871
68.7945178,17.4272839
68.7945459,17.4273792
68.7945831,17.427561
68.7946266,17.4276832
68.7943982,17.4287351
68.7942706,17.4294056
68.7942244,17.4301127
68.7942412,17.4307521
68.79431,17.4327596
68.7943584,17.4353015
68.7943374,17.436497
68.7943304,17.4378453
68.7946443,17.4409781
68.794995,17.4434212
68.7966239,17.4424846
68.7981163,17.4410618
68.7995958,17.44053
68.8018533,17.4439271
68.804028,17.4474646
68.8052972,17.4490679
68.8061323,17.4502761
68.8061809,17.4503801
68.8066805,17.4514519
68.8089695,17.4524935
68.8116615,17.4555886
68.8134279,17.457623
68.8140308,17.4597994
68.8144849,17.4614404
68.8145677,17.4617396
68.8148148,17.4626324
68.8153464,17.4645531
68.8191388,17.4650653
68.8195775,17.4651251
68.8197085,17.4651436
68.819771,17.4651521
68.8262326,17.4652296
68.8168808,17.5274702
68.8000291,17.5915128
68.8072348,17.6058164
68.8072776,17.6058961
68.8083815,17.6080044
68.8106685,17.6120281
68.8115768,17.6136188
68.8130497,17.6161989
68.8143141,17.6193327
68.8152055,17.6210508
68.8152467,17.6211298
68.8156103,17.6219919
68.8169388,17.6243075
68.8193036,17.6275159
68.8211047,17.6294418
68.8222029,17.630391
68.822106,17.6325887
68.8221914,17.6351804
68.8223854,17.6388772
68.8228465,17.6438471
68.8235568,17.6483753
68.824024,17.6500695
68.8245187,17.6534549
68.8248418,17.656895
68.8247205,17.6594872
68.8241882,17.6630976
68.8234182,17.6669769
68.8226392,17.6702839
68.821289,17.6745153
68.8197823,17.678429
68.8189902,17.6802694
68.8193178,17.681128
68.8213253,17.6852924
68.8225518,17.6872033
68.8242124,17.6888938
68.8257205,17.69002
68.8272818,17.6911778
68.8281908,17.6927282
68.8290068,17.6950369
68.8296187,17.6971973
68.8304327,17.7002017
68.8309771,17.7049119
68.8313211,17.7097964
68.8314595,17.7151773
68.8317121,17.7212679
68.8319284,17.723455
68.8321968,17.7268656
68.8330294,17.7348162
68.8336832,17.7454774
68.8338898,17.7495726
68.8243203,17.7722967
68.8235528,17.7741125
68.8229912,17.7759311
68.8221715,17.778857
68.8215384,17.7807887
68.8206855,17.7835363
68.8203089,17.7851523
68.819971,17.7871456
68.8191331,17.7911608
68.8190651,17.7942051
68.8193456,17.7957049
68.819686,17.7968399
68.8203401,17.7985358
68.8211918,17.8002319
68.8221935,17.802096
68.8230801,17.8033006
68.8243212,17.8048536
68.8243378,17.8048743
68.8256924,17.8063955
68.8265057,17.8073088
68.8281403,17.8093109
68.8284501,17.8096903
68.8320213,17.8107483
68.8320176,17.8109406
68.8319776,17.8130896
68.8315739,17.8285731
68.8313939,17.8350674
68.8311644,17.8433353
68.8311616,17.843434
68.83116,17.8434924
68.8311378,17.8434558
68.8311201,17.843427
68.8311064,17.8434113
68.8310884,17.8433936
68.831075,17.8433847
68.8310674,17.8433772
68.8310488,17.8433647
68.8310387,17.8433656
68.8310283,17.8433717
68.8310149,17.8433914
68.8310036,17.8434031
68.8309945,17.8434084
68.8309757,17.8434191
68.8309666,17.8434279
68.8309542,17.8434308
68.8309406,17.8434303
68.8309279,17.8434269
68.830918,17.8434219
68.8309031,17.8434088
68.8308901,17.8433933
68.8308811,17.8433834
68.8308709,17.8433694
68.8308622,17.8433519
68.8308526,17.8433313
68.8308421,17.8433069
68.8308232,17.8432714
68.8307956,17.8432157
68.8307797,17.8431794
68.8307608,17.8431316
68.8307494,17.843105
68.8307417,17.8430842
68.8307379,17.8430752
68.8307071,17.8430072
68.8306938,17.8429802
68.8306766,17.84294
68.8306575,17.8428908
68.8306442,17.8428608
68.8306341,17.8428339
68.8306143,17.8427934
68.8306041,17.8427752
68.8305954,17.8427527
68.8305875,17.8427348
68.8305782,17.8427101
68.830572,17.8426792
68.8305643,17.8426323
68.8305516,17.8426009
68.8305351,17.8425761
68.8305209,17.8425512
68.8305075,17.8425262
68.8304878,17.8424856
68.8304713,17.842452
68.8304571,17.8424181
68.8304476,17.8424003
68.8304373,17.8423798
68.8304295,17.8423664
68.8304209,17.8423417
68.8304059,17.8423013
68.8303974,17.8422657
68.8303903,17.8422347
68.830381,17.8422055
68.8303636,17.8421628
68.8303472,17.8421224
68.8303329,17.8420933
68.8303164,17.8420549
68.8303046,17.8420258
68.8302913,17.8419923
68.8302756,17.8419454
68.8302598,17.8418934
68.8302436,17.8418548
68.8302354,17.8418389
68.8302181,17.8417999
68.8302111,17.8417811
68.8301985,17.8417453
68.8301885,17.8417164
68.8301834,17.8417028
68.8301653,17.8416446
68.8301574,17.8416258
68.8301404,17.8415977
68.8301262,17.8415706
68.8301137,17.8415437
68.8301027,17.8415122
68.8300924,17.8414942
68.8300782,17.8414674
68.8300576,17.8414312
68.8300387,17.8414235
68.8300301,17.8414339
68.8300168,17.8414438
68.8300076,17.8414573
68.8299991,17.8414823
68.8299926,17.8415051
68.8299827,17.8415331
68.8299724,17.8415569
68.8299599,17.8415764
68.8299443,17.8415987
68.8299348,17.8416094
68.8299226,17.841626
68.8298878,17.8416416
68.8298655,17.8416385
68.8298424,17.8416222
68.8298092,17.8415764
68.8297886,17.8415403
68.8297767,17.8415266
68.8297543,17.8415299
68.8297383,17.8415448
68.8297158,17.8415856
68.8296899,17.8416332
68.8296769,17.8416613
68.8296495,17.8417065
68.8296358,17.8417259
68.8296134,17.841756
68.8295971,17.8418083
68.8295887,17.8418696
68.8295833,17.8419866
68.8295813,17.8420593
68.829576,17.8421473
68.8295724,17.8422201
68.8295624,17.8423125
68.8295531,17.8423982
68.8295455,17.8424509
68.8295397,17.8425038
68.8295338,17.8425499
68.8295277,17.8426291
68.8295242,17.8426997
68.8295256,17.8427483
68.8295237,17.8427967
68.8295163,17.842843
68.8295025,17.8428576
68.829485,17.8428526
68.8294762,17.8428478
68.8294667,17.8428409
68.8294548,17.8428492
68.8294395,17.8428662
68.8294226,17.8428764
68.8294051,17.8428779
68.8293811,17.8428768
68.8293564,17.8428801
68.8293355,17.8428836
68.8293123,17.8428894
68.8292928,17.842901
68.829263,17.8429019
68.8292356,17.8429031
68.8292058,17.8429107
68.8291767,17.8429316
68.8291508,17.8429683
68.8291289,17.8430119
68.829114,17.8430736
68.8291105,17.84312
68.8291199,17.8431851
68.8291346,17.8432657
68.8291493,17.8433711
68.8291658,17.8434519
68.8291759,17.8435168
68.8291853,17.8435684
68.8291929,17.8436399
68.8291972,17.8437314
68.8291984,17.8437959
68.8291948,17.8438803
68.829191,17.8439715
68.829193,17.8440517
68.8292044,17.8441813
68.8292221,17.8442998
68.8292457,17.8443922
68.8292655,17.8444643
68.8292891,17.8445699
68.8293038,17.8446463
68.829312,17.8447621
68.8293098,17.8448847
68.8293003,17.8450042
68.8292811,17.8451259
68.8292572,17.8452249
68.829235,17.8453085
68.8292032,17.8453985
68.8291835,17.8454531
68.8291605,17.8455323
68.8291376,17.8455915
68.8291133,17.8456393
68.8290864,17.8457049
68.8290659,17.8457708
68.8290484,17.8458701
68.8290317,17.8459939
68.8290118,17.8460912
68.8289944,17.8461793
68.8289729,17.8462898
68.8289469,17.8463952
68.8289128,17.8465438
68.8288839,17.8466323
68.8288411,17.8467514
68.8288041,17.8468619
68.8287705,17.8469187
68.8287483,17.8469673
68.8287215,17.8469951
68.8286784,17.8470112
68.8286445,17.8469872
68.8286299,17.8469732
68.8286147,17.846966
68.828601,17.8469563
68.8285848,17.8469398
68.8285752,17.8469282
68.8285646,17.84693
68.8285532,17.8469407
68.828527,17.8469957
68.8285023,17.8470574
68.8284742,17.8471504
68.8284462,17.8472411
68.8284215,17.8473095
68.8284,17.8473803
68.8283735,17.8474824
68.8283486,17.8475708
68.8283338,17.8476285
68.8283123,17.8477085
68.8283005,17.8477817
68.8282831,17.8478505
68.8282528,17.847894
68.8282268,17.8479153
68.8282041,17.847921
68.8281871,17.8479204
68.8281341,17.8479213
68.8281055,17.8479201
68.8280769,17.8479087
68.8280573,17.847898
68.8280304,17.8478868
68.8280036,17.8478759
68.8279606,17.8478593
68.827916,17.8478275
68.827882,17.8478112
68.8278408,17.8478044
68.8278138,17.847823
68.8277902,17.8478667
68.8277773,17.8479405
68.827773,17.8480644
68.8277725,17.8481388
68.8277665,17.8482525
68.8277569,17.8483613
68.8277368,17.8484347
68.8277151,17.8484637
68.827699,17.8484678
68.8276792,17.8484621
68.8276543,17.8484264
68.8276419,17.8484059
68.8276187,17.848395
68.8276061,17.8483993
68.8275898,17.8484384
68.827584,17.8485025
68.827589,17.8485672
68.8275976,17.8486321
68.8276044,17.848702
68.8276059,17.8487467
68.8275932,17.8487858
68.8275769,17.8488048
68.8275446,17.8488133
68.8275285,17.8487978
68.8275053,17.848772
68.8274822,17.8487412
68.8274556,17.8486906
68.8274379,17.8486452
68.8274186,17.8485699
68.8273852,17.8484594
68.827343,17.8483087
68.8273254,17.8482582
68.8272832,17.8481026
68.8272639,17.8480323
68.827232,17.8479567
68.8272091,17.8478962
68.8271826,17.8478205
68.8271596,17.8477552
68.8271455,17.84771
68.8271244,17.8476544
68.8271102,17.8476141
68.8270962,17.8475539
68.8270842,17.8474642
68.8270702,17.8473991
68.8270561,17.8473439
68.8270455,17.8473187
68.8270241,17.8472978
68.826999,17.8473018
68.8269809,17.8473258
68.826959,17.8474092
68.8269368,17.8475223
68.8269186,17.8475761
68.826902,17.8476546
68.8268746,17.8477477
68.8268599,17.8477967
68.8268399,17.8478456
68.8268165,17.8478694
68.8267931,17.8478733
68.8267647,17.8478471
68.8267237,17.8477959
68.8266933,17.8477746
68.8266718,17.8477738
68.8266449,17.8477677
68.8266144,17.8477762
68.8265676,17.8478138
68.8265405,17.8478374
68.8265063,17.8478559
68.8264884,17.8478551
68.8264507,17.8478585
68.8264054,17.8478521
68.8263534,17.8478246
68.8263139,17.8478031
68.8262872,17.8477573
68.8262694,17.8477167
68.8262535,17.8476611
68.8262394,17.8475959
68.8262255,17.8475356
68.8262079,17.847465
68.8261955,17.8474048
68.8261835,17.8473196
68.8261623,17.8472392
68.8261411,17.8471684
68.8261181,17.8471079
68.8260897,17.8470419
68.8260736,17.8470061
68.8260524,17.8469405
68.8260365,17.8468903
68.826017,17.8468396
68.8259991,17.846814
68.8259829,17.8468132
68.8259632,17.8468074
68.8259435,17.8467915
68.8259308,17.8467859
68.8259166,17.8467654
68.8258881,17.8467044
68.8258687,17.8466538
68.8258474,17.8466033
68.8258242,17.8465475
68.8258028,17.8465068
68.8257654,17.8464404
68.8257352,17.8463891
68.8257137,17.8463535
68.8256889,17.8462779
68.8256571,17.8461817
68.8256394,17.8461312
68.8256145,17.8460853
68.8255985,17.8460398
68.8255827,17.8459844
68.8255649,17.8459439
68.8255524,17.8459135
68.8255365,17.845873
68.825517,17.8458173
68.8254939,17.8457565
68.8254779,17.8457212
68.8254581,17.8457102
68.8254438,17.8457096
68.8254331,17.8456941
68.8254118,17.8456335
68.8254012,17.8455934
68.8253888,17.8455677
68.8253816,17.8455623
68.8253691,17.8455521
68.8253565,17.8455365
68.8253442,17.8455012
68.8253248,17.8454158
68.8253036,17.8453401
68.825295,17.8453
68.8252861,17.8452698
68.8252503,17.8452384
68.8252324,17.8452125
68.8252056,17.8451768
68.8251735,17.8451304
68.8251556,17.8451098
68.8251377,17.8450889
68.8251196,17.8451032
68.8251105,17.8451177
68.8250905,17.8451618
68.825074,17.8452356
68.8250646,17.8452799
68.8250572,17.8453196
68.8250515,17.845384
68.8250492,17.8454636
68.8250379,17.8455426
68.8250288,17.8455673
68.8250052,17.845606
68.8249784,17.8455899
68.8249658,17.8455746
68.8249588,17.8455543
68.8249445,17.8455088
68.8249394,17.8454538
68.8249328,17.845364
68.8249278,17.8452891
68.824923,17.8451743
68.824904,17.8450294
68.8248972,17.8449642
68.8248832,17.8448988
68.8248709,17.8448535
68.8248513,17.844813
68.8248297,17.8447969
68.8248082,17.8447762
68.8247797,17.8447453
68.8247599,17.8447244
68.8247403,17.8447134
68.8247151,17.8447075
68.8246862,17.8447013
68.8246467,17.8447094
68.824625,17.8447235
68.8246075,17.8447307
68.8245855,17.8447646
68.8245635,17.8447988
68.824536,17.8448729
68.8245249,17.8449075
68.8245119,17.844952
68.8245009,17.8449866
68.8244824,17.8450362
68.8244696,17.8450755
68.8244586,17.8451053
68.8244381,17.8451847
68.8244196,17.845254
68.8243991,17.8453433
68.8243787,17.8454229
68.824362,17.8454873
68.82434,17.8455266
68.8243218,17.8455459
68.8242982,17.8455498
68.8242657,17.8455382
68.8242422,17.8455173
68.8242223,17.8455113
68.8241988,17.8455053
68.8241751,17.8455144
68.8241495,17.8455586
68.8241383,17.845608
68.8241361,17.8456882
68.8241466,17.8457539
68.8241462,17.845829
68.82414,17.8459541
68.8241322,17.8460591
68.8241224,17.8461942
68.824109,17.846299
68.8241049,17.8464141
68.8241096,17.8465396
68.8241108,17.84665
68.8240956,17.8467496
68.8240738,17.8467739
68.8240502,17.8467679
68.8240142,17.846731
68.8239836,17.8466747
68.8239676,17.8466339
68.8239391,17.8465523
68.8239105,17.8464558
68.8238768,17.8463288
68.8238501,17.8462325
68.8238306,17.8461565
68.8237913,17.8460544
68.8237593,17.8459378
68.8237433,17.8458819
68.8237254,17.8458461
68.8236826,17.8457189
68.8236666,17.8456479
68.8236255,17.8455458
68.8235792,17.8454135
68.8235541,17.8453521
68.8235273,17.8452859
68.8234859,17.845224
68.823452,17.8451573
68.8234286,17.8451111
68.8234054,17.8450349
68.8233882,17.8448686
68.8233689,17.8447574
68.8233514,17.8446566
68.8233319,17.8445654
68.8233232,17.8444948
68.8233217,17.8444445
68.8233147,17.8443939
68.8232951,17.8443529
68.8232734,17.8443271
68.8232426,17.8443206
68.8232062,17.8443594
68.8231677,17.844423
68.8231475,17.8444671
68.8231072,17.8445456
68.8230688,17.8445993
68.8230559,17.8446388
68.8230321,17.8446728
68.8230101,17.8447218
68.8229898,17.8447714
68.822962,17.8448855
68.8229471,17.8449551
68.8229232,17.8450141
68.8228921,17.8450528
68.8228413,17.8450758
68.8228158,17.8450947
68.8227757,17.845128
68.8227484,17.8451471
68.8227194,17.8451409
68.8226919,17.8451408
68.8226573,17.8451545
68.8226354,17.8451686
68.8226189,17.8452132
68.8226115,17.845238
68.8226112,17.8452832
68.8226073,17.8453231
68.8225907,17.8453729
68.8225795,17.8454224
68.8225628,17.8454922
68.8225606,17.8455622
68.8225583,17.8456227
68.8225634,17.8456981
68.8225792,17.8457843
68.8225934,17.8458601
68.822593,17.8459355
68.8225906,17.8460159
68.822592,17.8461114
68.8226024,17.8461972
68.8226165,17.8462682
68.8226233,17.8463538
68.82263,17.8464495
68.8226242,17.8465148
68.8226074,17.8465893
68.8225869,17.8466689
68.8225721,17.8467484
68.8225532,17.8468783
68.8225362,17.8469831
68.8225302,17.8470633
68.8225225,17.847138
68.8225003,17.8472228
68.822489,17.8473025
68.8224794,17.8473875
68.8224699,17.8474525
68.8224422,17.8475366
68.822422,17.847571
68.8224072,17.8476307
68.822394,17.8477104
68.8223843,17.8478157
68.8223696,17.84786
68.8223568,17.8478797
68.8223404,17.847884
68.8223168,17.8478678
68.8222804,17.8478763
68.8222586,17.8478855
68.8222421,17.847925
68.8222254,17.8479745
68.8222159,17.8480545
68.8222138,17.8480947
68.8222064,17.8481394
68.8221934,17.848174
68.8221789,17.8481833
68.8221626,17.8481626
68.8221483,17.8481119
68.8221217,17.8480253
68.8220982,17.8479791
68.8220658,17.8479374
68.8220387,17.8479163
68.8220223,17.8479155
68.8219951,17.8479142
68.8219659,17.847943
68.8219457,17.8479674
68.8219237,17.8479967
68.8218999,17.8480308
68.8218834,17.8480451
68.8218672,17.8480445
68.8218491,17.8480084
68.8218333,17.8479225
68.8218265,17.8478419
68.8218107,17.8477555
68.8217947,17.8476795
68.8217859,17.8476292
68.8217699,17.847578
68.8217573,17.8475726
68.8217462,17.8475869
68.8217387,17.8476271
68.8217295,17.8476669
68.8217129,17.847701
68.8216946,17.8477153
68.8216801,17.8477199
68.8216638,17.8477091
68.8216458,17.847678
68.8216388,17.8476327
68.8216247,17.8475566
68.8216197,17.8474711
68.8216057,17.8473749
68.8215877,17.8473543
68.8215695,17.8473482
68.8215568,17.8473528
68.821542,17.8474075
68.8215379,17.8474926
68.8215426,17.8476034
68.8215423,17.8476789
68.82154,17.847754
68.8215233,17.8478035
68.8215142,17.8478182
68.821487,17.847817
68.8214689,17.847806
68.8214419,17.8477598
68.8214167,17.8477035
68.8213952,17.8476622
68.821381,17.8476063
68.8213648,17.8475655
68.8213577,17.8475452
68.8213378,17.8475441
68.8213212,17.8475738
68.8212992,17.847608
68.8212864,17.8476277
68.8212728,17.8476401
68.8212571,17.8476507
68.8212415,17.8476475
68.8212158,17.8476119
68.8212012,17.8475939
68.8211834,17.8475708
68.8211714,17.8475543
68.8211621,17.8475367
68.8211547,17.8475239
68.8211427,17.8475012
68.8211342,17.8474872
68.8211303,17.8474808
68.8211259,17.8474748
68.8211183,17.8474701
68.8211084,17.8474594
68.8210968,17.8474529
68.8210875,17.8474458
68.8210841,17.8474344
68.8210606,17.8474053
68.821049,17.8473917
68.8210327,17.8473588
68.8210147,17.8473185
68.821004,17.847296
68.8209961,17.8472824
68.8209796,17.8472688
68.8209724,17.8472716
68.8209574,17.8472992
68.8209485,17.8473274
68.820943,17.84736
68.8209369,17.8474086
68.8209331,17.8474468
68.8209299,17.8474849
68.8209282,17.8475149
68.8209221,17.8475655
68.8209121,17.8476338
68.8209072,17.8476758
68.8209039,17.8476923
68.8208995,17.8477064
68.8208882,17.847727
68.8208789,17.8477333
68.8208546,17.847722
68.820845,17.8477168
68.8208308,17.8477127
68.8208141,17.8477203
68.8208069,17.8477325
68.8208022,17.8477498
68.8207957,17.8478137
68.8207916,17.8478465
68.8207837,17.8478916
68.8207679,17.8479462
68.8207563,17.8479827
68.820748,17.8480012
68.8207393,17.8480128
68.820735,17.8480224
68.8207255,17.8480433
68.820707,17.8480774
68.8206953,17.8481007
68.8206803,17.8481373
68.8206682,17.8481697
68.8206605,17.8481943
68.8206463,17.8482493
68.8206396,17.848274
68.8206278,17.8483021
68.8206193,17.8483176
68.8206062,17.8483519
68.8206023,17.8484006
68.8206019,17.8484201
68.8206044,17.8484592
68.8206082,17.848491
68.82061,17.8485145
68.8206107,17.8485402
68.8206098,17.8485661
68.8206071,17.8485906
68.8205996,17.8486251
68.820593,17.8486449
68.8205854,17.8486611
68.8205766,17.8486736
68.8205665,17.8486829
68.8205565,17.8486884
68.8205471,17.8486899
68.8205262,17.8486773
68.8205186,17.8486669
68.8205091,17.8486391
68.8205024,17.8485926
68.8204964,17.8485541
68.8204874,17.8485087
68.8204775,17.8484908
68.8204731,17.8484868
68.8204589,17.8484812
68.8204418,17.848482
68.8204126,17.8484892
68.8203904,17.8484963
68.8203725,17.8485042
68.820344,17.8485206
68.8203281,17.8485307
68.820311,17.8485387
68.8203013,17.8485437
68.8202885,17.8485532
68.8202729,17.8485745
68.8202675,17.848591
68.8202601,17.8486305
68.8202525,17.8486772
68.8202453,17.8487127
68.8202344,17.8487511
68.8202247,17.8487789
68.8202172,17.8487948
68.8202091,17.8488074
68.8202007,17.848816
68.8201915,17.8488215
68.8201769,17.8488249
68.8201608,17.8488173
68.8201495,17.8487948
68.8201347,17.8487646
68.8201271,17.8487549
68.8201189,17.8487484
68.8201032,17.8487474
68.8200964,17.8487549
68.8200873,17.8487741
68.8200768,17.8488093
68.8200757,17.8488144
68.8200696,17.8488421
68.8200654,17.8488647
68.8200597,17.8489349
68.8200585,17.8489561
68.8200561,17.8489749
68.8200445,17.8490146
68.8200381,17.8490238
68.8200199,17.8490316
68.8200137,17.8490298
68.8200039,17.8490164
68.8199968,17.8489986
68.8199895,17.8489716
68.8199836,17.8489408
68.8199774,17.848904
68.8199731,17.8488747
68.8199728,17.8488456
68.8199721,17.8488199
68.8199655,17.8487843
68.8199596,17.848762
68.8199521,17.8487449
68.819943,17.84873
68.8199309,17.8487198
68.8199199,17.8487137
68.8199027,17.8487105
68.8198864,17.8487139
68.8198692,17.8487223
68.8198548,17.8487344
68.8198373,17.8487545
68.8198285,17.8487655
68.8198177,17.848783
68.8198052,17.8488114
68.8197926,17.8488428
68.8197843,17.8488683
68.8197762,17.848907
68.8197693,17.8489423
68.8197658,17.848965
68.8197643,17.849006
68.8197645,17.8490361
68.8197637,17.8490628
68.8197614,17.8490908
68.8197565,17.8491202
68.8197501,17.8491459
68.8197415,17.8491654
68.8197317,17.8491815
68.8197203,17.8491962
68.819705,17.8492066
68.8196936,17.8492104
68.8196811,17.8492113
68.8196777,17.8492195
68.8196687,17.849233
68.8196629,17.8492397
68.8196491,17.8492437
68.8196324,17.8492226
68.8196262,17.8492092
68.8196177,17.849183
68.8196075,17.8491375
68.8196026,17.8491133
68.8195839,17.8490459
68.8195736,17.8490111
68.8195666,17.8489891
68.8195587,17.8489709
68.8195254,17.8489304
68.8195176,17.8489222
68.8195033,17.8489137
68.819489,17.8489101
68.8194821,17.848911
68.8194725,17.8489179
68.8194609,17.848937
68.8194543,17.8489553
68.8194487,17.8489831
68.8194474,17.8490127
68.8194443,17.8490409
68.8194309,17.8490777
68.8194118,17.8491186
68.8194034,17.8491342
68.8193976,17.8491503
68.8193908,17.8491782
68.8193837,17.8492292
68.8193795,17.8492587
68.819374,17.8492873
68.8193693,17.8493068
68.8193608,17.8493278
68.8193509,17.8493454
68.8193422,17.8493649
68.819338,17.8493852
68.8193343,17.8494177
68.8193301,17.849485
68.8193294,17.849503
68.8193247,17.8495371
68.8193195,17.8495519
68.8192955,17.8495833
68.8192859,17.8495932
68.8192676,17.8496229
68.8192615,17.8496338
68.8192485,17.8496674
68.8192449,17.8497458
68.8192436,17.8498015
68.8192424,17.8498227
68.8192372,17.8498585
68.8192309,17.8498793
68.8192198,17.8498995
68.8192059,17.8499136
68.8191769,17.849934
68.819143,17.8499572
68.8191141,17.8499773
68.819095,17.849991
68.8190832,17.8500004
68.8190722,17.8500134
68.8190626,17.8500178
68.8190351,17.8500463
68.8190292,17.8500699
68.8190257,17.8500935
68.8190228,17.8501237
68.8190148,17.8501671
68.8190069,17.8502132
68.8190005,17.8502566
68.8189957,17.8502925
68.8189903,17.8503223
68.8189825,17.8503498
68.8189751,17.8503859
68.8189661,17.8504374
68.818955,17.850493
68.8189485,17.8505284
68.818939,17.8505627
68.8189307,17.8505842
68.8189167,17.850608
68.8189018,17.8506279
68.8188859,17.8506534
68.8188699,17.8506817
68.8188599,17.8506975
68.8188487,17.8507194
68.8188373,17.850749
68.8188295,17.8507743
68.8188194,17.8508028
68.8188067,17.8508428
68.818799,17.8508714
68.8187875,17.850924
68.818782,17.8509524
68.8187722,17.8509963
68.8187666,17.8510159
68.8187454,17.8510618
68.818744,17.8510627
68.8187331,17.851063
68.8187275,17.8510583
68.8187175,17.8510464
68.8187079,17.8510305
68.8186961,17.8509982
68.8186857,17.8509718
68.8186743,17.8509512
68.8186261,17.8508152
68.8186103,17.8507923
68.81859,17.8507567
68.8185754,17.850731
68.8185607,17.8507082
68.818545,17.8506851
68.8185257,17.8506623
68.8185132,17.8506555
68.818494,17.8506324
68.818477,17.8506161
68.8184577,17.8505995
68.8184386,17.8505858
68.8184226,17.850582
68.8184056,17.8505751
68.8183874,17.8505646
68.8183704,17.8505545
68.8183523,17.8505445
68.8183363,17.850537
68.8183159,17.8505266
68.8182978,17.8505196
68.818275,17.8505154
68.8182648,17.8505149
68.8182535,17.8505112
68.8182375,17.8505104
68.8182181,17.8505096
68.8181999,17.8505088
68.8181841,17.8505082
68.8181761,17.8505077
68.8181487,17.8505161
68.8181271,17.8505151
68.8181065,17.8505268
68.8180951,17.8505293
68.8180837,17.8505415
68.8180654,17.8505533
68.8180495,17.850559
68.8180267,17.850561
68.8180152,17.85057
68.8180027,17.8505664
68.8179891,17.8505624
68.8179766,17.8505558
68.8179584,17.8505517
68.817946,17.8505417
68.8179336,17.8505314
68.8179234,17.8505217
68.8179154,17.8505152
68.8179086,17.8505022
68.8178953,17.8504699
68.817885,17.8504537
68.8178738,17.8504436
68.8178534,17.8504174
68.8178365,17.8503884
68.8178241,17.850366
68.8178061,17.8503398
68.8177903,17.850314
68.8177644,17.8502781
68.8177417,17.8502487
68.817718,17.8502128
68.8177045,17.8501932
68.8176921,17.8501738
68.8176797,17.8501511
68.8176549,17.8501154
68.8176299,17.8500891
68.8176074,17.8500626
68.8175813,17.8500489
68.8175575,17.8500289
68.8175348,17.8500121
68.8175212,17.8500081
68.8174985,17.850001
68.8174791,17.8499938
68.817461,17.8499867
68.8174383,17.8499732
68.8174247,17.8499694
68.8174191,17.8499657
68.8174064,17.8499812
68.817387,17.8499864
68.8173814,17.8499798
68.817362,17.849979
68.8173485,17.8499753
68.8173348,17.8499619
68.8173212,17.8499552
68.8173111,17.8499454
68.8172884,17.8499284
68.8172702,17.8499151
68.8172635,17.8499083
68.8172544,17.8499016
68.8172374,17.8498915
68.8172124,17.8498776
68.8171886,17.8498577
68.8171762,17.8498445
68.8171524,17.8498342
68.8171376,17.8498209
68.8171173,17.8497977
68.8170879,17.8497711
68.8170731,17.8497578
68.8170607,17.8497445
68.8170414,17.8497217
68.8170189,17.8496987
68.8170007,17.8496819
68.8169815,17.8496653
68.8169475,17.8496292
68.8169328,17.8496129
68.8169159,17.8495931
68.8168955,17.8495764
68.8168707,17.8495436
68.8168504,17.8495237
68.8168186,17.8495002
68.8168062,17.8494872
68.8167937,17.8494804
68.8167869,17.8494736
68.816771,17.8494571
68.8167495,17.8494435
68.816737,17.8494337
68.8167291,17.8494267
68.81672,17.8494265
68.8167086,17.8494231
68.8166927,17.8494126
68.8166837,17.8494092
68.8166631,17.8493966
68.8166451,17.8493851
68.8166326,17.8493786
68.8166076,17.849393
68.8165892,17.8494112
68.8165755,17.8494296
68.8165686,17.8494354
68.8165584,17.8494445
68.8165446,17.8494504
68.8165194,17.849468
68.8164966,17.8494798
68.8164693,17.8494909
68.8164499,17.8494996
68.8164327,17.8495053
68.8164248,17.8495078
68.8164145,17.8495107
68.8163974,17.8495067
68.8163702,17.8495055
68.8163041,17.8495183
68.8161405,17.8495271
68.8159423,17.8494002
68.8159071,17.8495615
68.8148036,17.8537481
68.8127399,17.8616143
68.8119882,17.8644414
68.81016,17.8712788
68.809464,17.8738819
68.8087337,17.8766122
68.8083024,17.8832854
68.806519,17.8883879
68.8046582,17.8932811
68.8032849,17.8980138
68.8016946,17.9022959
68.7999734,17.9079242
68.7985752,17.9114611
68.7976478,17.9133023
68.7979679,17.9203677
68.7941153,17.9362663
68.7937357,17.952963
68.7930345,17.9541508
68.7919844,17.9561934
68.7910056,17.9587903
68.7896332,17.9623264
68.7886616,17.9645024
68.7881788,17.9659255
68.7869668,17.9690111
68.7859809,17.9714822
68.7853897,17.9714032
68.7839896,17.9708692
68.7830476,17.9703218
68.7818191,17.969216
68.7804837,17.9675509
68.7799031,17.9663583
68.7788315,17.9639852
68.7779551,17.9617378
68.7769383,17.9613544
68.7756848,17.9611628
68.7749714,17.9603742
68.7732906,17.957921
68.7727522,17.9568833
68.7719544,17.9557864
68.7706945,17.9549253
68.7696911,17.9542967
68.7687024,17.954884
68.7678462,17.9555874
68.7671259,17.9551946
68.7663226,17.9538994
68.7646083,17.9523345
68.7636797,17.9525581
68.7628238,17.9522217
68.7622721,17.9509105
68.7609386,17.9496444
68.7600567,17.9487351
68.7589564,17.9474753
68.7575885,17.9450913
68.7564696,17.942839
68.7559054,17.941725
68.7551116,17.9419417
68.7538938,17.9427957
68.7530571,17.9429079
68.7522612,17.9427286
68.7511378,17.942283
68.7496901,17.9439728
68.7494656,17.945007
68.7491028,17.9467658
68.7487689,17.9494436
68.7486902,17.9513881
68.7485188,17.9534936
68.7483736,17.9566665
68.7481155,17.9596262
68.7477493,17.9625964
68.7475545,17.9645006
68.7473863,17.9664083
68.7470537,17.9679724
68.7466728,17.969728
68.7462637,17.971554
68.7458476,17.9727604
68.7453501,17.9745002
68.7448435,17.975744
68.7443991,17.9770209
68.7439829,17.9782269
68.7434398,17.9800098
68.7432237,17.9820838
68.743083,17.9834502
68.7429901,17.9856646
68.7428777,17.9874553
68.7426781,17.9896059
68.7422981,17.9918063
68.7418733,17.9929862
68.741112,17.9949125
68.7407716,17.995881
68.7403522,17.9972594
68.7399235,17.9986612
68.7396275,17.9996604
68.739448,18.0011699
68.7393692,18.0030887
68.739299,18.0045139
68.7392417,18.005718
68.7392041,18.0073211
68.7390894,18.0107437
68.73883,18.0112036
68.7386064,18.0096395
68.7385064,18.0081914
68.73842,18.0069927
68.7381801,18.0048329
68.7379126,18.003214
68.7376819,18.0020452
68.7374115,18.0010934
68.7371396,17.9997214
68.7368207,17.9984663
68.7348516,17.9960996
68.7342192,17.9948028
68.7336481,17.9941079
68.7329693,17.9933985
68.7322852,17.9924906
68.7314286,17.9926969
68.7306414,17.9925421
68.7298793,17.9929835
68.7293069,17.9933765
68.7287357,17.9936954
68.7280323,17.993873
68.7272542,17.9942138
68.7265122,17.9945343
68.7259223,17.9949001
68.725317,17.996129
68.7248141,17.9971491
68.7242984,17.99839
68.7236817,18.0002599
68.7225546,18.0025554
68.7221213,18.0043981
68.7220982,18.0044961
68.7209926,18.0116384
68.7202067,18.0184527
68.7190477,18.0225218
68.7167186,18.0297681
68.7163877,18.0307287
68.7143603,18.0366136
68.7114481,18.0442959
68.7090948,18.0508233
68.7088875,18.0513982
68.7083467,18.0492244
68.6984638,18.0501065
68.691956,18.0506882
68.6914646,18.0507319
68.6903536,18.0508301
68.6902578,18.0508175
68.6898977,18.050771
68.6768267,18.0490809
68.6729385,18.048579
68.6711649,18.0492204
68.668777,18.0506951
68.6658626,18.0495085
68.6633262,18.0487685
68.6603991,18.0482958
68.655241,18.0455725
68.6539168,18.0383448
68.6526411,18.0239048
68.6520387,18.0174414
68.6512393,18.0094246
68.6505912,18.0024634
68.6500374,17.9992848
68.6494741,18.0026834
68.6483987,18.007614
68.6479143,18.009101
68.6463902,18.0120001
68.6449506,18.0136786
68.6428742,18.013818
68.6396249,18.0147844
68.6346989,18.0161407
68.6297388,18.0173934
68.6239951,18.0187862
68.6189602,18.0202002
68.6145307,18.0213994
68.611701,18.0224944
68.6084547,18.0232866
68.607359,18.0148009
68.607292,18.009013
68.6072798,18.0041672
68.6072541,17.9985569
68.6072633,17.9960253
68.6072678,17.9942556
68.6072194,17.9914212
68.6072875,17.9886021
68.6071777,17.9841615
68.6072979,17.982948
68.6072371,17.9772595
68.6071668,17.9705617
68.6072148,17.9657978
68.6071561,17.9635278
68.6072694,17.9621903
68.6073561,17.9593001
68.6071669,17.9562752
68.6069944,17.9548509
68.6068355,17.9506006
68.6067836,17.9494629
68.6066496,17.9468634
68.6064485,17.9439845
68.606426,17.9432195
68.6062455,17.9396794
68.6059229,17.9334658
68.6058671,17.9320324
68.6056262,17.9267883
68.6053466,17.9206545
68.6050963,17.9148929
68.6050404,17.9134599
68.6048545,17.9091577
68.6045456,17.9026023
68.6044003,17.8980106
68.6041661,17.8933582
68.6039271,17.8884598
68.6038779,17.8866096
68.6037116,17.8832201
68.603413,17.8770602
68.6033613,17.8753572
68.6031082,17.8696707
68.602846,17.863983
68.6026459,17.8593849
68.6023453,17.8527584
68.6020151,17.8452191
68.6019002,17.8413945
68.601664,17.8367676
68.601453,17.8301041
68.601382,17.828989
68.60131,17.8279229
68.6008285,17.8202425
68.6007696,17.8189323
68.6004236,17.8117114
68.6002561,17.8077579
68.6000045,17.801852
68.5998327,17.7976029
