# GsakName=Farsund
#
# The source data is © Kartverket http://www.kartverket.no
# and distributed under the license CC BY 4.0
# http://creativecommons.org/licenses/by/4.0/deed.no
#
# This file was created by Peter John Acklam, pjacklam@gmail.com
#
# Area 1 of 1
#
57.8188926,6.7724677
57.8718223,6.5291031
57.8724129,6.526402
57.8743861,6.5174734
57.87801,6.5020554
57.8819979,6.486956
57.8821728,6.4863624
57.883769,6.4809431
57.8863419,6.4722051
57.8873803,6.4688966
57.8983889,6.4342032
57.9031541,6.4199113
57.9082553,6.406033
57.9136821,6.3925954
57.9182326,6.3822215
57.9326025,6.3506041
57.9357003,6.3439433
57.9684013,6.2752027
58.0208458,6.164517
58.0208473,6.1645209
58.112938,6.3981655
58.1322043,6.447336
58.1422972,6.4731344
58.1525042,6.4992522
58.1580649,6.5161899
58.1856729,6.6004629
58.1931156,6.6625801
58.2117272,6.6978747
58.2183324,6.7305658
58.2276808,6.7455021
58.2305676,6.7579067
58.226407,6.7613583
58.2263394,6.7614776
58.2259369,6.7621888
58.2256469,6.7628585
58.225198,6.7638848
58.2251228,6.7640397
58.2245601,6.7651871
58.2240377,6.7658735
58.2239478,6.7659915
58.2234963,6.7666032
58.2229394,6.7672501
58.2227254,6.767557
58.2220482,6.7680046
58.2218174,6.7686201
58.2213634,6.7684731
58.2210615,6.7690013
58.2209971,6.7693269
58.2208336,6.7695981
58.2203516,6.7702637
58.2202421,6.7704149
58.2202241,6.7708117
58.2198892,6.7711767
58.2196892,6.7713943
58.2191142,6.7720207
58.2191369,6.7726197
58.2186215,6.7730666
58.218119,6.7736192
58.2178649,6.7742051
58.2177509,6.7744678
58.2177547,6.7745194
58.2177584,6.7745671
58.217623,6.7748844
58.2175795,6.7749355
58.217485,6.7749784
58.2162641,6.7746728
58.2162296,6.7747273
58.2162104,6.7747579
58.2161952,6.7747816
58.2160151,6.7750667
58.215944,6.7751789
58.2157144,6.7754842
58.215635,6.7754408
58.2155983,6.7754762
58.2155824,6.7754912
58.2154161,6.7756491
58.2152944,6.7758771
58.2150616,6.776023
58.2149614,6.7762727
58.2149482,6.7763055
58.2148387,6.7764357
58.2146893,6.7765874
58.2144966,6.7766056
58.2138969,6.7769471
58.2136157,6.7771735
58.2133649,6.7776822
58.2133189,6.778079
58.2134252,6.7783684
58.2135934,6.7785543
58.2137502,6.7786096
58.2139231,6.7787162
58.2139505,6.7787329
58.2141163,6.7793085
58.2141774,6.7792842
58.2142413,6.7794938
58.2142924,6.7796603
58.2146053,6.7793108
58.2148871,6.7790009
58.2149711,6.7792787
58.2150135,6.7794739
58.2150508,6.7796416
58.2152541,6.7801246
58.215425,6.7807467
58.2156007,6.7809697
58.2155799,6.7814822
58.2157525,6.781938
58.2158201,6.7822456
58.2159526,6.7823021
58.2160642,6.7834347
58.2162748,6.784042
58.216624,6.7839703
58.2163611,6.7843955
58.2163705,6.7846791
58.216153,6.7850564
58.2161529,6.7852776
58.2159684,6.7861828
58.2159443,6.7865122
58.2163865,6.7862829
58.2164444,6.7870078
58.21673,6.7875754
58.2169297,6.7881029
58.2170256,6.788137
58.2169627,6.7888011
58.2167462,6.7891994
58.2161886,6.790303
58.2161424,6.7911284
58.215985,6.7913736
58.216124,6.7917744
58.2169414,6.7932298
58.2169679,6.7933634
58.2169811,6.793731
58.2171018,6.7939006
58.217176,6.7942225
58.2172853,6.794655
58.2174018,6.7949677
58.2174199,6.7950193
58.2174654,6.7951383
58.2178134,6.7960252
58.2181677,6.7970161
58.2186491,6.796787
58.2187552,6.7970423
58.2187406,6.7975941
58.2188714,6.7981117
58.2189544,6.7985114
58.2190026,6.798653
58.2196032,6.801759
58.2195969,6.8020833
58.2193726,6.8023343
58.2194103,6.8025807
58.2194374,6.802758
58.2197253,6.8031767
58.2198538,6.8033662
58.2199492,6.8042948
58.219485,6.8053525
58.2194909,6.8055273
58.219453,6.8056965
58.2199112,6.8068461
58.2202141,6.8073634
58.2201951,6.8074979
58.2201271,6.8076981
58.2201042,6.8079159
58.220253,6.8079835
58.2207848,6.8093134
58.2208782,6.8094813
58.2210854,6.8097244
58.2212417,6.809908
58.2215112,6.8103153
58.2215869,6.8101686
58.2215951,6.8101539
58.2216356,6.8100812
58.2216686,6.8100215
58.2217035,6.809983
58.2217548,6.8099661
58.2217829,6.8099571
58.2218149,6.8099447
58.221872,6.809915
58.2219245,6.8098858
58.2219315,6.8098814
58.2219863,6.8098542
58.2220307,6.8098591
58.2220891,6.8098252
58.2221793,6.8097769
58.2222981,6.809701
58.2224169,6.8096681
58.2225309,6.8096872
58.2226139,6.8096903
58.2226937,6.8097153
58.2228052,6.809786
58.2229003,6.8099059
58.2229785,6.8100344
58.2230815,6.810213
58.2231673,6.810402
58.225199,6.8143258
58.2252125,6.8143433
58.2252294,6.8143654
58.2252495,6.8143941
58.2252721,6.8144292
58.2252944,6.8144749
58.2253247,6.814532
58.2253495,6.8145714
58.2253662,6.8145998
58.2253909,6.8146478
58.2254381,6.8147311
58.2255055,6.8148385
58.2255167,6.814854
58.2255312,6.8148825
58.2255457,6.8149258
58.2255556,6.8149563
58.2255814,6.8150219
58.2256093,6.8150828
58.2256407,6.8151441
58.2256845,6.8152292
58.2257303,6.815321
58.2258211,6.8154958
58.22593,6.8156885
58.226039,6.8158575
58.2261479,6.8160286
58.2262626,6.8161912
58.2264649,6.8164813
58.2265718,6.8166481
58.2266412,6.8167858
58.2267061,6.816932
58.226758,6.8171295
58.2267888,6.8172705
58.2268162,6.8174027
58.226856,6.8175611
58.2269031,6.8177735
58.2269424,6.8180096
58.226975,6.8182001
58.2269946,6.8183064
58.2270255,6.8184276
58.2270688,6.8185649
58.2271013,6.8186475
58.2271246,6.8187021
58.2271479,6.8187759
58.2271853,6.8189431
58.2271957,6.8190705
58.227205,6.8192464
58.2272046,6.8192704
58.2272025,6.819404
58.2271452,6.8195442
58.2271103,6.8195923
58.2270772,6.8196379
58.2268871,6.819668
58.2266948,6.8195796
58.226478,6.8195395
58.2261135,6.8192968
58.2257851,6.8192427
58.2254191,6.8191705
58.225356,6.819227
58.2252906,6.8192833
58.2252106,6.8193435
58.2251501,6.8193828
58.2251101,6.8194076
58.225061,6.819434
58.2250335,6.8194614
58.2250103,6.8195169
58.2249929,6.8195574
58.2249916,6.8195724
58.2249893,6.8195983
58.224988,6.8196155
58.2249896,6.8197283
58.2249176,6.8204274
58.2248463,6.8212351
58.2248772,6.8221817
58.2248971,6.8230276
58.224841,6.8234148
58.2249719,6.8241454
58.2249705,6.8241585
58.2251051,6.8250113
58.2249322,6.8271086
58.2249193,6.8271439
58.2249145,6.8272651
58.2248824,6.8274342
58.2248793,6.8275175
58.2248813,6.8275627
58.2249049,6.8276147
58.2249131,6.8277111
58.224901,6.8278928
58.2249175,6.8280493
58.2249148,6.8281823
58.224886,6.8282544
58.2248594,6.8283201
58.2248438,6.8283998
58.224829,6.8284876
58.2247894,6.8286079
58.2247708,6.8287494
58.224766,6.8288333
58.2247908,6.8288665
58.2248232,6.8289162
58.2248519,6.8289661
58.2248581,6.8289743
58.224896,6.8290055
58.2249529,6.8290243
58.2249662,6.8290763
58.2249434,6.8292097
58.2249481,6.8292981
58.22499,6.8293513
58.2250441,6.8293549
58.2250747,6.8293801
58.2251129,6.8294311
58.2251283,6.8295381
58.2251362,6.8296419
58.2251566,6.8297287
58.225159,6.8297986
58.2251549,6.829916
58.2251303,6.8299989
58.2250907,6.8300805
58.2250741,6.8301461
58.2250505,6.8302297
58.225037,6.8302886
58.2250379,6.8303064
58.2250436,6.8304128
58.2250582,6.83055
58.2250506,6.8306385
58.2250098,6.8307309
58.2249815,6.8308465
58.2249843,6.8308746
58.2250004,6.8309831
58.2250181,6.8310236
58.2250344,6.8310779
58.2250606,6.8311807
58.2250789,6.8312624
58.2250532,6.8313444
58.2250326,6.8313847
58.2250192,6.831486
58.2250135,6.8316213
58.2250259,6.831825
58.2249031,6.8355791
58.2249157,6.835636
58.22492,6.8357565
58.2249684,6.8359907
58.2249715,6.8360062
58.2250109,6.8361464
58.2250325,6.8362731
58.2250426,6.8364225
58.2250366,6.8365513
58.2250374,6.8366129
58.2250381,6.8366659
58.2250714,6.8368653
58.2250715,6.8368662
58.2250873,6.8369684
58.2251189,6.8371959
58.2251505,6.837422
58.2252019,6.8376171
58.2252297,6.8377109
58.2252341,6.8377261
58.2252417,6.8378032
58.2252757,6.8381083
58.2253319,6.8385127
58.2254503,6.8392324
58.2254503,6.8392329
58.2254508,6.8392348
58.2254808,6.8394263
58.2254831,6.8394377
58.2255196,6.8396167
58.2255289,6.839662
58.2255564,6.8398506
58.2255721,6.8399575
58.2256238,6.8402667
58.225637,6.8403668
58.225682,6.8405691
58.2256979,6.8406139
58.2257206,6.8407148
58.225741,6.8410402
58.225742,6.84119
58.2257499,6.8416361
58.2257575,6.8417435
58.2257591,6.8417757
58.225759,6.8417792
58.2258083,6.8423635
58.2268342,6.8534304
58.2267119,6.8554679
58.2264847,6.8567415
58.2264804,6.8569544
58.2264012,6.8609185
58.2263943,6.8612222
58.2263867,6.8613278
58.2255181,6.8658698
58.2255107,6.8659084
58.2254636,6.865976
58.2253571,6.8666303
58.2252354,6.8668035
58.2250336,6.8676899
58.2249491,6.8678901
58.2248956,6.8681839
58.2248142,6.8681107
58.2246831,6.8689132
58.2245531,6.8695444
58.2244998,6.8697877
58.2244231,6.8701539
58.2243464,6.8702307
58.2242863,6.8704763
58.2242442,6.8707612
58.2242251,6.8709985
58.2242073,6.8711928
58.2241581,6.8715661
58.2241078,6.8718809
58.2240652,6.8720231
58.2237734,6.8726714
58.223725,6.8727336
58.2236612,6.8730481
58.2236226,6.8733072
58.2236116,6.8733277
58.2235411,6.8734616
58.2234634,6.8737825
58.22346,6.8737909
58.2234489,6.8740307
58.2234393,6.8741453
58.2233295,6.8742796
58.2233191,6.8742818
58.2232782,6.8745662
58.2231283,6.8747222
58.2230787,6.8748596
58.2228954,6.8751335
58.2228079,6.8756447
58.2227987,6.8756965
58.2229051,6.8758752
58.2228848,6.8761729
58.222681,6.8763409
58.2226572,6.8766106
58.2226762,6.8767774
58.2226724,6.8768487
58.2224944,6.8771701
58.2223671,6.877415
58.222495,6.878223
58.2222937,6.8784166
58.2222754,6.8787276
58.2224651,6.8788924
58.2225178,6.879416
58.2224524,6.8794841
58.2221357,6.8798127
58.2221252,6.8798579
58.2220619,6.8800838
58.2219359,6.880175
58.2216988,6.8798757
58.2215856,6.8796774
58.2211079,6.8797092
58.2209111,6.8798966
58.2207611,6.8798276
58.220553,6.8799587
58.2205169,6.8801575
58.2203128,6.8801627
58.2196429,6.8809721
58.2195843,6.8811007
58.2195622,6.8811912
58.2195349,6.8814762
58.2192472,6.8812929
58.2192405,6.881286
58.2185765,6.8820287
58.2183662,6.8824621
58.218001,6.8829129
58.2176687,6.8833759
58.218373,6.8857599
58.2185097,6.8860816
58.2186242,6.8865371
58.2186316,6.8867143
58.2186366,6.8868527
58.2186332,6.8868745
58.2186494,6.8874214
58.2190753,6.888685
58.2192857,6.8888047
58.2193401,6.8889226
58.2193692,6.8890457
58.2194064,6.8894526
58.21944,6.8896121
58.2197264,6.8912915
58.219697,6.8917887
58.2197935,6.892205
58.2197073,6.8923785
58.219628,6.8925441
58.2195841,6.8926925
58.2196125,6.8927836
58.2195936,6.8929109
58.2194758,6.892989
58.2194365,6.8931029
58.2196202,6.8933888
58.2196722,6.8934889
58.2197682,6.8937408
58.2197688,6.8938857
58.2198498,6.8944232
58.2198423,6.8945719
58.2198694,6.8946869
58.2198575,6.8948229
58.2198248,6.8949846
58.2198118,6.8951008
58.2198842,6.8952685
58.2197978,6.895492
58.2197754,6.8956495
58.2198081,6.8957774
58.2199433,6.8958873
58.2200309,6.8962321
58.2200839,6.8963755
58.2199839,6.8966249
58.2199614,6.8970396
58.2196053,6.8972273
58.2194881,6.8975387
58.2194148,6.8977887
58.2192979,6.897681
58.2191385,6.8980096
58.2188621,6.8987383
58.218642,6.8991979
58.2186525,6.900062
58.2183719,6.8994071
58.217795,6.8984131
58.2172908,6.8993029
58.2170906,6.9004193
58.2167213,6.900461
58.2160897,6.9014448
58.2161335,6.901835
58.216077,6.9023971
58.2160423,6.9030763
58.215982,6.9030886
58.215842,6.9031202
58.2157356,6.9034537
58.2154586,6.9038035
58.2153711,6.9041486
58.2151701,6.9042299
58.2150301,6.904397
58.2146909,6.9045997
58.2145032,6.904636
58.214225,6.9049053
58.2142812,6.9051849
58.2142564,6.9053698
58.2142676,6.9056245
58.2141342,6.9064842
58.2141121,6.9066404
58.2140477,6.9067714
58.2139327,6.9073154
58.2137691,6.9078037
58.2137207,6.9078787
58.2137578,6.9080142
58.2136424,6.9083425
58.2135402,6.9084671
58.2135016,6.9085047
58.2134929,6.908666
58.2135119,6.9087508
58.2134688,6.9089138
58.213369,6.9091177
58.2133553,6.9092564
58.2132103,6.9099801
58.2129427,6.9098364
58.2126607,6.9097158
58.212618,6.9105667
58.2125617,6.9114068
58.2118989,6.9112679
58.2112329,6.9113616
58.2106447,6.9111331
58.2105771,6.9117346
58.2105304,6.9124725
58.2101987,6.9124945
58.2101952,6.91251
58.2100543,6.9134816
58.209923,6.9143585
58.2101697,6.9146914
58.2104101,6.9150258
58.2102977,6.9157288
58.2101956,6.9163271
58.2099262,6.9167979
58.2101629,6.9188925
58.2101673,6.9190701
58.2101336,6.9190568
58.210054,6.918929
58.2098902,6.9186689
58.2097909,6.9188023
58.2097293,6.9188241
58.2097005,6.9188235
58.2096783,6.9187725
58.2096622,6.9187333
58.2096606,6.918679
58.2096672,6.9185898
58.2096885,6.9184813
58.2097012,6.9184234
58.2097037,6.9183614
58.2096474,6.9181931
58.2096393,6.9181816
58.2095685,6.9181211
58.2094174,6.9179372
58.2092784,6.9177445
58.2091181,6.9175196
58.2089622,6.9173582
58.2087994,6.9171558
58.2086431,6.9170485
58.2084839,6.9170413
58.2084246,6.9170837
58.2082594,6.9171759
58.2080949,6.9174689
58.2080488,6.9176285
58.2080322,6.9177145
58.2080271,6.9177726
58.2080246,6.9178005
58.2080136,6.917904
58.2080097,6.9179664
58.2080144,6.9180985
58.2080189,6.9182498
58.2080232,6.9184312
58.2080227,6.9186496
58.2080189,6.9188414
58.2080128,6.9190489
58.2079932,6.9193594
58.2079732,6.9196005
58.2079593,6.9197666
58.2079373,6.9199774
58.207909,6.9202232
58.2078764,6.9204467
58.207843,6.9206359
58.2077946,6.9208679
58.2077545,6.9210331
58.207701,6.9211678
58.2076513,6.9212593
58.2076236,6.9213102
58.2075807,6.921406
58.2075448,6.9214616
58.2074827,6.9215416
58.2074322,6.921577
58.2073923,6.9215867
58.2073546,6.9215922
58.2072839,6.9215879
58.2072329,6.9215564
58.2071796,6.921516
58.2071321,6.9214713
58.207063,6.9214177
58.2070017,6.9213772
58.2069451,6.9213323
58.2068806,6.9212573
58.2068206,6.9212015
58.2067789,6.921155
58.2066511,6.9209943
58.2064795,6.9207646
58.2063431,6.920596
58.2060702,6.9202492
58.2057519,6.9201375
58.2051844,6.9196053
58.2049772,6.9198523
58.2046906,6.9202921
58.2045482,6.9205128
58.2043241,6.9207873
58.2041111,6.9210142
58.2041024,6.9210177
58.2038557,6.9212837
58.2037081,6.9214421
58.2032589,6.9219453
58.2030183,6.9223008
58.2025706,6.9222008
58.2021007,6.9220882
58.2020174,6.9218803
58.2017925,6.9218474
58.2015405,6.92181
58.2015096,6.9218984
58.2013808,6.9218634
58.2012976,6.9217744
58.2010402,6.9218043
58.2006506,6.9217228
58.2004272,6.9220093
58.2003625,6.9220742
58.2002887,6.9220943
58.2002765,6.9221234
58.200217,6.9222662
58.1999774,6.9226771
58.1998783,6.922851
58.1999847,6.9233838
58.2001163,6.9240385
58.2002249,6.9245578
58.2002486,6.9246687
58.2003071,6.9248729
58.2003627,6.9251577
58.2003748,6.9252368
58.2004225,6.9253577
58.2004346,6.9254387
58.2004283,6.925504
58.2004234,6.9255843
58.2004416,6.9256965
58.2005034,6.9262388
58.2003728,6.9265674
58.2002663,6.9265238
58.1999972,6.9270019
58.2002566,6.9275252
58.2005891,6.9278822
58.2005763,6.9283206
58.2004971,6.9283424
58.2004323,6.9287559
58.1999713,6.9286883
58.1997203,6.9286363
58.1993833,6.9288135
58.199273,6.9290504
58.1991458,6.9292651
58.1989229,6.9294313
58.198807,6.9297057
58.198513,6.9300233
58.1982311,6.9304041
58.1979603,6.9306373
58.1977139,6.9308097
58.1973678,6.9311432
58.1971341,6.9311765
58.1967312,6.9313807
58.1965538,6.9315958
58.1953658,6.9324116
58.195136,6.9326663
58.1950622,6.9328212
58.1939768,6.9326769
58.1935242,6.9317145
58.1934741,6.9317292
58.1933753,6.9316179
58.1933188,6.9313427
58.1932112,6.9310733
58.1931517,6.930854
58.1930675,6.9308028
58.1929523,6.9307182
58.192886,6.9307065
58.1928895,6.9304429
58.1928253,6.9303885
58.1927484,6.9303442
58.1927043,6.9302258
58.1925909,6.9301464
58.192588,6.9300376
58.1926241,6.9297495
58.1924627,6.9297113
58.192321,6.928902
58.1922157,6.9290831
58.192063,6.9288242
58.1920394,6.9283442
58.1919994,6.9282785
58.1919846,6.9282033
58.1920422,6.9281879
58.1920014,6.9279693
58.1919928,6.9278006
58.1918851,6.9273984
58.1918646,6.9273946
58.1917082,6.9277904
58.1916465,6.9289432
58.1916213,6.9290872
58.1915335,6.9290527
58.1914492,6.9291611
58.1914035,6.9292841
58.191303,6.929275
58.1912591,6.9293911
58.1911576,6.929273
58.1908748,6.9291318
58.1904292,6.9289116
58.1901797,6.9287661
58.1897941,6.928442
58.1897393,6.928303
58.1896705,6.9279936
58.1895922,6.9280273
58.1894858,6.9282168
58.1894764,6.9284036
58.1893301,6.9286567
58.1891002,6.928544
58.1890146,6.9285895
58.1889485,6.9285402
58.1887644,6.9281582
58.1886828,6.9281308
58.1885388,6.9281902
58.1884654,6.9276239
58.1882953,6.9274259
58.1881693,6.9272068
58.1880576,6.9269935
58.1880482,6.9266292
58.187912,6.9265738
58.1877856,6.9265957
58.187618,6.9266918
58.1875641,6.9267024
58.1873243,6.9267068
58.1871559,6.9270411
58.187015,6.9267739
58.1868741,6.9266312
58.1866546,6.9262824
58.1866101,6.9262353
58.1866153,6.9261198
58.186427,6.9258366
58.1863594,6.9257379
58.1863067,6.9257024
58.1861356,6.9257681
58.1860702,6.9254995
58.1859595,6.9251399
58.1859277,6.9250508
58.1857564,6.925038
58.1855672,6.9248634
58.1855163,6.9240325
58.1854751,6.9240229
58.1854436,6.923752
58.185362,6.9233421
58.1852384,6.9233068
58.1850828,6.9226807
58.1850253,6.9226861
58.1848644,6.9224526
58.1848269,6.9223208
58.1847591,6.9218841
58.1845961,6.9217044
58.1846607,6.9223167
58.1846401,6.9245398
58.1845475,6.92483
58.1845181,6.9255992
58.1846254,6.9267084
58.184407,6.9270075
58.1841703,6.9270815
58.1840196,6.9274553
58.1837368,6.9274551
58.183561,6.9273046
58.1834508,6.9273953
58.1833546,6.927281
58.1828701,6.927495
58.182747,6.927492
58.1826595,6.9272927
58.1825842,6.9272824
58.1825166,6.9271922
58.1824354,6.9272411
58.1823034,6.9269915
58.1821873,6.9268935
58.181889,6.9266893
58.1818299,6.9266488
58.1815305,6.926444
58.1806646,6.9276737
58.1804542,6.9277263
58.1802989,6.9275745
58.1802158,6.9272666
58.1800004,6.9272478
58.179767,6.9268613
58.1797322,6.926813
58.1793171,6.9267364
58.1791813,6.9269064
58.1788863,6.9268449
58.1786221,6.926614
58.1785168,6.9265146
58.1782798,6.9265207
58.1782468,6.9266235
58.1778908,6.9266794
58.1777967,6.9265544
58.177776,6.926527
58.1775534,6.9250652
58.1774153,6.9239926
58.1771504,6.9221335
58.1766667,6.9209381
58.1764667,6.9206231
58.1763932,6.9193895
58.1762963,6.918875
58.1761239,6.9180721
58.1764746,6.9178682
58.1766406,6.9174797
58.1768398,6.9173773
58.1774236,6.9166312
58.177469,6.9165783
58.1776617,6.9162002
58.1777715,6.915985
58.1779019,6.915655
58.1780765,6.915465
58.1780674,6.9151612
58.1781452,6.9149014
58.1781088,6.9143499
58.1779313,6.9139358
58.177928,6.9137412
58.1778378,6.9134751
58.1778275,6.9128966
58.1781087,6.912266
58.1783282,6.9117509
58.1783729,6.9111462
58.1782193,6.9108012
58.178268,6.9104662
58.1783614,6.9103069
58.1784203,6.9100587
58.1783615,6.9094725
58.1782958,6.9093188
58.1783054,6.9090545
58.1781849,6.9087369
58.1782006,6.9081608
58.1778752,6.9075362
58.1780869,6.9069616
58.1782479,6.9064694
58.1784186,6.9059892
58.1784843,6.9061209
58.1786572,6.9055608
58.1785345,6.9051585
58.1786796,6.9050472
58.1784921,6.9045456
58.1784745,6.904157
58.1783479,6.9036
58.1785644,6.9034837
58.1788384,6.9033786
58.1788608,6.903372
58.178836,6.9032953
58.1786799,6.9029128
58.1786806,6.902772
58.1786461,6.9025239
58.1785859,6.9018682
58.178486,6.9014103
58.1783443,6.9011927
58.1782529,6.9008044
58.1781285,6.9003716
58.1780212,6.899961
58.1779174,6.8997033
58.1778394,6.899349
58.1777533,6.899307
58.1777862,6.8990363
58.1777701,6.898551
58.1778129,6.8982805
58.1777914,6.8980818
58.1778322,6.8977044
58.1777929,6.8973189
58.1778596,6.8968044
58.1778775,6.8964758
58.1777944,6.8962405
58.1777927,6.8959863
58.17817,6.8948971
58.1782208,6.894486
58.1782171,6.8943788
58.178204,6.8942731
58.1781739,6.8940375
58.1781265,6.8936653
58.1779641,6.8931133
58.1778398,6.8929906
58.1777262,6.8927089
58.1774902,6.8921708
58.1774036,6.8920694
58.1771943,6.8915504
58.1771992,6.8913182
58.1771121,6.8907808
58.1771221,6.8901062
58.1769822,6.8898732
58.1767741,6.8897062
58.1766447,6.8896233
58.1765544,6.8898812
58.1762273,6.8901944
58.1759406,6.8905406
58.1756119,6.8911468
58.1756085,6.8914639
58.1754285,6.8917388
58.175189,6.8917111
58.1751165,6.8911688
58.1749129,6.8906043
58.1747764,6.8904223
58.1746445,6.8903726
58.1744849,6.8898154
58.1742994,6.8898783
58.1742085,6.8895445
58.1740982,6.889517
58.1739493,6.8898028
58.173752,6.8890485
58.1736447,6.8891177
58.1734354,6.8887616
58.1731668,6.8889197
58.1728012,6.8887886
58.1725699,6.8891063
58.1725341,6.8892447
58.1725464,6.8894702
58.1724747,6.8895829
58.1725283,6.8899719
58.1725207,6.8902108
58.1724164,6.8902277
58.1723445,6.8900586
58.1722816,6.8900609
58.1722854,6.8905236
58.1722326,6.8906501
58.1721301,6.890655
58.1720564,6.890496
58.1720706,6.8903556
58.1720115,6.8901494
58.1718402,6.8902313
58.1717959,6.8901255
58.1715411,6.8905449
58.1715562,6.8912488
58.171473,6.8923325
58.1713759,6.8923611
58.1713427,6.8926641
58.171219,6.8927805
58.1712103,6.8927227
58.1711341,6.8926791
58.1708715,6.8927121
58.1707328,6.8935679
58.1704737,6.8935697
58.1703787,6.8936039
58.1703755,6.893144
58.170262,6.8931561
58.1698711,6.8929578
58.1696518,6.8933835
58.169386,6.8930856
58.1689849,6.8926647
58.1688181,6.8932317
58.1686266,6.8928812
58.1683422,6.8922907
58.1679464,6.89148
58.1677263,6.8915502
58.1673842,6.8911792
58.1671257,6.8905882
58.1670116,6.890173
58.1668898,6.8901405
58.1667831,6.889146
58.166723,6.8891247
58.1666103,6.889157
58.1664498,6.8884298
58.1663376,6.8883486
58.1662265,6.888398
58.1659654,6.8889205
58.1658016,6.8891434
58.1652391,6.8894067
58.1652532,6.8887769
58.1646372,6.8886028
58.1648605,6.8852911
58.1639235,6.8854217
58.163711,6.8866225
58.1628948,6.887272
58.162854,6.8884062
58.1623971,6.8884754
58.1620767,6.8881027
58.161796,6.8877587
58.161191,6.8871812
58.1611867,6.8864799
58.1606382,6.8860204
58.1601368,6.8855969
58.1596747,6.8851903
58.1595895,6.8851071
58.1595218,6.8851296
58.1593705,6.8851585
58.1591473,6.8849029
58.1589125,6.8846556
58.1588192,6.8845686
58.1584839,6.8843641
58.1581891,6.884158
58.1579477,6.8840729
58.1577486,6.8840289
58.1573424,6.8840382
58.1570665,6.8837619
58.1570276,6.8831432
58.1570529,6.8827767
58.157164,6.8822496
58.1573139,6.8818326
58.1573824,6.8812525
58.1574657,6.8808461
58.1575323,6.880483
58.1572286,6.8803463
58.1569812,6.8802151
58.1566536,6.8800586
58.1566433,6.8791669
58.1565485,6.878851
58.1565894,6.8785273
58.1564892,6.8784266
58.1563402,6.8784826
58.1557289,6.8780884
58.1554351,6.8767355
58.1553602,6.8760577
58.1553419,6.8753759
58.1553202,6.8749463
58.155211,6.8740809
58.1552066,6.8737165
58.1552455,6.873054
58.1552704,6.8725077
58.1552709,6.8718945
58.1552228,6.871511
58.155146,6.8711198
58.1550771,6.8710252
58.1547488,6.8709111
58.1545531,6.8706774
58.1543928,6.8704215
58.15403,6.8703328
58.1536774,6.8700024
58.1534628,6.8697152
58.1531473,6.8690123
58.15285,6.8684996
58.1527224,6.8681502
58.1525263,6.8678098
58.1523253,6.8675706
58.1519866,6.8672882
58.1518496,6.8671697
58.151549,6.8669599
58.1511314,6.8667042
58.1446451,6.8678815
58.131662,6.8867471
58.1264465,6.938599
58.1237391,6.9372743
58.1237322,6.937279
58.1237185,6.9372879
58.1235951,6.9373666
58.1235433,6.9373848
58.123085,6.9370595
58.1230163,6.9367293
58.1227586,6.9367134
58.1226986,6.9371982
58.1225012,6.9371488
58.122388,6.9372828
58.1221553,6.9372924
58.1219223,6.9377641
58.121781,6.937771
58.1217806,6.9377709
58.1217324,6.9377723
58.121656,6.9378134
58.1215672,6.9379043
58.1215094,6.9379662
58.1211911,6.9378347
58.1212533,6.9375479
58.1210313,6.9371936
58.1209192,6.9368034
58.1207124,6.9364342
58.1207281,6.9360828
58.1207195,6.935962
58.1206334,6.9354315
58.1205665,6.9348529
58.1202082,6.9349352
58.120143,6.9348465
58.1200632,6.9349762
58.1200172,6.9355478
58.1199253,6.9355982
58.1197165,6.9357831
58.1190895,6.9353147
58.1190506,6.9350104
58.118986,6.9347751
58.1187187,6.9342086
58.1186133,6.9340717
58.1182603,6.9340086
58.11806,6.9340553
58.1178621,6.934367
58.1178866,6.9347025
58.1175768,6.934908
58.1174763,6.9350081
58.1173864,6.9352135
58.1172486,6.935551
58.1170454,6.9353637
58.1168298,6.9350971
58.1166111,6.9350422
58.1164253,6.934909
58.1160814,6.9348107
58.1159832,6.9348591
58.1158572,6.9350288
58.1157515,6.934981
58.1157657,6.9352473
58.1155907,6.935617
58.1151851,6.9355387
58.1150212,6.9357061
58.1146676,6.9358033
58.1144128,6.9358734
58.1140337,6.9359969
58.1137418,6.9360784
58.1136645,6.9362705
58.113544,6.9360709
58.1134003,6.9362602
58.1132215,6.9362746
58.1132089,6.9362822
58.1128326,6.9365113
58.1126605,6.9367001
58.1124258,6.9369632
58.112252,6.9371391
58.1119719,6.9369433
58.1117938,6.937074
58.1117935,6.9370741
58.1117952,6.9370796
58.1116217,6.9372234
58.1115698,6.9372458
58.1115293,6.9372677
58.1111383,6.9374812
58.1111891,6.9380838
58.1110268,6.9381355
58.1109309,6.9379096
58.1105639,6.9377605
58.1102485,6.9378753
58.1097504,6.9382239
58.1094253,6.9382792
58.1091202,6.9385166
58.1090782,6.9385594
58.1090133,6.9385968
58.1086043,6.939021
58.1084514,6.9391839
58.1084376,6.9391987
58.1083571,6.9392846
58.1080301,6.9396214
58.1079548,6.94037
58.1080867,6.9407525
58.1079652,6.9409339
58.1079292,6.9413639
58.1079134,6.9418466
58.1079146,6.9418813
58.1079378,6.9425245
58.1079345,6.9426201
58.1079172,6.9431203
58.1079255,6.9433669
58.1079438,6.9439066
58.1079576,6.9442976
58.1079594,6.9443461
58.1079618,6.9444175
58.1079624,6.9444315
58.1079633,6.944456
58.1080016,6.9449934
58.1080025,6.9450131
58.1080039,6.9456215
58.1080586,6.9463007
58.1080862,6.9467219
58.1083204,6.9475515
58.1083225,6.9485987
58.1083651,6.9488629
58.1085296,6.948891
58.1087062,6.9487848
58.1087734,6.9489031
58.1087887,6.9492117
58.1085648,6.9499538
58.1085113,6.9506651
58.1085845,6.9508532
58.1086908,6.9517989
58.1087383,6.9521929
58.1088316,6.9525778
58.1089485,6.9525569
58.108928,6.9538891
58.1090724,6.9544176
58.1091074,6.9547893
58.1090056,6.9553121
58.1090764,6.9558334
58.1090125,6.9564772
58.1089114,6.9564344
58.1089147,6.9567136
58.1089822,6.9570626
58.1087847,6.957151
58.1088661,6.9580724
58.1082068,6.9581841
58.1076665,6.9582336
58.1075277,6.9573096
58.1070801,6.9567351
58.106798,6.9564602
58.1067114,6.9565138
58.1064158,6.956243
58.1063821,6.9562249
58.1062555,6.9561562
58.1060637,6.9560525
58.1060514,6.9560507
58.105964,6.9560371
58.1058253,6.9558574
58.1056007,6.9555613
58.105283,6.9550112
58.1038032,6.9551809
58.103641,6.9558083
58.1036382,6.9558498
58.1038446,6.9561596
58.1038741,6.9565234
58.1039425,6.9571575
58.1041662,6.9588148
58.1042207,6.9592334
58.1042264,6.9593253
58.1043149,6.9596243
58.1043943,6.9598165
58.1044357,6.9599395
58.104454,6.9601366
58.1045526,6.960652
58.1046497,6.9611509
58.104656,6.9611829
58.1046582,6.961194
58.1046614,6.9612093
58.1046802,6.9613018
58.1046953,6.9614508
58.1047235,6.9617312
58.1047272,6.9621547
58.1047225,6.962515
58.1045863,6.9640604
58.1045753,6.9653092
58.1046098,6.9655947
58.1047333,6.965652
58.1043971,6.9668351
58.1039482,6.9676738
58.1037313,6.9681721
58.1037968,6.9686068
58.1036121,6.9688139
58.1036646,6.9696297
58.1036105,6.9700056
58.1033275,6.9699443
58.1032917,6.9710629
58.1030345,6.9711131
58.1031091,6.9713652
58.1029171,6.9713082
58.1027861,6.9719854
58.102631,6.9718407
58.1027057,6.9711474
58.1026759,6.971083
58.1024695,6.9712915
58.1022877,6.9710269
58.1022016,6.9709074
58.1019385,6.9719263
58.1018904,6.9722737
58.1020387,6.9736333
58.1022983,6.9745866
58.1023186,6.9746579
58.1028342,6.9752832
58.1035489,6.9767268
58.104127,6.9776162
58.1040777,6.9781014
58.1037076,6.9779235
58.1036608,6.9784336
58.1041801,6.9794196
58.1041065,6.9795298
58.1036731,6.9789096
58.1034532,6.9790222
58.1031816,6.9791003
58.1030661,6.9797992
58.1034424,6.9807377
58.1030851,6.9808049
58.1028805,6.9812601
58.1032186,6.9820566
58.103232,6.9824535
58.1032492,6.9829862
58.1034531,6.9844143
58.1033818,6.9847594
58.1032585,6.9853566
58.1030394,6.98541
58.1028992,6.9856484
58.1028227,6.9858463
58.1027929,6.9861565
58.1026702,6.986501
58.1027521,6.9868557
58.1028944,6.9872559
58.1031185,6.9876058
58.1031837,6.9877432
58.1032001,6.9879219
58.1031874,6.9882245
58.1031552,6.9887997
58.1031158,6.9895049
58.103289,6.9900505
58.1034803,6.9904591
58.1036249,6.9908523
58.1034105,6.9912921
58.1030576,6.9913639
58.1028974,6.9910369
58.1025021,6.9908291
58.1021778,6.9910057
58.1019979,6.9910729
58.1018746,6.991069
58.1018391,6.9910308
58.1018161,6.9909556
58.1018044,6.9907078
58.1017549,6.990555
58.1016425,6.9903817
58.1014364,6.9906911
58.1012201,6.9909551
58.10092,6.9909324
58.1007936,6.9910328
58.100577,6.9912166
58.1004374,6.9912348
58.1001686,6.9912757
58.1000608,6.9913666
58.0997909,6.9913311
58.0996098,6.9914897
58.0995068,6.9914623
58.0993546,6.9914885
58.0992825,6.991616
58.0992532,6.9917932
58.0991726,6.9918329
58.0990888,6.9916565
58.0989993,6.9916654
58.0989477,6.9916127
58.0985209,6.991721
58.098449,6.9916565
58.0983118,6.9915854
58.0978046,6.9916071
58.0976842,6.9916738
58.0976066,6.9917445
58.097528,6.9917285
58.0975216,6.9918461
58.0973211,6.9918639
58.0972649,6.9916214
58.0972524,6.9913998
58.09709,6.9914473
58.0969023,6.9915007
58.0966458,6.991349
58.0965241,6.9914072
58.0962728,6.9915385
58.0959807,6.9917846
58.0957093,6.9916066
58.0955509,6.9914395
58.0954946,6.9910519
58.0954562,6.9909231
58.0953059,6.9909376
58.0952107,6.9908702
58.0950343,6.99089
58.0947023,6.9907414
58.0946058,6.9907086
58.0945394,6.9907025
58.0941329,6.990723
58.0939764,6.9907267
58.0939404,6.990493
58.0938718,6.990149
58.0937751,6.9898241
58.0936454,6.9896585
58.0936763,6.9893958
58.0936501,6.988734
58.0931381,6.9890908
58.093052,6.9892611
58.0927155,6.9894812
58.0926487,6.9897421
58.092743,6.9902312
58.0926514,6.991075
58.0926647,6.9910926
58.093164,6.9920119
58.0926078,6.9927407
58.0923387,6.9928323
58.0923022,6.9929354
58.0923552,6.9934207
58.0926379,6.9944106
58.0924467,6.9945888
58.092417,6.9953764
58.091753,6.9965743
58.0916584,6.9972636
58.0915676,6.9974759
58.0914165,6.9978288
58.0916857,6.9982778
58.0915361,6.9985478
58.0914538,6.9990652
58.0914195,6.9992913
58.0913172,6.9994726
58.0910521,6.9995729
58.0909988,6.9997983
58.0909332,6.9997037
58.0907918,6.9993353
58.0906144,6.9998715
58.0904038,7.0000669
58.0904476,7.0005209
58.0903333,7.0008705
58.0904314,7.0014097
58.090106,7.0012324
58.0893954,7.0004377
58.0886977,6.9996253
58.0880357,6.9988248
58.0878654,6.9982391
58.0875872,6.9978657
58.087212,6.9974067
58.0869394,6.9970709
58.0868044,6.9971596
58.0867693,6.9969837
58.0867493,6.9968838
58.0867474,6.996874
58.0866944,6.9965603
58.0866857,6.9965028
58.0866823,6.9964791
58.0866297,6.9962315
58.0851109,6.9890963
58.0850713,6.988911
58.0850448,6.9888777
58.0846485,6.9883796
58.0846443,6.9883802
58.0846377,6.988381
58.0846168,6.9883837
58.084587,6.9883877
58.0845822,6.9883885
58.0845779,6.9883891
58.0844387,6.9884081
58.0841798,6.9882292
58.0840783,6.9881315
58.0839425,6.9879973
58.0838568,6.988081
58.0837138,6.987659
58.0836253,6.9876459
58.0834855,6.9875913
58.0834909,6.9872522
58.0833879,6.9870727
58.083303,6.9873996
58.0830582,6.9875877
58.0829475,6.9876329
58.0828106,6.9874674
58.0826554,6.9875634
58.0824916,6.9868706
58.0827943,6.9867514
58.0828518,6.9863334
58.0828528,6.9858922
58.0829444,6.9855296
58.0831265,6.9851591
58.0830152,6.9846185
58.0831316,6.9838983
58.0830561,6.9833928
58.0826795,6.9835901
58.0823366,6.983483
58.0823126,6.9827782
58.0822319,6.9821678
58.0821137,6.9820055
58.0819544,6.9820697
58.0818617,6.9816299
58.0819097,6.9800763
58.0817264,6.9791711
58.0814978,6.9788092
58.081027,6.9789022
58.0806252,6.9771503
58.0803735,6.9776051
58.0802845,6.9778662
58.0803204,6.9787433
58.0801278,6.9790858
58.0800232,6.9785894
58.0798174,6.9780255
58.0791321,6.978128
58.0789018,6.9781582
58.07867,6.9783105
58.0785994,6.9778033
58.0783791,6.9774073
58.0784504,6.9771116
58.0783777,6.9768638
58.0781772,6.9766252
58.078326,6.9758419
58.0781745,6.9756238
58.0780858,6.9756053
58.0780369,6.9752104
58.0779827,6.9752138
58.0778504,6.9747425
58.0775599,6.9745539
58.0773764,6.9743973
58.0773273,6.9741512
58.0771754,6.9742177
58.0771376,6.9741113
58.0771224,6.9738483
58.0767534,6.9732052
58.0763457,6.9739307
58.0761867,6.9741993
58.0760659,6.974099
58.0760204,6.9741601
58.075908,6.9741192
58.0758455,6.974065
58.0757924,6.9741126
58.0758022,6.9742359
58.0758563,6.9747367
58.0759588,6.9756757
58.0760642,6.9766148
58.0761515,6.9772669
58.0761762,6.9774518
58.0760881,6.977861
58.0760621,6.977898
58.0760582,6.9778969
58.075982,6.9778751
58.0758474,6.9783456
58.0757375,6.9786483
58.0757052,6.9787529
58.0757019,6.9787638
58.0756929,6.9787893
58.0756398,6.9789423
58.0755727,6.9791848
58.0753122,6.9804241
58.0745853,6.9816512
58.0742489,6.9824489
58.074008,6.9828799
58.0735253,6.9830215
58.0733867,6.983071
58.0732661,6.9831476
58.0732376,6.9831836
58.073055,6.9833891
58.0728502,6.983772
58.0723953,6.9837898
58.0722259,6.9841226
58.0721376,6.9845903
58.0716899,6.9851208
58.0714766,6.9854061
58.0713383,6.9858393
58.0711492,6.986434
58.0709346,6.9870875
58.0707712,6.9875895
58.070663,6.9879646
58.070517,6.9884528
58.0695528,6.990627
58.0566194,6.9823703
58.003425,6.9151121
57.9880528,6.9031736
57.9419147,6.867404
57.8188926,6.7724677
