# GsakName=Gildeskål
#
# The source data is © Kartverket http://www.kartverket.no
# and distributed under the license CC BY 4.0
# http://creativecommons.org/licenses/by/4.0/deed.no
#
# This file was created by Peter John Acklam, pjacklam@gmail.com
#
# Area 1 of 1
#
66.7693966,14.2168032
66.7694061,14.2133038
66.7697802,14.2109745
66.7703064,14.2085491
66.7703291,14.2077077
66.769764,14.2041586
66.7693937,14.2018985
66.7695916,14.1966889
66.7704025,14.193845
66.7716713,14.192849
66.7727888,14.1920852
66.7739213,14.1890029
66.7752921,14.1851626
66.7763874,14.1818536
66.7763395,14.1812642
66.7756829,14.177468
66.7749148,14.1729711
66.7734642,14.1700656
66.7734681,14.169111
66.774669,14.168866
66.7754156,14.168953
66.7760436,14.1703143
66.7765604,14.1688766
66.7782227,14.1690641
66.7793105,14.1695047
66.7803547,14.1701742
66.780939,14.1704047
66.7815751,14.1702469
66.7824441,14.170013
66.7835219,14.1702494
66.7839205,14.1709862
66.7846539,14.1705523
66.7851441,14.1716498
66.7856126,14.1720205
66.7860198,14.1726889
66.7869685,14.1722705
66.787303,14.1727595
66.7881584,14.1699338
66.7899638,14.1635286
66.7922646,14.1558772
66.793834,14.1507515
66.7953571,14.1453767
66.7969164,14.1400908
66.7990113,14.1327152
66.7998399,14.130047
66.8010133,14.1264566
66.8025175,14.1210564
66.8034423,14.1179745
66.8042255,14.1152387
66.8049116,14.1126842
66.8057601,14.1121345
66.8064738,14.1130187
66.808059,14.1141223
66.8091129,14.1148809
66.8103484,14.1160426
66.8117661,14.1176986
66.8124834,14.1192206
66.8130353,14.1216819
66.8121703,14.1242393
66.8121875,14.1257181
66.8123825,14.1269175
66.8127482,14.1281564
66.8131359,14.1285296
66.8136857,14.1289881
66.8141617,14.129085
66.8149776,14.1289878
66.8155397,14.1300605
66.8156331,14.1323566
66.816016,14.1334811
66.8165272,14.1334403
66.8174502,14.1332483
66.8182723,14.1326504
66.8190493,14.1320085
66.8206982,14.1300602
66.8219475,14.1288546
66.8230303,14.1283608
66.8243024,14.1280196
66.8247972,14.1282753
66.825337,14.1301691
66.8257628,14.132568
66.8262868,14.1348952
66.8266682,14.1357244
66.8272534,14.1361139
66.8278079,14.1357983
66.8283766,14.134799
66.8294703,14.1330066
66.8306341,14.1309155
66.8316664,14.1293983
66.8321372,14.1269214
66.8325308,14.125085
66.8330455,14.122447
66.8336761,14.1196909
66.8343844,14.1180025
66.8346367,14.1165812
66.8351779,14.1138959
66.8357811,14.1094771
66.8362547,14.1059513
66.8364983,14.1030489
66.8368446,14.0992541
66.8372531,14.0937937
66.8376045,14.0893607
66.8379119,14.0851111
66.8383778,14.0803546
66.8387594,14.0765578
66.8387582,14.0748262
66.8386063,14.0703203
66.8386482,14.0682908
66.8391381,14.0646492
66.8394539,14.0619256
66.8399387,14.0604715
66.8400947,14.0580273
66.838704,14.0550046
66.837631,14.0525852
66.8370757,14.0512396
66.8369364,14.0504475
66.8362566,14.0478081
66.8356864,14.0454836
66.835205,14.043019
66.8347975,14.0409162
66.8346745,14.0383694
66.8345426,14.0358685
66.8340007,14.0323359
66.8333766,14.0300369
66.8324404,14.0280692
66.8325772,14.0269703
66.8338898,14.0259615
66.8341505,14.0260423
66.835337,14.0264053
66.8363696,14.0265466
66.8376736,14.0270644
66.8386527,14.0272535
66.8396919,14.0270072
66.8407383,14.0264874
66.841628,14.0252898
66.8423492,14.0229367
66.8426893,14.0228092
66.8437708,14.0236093
66.8451584,14.0245797
66.8465373,14.0255962
66.8479702,14.0266334
66.8487924,14.0217456
66.8485575,14.0185864
66.8480481,14.0160082
66.8471839,14.0126466
66.8475857,14.0109209
66.8475276,14.0088034
66.8470408,14.0069767
66.8468199,14.0046607
66.8469105,14.0033806
66.8467441,14.0011764
66.8460794,13.9996308
66.8458486,13.9971786
66.8464931,13.9955339
66.8475255,13.9928247
66.8485588,13.990252
66.8495213,13.9878187
66.8506407,13.9847177
66.8520547,13.9813764
66.8529712,13.9788076
66.8541726,13.9759075
66.8555676,13.9724289
66.857137,13.9681901
66.8583721,13.9649913
66.8596588,13.9614477
66.8609321,13.9586113
66.8620164,13.9556915
66.8642155,13.9558489
66.8649424,13.9560264
66.8653112,13.9560303
66.8664231,13.9559373
66.8670955,13.9572318
66.86801,13.9571472
66.8691117,13.9568722
66.8704117,13.9567484
66.8714831,13.9573188
66.8721795,13.95681
66.872726,13.9553266
66.8729988,13.955255
66.8734514,13.9551359
66.8740816,13.954105
66.8746226,13.9531463
66.8756817,13.9518687
66.875402,13.948914
66.8758354,13.9479826
66.8763731,13.9465446
66.8769792,13.9446014
66.878186,13.9439332
66.8784438,13.9435797
66.8790892,13.9421599
66.8797771,13.9403727
66.8800498,13.939562
66.880519,13.937282
66.8809388,13.935666
66.8816692,13.9335342
66.8822269,13.932437
66.8828829,13.931267
66.8836656,13.9302513
66.8843698,13.9295813
66.8851696,13.9284507
66.8857163,13.9270341
66.8866318,13.9244369
66.8869959,13.9238958
66.8875033,13.9233027
66.8882961,13.923793
66.8890716,13.9243754
66.8898127,13.9251648
66.8901736,13.926793
66.8903268,13.9295493
66.8905634,13.932713
66.890947,13.9363955
66.891226,13.9393141
66.8913425,13.9405343
66.8921079,13.9409579
66.8926539,13.942099
66.8929421,13.9436166
66.8929534,13.9453288
66.8930136,13.9476328
66.8933823,13.9491242
66.8936,13.9494802
66.8938654,13.9529858
66.8940915,13.9546205
66.8943447,13.9562768
66.8946773,13.9577471
66.8952465,13.9597329
66.8956941,13.960947
66.8963297,13.9621077
66.8970622,13.9629902
66.8977556,13.9633948
66.898427,13.963161
66.8990155,13.9626107
66.9001291,13.9614213
66.9010268,13.9601268
66.9017714,13.9587472
66.9026484,13.9569912
66.9037605,13.9575883
66.9045672,13.9582627
66.9054726,13.9581555
66.906503,13.9579519
66.9072902,13.9575985
66.9076664,13.9561429
66.9076288,13.9545221
66.9075056,13.9535219
66.9072055,13.9515468
66.9064398,13.9483579
66.9062852,13.9466965
66.9063578,13.9454595
66.9065568,13.9443542
66.9073969,13.9425356
66.9078227,13.9418088
66.9088666,13.940941
66.9092868,13.9407171
66.9096457,13.9406044
66.911787,13.940289
66.9131545,13.9408697
66.9138609,13.9405191
66.9171042,13.9412015
66.9173864,13.9418064
66.9180809,13.9423707
66.9184502,13.9425834
66.9192118,13.9424361
66.9197733,13.9418862
66.9205909,13.9407077
66.9214353,13.9395279
66.9223049,13.9380954
66.9231795,13.9360682
66.923964,13.9339761
66.9252972,13.9307851
66.9257557,13.9295988
66.9254817,13.9288791
66.9251006,13.9282326
66.9238318,13.9250185
66.9232636,13.92326
66.9227706,13.9206751
66.9223527,13.9172639
66.9218925,13.9155695
66.9214341,13.9141266
66.9207361,13.913083
66.9201461,13.9120805
66.9192883,13.9099697
66.9189832,13.9086573
66.9188409,13.9075206
66.9187708,13.9064721
66.9187447,13.9052845
66.9188959,13.9024887
66.9187145,13.8996163
66.9187326,13.8970551
66.9188019,13.8941257
66.9188582,13.8935445
66.9190781,13.8912784
66.9190297,13.8894745
66.9189661,13.8842424
66.9188753,13.8815489
66.9190212,13.8806049
66.9193249,13.8778704
66.9195758,13.8752983
66.9197812,13.8726369
66.9203975,13.8697277
66.9207892,13.869298
66.921306,13.8688228
66.9233303,13.8670768
66.9242944,13.8663921
66.9245338,13.8659922
66.9247709,13.8652724
66.9256139,13.8627177
66.9260892,13.8614379
66.9268141,13.8599405
66.9274274,13.8591343
66.9281305,13.8583467
66.9289158,13.8577611
66.9294703,13.8575293
66.9297592,13.8571291
66.9299145,13.8569139
66.9305784,13.8556708
66.9307959,13.8549928
66.9308241,13.8549045
66.930594,13.8540919
66.9302395,13.8534681
66.9296242,13.8527422
66.9290203,13.8523587
66.9283461,13.8521616
66.9275017,13.8520184
66.9270739,13.8511694
66.9259024,13.8479773
66.9253447,13.84654
66.9248673,13.8450533
66.9241476,13.8423205
66.9235399,13.840177
66.9219452,13.8355884
66.9217784,13.8348647
66.9212315,13.8324672
66.9209057,13.8308594
66.9206227,13.8289753
66.9202959,13.8260417
66.9204804,13.8242952
66.9205335,13.8229894
66.9206269,13.8210644
66.9204825,13.8185336
66.9202065,13.8152089
66.9203443,13.8144477
66.9205979,13.8123549
66.9207945,13.8098532
66.9209973,13.8069853
66.9210403,13.8043541
66.9209224,13.8017454
66.9205975,13.7897729
66.9234308,13.777993
66.9224616,13.7671043
66.9238978,13.7580059
66.9243946,13.7547943
66.9246276,13.747125
66.9246634,13.7459436
66.92575,13.7397362
66.9261136,13.735459
66.9266845,13.7287388
66.9266965,13.7282293
66.9268438,13.7267305
66.9262104,13.7227152
66.9258866,13.7206648
66.9255101,13.718292
66.9255438,13.7157921
66.9256079,13.7124931
66.9256615,13.7090726
66.9265749,13.705646
66.9266958,13.7029629
66.9267585,13.7015703
66.9275296,13.6844207
66.9275605,13.6842727
66.9335075,13.6605798
66.9345595,13.6557519
66.9371222,13.644359
66.9384823,13.6383156
66.943222,13.6297917
66.9443259,13.6209605
66.9455358,13.6219019
66.9472406,13.6232314
66.9508972,13.6242705
66.9510555,13.6243021
66.9510919,13.6243106
66.9512192,13.624354
66.9639441,13.6288509
66.96462,13.6230189
66.9706141,13.5711967
67.0046562,13.5652978
67.021819,13.4897437
67.0417689,13.4015853
67.0449136,13.387656
67.0470936,13.3779946
67.1666597,13.2962774
67.2362429,13.597135
67.242473,13.7311568
67.2089212,13.8629523
67.1864041,13.9016907
67.1981198,14.0503158
67.2271696,14.1772042
67.2258534,14.2964762
67.1910918,14.3277738
67.1713528,14.3059181
67.1552992,14.306841
67.1572855,14.3221747
67.1582179,14.3305656
67.1577692,14.3376214
67.1571898,14.3471931
67.1557795,14.3704544
67.1487224,14.3797826
67.1477237,14.3801218
67.1470099,14.3822614
67.1474162,14.3876776
67.1458185,14.3908173
67.1452867,14.3914904
67.1451211,14.3917188
67.1449494,14.3919428
67.1425903,14.3950663
67.1417249,14.3933405
67.141243,14.3904795
67.1404648,14.388177
67.1387666,14.3844691
67.1386656,14.3842122
67.1380199,14.3825452
67.137429,14.3810366
67.1372484,14.3807061
67.1365878,14.379498
67.1351178,14.3767427
67.1341898,14.3779364
67.1340514,14.3781143
67.1321634,14.3764128
67.1317867,14.3760798
67.1315587,14.3758781
67.1302973,14.3747271
67.1302356,14.3746157
67.1296734,14.373603
67.1289617,14.3722195
67.127952,14.3703375
67.1274589,14.369423
67.1272511,14.3690077
67.1257538,14.3688037
67.1247407,14.3685994
67.1242185,14.3680309
67.1241778,14.3679866
67.1236337,14.3672576
67.123537,14.3671282
67.1229352,14.3656956
67.1224078,14.3647127
67.122014,14.3630682
67.1219048,14.3625026
67.1215904,14.3608755
67.1205264,14.3578649
67.1189516,14.3546025
67.1182657,14.352942
67.1179398,14.3521533
67.1173055,14.3505563
67.1170692,14.350193
67.1165524,14.3493982
67.1153254,14.347512
67.1147842,14.3466797
67.1144485,14.3461638
67.1140356,14.3458756
67.1124633,14.3443706
67.1123351,14.3442946
67.1088739,14.3421186
67.1081875,14.3415493
67.106674,14.3403361
67.1059355,14.3397342
67.1057641,14.3395919
67.1056172,14.3394294
67.1043527,14.3379293
67.1026693,14.3372788
67.1022449,14.3372451
67.0991473,14.3372476
67.0970997,14.3373022
67.0969661,14.3373056
67.0966999,14.3378402
67.0958966,14.3394535
67.0954306,14.3404216
67.0942688,14.3428351
67.0940961,14.3483765
67.0938937,14.3511322
67.0931278,14.3520311
67.0927931,14.3524238
67.0923409,14.3529544
67.0912978,14.3541983
67.0904473,14.354499
67.0897112,14.3535798
67.0887705,14.3516308
67.0872792,14.3487715
67.0861288,14.3464729
67.0851855,14.3448642
67.0846293,14.3447703
67.0839368,14.3452146
67.0831599,14.346335
67.0814625,14.3501334
67.081363,14.3503471
67.0804069,14.355282
67.0808935,14.3630492
67.0779101,14.3670483
67.0777126,14.3670771
67.0776487,14.3670864
67.0732854,14.3677208
67.068114,14.3711673
67.0669361,14.3744634
67.0643692,14.3816446
67.0635253,14.384005
67.060418,14.3924883
67.0600542,14.3934583
67.0594306,14.396821
67.0585535,14.3997396
67.0576683,14.4029111
67.0568832,14.4064707
67.0561822,14.4093885
67.05615,14.4095231
67.0559101,14.4101496
67.054847,14.4113478
67.0535417,14.4101379
67.0526547,14.4080221
67.0514407,14.4047875
67.0511713,14.404052
67.0496247,14.401362
67.0487395,14.3997289
67.0485037,14.3990685
67.0473784,14.3956034
67.0464605,14.392501
67.0462215,14.3909904
67.0459651,14.3896181
67.045132,14.3852502
67.0426181,14.37548
67.0413666,14.3719973
67.0411306,14.3713142
67.0398877,14.3655571
67.0390982,14.3632575
67.0375238,14.3621502
67.036565,14.3612582
67.035867,14.3606088
67.0354721,14.3605503
67.0340974,14.3577844
67.0326146,14.3549071
67.0314379,14.3522744
67.0301101,14.3500823
67.029129,14.3484676
67.0280871,14.3467609
67.0275177,14.34572
67.0254718,14.3433873
67.0241751,14.3422055
67.0225174,14.3405056
67.0197913,14.3385827
67.0175856,14.3388493
67.0164558,14.3389718
67.015806,14.3380485
67.0146674,14.3360597
67.0143238,14.3354267
67.0133366,14.3342668
67.0132781,14.3341929
67.0121653,14.3319518
67.0117815,14.3302873
67.0111054,14.3295028
67.0105509,14.3298852
67.0091672,14.3293726
67.0073802,14.3289632
67.0065537,14.3286648
67.0055184,14.3278217
67.0051601,14.3279463
67.0040695,14.3288481
67.0033424,14.3287303
67.002291,14.3283005
67.0015805,14.3278616
67.0006528,14.3269927
66.9999139,14.3262333
66.99915,14.3259104
66.9983783,14.3258401
66.9970412,14.3257622
66.9952644,14.3256279
66.994398,14.325657
66.9940087,14.3256625
66.9927525,14.3255828
66.9917296,14.3255422
66.9904981,14.3251718
66.9900165,14.3256125
66.9884924,14.3258379
66.9870401,14.3260615
66.9855069,14.3262414
66.9842428,14.3264368
66.983104,14.3265598
66.982458,14.3265318
66.9820173,14.3262689
66.9815025,14.3254581
66.9807782,14.3238971
66.9799917,14.3224747
66.979456,14.3209542
66.9785103,14.3179786
66.9778203,14.3160502
66.9773308,14.3148724
66.9767688,14.3135365
66.9765605,14.3130839
66.9756306,14.3116895
66.9750814,14.3112467
66.9742016,14.3110883
66.9732546,14.3099237
66.972705,14.3093894
66.9721381,14.3089702
66.9710427,14.3087722
66.9703242,14.3085635
66.9692645,14.3083187
66.9686102,14.3084286
66.9679481,14.3088368
66.9672355,14.3100022
66.9664029,14.3124538
66.9658558,14.3145535
66.9655216,14.316143
66.9644754,14.3190122
66.963261,14.3224357
66.9626047,14.3242173
66.9622548,14.3263109
66.9621496,14.329016
66.9621002,14.3300936
66.9614894,14.3298812
66.9595945,14.3294295
66.9573494,14.3288272
66.9552738,14.3280602
66.9531275,14.327501
66.9522113,14.3272286
66.9512527,14.325401
66.9498411,14.3225334
66.9488352,14.3201581
66.9480731,14.3181656
66.9474144,14.3172914
66.9472332,14.3168616
66.9457862,14.3162616
66.9444105,14.315499
66.943287,14.3150271
66.9420842,14.3148549
66.9405617,14.3154467
66.9388429,14.3162728
66.9379491,14.3170528
66.9365048,14.3191289
66.9352763,14.3213591
66.9336105,14.3241047
66.9316757,14.3269257
66.9298932,14.3296732
66.928521,14.3318833
66.9271028,14.333843
66.9256058,14.3362849
66.9241983,14.338632
66.9222098,14.3415208
66.9215487,14.3421561
66.919704,14.3408112
66.9179583,14.3395325
66.9162489,14.3383444
66.9149531,14.3373739
66.9135488,14.3362237
66.9121447,14.335119
66.9109027,14.3341703
66.9095437,14.3330877
66.9084099,14.3322731
66.908023,14.3320324
66.9070801,14.3318066
66.9055822,14.3318475
66.9038514,14.3319864
66.9019948,14.3320828
66.9003621,14.3320814
66.8983708,14.3321358
66.8969628,14.3322427
66.8960294,14.3321538
66.8947288,14.3321893
66.8943347,14.3323371
66.8932596,14.332663
66.892794,14.3328815
66.8916032,14.3334391
66.8901257,14.3340956
66.8885951,14.3348907
66.8870822,14.3356393
66.8858741,14.3363798
66.8843612,14.3371512
66.8830631,14.3377799
66.8821589,14.3382382
66.8812727,14.3386728
66.8794551,14.3395207
66.8776566,14.3406418
66.8764832,14.3411069
66.8758825,14.3411685
66.874624,14.3405408
66.873563,14.3399305
66.8725827,14.3393635
66.872146,14.3400597
66.871493,14.3426783
66.8707527,14.3458919
66.8700386,14.3489455
66.8692681,14.3469812
66.8682796,14.344407
66.8672914,14.3419014
66.8668025,14.3408196
66.8661183,14.3402447
66.8654272,14.340172
66.864738,14.340533
66.8642182,14.3406608
66.8631185,14.3394134
66.8624774,14.3384269
66.8620099,14.3381661
66.8606785,14.3372896
66.8591237,14.3366019
66.8581438,14.3361266
66.8574336,14.3357582
66.8566134,14.3348458
66.8555587,14.3336204
66.8544284,14.3315305
66.8535777,14.3297756
66.8530301,14.3296766
66.852658,14.3307811
66.8524758,14.3322223
66.8520846,14.3330992
66.8518066,14.3331068
66.8513815,14.3322977
66.8509261,14.3306688
66.8504633,14.3272851
66.8501987,14.3262435
66.849686,14.3259383
66.8486055,14.3271304
66.8475258,14.3284593
66.846364,14.3295169
66.8455496,14.3299722
66.8447343,14.3302452
66.8439001,14.330268
66.842724,14.3300264
66.8415804,14.3290094
66.8408877,14.3285498
66.8396705,14.3292439
66.8383034,14.3305344
66.8371721,14.3324338
66.8363535,14.334028
66.8354335,14.3371055
66.8343866,14.33989
66.8333141,14.3430171
66.8327033,14.3450153
66.8314166,14.3484207
66.8302016,14.3518465
66.8286046,14.3561704
66.8284984,14.3565602
66.82763,14.3592022
66.8267346,14.3618217
66.8254032,14.3653861
66.8239402,14.3697046
66.8233621,14.3709715
66.8220686,14.3750804
66.8206574,14.3789185
66.8195303,14.3820435
66.8186262,14.3848433
66.8180846,14.3863138
66.8173085,14.3874714
66.8160991,14.3855214
66.8145653,14.3832835
66.8133293,14.3814937
66.8119483,14.3793435
66.811416,14.3785832
66.8106215,14.377306
66.809106,14.3751823
66.8077343,14.3731464
66.8065878,14.3713327
66.80528,14.3695229
66.8031408,14.366256
66.8016249,14.3640656
66.8000095,14.361673
66.7986199,14.3596848
66.7973471,14.3577616
66.7961828,14.3559951
66.7954147,14.3546735
66.7947881,14.3545749
66.7947075,14.3458888
66.7945458,14.3393657
66.7943946,14.3332517
66.7942324,14.3267289
66.7941101,14.319136
66.7939454,14.3121356
66.7937975,14.3049984
66.7936487,14.2977248
66.793533,14.2918832
66.7934223,14.2852227
66.7933158,14.2795401
66.7932067,14.2752904
66.7931801,14.2734035
66.7928137,14.2717542
66.7919609,14.2697099
66.7912709,14.2679339
66.7898,14.2641347
66.7882839,14.2602918
66.7868123,14.2564026
66.785143,14.2524516
66.7840342,14.2494162
66.7825827,14.2460503
66.7811643,14.2420702
66.7796748,14.2382974
66.7781487,14.2343671
66.7768785,14.2314293
66.7756772,14.2279214
66.7743237,14.2244869
66.7731697,14.2215009
66.7723701,14.2194583
66.7719425,14.2182448
66.7694473,14.2180058
66.7693966,14.2168032
