# GsakName=Gjerdrum
#
# The source data is © Kartverket http://www.kartverket.no
# and distributed under the license CC BY 4.0
# http://creativecommons.org/licenses/by/4.0/deed.no
#
# This file was created by Peter John Acklam, pjacklam@gmail.com
#
# Area 1 of 1
#
60.0285337,11.0319715
60.0285338,11.0319355
60.0285401,11.0318978
60.0285483,11.0318423
60.0285529,11.0317958
60.0285548,11.0317472
60.0285692,11.0317134
60.0285757,11.0316704
60.0285785,11.0316273
60.0285786,11.0315592
60.0285805,11.031527
60.0285815,11.0314911
60.0285816,11.0314695
60.0285799,11.0313996
60.0285773,11.0313223
60.0285757,11.0312595
60.0285713,11.0312093
60.0285643,11.031152
60.0285573,11.0310891
60.028553,11.0310407
60.0285549,11.0309652
60.0285587,11.0308954
60.0285642,11.030811
60.0285689,11.0307375
60.0285716,11.0307198
60.0285807,11.0306658
60.0285907,11.0306176
60.0285989,11.0305799
60.0286097,11.0305477
60.0286196,11.0305282
60.0286286,11.030514
60.0286619,11.0304782
60.0286943,11.0304625
60.0287249,11.030443
60.028759,11.0304272
60.0287842,11.0304077
60.028804,11.0303738
60.0288176,11.0303311
60.0288329,11.0302753
60.0288521,11.0301949
60.0288655,11.0301396
60.028881,11.0300876
60.028891,11.0300447
60.0289063,11.0300053
60.0289189,11.0299607
60.0289655,11.0298194
60.0292442,11.0295445
60.0294017,11.0289914
60.0295479,11.0285894
60.0296867,11.0276293
60.029733,11.0270039
60.0297506,11.0264136
60.0297806,11.0258543
60.0299491,11.0255832
60.0301924,11.0244248
60.030252,11.0238407
60.0303025,11.0232836
60.0304057,11.0225509
60.0308344,11.0211074
60.0314883,11.0184538
60.0315804,11.0184779
60.0316091,11.018498
60.0316369,11.0185142
60.0316602,11.0185378
60.0316853,11.0185666
60.0317068,11.0185956
60.0317407,11.01863
60.0317747,11.0186608
60.0318052,11.0186934
60.0318258,11.0187116
60.0318473,11.018726
60.0318841,11.0187371
60.0319244,11.0187572
60.0319622,11.0187682
60.0319953,11.0187829
60.032024,11.0187957
60.0320527,11.0188103
60.0320877,11.0188178
60.0321263,11.018829
60.0321657,11.0188328
60.0322008,11.0188333
60.0322312,11.01883
60.0322654,11.0188338
60.0322967,11.0188377
60.0322985,11.0188377
60.0323021,11.0188376
60.0323515,11.0188417
60.0324009,11.0188422
60.0324593,11.0188374
60.0325148,11.0188377
60.0325786,11.0188348
60.0326405,11.0188353
60.0326907,11.0188339
60.0327446,11.0188328
60.0327931,11.0188314
60.0328407,11.0188264
60.0328955,11.0188143
60.0329459,11.0188005
60.0329951,11.0187882
60.0330428,11.0187888
60.033094,11.0187821
60.0331478,11.0187716
60.0331954,11.0187576
60.0332502,11.0187386
60.0333086,11.018732
60.0333606,11.0187235
60.0334136,11.0187076
60.0334496,11.0186992
60.0334818,11.0186814
60.0334945,11.0186725
60.0334954,11.0186726
60.0335116,11.0186656
60.0335591,11.0186534
60.0336176,11.0186431
60.0336687,11.0186311
60.0337199,11.0186297
60.0337693,11.0186283
60.0338258,11.0186342
60.0338913,11.0186294
60.0339586,11.0186247
60.0340053,11.0186198
60.0340699,11.0186257
60.0341076,11.0186278
60.0341471,11.0186282
60.0342037,11.0186304
60.0342584,11.0186326
60.0343078,11.0186259
60.0343499,11.0186192
60.0343833,11.0186177
60.0344146,11.0186161
60.0344461,11.0186164
60.0344801,11.0186168
60.0345133,11.0186082
60.0345457,11.018594
60.0345727,11.0185852
60.0346378,11.0185752
60.0346814,11.0174927
60.0347249,11.0172725
60.0348941,11.0154655
60.0349962,11.014729
60.0351634,11.0133671
60.0353419,11.0125774
60.0353592,11.0117021
60.035465,11.0109406
60.0354636,11.0107325
60.0354419,11.0095768
60.0353509,11.0085087
60.0353822,11.0081195
60.0353748,11.0069695
60.0352267,11.0053157
60.0352689,11.0051242
60.0356168,11.0037654
60.036072,11.0020217
60.0365815,11.0013282
60.0370595,11.0006683
60.0372456,11.0004923
60.0374795,11.0002737
60.0375677,11.0001489
60.0381329,10.9994017
60.0383624,10.9991561
60.0384801,10.9990405
60.0385943,10.9989659
60.0393888,10.9984469
60.0398392,10.9972521
60.0401154,10.996063
60.040491,10.99522
60.0409615,10.994473
60.0412711,10.9940107
60.0413883,10.9938197
60.0414882,10.9936805
60.0418839,10.9931596
60.0418867,10.9931471
60.0419246,10.9929767
60.0419267,10.9928746
60.041926,10.9927884
60.0419405,10.9927329
60.0419567,10.9927115
60.0419657,10.9927081
60.041971,10.9927008
60.0420214,10.9926314
60.0420385,10.9925974
60.0420665,10.9925618
60.0420908,10.9925277
60.0421313,10.9924673
60.042161,10.9924279
60.0421916,10.992385
60.0422168,10.9923441
60.0422421,10.9922993
60.0422826,10.9922316
60.0422988,10.9921831
60.0423177,10.9921368
60.0423448,10.9920812
60.0423736,10.9920241
60.0424214,10.9919312
60.042434,10.9918989
60.0424403,10.9918811
60.0424665,10.991824
60.0424945,10.9917523
60.0425224,10.9917005
60.0425431,10.991663
60.0425756,10.9916022
60.0425882,10.9915522
60.0425991,10.9915164
60.0426045,10.9914912
60.0426153,10.9914428
60.0426235,10.9914178
60.042646,10.9913552
60.0426659,10.9912872
60.0426832,10.9911832
60.0427049,10.9911061
60.042732,10.9910527
60.0427563,10.9910008
60.0427744,10.9909453
60.0427853,10.9908611
60.0427953,10.9908306
60.042807,10.9907571
60.0428054,10.9907195
60.0428134,10.9907015
60.0428261,10.9906874
60.0428243,10.9906728
60.0428261,10.9906532
60.0428299,10.9905706
60.04283,10.9905025
60.0428472,10.990431
60.042858,10.990361
60.0428851,10.9903002
60.0429023,10.9902625
60.0429221,10.9902269
60.0429463,10.9902308
60.0429714,10.9902542
60.0430073,10.9902832
60.0430341,10.9903103
60.0430699,10.9903464
60.0431076,10.9903503
60.0431392,10.990329
60.0431679,10.9902864
60.0431923,10.9902505
60.0432318,10.990208
60.0432462,10.9901739
60.0432652,10.9901365
60.0432814,10.990097
60.0432877,10.9900612
60.0432887,10.9900361
60.0433104,10.9899626
60.0433293,10.9898965
60.043342,10.9898481
60.0433646,10.9898106
60.0433925,10.9897659
60.0434221,10.9897481
60.0434526,10.9897413
60.0434823,10.9897289
60.0435011,10.9897112
60.0435534,10.9896436
60.0435902,10.9896042
60.0436082,10.989572
60.0436398,10.989531
60.0436524,10.9895187
60.0436596,10.9895025
60.0436695,10.9894776
60.0436903,10.9894256
60.0437118,10.9893809
60.0437472,10.9892663
60.0437751,10.9891876
60.0437904,10.9891393
60.0438193,10.9891037
60.0438192,10.9890965
60.0438194,10.9890122
60.0438205,10.9889601
60.0438162,10.9888704
60.0438153,10.9888184
60.0438227,10.9887251
60.0438238,10.9886442
60.0438248,10.9885438
60.0438393,10.9884899
60.0438412,10.9884685
60.043853,10.9884113
60.0438584,10.9883825
60.0438782,10.9883326
60.0438873,10.9882787
60.0439,10.9882268
60.0439073,10.9881784
60.0439119,10.9880941
60.0439129,10.9880582
60.0439355,10.9879901
60.0439544,10.9879813
60.043974,10.9879742
60.0440056,10.9879674
60.0440289,10.9879658
60.0440424,10.9879604
60.0440774,10.9879482
60.044098,10.9879394
60.0441439,10.9879308
60.0441888,10.9879259
60.0442202,10.9879134
60.0442579,10.9879013
60.044292,10.9878889
60.0443226,10.9878855
60.0443602,10.9878696
60.0443935,10.9878701
60.0444312,10.9878506
60.0444339,10.9878524
60.0444438,10.9878561
60.0444599,10.9878545
60.0444887,10.987833
60.04453,10.987783
60.0445572,10.9877206
60.044568,10.9877045
60.0445851,10.9876437
60.0446014,10.9875845
60.0446159,10.9875041
60.0446277,10.9874519
60.0446376,10.987418
60.0446485,10.9873822
60.0446566,10.9873605
60.0446648,10.9873248
60.0446827,10.9873016
60.0447016,10.9872731
60.0447134,10.9872211
60.0447225,10.9871782
60.0447343,10.9871352
60.044755,10.9870887
60.0447775,10.9870189
60.0447822,10.9869525
60.0447832,10.9868933
60.0447931,10.9868324
60.0448211,10.9867914
60.0448454,10.9867448
60.0448563,10.9866408
60.0448582,10.986614
60.0448736,10.9865298
60.0448935,10.9864849
60.0449169,10.9864474
60.0449376,10.9864206
60.0449475,10.9863761
60.0449557,10.9863223
60.0449639,10.9862952
60.0449891,10.9862632
60.0450177,10.9862599
60.0450457,10.9862763
60.0450689,10.9862747
60.0450968,10.9862354
60.0450978,10.9861977
60.0450836,10.9861167
60.0450667,10.9860341
60.0450462,10.9859498
60.0450365,10.9858922
60.0450186,10.9858435
60.0449981,10.9858003
60.0449668,10.9857427
60.0449202,10.9856849
60.0448862,10.9856324
60.0448656,10.9855984
60.0448236,10.9855406
60.044794,10.9854937
60.0447789,10.9854828
60.0447465,10.9854574
60.0447232,10.9854304
60.0446811,10.9853868
60.0446427,10.9853291
60.0446023,10.9852713
60.044571,10.9852264
60.0445228,10.9851255
60.0445129,10.9851092
60.0444969,10.9850661
60.0444827,10.9850103
60.0444711,10.9849671
60.0444397,10.9848969
60.0444336,10.9848502
60.0444327,10.9848321
60.0444238,10.9848123
60.0444203,10.984798
60.0444025,10.9847206
60.0443864,10.9846594
60.0443704,10.9846091
60.0443569,10.9845642
60.0443463,10.9845158
60.0443168,10.9844328
60.0443007,10.9843735
60.0442811,10.9843304
60.0442732,10.9843125
60.0442597,10.9842853
60.0442499,10.9842761
60.0442435,10.98426
60.0442338,10.9842114
60.0442259,10.9841613
60.0442224,10.9841055
60.0442215,10.9840428
60.0442173,10.9839529
60.0442165,10.9838741
60.0442166,10.9838346
60.0442122,10.9837681
60.0442106,10.9837159
60.0442097,10.9837053
60.044216,10.9836515
60.044218,10.9836209
60.0442216,10.983585
60.0442216,10.9835438
60.0442244,10.9835117
60.0442217,10.9834811
60.0442335,10.983447
60.0442345,10.9834075
60.0442356,10.983325
60.0442313,10.9832569
60.0442341,10.983167
60.0442163,10.9830324
60.0442112,10.9829336
60.0442176,10.9828421
60.0442151,10.9827433
60.044209,10.9826269
60.044203,10.9825155
60.0441987,10.9824094
60.0441891,10.9823036
60.0441768,10.982185
60.0441706,10.9821078
60.0441546,10.982061
60.0441467,10.9819928
60.0441531,10.9819032
60.0441416,10.9817863
60.0441401,10.9817002
60.0441392,10.9816428
60.0441385,10.9815548
60.0441252,10.9814418
60.0441263,10.9813895
60.0441068,10.9812495
60.0440916,10.9811919
60.044098,10.9811508
60.0440936,10.9810987
60.0440741,10.9810429
60.0440597,10.9810033
60.0440185,10.9809456
60.0439693,10.9809003
60.043936,10.9809198
60.0438848,10.980914
60.0438301,10.9808903
60.0438016,10.9808129
60.0437972,10.9807805
60.0437713,10.980696
60.0437535,10.9806189
60.0437366,10.9805271
60.0437179,10.9804497
60.0437261,10.9803799
60.0437353,10.9803099
60.0437345,10.9802525
60.0437202,10.9801464
60.0436998,10.9800619
60.0436974,10.9799508
60.0436858,10.979877
60.0436788,10.9797981
60.0436727,10.9797192
60.0436665,10.9796527
60.0436549,10.9796184
60.0436281,10.9795571
60.0435887,10.9794834
60.0435457,10.9794329
60.0435206,10.9794057
60.0434606,10.9793818
60.0433951,10.9793707
60.0433073,10.9792928
60.0430201,10.9784544
60.0429494,10.9779263
60.0429271,10.9773355
60.0429272,10.9768206
60.043036,10.9757916
60.0431195,10.9743636
60.0432336,10.9730171
60.0432835,10.9730233
60.0433167,10.9730327
60.043357,10.973042
60.0434037,10.973044
60.0434746,10.9730302
60.0435096,10.9730324
60.0435464,10.9730272
60.0435833,10.9730219
60.0436147,10.9730097
60.0436399,10.9730044
60.043674,10.9729958
60.0437198,10.9729888
60.0437701,10.9729839
60.0438087,10.9729555
60.04385,10.9729252
60.0438895,10.9729183
60.0439308,10.972915
60.043957,10.9728975
60.0439857,10.9728528
60.0439984,10.9728043
60.0440192,10.9727184
60.0440346,10.9726108
60.0440537,10.9725247
60.0440772,10.9724264
60.044089,10.9723367
60.0440973,10.9722507
60.0441138,10.9720265
60.0442034,10.9711819
60.044044,10.9700449
60.0439442,10.9691754
60.0439104,10.9689437
60.0439115,10.9688667
60.0439054,10.9687355
60.0439102,10.9686369
60.0439202,10.9685759
60.0439275,10.9684738
60.0439285,10.9683877
60.0439332,10.9683212
60.0439169,10.9680532
60.043897,10.9676649
60.043633,10.9665266
60.0436486,10.9663989
60.0437054,10.9657318
60.043872,10.9644679
60.0440572,10.9638396
60.0442319,10.9635356
60.0446337,10.9627438
60.045086,10.9620013
60.0451766,10.961829
60.0455689,10.9611945
60.0455339,10.9607546
60.0457583,10.9597063
60.0457621,10.9591195
60.0456129,10.9582104
60.0453898,10.9569848
60.0453782,10.9564536
60.0453588,10.9546714
60.0453453,10.9532945
60.0453574,10.9530301
60.0453885,10.9528756
60.0455193,10.952483
60.0459159,10.9519131
60.0463041,10.9514754
60.0470645,10.9511158
60.0472583,10.9510562
60.0475483,10.9509824
60.0476857,10.9509233
60.0478746,10.9509051
60.0479626,10.9508347
60.0479961,10.9501866
60.0479326,10.9492657
60.0478002,10.9487786
60.0478936,10.9483609
60.0480168,10.9478004
60.0488149,10.9438626
60.0494619,10.9407424
60.0496999,10.9406773
60.0499499,10.9403596
60.050128,10.9401794
60.0503023,10.9399902
60.0503933,10.9397629
60.050563,10.9392347
60.0506289,10.939041
60.0506622,10.9388888
60.0507782,10.9387496
60.0509127,10.9383179
60.0509822,10.9380922
60.0511262,10.9378884
60.0512234,10.9376882
60.0514279,10.9372908
60.0514918,10.9371765
60.0516753,10.9369371
60.0518172,10.9367711
60.0519019,10.9366388
60.0519791,10.9366034
60.0521914,10.9363607
60.0523569,10.9361698
60.052514,10.9360973
60.0526246,10.9359884
60.0528036,10.9357867
60.0530581,10.9355101
60.0532001,10.9353479
60.053308,10.9352641
60.0536753,10.9350797
60.0539116,10.9349467
60.0542081,10.9347529
60.0545074,10.934559
60.0546799,10.9343916
60.0548139,10.9342525
60.0549452,10.9341257
60.0551861,10.9338921
60.05533,10.9337297
60.0554728,10.9335754
60.0555349,10.9336071
60.055551,10.9336071
60.0555913,10.9336094
60.0556263,10.9336023
60.0556686,10.93359
60.0557045,10.9335778
60.0557413,10.9335582
60.0557809,10.9335405
60.0558105,10.933528
60.0558356,10.9335127
60.0558537,10.9335015
60.0558707,10.9334962
60.0559183,10.933473
60.0559471,10.9334717
60.0559686,10.9334789
60.0559982,10.9334808
60.0560224,10.9334865
60.0560484,10.9334865
60.0560942,10.9334814
60.0561328,10.9334781
60.0561866,10.9334677
60.0562244,10.9334553
60.0562676,10.933436
60.0563017,10.9334271
60.0563466,10.9334149
60.0563788,10.9334007
60.0564148,10.9333973
60.0564605,10.9333994
60.0565019,10.9333907
60.0565432,10.9333784
60.0565863,10.9333715
60.0566347,10.9333664
60.056667,10.9333684
60.0566994,10.9333723
60.0567119,10.933374
60.0567263,10.9333796
60.0567496,10.9333868
60.0567855,10.9333998
60.0568321,10.9334108
60.0568644,10.93342
60.0569003,10.9334254
60.0569381,10.933424
60.0569802,10.9334242
60.0570261,10.9334353
60.057061,10.9334518
60.0570762,10.9334572
60.0570843,10.9334572
60.0571247,10.9334665
60.0571668,10.933474
60.0572009,10.9334778
60.0572207,10.933476
60.0572602,10.9334836
60.0572987,10.9334891
60.0573688,10.9334824
60.0574056,10.933479
60.0574397,10.9334721
60.0574954,10.9334742
60.0575389,10.933471
60.0575932,10.9334551
60.0576211,10.9334409
60.0576516,10.9334285
60.0576929,10.933418
60.0577297,10.9334076
60.057762,10.9334005
60.057788,10.9334043
60.0578231,10.9334099
60.0578607,10.9334119
60.0578805,10.9334066
60.0579164,10.9334087
60.057946,10.9334108
60.0579827,10.9334235
60.0580133,10.9334273
60.0580475,10.9334292
60.0580905,10.9334386
60.0581282,10.9334406
60.0581668,10.9334445
60.0582197,10.9334482
60.0582422,10.9334449
60.0582754,10.933436
60.058305,10.9334327
60.0583293,10.9334329
60.0583517,10.9334241
60.0583732,10.9334205
60.0584092,10.933419
60.0584424,10.9334156
60.0584818,10.9334068
60.0585115,10.9333999
60.0585511,10.9333981
60.0585816,10.9333857
60.0586265,10.9333645
60.0586633,10.9333502
60.0587028,10.9333308
60.058737,10.9333095
60.0587683,10.9332972
60.0587954,10.9332937
60.0588277,10.9332886
60.0588662,10.9332799
60.0589192,10.9332854
60.0589541,10.9333
60.0589882,10.9333201
60.0590089,10.9333148
60.0590538,10.9333223
60.0590978,10.9333368
60.0591345,10.9333391
60.0591784,10.933349
60.0592098,10.9333475
60.0592484,10.9333691
60.0592932,10.9333911
60.0593318,10.933411
60.0593497,10.9334075
60.0593641,10.9334076
60.0593803,10.9334221
60.0593721,10.9334256
60.0593837,10.9334382
60.0593901,10.9334456
60.0594108,10.9334511
60.0594188,10.9334528
60.0594278,10.9334583
60.0594394,10.9334584
60.0594816,10.9334623
60.0595148,10.9334642
60.0595399,10.9334609
60.0595633,10.9334591
60.0595892,10.9334577
60.0596144,10.9334558
60.0596423,10.933456
60.0596603,10.9334489
60.0597141,10.9334312
60.0597491,10.9335178
60.0599291,10.9333984
60.0604025,10.9330949
60.0606007,10.9331498
60.0606409,10.9331089
60.0606768,10.9330982
60.0606939,10.933093
60.0607038,10.933084
60.0607119,10.9330679
60.0607289,10.933068
60.0607433,10.9330464
60.0607469,10.933007
60.0607534,10.9329623
60.0607722,10.9329839
60.0607865,10.9330325
60.0608034,10.9330577
60.0608116,10.9330418
60.0608188,10.9330184
60.0608261,10.9329843
60.0608378,10.9329573
60.060861,10.9329631
60.0609076,10.9329938
60.0609426,10.9330156
60.0609749,10.9330391
60.0610198,10.9330591
60.0610646,10.9330576
60.0611023,10.9330632
60.0611435,10.9330815
60.0611804,10.9330942
60.0612243,10.9331501
60.0612376,10.9331824
60.0612636,10.9332258
60.0613022,10.9332619
60.0613415,10.9333088
60.0613747,10.9333448
60.061407,10.9333702
60.0614518,10.9334154
60.0614823,10.9334388
60.0615325,10.9334806
60.0615827,10.9335185
60.0616257,10.9335547
60.0616544,10.9335837
60.0616822,10.9336019
60.0617181,10.933629
60.0617404,10.9336417
60.061779,10.9336669
60.0618229,10.9336941
60.0618525,10.9337124
60.0618884,10.9337376
60.0619197,10.9337595
60.061952,10.9337866
60.0619816,10.9338047
60.0619977,10.9338137
60.062004,10.9338174
60.0620256,10.9338319
60.0620687,10.9338663
60.062108,10.9338865
60.0621439,10.9339027
60.0621878,10.9339318
60.0622148,10.9339445
60.0622525,10.9339591
60.0622775,10.9339699
60.0623134,10.9339865
60.0623466,10.9340153
60.062378,10.93403
60.0624138,10.9340554
60.0624354,10.9340679
60.0624722,10.9340935
60.062542,10.9341639
60.0625972,10.9341945
60.0626535,10.9342403
60.0627191,10.9343022
60.0628963,10.9345006
60.0635004,10.9350523
60.0651718,10.9350848
60.0662928,10.9355961
60.0670746,10.9358138
60.0671807,10.9358275
60.0672358,10.9358339
60.0672659,10.9358372
60.0673628,10.9358574
60.067457,10.9358778
60.0675424,10.9358839
60.067641,10.9358719
60.0677048,10.9358399
60.0677992,10.9357922
60.0678807,10.9358015
60.0679931,10.9358079
60.0681035,10.9357815
60.0682004,10.9357607
60.068283,10.9357612
60.0684104,10.9357528
60.0684867,10.9357553
60.068599,10.9357291
60.0687265,10.9357209
60.0688512,10.9357181
60.0691151,10.935705
60.0691932,10.9356952
60.0692122,10.9356846
60.0692274,10.9356702
60.0692634,10.93564
60.0692894,10.9356222
60.06932,10.9356062
60.0693541,10.9355885
60.0693783,10.935578
60.0694026,10.9355529
60.069417,10.9355351
60.0694404,10.9354957
60.0694629,10.9354528
60.0694818,10.9354188
60.0694944,10.9353919
60.0695097,10.9353722
60.069525,10.9353633
60.0695537,10.9353618
60.0695788,10.9353637
60.069612,10.9353747
60.0696488,10.9353839
60.0696829,10.9353913
60.0697224,10.9353987
60.0697502,10.9354043
60.0697888,10.9354046
60.0698211,10.9354029
60.069849,10.9354013
60.0698831,10.935398
60.0699064,10.9353964
60.0699486,10.9353858
60.0699899,10.9353771
60.0700249,10.9353665
60.0700582,10.9353417
60.070096,10.9353239
60.0701318,10.9353098
60.0701821,10.9352958
60.0702207,10.9352907
60.0702503,10.9352801
60.0702539,10.9352746
60.0702792,10.9352587
60.0703222,10.9352284
60.0703645,10.935209
60.0704084,10.9351913
60.0704399,10.9351736
60.0704616,10.9351556
60.0705199,10.9351112
60.0705622,10.9350916
60.0705846,10.9350667
60.0706034,10.9350579
60.0706457,10.9350491
60.0706699,10.9350456
60.0706932,10.9350405
60.0707238,10.9350281
60.0707588,10.9350193
60.0707822,10.9350123
60.0708091,10.9349962
60.0708261,10.9349927
60.0708612,10.9349912
60.070889,10.9349896
60.0709177,10.9349899
60.0709339,10.9349898
60.0709599,10.9349972
60.0709859,10.9350047
60.07101,10.9350103
60.0710281,10.935014
60.0710532,10.9350212
60.0710908,10.935034
60.0711223,10.9350343
60.0711591,10.9350452
60.0711834,10.9350489
60.0711922,10.9350472
60.0712093,10.9350493
60.0712282,10.9350583
60.0712605,10.935089
60.0712802,10.9351125
60.0712945,10.9351395
60.0713088,10.9351719
60.0713186,10.9352078
60.0713257,10.9352438
60.0713257,10.9352564
60.0713345,10.9353157
60.0713487,10.9354622
60.071831,10.9358038
60.0721261,10.9359799
60.0726427,10.9362401
60.0731206,10.9364966
60.0737236,10.9366279
60.0740419,10.9367592
60.0744396,10.9367637
60.0745622,10.9369207
60.0749271,10.9372662
60.0753123,10.9376605
60.0757327,10.9380331
60.0760755,10.9383605
60.0761414,10.9384472
60.0761565,10.9384635
60.0761682,10.9384779
60.076179,10.9384922
60.0761924,10.9385031
60.0762086,10.9385247
60.0762165,10.938541
60.076229,10.9385591
60.0762416,10.938577
60.0762595,10.9386167
60.0762721,10.9386365
60.0762855,10.9386527
60.0762891,10.9386582
60.0763034,10.9386762
60.0763142,10.9386889
60.076325,10.9387106
60.0763374,10.9387267
60.0763419,10.9387377
60.0763544,10.938754
60.076367,10.9387682
60.0763884,10.9388027
60.076392,10.938808
60.0763956,10.9388135
60.0763992,10.9388188
60.0764046,10.9388279
60.0764171,10.9388386
60.0764189,10.9388423
60.0764242,10.9388459
60.0764306,10.9388585
60.0764395,10.9388748
60.0764529,10.938891
60.0764646,10.9389018
60.0764762,10.9389164
60.0764897,10.9389325
60.0765058,10.9389505
60.0765148,10.9389616
60.0765318,10.9389851
60.0765416,10.9389958
60.0765542,10.939012
60.0765685,10.9390283
60.07659,10.9390571
60.0766071,10.9390787
60.0766204,10.9390951
60.0766348,10.9391149
60.0766509,10.9391277
60.0766581,10.9391347
60.0766769,10.9391529
60.0767002,10.9391639
60.0767173,10.9391675
60.0767307,10.9391713
60.0767407,10.9391749
60.0767985,10.9391745
60.0770197,10.9391805
60.0771403,10.9389872
60.0771878,10.9390216
60.0778535,10.938929
60.0782623,10.938876
60.0786896,10.9383111
60.0789602,10.9380381
60.0793684,10.9375898
60.0794115,10.9375488
60.0797067,10.937141
60.0799486,10.9368174
60.0802576,10.9366667
60.0807276,10.935811
60.0808688,10.9356
60.0810011,10.9353404
60.0812209,10.9348711
60.0816439,10.9341769
60.0817563,10.9340015
60.0821543,10.9332207
60.0822632,10.9330399
60.0825866,10.9323377
60.0828581,10.9319695
60.0832876,10.9316826
60.0841087,10.9304681
60.0849038,10.929295
60.084935,10.9292435
60.0849473,10.9291588
60.0849991,10.9289967
60.0851406,10.9285538
60.0854581,10.9276035
60.0858819,10.9269288
60.0861405,10.9263159
60.0864214,10.9257013
60.0865593,10.9253304
60.0866736,10.9251242
60.0868681,10.9247175
60.0870555,10.924293
60.0873105,10.9237033
60.087647,10.9230892
60.0879348,10.9227206
60.0883242,10.9221535
60.0887651,10.9215433
60.0893877,10.9206225
60.089818,10.920944
60.0901453,10.921194
60.0904384,10.921544
60.0907216,10.9218817
60.0909523,10.9223009
60.0912493,10.9225448
60.0913648,10.9225852
60.0915165,10.9230064
60.0918346,10.9238861
60.0921644,10.9253231
60.0924426,10.9264388
60.0925465,10.9275573
60.0925981,10.9280026
60.0928906,10.9281204
60.0931783,10.9282154
60.0937154,10.9286061
60.0940108,10.9286587
60.0942856,10.928575
60.0949155,10.9285743
60.0954237,10.9286672
60.0959475,10.9287638
60.0963047,10.9286642
60.0966953,10.9285551
60.0970536,10.9283097
60.0974122,10.9280818
60.0977616,10.9278161
60.0979575,10.9276592
60.0981355,10.9274895
60.0982823,10.9272676
60.0987246,10.9267851
60.0991607,10.9262521
60.09964,10.9256636
60.100245,10.9250328
60.1007415,10.9243995
60.10121,10.9237828
60.1015105,10.9233189
60.1017741,10.9229214
60.1020062,10.9225958
60.1024058,10.9218378
60.1024245,10.9218065
60.1030366,10.9207846
60.1033355,10.9202019
60.1036435,10.9201049
60.1041548,10.9196928
60.1043021,10.9194546
60.104662,10.9189229
60.1049172,10.9187355
60.1054964,10.9184747
60.1056673,10.9183048
60.1060905,10.9179658
60.1062802,10.9177997
60.1064799,10.9174306
60.1068663,10.9165303
60.1072184,10.9157898
60.1076894,10.9153305
60.1079844,10.9150477
60.1087402,10.9153452
60.1102121,10.9141699
60.1106132,10.9137923
60.1111192,10.9133258
60.1113969,10.9131206
60.111636,10.9128128
60.1122332,10.9126107
60.112438,10.9125117
60.1129259,10.912241
60.1134163,10.9119382
60.1137476,10.9118646
60.1141766,10.9118868
60.1147386,10.9118057
60.1153913,10.9117086
60.1159138,10.911591
60.1163715,10.9116026
60.1169676,10.9116114
60.1175374,10.9116185
60.1179299,10.9115631
60.1181812,10.9115231
60.1185133,10.9114604
60.1187182,10.9113499
60.1191114,10.9111429
60.1229769,10.9132085
60.1253923,10.9132169
60.1266659,10.9125462
60.1272349,10.9143883
60.1277531,10.9143501
60.128058,10.9148175
60.1284498,10.9151318
60.1285829,10.9152584
60.1285843,10.9155599
60.1285787,10.9158419
60.1287364,10.9160328
60.1287515,10.916258
60.1289971,10.9170322
60.1289303,10.9176226
60.1288798,10.9177354
60.1288772,10.9178471
60.1289133,10.9179611
60.128869,10.9181137
60.1286234,10.9181663
60.1284981,10.918192
60.1277901,10.9186964
60.1274077,10.9191432
60.1269903,10.9199217
60.1268946,10.9201004
60.1273304,10.92172
60.1273381,10.9217708
60.1273527,10.9221648
60.1273301,10.9223194
60.1272113,10.923078
60.1270037,10.9238179
60.1268378,10.9244015
60.126668,10.9249906
60.1265469,10.9256087
60.1264436,10.9262107
60.1263341,10.9268
60.1262321,10.9271736
60.1260185,10.927721
60.1257194,10.9284872
60.1255994,10.9288158
60.1254749,10.9292213
60.1253035,10.9297744
60.1252618,10.9300602
60.1251458,10.9307592
60.1250619,10.9316223
60.1250162,10.932113
60.1249453,10.9326899
60.1248272,10.9330272
60.1245883,10.9336391
60.1244556,10.9342015
60.1243367,10.9349508
60.1241218,10.9357338
60.1240712,10.9365159
60.1239752,10.9370099
60.1239081,10.9375222
60.1237851,10.9386024
60.1237049,10.9393413
60.123567,10.9402396
60.1233891,10.9414041
60.1232656,10.9422381
60.1230989,10.943201
60.1230697,10.9440518
60.1231113,10.9444414
60.1240075,10.9467741
60.1240289,10.9483196
60.1240263,10.9486254
60.1234994,10.9494407
60.1234742,10.9497508
60.1234719,10.9497907
60.1234183,10.9507276
60.1233522,10.9510599
60.1233104,10.9513097
60.1232958,10.9513978
60.1232857,10.9514508
60.1230672,10.9517074
60.122963,10.9518773
60.1226956,10.9523217
60.122496,10.9525127
60.1223477,10.9526196
60.122135,10.9531775
60.1220995,10.9544634
60.1222383,10.9557038
60.1222757,10.9563172
60.1222881,10.9574129
60.122286,10.9581485
60.1222635,10.9587204
60.1223467,10.9593361
60.1223786,10.9595305
60.1224832,10.9603103
60.1226285,10.9613312
60.1227155,10.9628642
60.1227355,10.9632459
60.1227318,10.9633159
60.1226693,10.9635908
60.1225565,10.9644118
60.1224957,10.9652461
60.1224362,10.9658843
60.1224189,10.9660928
60.1223897,10.9662886
60.1223409,10.9664717
60.1222665,10.9668993
60.1222295,10.967034
60.1221974,10.9673485
60.1222961,10.9678512
60.1223462,10.9684918
60.1224054,10.9689975
60.1224244,10.9693467
60.1224654,10.9695612
60.1224503,10.9699675
60.122432,10.9706005
60.122393,10.9708143
60.1223916,10.9710374
60.1223468,10.9715102
60.1223056,10.9719506
60.1223026,10.9720817
60.1221616,10.9726238
60.1221844,10.9729046
60.1221802,10.9732878
60.1220956,10.9738734
60.1220581,10.9746575
60.122086,10.9751434
60.1221283,10.9755609
60.1221276,10.9758649
60.1221276,10.9763829
60.1221445,10.9768868
60.1220117,10.9773372
60.1216369,10.9780898
60.1213377,10.9786971
60.1212791,10.9788459
60.121312,10.9790206
60.121301,10.979107
60.1212219,10.9791873
60.1211956,10.9792896
60.1211408,10.9793773
60.1211133,10.9796558
60.121123,10.9797208
60.1212316,10.9797918
60.1213768,10.9798863
60.1214735,10.9800096
60.121509,10.9801411
60.1215518,10.9803285
60.1215589,10.9806019
60.121558,10.980798
60.1215553,10.9812675
60.1215758,10.9813828
60.1215738,10.9815122
60.12156,10.9816471
60.1215549,10.9819761
60.1215409,10.9822476
60.1215619,10.9824834
60.1216233,10.9827339
60.1217733,10.9832153
60.1218043,10.9833865
60.1218337,10.9835431
60.1218978,10.9837506
60.1219316,10.9839109
60.1219572,10.9842926
60.1219595,10.9847835
60.1220669,10.9849553
60.122236,10.9851761
60.1223605,10.9853497
60.1225562,10.9853566
60.1226994,10.9855359
60.1228137,10.9858587
60.1229209,10.9861168
60.123077,10.9866037
60.1232201,10.9868137
60.1233309,10.9870681
60.1233723,10.9875109
60.1234106,10.9876371
60.1234464,10.9878019
60.1234575,10.9878533
60.1235484,10.9882716
60.1236137,10.9884447
60.1237798,10.9888382
60.1238924,10.9890693
60.1239502,10.9893271
60.1239632,10.9896095
60.124013,10.9898312
60.1240663,10.9901357
60.124117,10.9903609
60.1241902,10.9905774
60.1242453,10.9907863
60.1243181,10.9912135
60.1243795,10.9914731
60.1246646,10.9925133
60.1246858,10.9926149
60.1247384,10.9928663
60.124856,10.993272
60.1250692,10.9939592
60.1251709,10.9942263
60.1253194,10.9944596
60.1256362,10.9949173
60.1258189,10.9951365
60.1259205,10.9955009
60.1260924,10.9956569
60.1261851,10.9955839
60.1263014,10.9957252
60.1265139,10.9958475
60.1266486,10.9962965
60.1266304,10.9968271
60.1266434,10.9970432
60.1267421,10.9974865
60.1269908,10.9978698
60.1272131,10.9984313
60.1273088,10.998639
60.1274503,10.9988476
60.1276272,10.9991367
60.1279028,10.9995634
60.1280243,11.0002642
60.1280902,11.0009322
60.1280187,11.001635
60.1276107,11.0014678
60.1273651,11.0012767
60.126963,11.0012481
60.1269093,11.0012441
60.1267312,11.0010036
60.1260366,11.0006002
60.1253098,11.0003741
60.124582,11.0003141
60.1241661,11.0002666
60.1238252,10.9999821
60.1233152,10.9996416
60.1232085,10.9995853
60.1227656,10.9993527
60.1223059,10.9994118
60.121804,10.9990514
60.1217232,10.9989989
60.1215763,10.9989039
60.1212637,10.9986133
60.1205641,10.9983396
60.120314,10.9990516
60.1202363,10.9997559
60.1201488,11.0003955
60.1200503,11.0011682
60.1199824,11.0018312
60.1199011,11.0024673
60.1197348,11.0030198
60.1192194,11.0031541
60.1182991,11.0037272
60.1175699,11.003872
60.1165491,11.0036009
60.1158538,11.0038197
60.1156473,11.003897
60.1152603,11.0043991
60.1149457,11.0045746
60.1146163,11.0041455
60.1142649,11.0039392
60.1141626,11.0039761
60.1141644,11.0039177
60.1132079,11.0033763
60.1129811,11.0032324
60.1127722,11.0031497
60.1123073,11.0031117
60.1120722,11.0030669
60.1119942,11.0030262
60.1118436,11.0029547
60.1117196,11.0029862
60.1115818,11.0032169
60.1114323,11.0034926
60.1112442,11.0037193
60.1110234,11.003712
60.1107991,11.0036633
60.1105965,11.0035356
60.1104658,11.0033819
60.1103345,11.0030983
60.1102291,11.0028404
60.1101048,11.0026361
60.1099633,11.0024948
60.1097868,11.0023062
60.1096536,11.0021001
60.1095982,11.0019846
60.1095229,11.0018761
60.109405,11.0016575
60.1092676,11.0016276
60.1091377,11.0015311
60.1090328,11.0014962
60.1089544,11.0015008
60.1088458,11.0012248
60.1085713,11.0011488
60.1084297,11.0010305
60.1082362,11.0008761
60.1079979,11.0008614
60.1080508,11.0011048
60.1082308,11.0017606
60.1084544,11.002534
60.108702,11.0034819
60.1089214,11.0044924
60.1088309,11.0053259
60.1087598,11.0057514
60.1087336,11.0058897
60.108717,11.0060675
60.1087076,11.0062761
60.1086935,11.0065762
60.1087431,11.0069021
60.1087714,11.0070822
60.1086254,11.0073794
60.1084955,11.0076732
60.1084998,11.0077739
60.1085195,11.0081373
60.1086026,11.0083466
60.1086937,11.0085704
60.1086476,11.0087209
60.108521,11.0089158
60.1084776,11.0089029
60.1082723,11.0087878
60.1080535,11.0086564
60.1079851,11.0083537
60.1079366,11.0079524
60.1079097,11.0074935
60.107887,11.00724
60.1078333,11.0067702
60.1077675,11.0064569
60.1077214,11.0061669
60.1076557,11.0058823
60.1076251,11.005873
60.1076119,11.0057417
60.1075594,11.0051154
60.1074807,11.0041727
60.1074255,11.0035069
60.1073693,11.0033518
60.1073079,11.0030888
60.1072272,11.0026621
60.1071176,11.0022961
60.1069827,11.001966
60.1068396,11.0017345
60.1066357,11.0014039
60.1065194,11.0011548
60.1064438,11.0008664
60.1063931,11.0006306
60.1063417,11.0003406
60.1062918,11.0003868
60.1063743,11.0010528
60.106404,11.001445
60.1063626,11.0019428
60.1063195,11.0023559
60.1063341,11.0030751
60.1063432,11.0038538
60.1063501,11.0043548
60.106365,11.0043761
60.1066509,11.0047822
60.1068493,11.0052048
60.1068897,11.005642
60.1068775,11.0057353
60.1068731,11.0058091
60.1068636,11.0060822
60.1068602,11.0063951
60.1068129,11.0066625
60.1067949,11.00672
60.1067547,11.0070556
60.1067162,11.0074043
60.1067271,11.0077514
60.1068631,11.0079611
60.1069783,11.0082282
60.1070637,11.0086335
60.1070831,11.0088835
60.1070863,11.0089249
60.1070787,11.0090992
60.1070264,11.009595
60.1070207,11.0097659
60.107032,11.0099277
60.1070882,11.0105467
60.1070973,11.0108362
60.107155,11.0111764
60.1072781,11.011512
60.1073333,11.0116708
60.1075124,11.0119241
60.1076367,11.0121104
60.1076845,11.0124129
60.107743,11.012773
60.1078869,11.0134484
60.107991,11.0138628
60.1080995,11.0143188
60.1081786,11.0146521
60.1082979,11.0150937
60.1083735,11.0154179
60.1084394,11.0156757
60.1084208,11.0159254
60.1083764,11.0165022
60.1083989,11.0168728
60.1084145,11.0171497
60.1084565,11.0172275
60.1084844,11.0176126
60.1085102,11.0179185
60.1085225,11.0182026
60.1085405,11.0185767
60.108547,11.0189004
60.1085437,11.0192007
60.1085826,11.0194259
60.1086811,11.0199752
60.1086612,11.020437
60.1086547,11.020526
60.1086704,11.0207286
60.1086979,11.0208636
60.1088028,11.0212853
60.1088517,11.021514
60.1088775,11.0216366
60.108868,11.0218306
60.1088366,11.0221973
60.1087576,11.0227988
60.108717,11.0231131
60.1086583,11.02367
60.1085778,11.024349
60.1086144,11.0251728
60.1086837,11.026299
60.1087448,11.0274682
60.1087731,11.0280421
60.1088867,11.028944
60.1089484,11.0294445
60.1090996,11.0300411
60.1091577,11.0301639
60.1093772,11.0307161
60.1096038,11.0312559
60.1096077,11.0315472
60.1093188,11.0314851
60.1090514,11.0314251
60.1089913,11.0314118
60.1090827,11.0318928
60.1092608,11.0328835
60.1094176,11.0337356
60.1094992,11.0341353
60.1095189,11.0345743
60.1096453,11.035043
60.1097947,11.0355983
60.1099476,11.0358549
60.1099686,11.035928
60.1100021,11.0360455
60.1100544,11.0361918
60.1100685,11.036227
60.1101125,11.0363384
60.1103483,11.036801
60.1103861,11.0371413
60.1103259,11.0376044
60.1103167,11.0376729
60.110214,11.0382039
60.1101796,11.038362
60.1100834,11.0387763
60.1099379,11.0388379
60.1098328,11.0388353
60.1097083,11.0387079
60.1093532,11.0386005
60.1091926,11.0385414
60.1091108,11.0385949
60.1091273,11.0387521
60.1090006,11.0391936
60.1088933,11.0394932
60.1086485,11.0402864
60.1085949,11.0403928
60.1084819,11.0403684
60.1083087,11.0403236
60.1081564,11.0402267
60.108057,11.0401144
60.1078745,11.0398718
60.1076696,11.039591
60.1075614,11.0394353
60.1075112,11.0393846
60.1074716,11.0394221
60.1072585,11.0396051
60.1071245,11.0397332
60.1070337,11.0397971
60.1069133,11.0398319
60.1067705,11.03987
60.1067914,11.0401165
60.1068216,11.040658
60.1068381,11.0408685
60.1068415,11.0413143
60.1068496,11.0416885
60.1070331,11.0418827
60.1070778,11.042
60.1071588,11.0422416
60.1072223,11.042715
60.1074436,11.04328
60.107595,11.0437417
60.1076271,11.0438391
60.1076684,11.0441917
60.1077722,11.0443421
60.1078327,11.0445423
60.1080287,11.0451699
60.1080303,11.045585
60.108206,11.0461011
60.1083734,11.0466229
60.1085548,11.0471848
60.1086312,11.047476
60.1088509,11.0488439
60.1088602,11.0489878
60.1088953,11.0495327
60.1088296,11.0496936
60.1088324,11.0497315
60.1089047,11.0506946
60.1092002,11.0542057
60.1092303,11.0544376
60.1092496,11.0545875
60.1092809,11.0550172
60.1093043,11.0553379
60.1093099,11.0555877
60.1093628,11.0556449
60.1093962,11.0558576
60.1094599,11.0562707
60.1093647,11.0563166
60.1092087,11.0569588
60.1091554,11.0571208
60.1091254,11.0572115
60.1087531,11.0582379
60.1084233,11.0591191
60.108792,11.0595618
60.1092609,11.0601204
60.1093091,11.0602414
60.1093348,11.0603368
60.109365,11.060463
60.1093882,11.0605352
60.1094373,11.0606471
60.1094882,11.0607323
60.1095455,11.0607941
60.109644,11.0608705
60.1097282,11.0609505
60.1098043,11.0610342
60.1098893,11.0611284
60.109978,11.0611924
60.1100345,11.0612361
60.1101384,11.0613198
60.1102431,11.061409
60.1103362,11.0615125
60.1103891,11.061594
60.1104336,11.0617023
60.1104682,11.0618302
60.110493,11.0619636
60.1105268,11.0620988
60.1105722,11.0622145
60.1106151,11.0623175
60.1106661,11.0623917
60.1107207,11.0624534
60.1107824,11.0625474
60.1108217,11.0626324
60.1108636,11.0627263
60.110928,11.0628043
60.1109978,11.0629185
60.1110638,11.0630359
60.1111012,11.063173
60.1111216,11.0632702
60.1111304,11.0633136
60.1111608,11.063429
60.1112679,11.0633542
60.1113316,11.0633365
60.1113884,11.0633272
60.1114409,11.0633307
60.1115208,11.0633552
60.1115779,11.0633955
60.1116391,11.0633882
60.111746,11.0633337
60.1118736,11.0633303
60.111931,11.0633218
60.1121079,11.0632729
60.1121881,11.0632769
60.1122462,11.063271
60.1123214,11.0632838
60.1123875,11.0632872
60.1124445,11.0632882
60.1125117,11.0633053
60.1125163,11.0633066
60.1125309,11.0633103
60.1126,11.0633287
60.1127917,11.0633828
60.1128562,11.0634176
60.1129154,11.0634471
60.1129656,11.0634872
60.1130237,11.0635597
60.1130693,11.0636483
60.1131254,11.0637748
60.1131773,11.0638708
60.1132202,11.0639035
60.1132796,11.0638969
60.1133298,11.063874
60.1133918,11.0638478
60.1134601,11.0638143
60.113532,11.063815
60.1136002,11.0638283
60.1136575,11.0638809
60.1137075,11.0639537
60.113754,11.0640367
60.1138112,11.0641309
60.1138478,11.0641887
60.1138676,11.0642195
60.1138702,11.0642231
60.1139093,11.0643243
60.1139486,11.064438
60.1139789,11.0645426
60.1140011,11.0646165
60.1140513,11.0646476
60.1141089,11.0645944
60.114144,11.0645227
60.1141891,11.06448
60.1142106,11.0644821
60.1142697,11.0645329
60.1143189,11.0645677
60.1143744,11.0646185
60.1144309,11.0646642
60.1144775,11.0647186
60.1145517,11.0647948
60.1146342,11.0648588
60.1147013,11.0649042
60.114781,11.0649718
60.114842,11.0650101
60.1149074,11.065063
60.1149944,11.0650837
60.1150447,11.065068
60.1150885,11.0651242
60.1151188,11.0652198
60.1151329,11.065308
60.1151389,11.0653981
60.115171,11.0655099
60.1152004,11.0655894
60.1152389,11.0656687
60.1153077,11.065756
60.1153793,11.0658251
60.115451,11.0658599
60.1155462,11.065852
60.1156206,11.0658528
60.1156863,11.0658408
60.1157606,11.0658559
60.115853,11.0659072
60.1159219,11.0659782
60.1160016,11.0660472
60.1160689,11.0661092
60.1161226,11.0661475
60.1161924,11.0662128
60.1162551,11.0662549
60.1163313,11.0662989
60.1164709,11.0664479
60.1166303,11.0658631
60.1167348,11.065053
60.1169859,11.0647589
60.1173422,11.0647924
60.1173829,11.06504
60.11751,11.0658616
60.1176071,11.066492
60.1177932,11.067082
60.1180352,11.0678632
60.1181551,11.0680625
60.1185119,11.06838
60.118475,11.068546
60.1184622,11.0686412
60.1184586,11.0686681
60.1184577,11.0686807
60.118443,11.0687525
60.1184301,11.0688836
60.1184146,11.0690041
60.1183954,11.0691547
60.1183853,11.0692555
60.1183679,11.0693687
60.1183486,11.0695267
60.1183276,11.0696774
60.1183165,11.0697872
60.1183064,11.0699095
60.1183007,11.0699975
60.1182969,11.0701196
60.1183072,11.0702295
60.1183186,11.0703699
60.1183327,11.0704673
60.1183354,11.0704815
60.1183362,11.0705105
60.118353,11.0705699
60.118378,11.0706512
60.1183957,11.0707231
60.1184243,11.0707919
60.1184475,11.0708533
60.1184546,11.070875
60.1184705,11.0709417
60.1184759,11.0709632
60.1184767,11.0709831
60.1184773,11.0710355
60.1184889,11.0711272
60.1184924,11.0711488
60.1185023,11.0712618
60.1185109,11.0713163
60.1185161,11.0713648
60.1185249,11.0714513
60.1185309,11.0715286
60.1185335,11.0715701
60.1185335,11.0715827
60.1185334,11.071615
60.1185396,11.0716744
60.1185457,11.0716996
60.1185475,11.0717194
60.1185456,11.0717789
60.1185615,11.0718636
60.1185774,11.0719464
60.1185846,11.0719805
60.1186022,11.07206
60.1186165,11.0721195
60.1186509,11.0722295
60.1186842,11.07231
60.1187617,11.0725311
60.1188008,11.0726736
60.1188282,11.0728195
60.1188626,11.0730538
60.1188747,11.0732337
60.118876,11.0734135
60.1188529,11.0736742
60.1188226,11.0739291
60.1188016,11.0740639
60.1187686,11.0743011
60.1187411,11.0745238
60.1187153,11.0747464
60.1187076,11.0749677
60.1187026,11.0751798
60.1187003,11.0753523
60.1187014,11.0756059
60.1187071,11.0758326
60.1187165,11.0760199
60.1187186,11.076196
60.1187292,11.0762915
60.1187378,11.0764481
60.1187593,11.0765711
60.1187975,11.0766161
60.1188279,11.0766487
60.1188915,11.0766888
60.1189605,11.0767166
60.1190467,11.0767229
60.1191229,11.0767506
60.1191417,11.0767635
60.1191462,11.0767655
60.1192044,11.0768072
60.1192688,11.0768816
60.1193188,11.0769919
60.1193571,11.0770915
60.1194125,11.077207
60.1194688,11.0772849
60.1195305,11.0773648
60.1195762,11.0774318
60.1196378,11.0775276
60.1196664,11.0775875
60.1197019,11.0777065
60.1197293,11.0778758
60.1197702,11.0780202
60.1197997,11.0780601
60.1198563,11.0780408
60.1198959,11.0779855
60.1199563,11.0779363
60.1199814,11.0779252
60.1199965,11.0779236
60.120063,11.0779245
60.1200944,11.0779281
60.1201509,11.077945
60.1202172,11.0780086
60.1202798,11.0780957
60.1203415,11.0782078
60.1203753,11.0782676
60.1203834,11.0782803
60.1204398,11.0783132
60.1204963,11.0783391
60.1205652,11.0784116
60.1206063,11.0784805
60.1206296,11.0785491
60.1206894,11.0786252
60.1207488,11.0786097
60.1207731,11.0785578
60.1208254,11.0784541
60.1208598,11.0783682
60.1209146,11.0782406
60.120928,11.0782372
60.1209666,11.0782205
60.1210128,11.0781918
60.1210678,11.0781638
60.1211226,11.0781494
60.121177,11.078151
60.1212341,11.0781622
60.1212906,11.0781627
60.1213528,11.0781536
60.1214124,11.0781287
60.121474,11.0781025
60.1215317,11.0780693
60.1215906,11.0780441
60.1216473,11.078035
60.1217023,11.07805
60.1217577,11.0780869
60.1218094,11.0781506
60.1218583,11.0782246
60.1219051,11.078292
60.1219547,11.0783554
60.1220071,11.0784203
60.1220574,11.0784906
60.1221076,11.0785541
60.122156,11.0786148
60.1221967,11.0786844
60.1222299,11.0787727
60.1222476,11.0788614
60.1222582,11.0789619
60.1222742,11.0790762
60.122293,11.0791783
60.1222988,11.0792125
60.1223124,11.0792929
60.1223247,11.0793772
60.1223244,11.0793878
60.1223309,11.0794586
60.1223424,11.079559
60.1223586,11.0796544
60.122393,11.0797467
60.1224335,11.0798377
60.1224845,11.079904
60.1225462,11.0799237
60.1226026,11.0799294
60.1226623,11.0799447
60.1227208,11.0799562
60.1227825,11.0799757
60.1228414,11.0799965
60.1229004,11.0800186
60.1229547,11.0800392
60.1229829,11.0800461
60.1229997,11.0800497
60.1230507,11.080058
60.1231038,11.080069
60.1231115,11.0800753
60.1231517,11.0801094
60.1231693,11.0802021
60.12316,11.0802918
60.1231526,11.0803954
60.1231639,11.0805027
60.1231948,11.0806003
60.1232311,11.0807102
60.1232606,11.0808104
60.1232827,11.0809343
60.1232943,11.0810552
60.1232968,11.0811674
60.1232931,11.0812954
60.1232916,11.081402
60.1232834,11.081516
60.1232653,11.0816028
60.1232384,11.0816514
60.1232068,11.0816968
60.1231778,11.0817491
60.1231659,11.0817824
60.1231643,11.0817881
60.1231272,11.0819949
60.1229491,11.0816617
60.1227442,11.0814429
60.1224725,11.0813455
60.1222932,11.0815029
60.122118,11.0820451
60.1218293,11.0828925
60.1215048,11.0837847
60.1213633,11.0843685
60.1213086,11.085114
60.121331,11.0856381
60.1214589,11.0862314
60.1215157,11.0866266
60.1215539,11.0869991
60.1215523,11.0875843
60.121531,11.0878561
60.1213792,11.0885552
60.1212769,11.0891779
60.1211182,11.0898427
60.1209709,11.0900997
60.1207628,11.0901314
60.1205434,11.0899838
60.1201525,11.0895916
60.1196208,11.0889167
60.1192163,11.0885041
60.1190155,11.0883453
60.1187924,11.0883539
60.1182699,11.088668
60.1179464,11.0891112
60.1173069,11.0904254
60.1170448,11.0910836
60.1168782,11.0913896
60.116714,11.0916193
60.1162886,11.0919862
60.1160428,11.092072
60.1158755,11.0921585
60.1157147,11.0923676
60.1152999,11.093236
60.1149664,11.094205
60.1148559,11.0947002
60.1148607,11.0954691
60.1148895,11.0961349
60.1149469,11.0967493
60.1150758,11.0971757
60.115255,11.0976548
60.1154632,11.0982186
60.1156788,11.099045
60.1157388,11.0995561
60.1157851,11.1000532
60.1157887,11.1005951
60.1157227,11.101023
60.1154895,11.1014762
60.1152794,11.1016619
60.1146453,11.1017975
60.1144229,11.1019378
60.1141587,11.1023349
60.1141342,11.1026179
60.1141379,11.1032792
60.114153,11.1039186
60.1141406,11.1045299
60.1141858,11.1052622
60.1142443,11.1059651
60.1143415,11.1065716
60.1144729,11.1070765
60.1146983,11.1075189
60.1149946,11.1078447
60.1152351,11.1081307
60.1153363,11.1082971
60.1154065,11.1085575
60.1154444,11.1088746
60.115375,11.1092616
60.1151918,11.1095361
60.1148644,11.1095933
60.1144793,11.1095615
60.11421,11.109579
60.1140541,11.1098638
60.1138647,11.1104432
60.1137784,11.1110881
60.113779,11.1117824
60.1138338,11.1123632
60.1139503,11.113002
60.1141379,11.1135707
60.1142544,11.1141624
60.1142329,11.1145202
60.1141216,11.1146932
60.1138558,11.1146493
60.113547,11.1141694
60.1130334,11.1132329
60.1126465,11.1125987
60.1123453,11.1122108
60.1119616,11.111915
60.1117967,11.1118359
60.1114262,11.111748
60.1111756,11.1118102
60.1109791,11.1119818
60.1107935,11.1121532
60.1106072,11.1125856
60.1104751,11.1130619
60.1103951,11.1134767
60.110384,11.1144509
60.110317,11.1150149
60.1101956,11.1155347
60.1100204,11.1159019
60.1098823,11.1161145
60.1097046,11.1161385
60.109456,11.1157223
60.1091035,11.1148951
60.1087808,11.1139533
60.1085573,11.1136473
60.1081774,11.1132518
60.1073406,11.112762
60.106297,11.1122504
60.1057174,11.1119072
60.105384,11.11174
60.1050123,11.111604
60.1046034,11.1114313
60.1043154,11.1111474
60.1041779,11.1109221
60.1040806,11.1107255
60.1039927,11.1102486
60.1040282,11.1096223
60.1040419,11.109053
60.1039782,11.1085092
60.1038813,11.1081605
60.1036863,11.1078542
60.1033716,11.1074796
60.1029269,11.1069315
60.102649,11.1066181
60.102476,11.1063589
60.1020474,11.1061395
60.1016994,11.1059399
60.1012575,11.105874
60.1010555,11.1059165
60.1007093,11.106359
60.1004832,11.1069604
60.1001009,11.1082639
60.0999712,11.1087647
60.0997957,11.1090323
60.0996722,11.1090753
60.0994931,11.1089614
60.0991769,11.1086448
60.0989705,11.1085121
60.0987201,11.1084874
60.0984294,11.1083336
60.0982952,11.1082092
60.0980149,11.107654
60.0977546,11.1073471
60.097548,11.1072579
60.0973867,11.1072468
60.0971674,11.1074456
60.0969152,11.1077065
60.0966862,11.107834
60.0962288,11.1079156
60.0960547,11.1078702
60.0958596,11.1077975
60.0956305,11.10756
60.0953511,11.1071652
60.0951111,11.1066649
60.0948768,11.1063319
60.0946196,11.1061693
60.0944067,11.1060357
60.0941291,11.1060316
60.0937662,11.1060293
60.0934995,11.105967
60.093333,11.1058878
60.0931709,11.1057518
60.0929361,11.1054696
60.0928273,11.1052661
60.0926156,11.1047715
60.0923931,11.104022
60.0921431,11.1033346
60.0920039,11.1029972
60.0918532,11.1027384
60.0916743,11.1025463
60.0914924,11.1024202
60.0913466,11.1023739
60.0912739,11.1023504
60.0910243,11.1024487
60.0906976,11.1026162
60.0905084,11.102768
60.090281,11.103029
60.0901987,11.1031707
60.0901225,11.103335
60.0900211,11.1036722
60.0898465,11.1041608
60.0895715,11.1047054
60.089234,11.1054248
60.0889453,11.1060363
60.0886836,11.1064965
60.0884157,11.1068072
60.0882583,11.1068462
60.0880544,11.1067781
60.0878267,11.1064096
60.0875237,11.1057771
60.0873533,11.1053672
60.0871222,11.1050257
60.0867041,11.1046547
60.0864774,11.104541
60.0857831,11.1044285
60.0855109,11.1043562
60.0852034,11.1041863
60.0846334,11.1035719
60.0841507,11.1030333
60.083872,11.1027648
60.083455,11.1024587
60.0830485,11.102278
60.0825966,11.1020871
60.0822245,11.1019236
60.0817596,11.1016531
60.0815796,11.1015862
60.0813096,11.1015276
60.0809596,11.1015306
60.0806524,11.1017059
60.0804127,11.1019519
60.0799486,11.1024915
60.0796674,11.1027694
60.0794276,11.1028992
60.0788637,11.1029855
60.0783043,11.1030868
60.0780066,11.1031195
60.0776908,11.1032516
60.0773312,11.1035577
60.077033,11.103651
60.076822,11.1035311
60.0766363,11.1030317
60.0765662,11.1027539
60.0765598,11.1025329
60.0765678,11.10216
60.0765871,11.1013597
60.0765735,11.1008057
60.0765159,11.1003493
60.0764267,11.1000374
60.0762851,11.0998703
60.0760564,11.0998261
60.075872,11.1000865
60.0756891,11.1004841
60.0754312,11.1010338
60.0752074,11.1013724
60.0749711,11.1015446
60.0745322,11.1016979
60.0741628,11.1016471
60.0737628,11.1015663
60.0734619,11.1014889
60.0732185,11.1013707
60.0729889,11.1012109
60.0726887,11.1007999
60.0725306,11.1004585
60.0722447,11.0999782
60.0720481,11.0997303
60.0718187,11.0995992
60.071506,11.0996066
60.0712889,11.0997606
60.0710318,11.1000496
60.070814,11.1002569
60.0703388,11.1006118
60.0700703,11.100748
60.0696864,11.1008037
60.0693499,11.100737
60.0689696,11.1006317
60.0687473,11.1004878
60.0686202,11.1003768
60.0685228,11.1002541
60.068305,11.0997946
60.0681089,11.0993314
60.0679466,11.0990177
60.0675394,11.0986879
60.0672384,11.0985964
60.0669662,11.0986746
60.0667482,11.0987806
60.0665096,11.0989406
60.0663255,11.0991011
60.0661945,11.099206
60.0658416,11.0994209
60.0655744,11.0994381
60.0651117,11.0994735
60.064792,11.0994699
60.0644488,11.0992391
60.0639148,11.0986942
60.0636231,11.0984061
60.0633447,11.0982538
60.0629642,11.0981004
60.0623985,11.0977619
60.0620931,11.0975281
60.061818,11.0972152
60.0614897,11.0968302
60.061259,11.0965973
60.0610353,11.0963507
60.0608159,11.0962873
60.0605365,11.0964331
60.0603385,11.0967155
60.060065,11.0972139
60.0597847,11.0976984
60.0595942,11.0979969
60.0592776,11.0982958
60.059053,11.0983608
60.0585977,11.0982474
60.0581088,11.0979303
60.0576545,11.097586
60.0573262,11.0971204
60.0570592,11.0965824
60.0567431,11.0961411
60.0564634,11.0957733
60.0561528,11.0954283
60.0558948,11.09529
60.0555962,11.0952341
60.055336,11.0952858
60.0552885,11.0952977
60.0550176,11.0953894
60.0547772,11.0955426
60.05447,11.0959184
60.0540465,11.096537
60.0538962,11.0967383
60.0537637,11.0967694
60.053597,11.0967215
60.0534469,11.0965471
60.0533011,11.0963022
60.0531281,11.0958695
60.0529058,11.0951351
60.0525869,11.0941549
60.0522352,11.0933242
60.0519257,11.0928888
60.0515751,11.0926027
60.051,11.0924108
60.0499882,11.0918036
60.0494786,11.0915269
60.0490091,11.0910276
60.0488808,11.0909313
60.0488437,11.0908525
60.0488727,11.0907687
60.0488964,11.0907218
60.0490612,11.090552
60.0491592,11.0903623
60.0491962,11.0902892
60.0492887,11.0899932
60.0493656,11.0895715
60.0493996,11.0892784
60.0494132,11.089147
60.0494218,11.0887171
60.0494696,11.0883242
60.049566,11.0879287
60.0496955,11.0876286
60.0498349,11.0873991
60.0499173,11.0872457
60.0500026,11.087127
60.0500879,11.0870381
60.0502082,11.0869929
60.0502932,11.086998
60.0504187,11.0870271
60.0505254,11.087076
60.0506808,11.0872625
60.0508405,11.0874985
60.0509673,11.087767
60.0511344,11.0880456
60.0512171,11.088096
60.0512648,11.0881089
60.0513271,11.0880806
60.0514673,11.0879646
60.0516297,11.087781
60.0517102,11.0876699
60.0517961,11.0875848
60.0519102,11.0875074
60.0520359,11.0874623
60.0520901,11.0873639
60.0521298,11.0872405
60.052151,11.0870919
60.0521566,11.0868758
60.0521522,11.0866374
60.0521451,11.0858433
60.0521384,11.0852195
60.0521286,11.0848288
60.0521267,11.084287
60.0521574,11.0839671
60.052181,11.0838122
60.0522623,11.0835221
60.0523615,11.0832865
60.0524945,11.083135
60.05259,11.0830949
60.0527082,11.0831005
60.0528128,11.0831523
60.0529212,11.0832804
60.0529955,11.0834628
60.0530182,11.0834425
60.0530825,11.0833813
60.053115,11.0833242
60.0531448,11.0832526
60.053179,11.0831831
60.0532197,11.0831027
60.0532549,11.0830133
60.0532811,11.0829077
60.0533066,11.0827931
60.0533257,11.0826838
60.053337,11.0825619
60.0533363,11.0824543
60.0533259,11.0823428
60.0533082,11.0822294
60.0532824,11.0821324
60.0532449,11.0820421
60.0532003,11.0819643
60.0531556,11.0818941
60.0531109,11.0818289
60.0530644,11.0817548
60.0530171,11.0816914
60.0529687,11.0816389
60.0529177,11.0815862
60.0528667,11.0815336
60.0528157,11.0814757
60.0527646,11.0814159
60.0527163,11.0813542
60.0526645,11.0813
60.0526125,11.0812492
60.0525633,11.0812054
60.052514,11.0811582
60.0524684,11.0811039
60.0524281,11.0810514
60.052397,11.0809704
60.0523757,11.0808767
60.0523679,11.0807619
60.0523762,11.0806561
60.0523989,11.0805701
60.0524324,11.080477
60.0524658,11.0804056
60.0525045,11.0803523
60.0525442,11.0802845
60.0525812,11.0801968
60.0526174,11.0801219
60.0526498,11.0800468
60.0526895,11.0799754
60.0527337,11.079913
60.052776,11.0798578
60.0528121,11.0797901
60.0528438,11.0797061
60.0528736,11.0796113
60.0529043,11.0795201
60.0529423,11.0794451
60.0529839,11.0793558
60.0529984,11.079259
60.0529951,11.0791548
60.0529783,11.0790507
60.0529552,11.0789733
60.0529326,11.0789499
60.0529008,11.0788859
60.052869,11.0787949
60.0528212,11.0786778
60.0527947,11.0785923
60.0527603,11.0785069
60.0527152,11.0783894
60.052702,11.0783256
60.0527022,11.0782615
60.0527158,11.0781925
60.0527507,11.0780974
60.0528098,11.0779649
60.0528822,11.077854
60.0529812,11.0777541
60.0530241,11.0777068
60.0530669,11.0776594
60.0531179,11.0775802
60.0531873,11.0775063
60.0532572,11.0774008
60.0532732,11.0773692
60.0532868,11.0773002
60.0532952,11.0772418
60.0532928,11.0771459
60.0532796,11.0770714
60.0532479,11.0769434
60.0532081,11.0768367
60.0531675,11.0767748
60.0531371,11.0767529
60.0530905,11.0767183
60.0530368,11.0766782
60.0529784,11.0766398
60.0529238,11.0766159
60.0528656,11.0765883
60.0528226,11.0765215
60.0528049,11.0764156
60.0528214,11.0763133
60.0528548,11.0762509
60.0528908,11.0761867
60.0529207,11.0760935
60.0529209,11.0759967
60.0529321,11.0758963
60.0529646,11.0757961
60.0530034,11.075723
60.0530215,11.0756245
60.0530066,11.0755166
60.0529754,11.0754157
60.0529516,11.0753006
60.0529321,11.0751945
60.0529037,11.0750918
60.0528644,11.0749801
60.0528387,11.0748703
60.0528543,11.0747521
60.0528976,11.0746682
60.0529337,11.0745897
60.0529761,11.0745093
60.0530248,11.0744343
60.0530841,11.074401
60.0531443,11.0743694
60.0532009,11.0743447
60.0532593,11.0743219
60.0533151,11.0742921
60.0533655,11.0742298
60.0534034,11.0741315
60.0534234,11.0740239
60.0534346,11.0738947
60.0534241,11.0737799
60.053402,11.0736593
60.0533709,11.0735476
60.0533398,11.0734398
60.0533104,11.0733263
60.05329,11.0732219
60.0532634,11.0731104
60.0532278,11.0730149
60.053185,11.0729301
60.0531366,11.0728524
60.0530857,11.0727747
60.0530445,11.0726916
60.0530419,11.0726844
60.0529393,11.072827
60.0529104,11.0728464
60.0528871,11.0728623
60.0528619,11.07288
60.0528322,11.0728994
60.0528035,11.0729188
60.0527729,11.0729365
60.0527512,11.0729523
60.0527216,11.0729719
60.0526937,11.0729896
60.0526605,11.0730124
60.0526407,11.0730284
60.0525966,11.0730603
60.0525642,11.0730868
60.0525157,11.0731294
60.0524833,11.0731685
60.0524589,11.0731915
60.0524329,11.0732166
60.0524058,11.0732484
60.0523789,11.0732751
60.052351,11.0733
60.0523266,11.0733284
60.052297,11.0733568
60.0522654,11.0733871
60.0522438,11.073421
60.0522357,11.073437
60.0522357,11.0734352
60.0522249,11.0734549
60.0522132,11.0734958
60.0522005,11.0735264
60.0521914,11.0735603
60.0521823,11.0736142
60.0521732,11.073666
60.0521587,11.0737161
60.0521398,11.0737625
60.0521099,11.073818
60.0520973,11.0738645
60.0520845,11.0739307
60.05207,11.0739846
60.0520618,11.0740167
60.0520519,11.0740633
60.0520401,11.0741081
60.0520338,11.0741349
60.052021,11.0741777
60.0520084,11.0742118
60.0520021,11.0742262
60.0519913,11.0742386
60.0519768,11.0742581
60.0519607,11.0742687
60.0519391,11.0742829
60.0519211,11.0742935
60.0518968,11.0743058
60.0518752,11.0743144
60.0518501,11.0743142
60.0518268,11.0743247
60.0518205,11.0743319
60.0517943,11.0743656
60.0517691,11.0743975
60.0517412,11.0744296
60.051726,11.0744404
60.0517196,11.0744457
60.051707,11.0744508
60.0517053,11.0744528
60.051681,11.0744542
60.0516685,11.0744575
60.0516469,11.0744593
60.0516289,11.0744608
60.0516218,11.0744643
60.0515984,11.0744642
60.0515751,11.0744673
60.0515562,11.0744816
60.0515265,11.0745118
60.0515022,11.0745402
60.051477,11.0745685
60.0514554,11.0745882
60.0514374,11.0746006
60.0514339,11.074597
60.0514186,11.0745913
60.0513917,11.0745839
60.0513639,11.0745728
60.0513369,11.0745564
60.051319,11.0745382
60.051303,11.0745094
60.0512825,11.0744732
60.0512548,11.0744244
60.0512288,11.0743936
60.0511876,11.074352
60.0511589,11.074332
60.051142,11.0743157
60.0510989,11.0742739
60.0510578,11.0742338
60.0510238,11.0742012
60.050987,11.074165
60.0509567,11.0741233
60.0509334,11.0740836
60.0509004,11.0740295
60.0508664,11.0739807
60.0508351,11.0739407
60.0508118,11.0739082
60.0507867,11.0738846
60.0507473,11.0738645
60.050715,11.073846
60.0506711,11.0738313
60.0506226,11.0738074
60.0505805,11.0737856
60.0505366,11.0737671
60.0505034,11.0737524
60.0504864,11.0737504
60.0504604,11.0737503
60.0504137,11.0737388
60.0503877,11.0737296
60.050368,11.073742
60.0503454,11.0737579
60.0503346,11.0737757
60.0503211,11.0738061
60.0503067,11.0738329
60.0502914,11.0738362
60.0502896,11.0738346
60.0502852,11.0738326
60.0502537,11.0738214
60.050226,11.0738121
60.0501964,11.0737941
60.050165,11.0737685
60.0501256,11.0737466
60.0500879,11.0737229
60.0500431,11.0736955
60.0499939,11.0736607
60.049958,11.0736281
60.0499312,11.0736009
60.0499044,11.0735576
60.049891,11.0735252
60.0498839,11.0735017
60.049883,11.0734999
60.0498768,11.0734765
60.0498732,11.0734494
60.0498688,11.0734226
60.0498608,11.0733937
60.0498475,11.0733416
60.0498234,11.0732803
60.0497975,11.0732316
60.0497689,11.0731864
60.0497449,11.0731431
60.0497171,11.0730961
60.0496957,11.0730528
60.0496761,11.0730023
60.049668,11.072979
60.0496546,11.0729502
60.0496367,11.072914
60.0496172,11.0728761
60.0495957,11.0728346
60.0495716,11.072793
60.0495511,11.072757
60.0495295,11.0727245
60.049509,11.0726901
60.0495019,11.0726829
60.0494955,11.0726612
60.0494777,11.0726502
60.0494688,11.0726376
60.0494554,11.0725998
60.0494466,11.0725512
60.0494403,11.0725099
60.0494324,11.0724524
60.0494281,11.0724004
60.0494219,11.0723535
60.049414,11.0722978
60.0494042,11.0722564
60.0493927,11.0722152
60.0493774,11.0721807
60.0493552,11.0721339
60.0493417,11.0721105
60.0493266,11.072085
60.0492962,11.0720471
60.0492773,11.072029
60.0492515,11.0719965
60.0492218,11.0719583
60.0491897,11.0719204
60.0491638,11.0718913
60.0491405,11.0718695
60.0491127,11.0718548
60.0490849,11.0718473
60.0490517,11.0718417
60.0490185,11.071836
60.0489816,11.0718283
60.0489539,11.0718192
60.048927,11.0718152
60.0488839,11.0717986
60.0488543,11.0717734
60.0488401,11.0717551
60.0488356,11.0717371
60.0488312,11.0717137
60.0488259,11.0716795
60.0488198,11.0716328
60.0488127,11.0715754
60.0488039,11.0715106
60.0487924,11.071453
60.0487747,11.0713829
60.0487595,11.0713415
60.0487328,11.0712802
60.0487122,11.0712332
60.0486863,11.0711827
60.0486658,11.0711431
60.0486398,11.0710872
60.0486211,11.0710546
60.0486086,11.0710277
60.0485827,11.0709898
60.048555,11.0709553
60.0485325,11.0709316
60.0485003,11.0709117
60.0484573,11.0708859
60.0484233,11.070873
60.0483908,11.070862
60.0483532,11.0708454
60.0483398,11.0708418
60.048303,11.0708143
60.0482869,11.0708071
60.0482851,11.0708053
60.0482842,11.0708053
60.0482789,11.0707964
60.048269,11.0707781
60.048261,11.0707566
60.0482558,11.0707135
60.0482442,11.070672
60.0482299,11.0706323
60.0482094,11.0705891
60.0481889,11.0705549
60.0481575,11.0705113
60.0481334,11.0704752
60.0481111,11.0704338
60.0480932,11.0703976
60.0480745,11.0703544
60.0480603,11.070304
60.0480478,11.0702537
60.0480345,11.0702067
60.0480203,11.0701635
60.0480078,11.0701096
60.0479972,11.0700681
60.0479811,11.0700321
60.0479641,11.0700086
60.0479489,11.0699906
60.0479435,11.0699832
60.0479202,11.0699615
60.0479041,11.069938
60.0478881,11.0699092
60.0478737,11.0698766
60.0478649,11.0698478
60.0478452,11.0698009
60.0478203,11.0697431
60.0478087,11.0697035
60.0477936,11.0696442
60.0477712,11.069608
60.0477418,11.0695576
60.047714,11.0695357
60.047688,11.0695192
60.0476513,11.06949
60.0476217,11.0694666
60.0475949,11.0694394
60.0475886,11.0694338
60.0475796,11.0694194
60.0475581,11.0693941
60.0475341,11.0693596
60.0474938,11.069318
60.0474688,11.0692746
60.0474374,11.0692223
60.0474125,11.0691825
60.047382,11.0691266
60.047357,11.0690744
60.0473401,11.0690347
60.0473268,11.0690005
60.0473187,11.0689734
60.047316,11.0689536
60.0473207,11.0689196
60.0473252,11.0688857
60.047328,11.0688533
60.0473299,11.0688101
60.0473292,11.0687707
60.0473293,11.0687311
60.0473266,11.0686809
60.0473258,11.0686377
60.0473269,11.0685858
60.0473306,11.0685446
60.0473298,11.0685195
60.0473298,11.0685033
60.0472932,11.0684374
60.0472467,11.068357
60.0472226,11.0683193
60.0472056,11.0682832
60.0471878,11.0682308
60.0471727,11.0681823
60.0471566,11.0681497
60.047145,11.0681317
60.047127,11.0681189
60.0471101,11.0681008
60.0470868,11.0680683
60.047077,11.0680341
60.047061,11.0679927
60.0470405,11.0679313
60.0470035,11.0677964
60.046979,11.0677678
60.0469082,11.0676859
60.0467731,11.0675571
60.0467444,11.0675443
60.0466384,11.0675539
60.046564,11.0675352
60.0465425,11.0675205
60.04647,11.0674659
60.0464164,11.0673594
60.0463826,11.0672301
60.0463453,11.0670878
60.0463094,11.0670463
60.0462538,11.0670259
60.0462059,11.0669534
60.046144,11.06686
60.0460947,11.0667855
60.0460329,11.0667095
60.0459235,11.0666903
60.0458515,11.0664079
60.0458137,11.0661059
60.0457689,11.0660714
60.0457142,11.0660906
60.0456521,11.0661259
60.0456377,11.0661418
60.0455818,11.0662696
60.045542,11.0663669
60.0455302,11.0664117
60.0455256,11.0664314
60.0455202,11.0664475
60.0455139,11.0664672
60.0455067,11.0664851
60.0455021,11.0664993
60.0454948,11.0665352
60.0454894,11.0665621
60.0454848,11.0665853
60.0454794,11.0665978
60.045473,11.0666246
60.0454703,11.066639
60.0454631,11.0666677
60.0454576,11.0666926
60.0454522,11.0667089
60.0454458,11.0667285
60.0454395,11.0667428
60.0454332,11.0667552
60.0454251,11.0667623
60.0454079,11.0667812
60.0453946,11.0667907
60.0453793,11.0667997
60.0453676,11.0668031
60.0453506,11.0668102
60.0453415,11.0668116
60.0453254,11.0668151
60.0453065,11.066824
60.0452984,11.0668257
60.0452841,11.0668272
60.0452661,11.0668324
60.0452553,11.0668341
60.0452437,11.066834
60.0452329,11.0668358
60.0452122,11.066832
60.045197,11.0668281
60.0451746,11.0668137
60.0451558,11.0668062
60.0451485,11.0668008
60.0451333,11.0667934
60.045127,11.0667881
60.0450773,11.0667183
60.0449799,11.0667846
60.0449404,11.0668022
60.0448873,11.0668195
60.0448362,11.0668299
60.0447814,11.0668346
60.0447311,11.066834
60.0446836,11.0668479
60.0446238,11.0668969
60.0445659,11.0669135
60.0445608,11.0669148
60.044499,11.0668972
60.0444558,11.0668987
60.0444105,11.0669151
60.0443718,11.0669506
60.0443709,11.0669506
60.0443511,11.0669666
60.0443386,11.0669736
60.0443079,11.0669913
60.0442684,11.0670142
60.0442244,11.0670442
60.044192,11.0670563
60.0441453,11.0670684
60.0440878,11.0670804
60.0440187,11.0670815
60.0439801,11.0670774
60.0439343,11.0670879
60.0438742,11.0671034
60.0437969,11.0671169
60.043735,11.0671233
60.043664,11.0671262
60.0436093,11.0671149
60.0435716,11.0671056
60.0435546,11.0671073
60.0435537,11.0671072
60.0435125,11.0670726
60.0434515,11.0670343
60.0434095,11.0669908
60.0433763,11.0669529
60.0433199,11.0669055
60.043251,11.0668636
60.0432006,11.0668432
60.043154,11.0668302
60.0431092,11.0668298
60.0430598,11.0668472
60.0430059,11.0668843
60.0429716,11.0669145
60.0429653,11.0669269
60.0429402,11.0669482
60.0428979,11.0669892
60.0428521,11.0670137
60.0428125,11.0670204
60.0427685,11.0670183
60.0427165,11.0670069
60.0426636,11.0669885
60.0426062,11.0669662
60.0425452,11.0669352
60.0424798,11.0669074
60.0424197,11.0668927
60.0423496,11.0668936
60.0422985,11.0669057
60.0422436,11.0669357
60.0421932,11.0669674
60.042178,11.0669761
60.0421438,11.0669938
60.0421034,11.067031
60.0420637,11.0670646
60.0420206,11.0670983
60.0419819,11.0671195
60.041946,11.0671335
60.0418985,11.0671348
60.0418437,11.0671289
60.0418267,11.067125
60.0418258,11.067125
60.0418168,11.0671178
60.0417746,11.067112
60.0417181,11.0671132
60.0416588,11.0671197
60.0415951,11.0671262
60.0415269,11.0671255
60.0414435,11.0671175
60.0413707,11.0671204
60.0413582,11.0671185
60.0413429,11.0671021
60.0413429,11.0671003
60.0413114,11.0671215
60.0412719,11.067132
60.0412028,11.067142
60.0411462,11.0671432
60.0410969,11.067148
60.041034,11.0671402
60.0409721,11.0671253
60.0409111,11.0671083
60.0408296,11.0670932
60.0407641,11.0670709
60.0407102,11.0670488
60.0406636,11.0670482
60.0406321,11.0670622
60.0405899,11.0670638
60.040537,11.0670667
60.0404688,11.0670714
60.040422,11.0670799
60.04037,11.0670864
60.0403224,11.0670914
60.0402703,11.0670873
60.0402146,11.0670776
60.0401653,11.0670648
60.0401268,11.0670572
60.0401179,11.0670553
60.0401026,11.0670658
60.0400819,11.0670638
60.0400514,11.0670616
60.0400092,11.0670649
60.0399436,11.0670766
60.0398826,11.0670834
60.0398197,11.0670754
60.0397436,11.067044
60.0396898,11.0670238
60.0396431,11.0670073
60.0396198,11.066996
60.039618,11.0669963
60.0395947,11.066996
60.0395705,11.0669922
60.0395399,11.0669919
60.0394861,11.0669893
60.0394403,11.066987
60.0393936,11.0669867
60.0393282,11.0669914
60.0392706,11.0670035
60.0392185,11.067028
60.0391771,11.0670509
60.0391323,11.0670717
60.0390774,11.0670928
60.0390765,11.0670929
60.0390685,11.067091
60.039046,11.067096
60.0390029,11.0671117
60.038966,11.067115
60.0389113,11.0671341
60.0388681,11.0671517
60.0388241,11.0671601
60.0387784,11.0671633
60.0387433,11.0671629
60.0387137,11.0671537
60.0386779,11.0671425
60.0386286,11.0671329
60.0385773,11.067127
60.0385271,11.0671247
60.0384077,11.067136
60.0380444,11.0672057
60.0371946,11.0676535
60.0371366,11.0674924
60.0370661,11.0673554
60.036831,11.0670066
60.0365393,11.0666016
60.0363996,11.0661284
60.0363293,11.0659357
60.0358435,11.0653131
60.0351894,11.0644742
60.0344309,11.0635019
60.0341214,11.0631051
60.0336564,11.0625176
60.0331524,11.0618289
60.0321807,11.0609347
60.031326,11.0581691
60.03047,11.0573675
60.0301022,11.0568652
60.0299967,11.0567529
60.0296465,11.0562374
60.0296626,11.0555469
60.0299002,11.0545825
60.029874,11.0532299
60.0299933,11.0518427
60.0299864,11.0506175
60.0298508,11.0495993
60.0297647,11.048465
60.0297286,11.047469
60.0298608,11.0459296
60.0298447,11.0441484
60.0298445,11.0441161
60.0298444,11.0441063
60.029844,11.0440646
60.0298293,11.0438729
60.0298321,11.0437665
60.0298329,11.0437375
60.0298269,11.0437109
60.0298127,11.0436731
60.0298038,11.0436515
60.029794,11.0436371
60.0297868,11.0436227
60.0297805,11.04361
60.0297662,11.0435847
60.029751,11.0435542
60.0297429,11.0435415
60.0297412,11.0435326
60.0297305,11.0434911
60.0297234,11.0434389
60.0297173,11.0433888
60.0297085,11.0433151
60.0297006,11.0432487
60.0296882,11.0431749
60.0296839,11.0431284
60.0296866,11.0430763
60.0296949,11.0430298
60.0297048,11.042985
60.0297211,11.0429315
60.0297374,11.0428902
60.029759,11.042851
60.0297797,11.042817
60.0297997,11.0427708
60.0298258,11.0427242
60.0298429,11.0426815
60.0298637,11.0426189
60.0298818,11.0425815
60.0298971,11.0425473
60.0299079,11.0425241
60.0299268,11.042494
60.029952,11.0424439
60.0299854,11.0423849
60.0300116,11.0423207
60.0300333,11.0422725
60.030064,11.0421921
60.0300803,11.0421438
60.0301001,11.04211
60.0301101,11.0420903
60.0301118,11.0420886
60.0301245,11.0420724
60.0301505,11.0420369
60.0301676,11.0420011
60.0301867,11.0419566
60.0302047,11.0419065
60.0302147,11.0418582
60.0302228,11.0418116
60.0302374,11.0417633
60.0302536,11.0417186
60.0302681,11.0416809
60.0302879,11.0416293
60.0303095,11.0415784
60.030309,11.0414782
60.0302992,11.0414499
60.0302922,11.0413906
60.0302869,11.0413296
60.0302852,11.0412813
60.0302817,11.0412256
60.0302738,11.04117
60.030265,11.0411195
60.0302498,11.0410602
60.0302427,11.0410332
60.030241,11.0409919
60.0302394,11.0409576
60.0302438,11.040949
60.0302445,11.0409475
60.0302846,11.0408635
60.0302869,11.0408589
60.030324,11.0407779
60.0303349,11.0407423
60.0303389,11.0407111
60.0303398,11.0406752
60.0303453,11.0406489
60.0303658,11.0406099
60.0303884,11.0405571
60.0304144,11.0405075
60.0304355,11.0404733
60.0304473,11.0404455
60.0304576,11.0403939
60.0304694,11.0403239
60.0304868,11.040246
60.0304996,11.0401744
60.0305027,11.0401604
60.030512,11.0401465
60.0305168,11.0401355
60.0305231,11.0401121
60.0305239,11.0400935
60.0305216,11.040067
60.0305232,11.0400402
60.0305327,11.0399906
60.0305499,11.0399407
60.0305601,11.0399267
60.0305789,11.0399144
60.0306197,11.0398916
60.0306651,11.0398577
60.0306946,11.0398472
60.0307452,11.0398135
60.0307772,11.0397811
60.0308037,11.0397394
60.0308263,11.0396963
60.0308364,11.0396608
60.0308421,11.0396218
60.0308437,11.0395474
60.0308447,11.0394589
60.0308386,11.0394029
60.0308349,11.0393347
60.030835,11.0392851
60.0308398,11.0392337
60.0308555,11.0391425
60.0308603,11.0391006
60.0308613,11.0390572
60.0308582,11.039009
60.0308646,11.0389409
60.0308668,11.0388653
60.030857,11.0387972
60.0308599,11.0387469
60.0308633,11.0387037
60.0308636,11.0386428
60.0308625,11.0386111
60.0308611,11.0386061
60.0308585,11.0386015
60.0308543,11.0385964
60.030852,11.0385897
60.0308322,11.0385132
60.0308134,11.038461
60.0307894,11.038407
60.0307634,11.0383547
60.0307295,11.038288
60.0306929,11.0382071
60.0306544,11.0381474
60.0306204,11.0381256
60.030589,11.0381144
60.0305441,11.0381015
60.0304983,11.0380868
60.0304626,11.0380577
60.0304259,11.0380017
60.0303964,11.0379674
60.0303695,11.037951
60.0303497,11.0379471
60.0303202,11.0379237
60.0303104,11.0379074
60.0303023,11.0379055
60.0302843,11.0378874
60.0302593,11.037862
60.0302423,11.0378331
60.0302182,11.0377988
60.0301976,11.0377699
60.0301599,11.0377534
60.0301527,11.0377354
60.0301323,11.0376958
60.0301293,11.03769
60.0301286,11.037689
60.0300677,11.0376148
60.030047,11.0375526
60.030038,11.0375161
60.0300367,11.0374828
60.0300375,11.0374296
60.0300407,11.0373065
60.0300429,11.0372521
60.0300395,11.0372227
60.0300334,11.0371417
60.0300335,11.0371385
60.0300342,11.0370814
60.0300378,11.0370409
60.0300386,11.0369893
60.0300358,11.0369528
60.0300289,11.0369177
60.0300151,11.0368658
60.0300027,11.0368127
60.0300007,11.0367791
60.0299882,11.0367258
60.0299791,11.0366991
60.0299621,11.0366598
60.0299522,11.0366376
60.0299504,11.0366308
60.0299486,11.0366269
60.0299437,11.0366117
60.0299312,11.0365666
60.0299201,11.0365229
60.0299121,11.0364852
60.0298955,11.0363913
60.0298932,11.0363765
60.0298776,11.0362745
60.0298745,11.0362565
60.0298602,11.0361607
60.0298541,11.0361106
60.0298477,11.036061
60.0298423,11.0360274
60.0298283,11.03595
60.0298151,11.0359004
60.0298123,11.0358894
60.0298054,11.0358636
60.0297922,11.0357987
60.0297912,11.0357895
60.0297834,11.03572
60.0297776,11.0356816
60.029772,11.0356569
60.0297601,11.0356104
60.0297573,11.0356022
60.0297277,11.0355171
60.0297062,11.0354657
60.0296859,11.0354182
60.0296798,11.0354008
60.0296585,11.0353434
60.029648,11.0353031
60.0296421,11.0352724
60.0296371,11.0352441
60.0296279,11.035201
60.0296157,11.0351536
60.0296016,11.0350996
60.0295925,11.0350651
60.029581,11.0350221
60.029576,11.0350009
60.0295607,11.0349306
60.0295571,11.0349028
60.0295535,11.0348563
60.0295496,11.0347995
60.0295491,11.034778
60.0295493,11.0347343
60.0295494,11.0347143
60.0295502,11.0346747
60.029553,11.0346207
60.0295526,11.0345925
60.0295511,11.0345763
60.0295458,11.0345348
60.0295442,11.0345076
60.0295446,11.0345008
60.0295469,11.0344786
60.0295507,11.0344303
60.0295497,11.0344085
60.0295473,11.0343898
60.0295393,11.0343415
60.0295382,11.0343382
60.029528,11.0343145
60.0295218,11.0343059
60.029511,11.0342869
60.0295049,11.0342766
60.0294975,11.0342583
60.0294937,11.0342509
60.0294924,11.0342444
60.0294919,11.034234
60.029497,11.0342268
60.0295166,11.0342109
60.0295383,11.0341896
60.0295588,11.0341679
60.0295793,11.034145
60.0296054,11.0341081
60.0296153,11.0340898
60.0296257,11.0340676
60.0296358,11.0340522
60.0296493,11.0340338
60.0296623,11.0340186
60.0296683,11.0340168
60.0296942,11.0339954
60.0296976,11.0339923
60.0297248,11.0339738
60.0297463,11.0339631
60.0297591,11.033951
60.029784,11.0339102
60.0298035,11.0338822
60.0298272,11.0338526
60.0298577,11.0338148
60.0298865,11.0337763
60.0299075,11.0337427
60.0299287,11.0337094
60.0299448,11.0336804
60.0299537,11.0336613
60.0299787,11.0336026
60.0300002,11.0335474
60.030023,11.0334849
60.0300333,11.0334543
60.0300472,11.0334054
60.0300611,11.0333565
60.0300626,11.0333486
60.0300681,11.0333217
60.0300731,11.0332694
60.0300733,11.0332539
60.0300721,11.0332088
60.0300699,11.0331928
60.0300645,11.0331666
60.0300576,11.0331435
60.0300512,11.0331272
60.0300448,11.0331039
60.0300383,11.0330775
60.0300326,11.0330453
60.0300313,11.0330311
60.0300262,11.033005
60.0300205,11.0329859
60.0300086,11.0329427
60.0300091,11.0329317
60.0300099,11.0329133
60.0300127,11.0328867
60.0300156,11.0328688
60.0300188,11.0328576
60.0300276,11.0328323
60.0300586,11.0327939
60.0300966,11.0327599
60.0301081,11.0327402
60.0301082,11.0327042
60.0301033,11.0326755
60.0300797,11.0326424
60.0300383,11.0325791
60.0300083,11.0325517
60.0299497,11.0325097
60.0299225,11.0324806
60.0298932,11.0324546
60.0298153,11.0324081
60.0297595,11.0323789
60.029738,11.0323631
60.0297216,11.0323385
60.029698,11.0323112
60.0296816,11.0322966
60.0296655,11.0322953
60.0296288,11.0322938
60.0296218,11.0322953
60.0295929,11.0322968
60.0295517,11.0322966
60.0295068,11.0323014
60.029461,11.0323226
60.0294079,11.0323437
60.0293549,11.0323666
60.0293055,11.032384
60.0292535,11.0323888
60.0292032,11.0323794
60.0291539,11.0323717
60.0291179,11.0323697
60.029109,11.0323623
60.0290633,11.0323315
60.0290032,11.0322985
60.0289539,11.0322641
60.0289154,11.0322368
60.0288993,11.0322385
60.028867,11.0322291
60.0288294,11.0322198
60.028789,11.0322051
60.0287451,11.0321742
60.0286994,11.0321271
60.0286573,11.0320819
60.0286151,11.0320528
60.0285955,11.0320347
60.0285883,11.0320346
60.0285776,11.0320275
60.0285606,11.03203
60.0285435,11.0320181
60.0285337,11.0319715
