# GsakName=Nesseby
#
# The source data is © Kartverket http://www.kartverket.no
# and distributed under the license CC BY 4.0
# http://creativecommons.org/licenses/by/4.0/deed.no
#
# This file was created by Peter John Acklam, pjacklam@gmail.com
#
# Area 1 of 1
#
69.8491794,28.3307495
69.8661366,28.338681
69.8808186,28.3455449
69.880854,28.3453831
69.9362749,28.3774779
70.0001255,28.3315556
70.0047373,28.3284815
70.0282712,28.3218111
70.0310312,28.3210281
70.0574724,28.3135149
70.0667701,28.3108953
70.0701407,28.3099449
70.0887758,28.3046859
70.0887933,28.3046938
70.1288794,28.3155003
70.1466634,28.320308
70.1563886,28.3228686
70.164278,28.3249478
70.1647146,28.3249889
70.1793794,28.3263564
70.1794216,28.3263607
70.179475,28.3263652
70.1795309,28.3263706
70.1795699,28.3263741
70.1858,28.3269559
70.1936206,28.3345967
70.1949633,28.3348856
70.2021681,28.3443419
70.221949,28.370341
70.2242326,28.3737878
70.2275488,28.378795
70.2290382,28.3810444
70.231773,28.3851752
70.2318578,28.385303
70.2506711,28.4137653
70.2601526,28.4281043
70.260185,28.4281535
70.2722978,28.4464944
70.2978222,28.4843226
70.3314892,28.536421
70.3403579,28.5501535
70.3427653,28.6877758
70.3434669,28.7290494
70.3369207,28.806119
70.3371175,28.8064178
70.3459289,28.8187202
70.3472768,28.8208474
70.3542789,28.8304705
70.3609167,28.8478159
70.3759131,28.8766656
70.3774436,28.8958051
70.3807307,28.9211959
70.3949656,28.9435357
70.4055867,28.9683922
70.4065267,28.9814144
70.4052336,28.9833831
70.4046432,28.984119
70.4041503,28.9853612
70.4035677,28.986349
70.4029662,28.9874602
70.4022714,28.9890534
70.401694,28.9902087
70.4008493,28.9921895
70.4002928,28.9936594
70.4000244,28.9950857
70.3999012,28.9965315
70.3995484,28.9979802
70.3991197,28.9989931
70.3986527,29.0006082
70.3980638,29.0016727
70.3975776,29.0024815
70.3970344,29.0035508
70.3964633,29.0042721
70.3959203,29.0048777
70.3953983,29.0054421
70.3948037,29.0062292
70.3943095,29.0071412
70.394132,29.0081107
70.3938661,29.0091549
70.3934496,29.0109415
70.3930556,29.0119782
70.3927311,29.0135286
70.3924718,29.0150694
70.3923547,29.0169015
70.3921486,29.0186985
70.3920058,29.0201571
70.3916921,29.0221521
70.3915622,29.0244946
70.3912299,29.0267227
70.391018,29.0282421
70.3909285,29.0294926
70.3907679,29.0312938
70.3906752,29.0323498
70.3906163,29.0341406
70.3904918,29.0358305
70.3902763,29.0370462
70.3901242,29.0379239
70.3898707,29.0389221
70.3895917,29.0404761
70.3892718,29.0416185
70.3889225,29.043479
70.3883578,29.04609
70.387812,29.0481132
70.387341,29.0498878
70.3868381,29.0513666
70.3864152,29.0527645
70.3859933,29.0543823
70.3855354,29.0562203
70.3851085,29.0576701
70.3847549,29.060046
70.3845024,29.0612626
70.3843261,29.0625603
70.384011,29.0638701
70.3837165,29.0649207
70.3834935,29.0664586
70.383332,29.0681493
70.3830326,29.0700711
70.3827885,29.0722229
70.3827194,29.0737871
70.3827124,29.075149
70.3824305,29.0766181
70.3819754,29.0786492
70.3816102,29.0798955
70.3814787,29.0815526
70.3810724,29.0828522
70.3805448,29.0846407
70.3802365,29.085517
70.3799105,29.0868457
70.3795038,29.0880358
70.3793615,29.0897123
70.3790703,29.0910651
70.3789582,29.0922435
70.3787268,29.0938846
70.3784933,29.0960162
70.3787627,29.0977089
70.3789741,29.0989784
70.3791172,29.1005278
70.3792207,29.1024595
70.3793564,29.1047959
70.3794256,29.1073871
70.3794977,29.1095977
70.3795678,29.1118336
70.3796173,29.1132899
70.3796329,29.1149411
70.3797385,29.1163824
70.3797277,29.1174409
70.3796535,29.1183726
70.3795782,29.1195497
70.3794051,29.1206851
70.3791923,29.1222025
70.3791157,29.1230503
70.3791082,29.1238377
70.379157,29.1251843
70.3791667,29.1270227
70.3791442,29.1289203
70.3791228,29.1305728
70.3791064,29.132503
70.3791501,29.1341464
70.3791224,29.1358764
70.3791339,29.1376885
70.3791436,29.139527
70.3791269,29.1413471
70.3790681,29.1428912
70.378958,29.1446174
70.3786997,29.146704
70.3785236,29.14822
70.3785044,29.1499561
70.378608,29.1525715
70.378501,29.1556398
70.3785025,29.1576912
70.3783255,29.1589876
70.37811,29.1604205
70.377863,29.1621319
70.3777576,29.1628775
70.3777445,29.163962
70.3777898,29.1650053
70.3779042,29.1665628
70.3779244,29.1673426
70.3777908,29.1680956
70.3775714,29.1696897
70.3775011,29.1705697
70.3775815,29.1723216
70.3775506,29.1750063
70.3772663,29.176609
70.3771471,29.178329
70.377133,29.179768
70.3771678,29.181515
70.3773053,29.1840456
70.3773818,29.1859586
70.3773591,29.1879659
70.3771521,29.1894047
70.3769699,29.1916812
70.3769297,29.1931017
70.3773239,29.1965526
70.3763012,29.1984245
70.3747512,29.2006883
70.3744211,29.204008
70.3740341,29.2066582
70.3735444,29.2090991
70.3727046,29.2112092
70.3723251,29.2123889
70.371921,29.2133048
70.3715248,29.2140073
70.371198,29.2147597
70.3709876,29.215321
70.3707846,29.2161334
70.370421,29.2174605
70.3701078,29.2183864
70.3696467,29.2197807
70.3693364,29.2208994
70.3687728,29.2220844
70.3686029,29.2224834
70.3682213,29.222431
70.3676657,29.2222548
70.3675667,29.2230318
70.3675813,29.2241083
70.3675746,29.2246499
70.3674067,29.2255967
70.3672738,29.225994
70.3670742,29.2259616
70.3668776,29.2261226
70.3667723,29.2269769
70.3668632,29.2275608
70.3669516,29.2280609
70.3670168,29.2287358
70.3670233,29.2299153
70.3669547,29.2307687
70.366937,29.2319038
70.3670962,29.2322085
70.3672191,29.2326235
70.3673469,29.2332065
70.3674316,29.233868
70.3675348,29.2348706
70.3676909,29.2361295
70.3678501,29.236434
70.3680522,29.2365501
70.3683059,29.236594
70.3685559,29.2367988
70.3686841,29.2374912
70.3688319,29.23828
70.3688893,29.2391678
70.3689536,29.2414549
70.3690419,29.242529
70.3691609,29.243106
70.3693806,29.243344
70.3695801,29.2433765
70.3698415,29.2430978
70.3701405,29.2424631
70.3704623,29.2421179
70.3707612,29.2420574
70.3709885,29.2419728
70.3711825,29.2423021
70.371492,29.2434794
70.3721095,29.2452853
70.3723258,29.2457946
70.3725215,29.2459886
70.3727215,29.2461311
70.3730797,29.2456749
70.373302,29.245423
70.3735405,29.2454289
70.3739112,29.2460755
70.3739416,29.246726
70.3738966,29.2475139
70.373762,29.2480467
70.3735601,29.2486141
70.3733575,29.248962
70.3731332,29.2492398
70.3728995,29.2494016
70.3725955,29.2504431
70.372498,29.2510843
70.3724897,29.2518715
70.3726431,29.2523637
70.3729221,29.2527808
70.3733744,29.2532121
70.3738526,29.2536614
70.3742332,29.2540689
70.3742936,29.254577
70.3742506,29.2553393
70.3740792,29.2559828
70.3738777,29.257234
70.3738652,29.258073
70.3740427,29.2586095
70.3743041,29.2590142
70.3746911,29.2593445
70.375203,29.2594902
70.3756234,29.2595168
70.3759764,29.2600415
70.3762299,29.2606596
70.3762724,29.2617293
70.3758792,29.2627343
70.3754124,29.2631671
70.3747636,29.2635801
70.3741834,29.2637132
70.3735938,29.2637306
70.372954,29.2635755
70.3720457,29.2635572
70.3710749,29.2636311
70.3702871,29.2639445
70.3697011,29.2643747
70.3689783,29.2653633
70.3686159,29.2658706
70.3685388,29.266827
70.3685841,29.2680894
70.368837,29.269172
70.3691526,29.2695883
70.3694776,29.2695462
70.3700013,29.2693183
70.3705563,29.268702
70.3710377,29.2687717
70.3713961,29.2689998
70.3718453,29.2698121
70.3723092,29.271127
70.3726357,29.2728912
70.372783,29.2741443
70.3727962,29.2751206
70.372803,29.2756074
70.3727821,29.2758668
70.3727259,29.2765646
70.3724913,29.2770807
70.3721674,29.2774512
70.371834,29.2775962
70.3714475,29.2773752
70.3709564,29.2762871
70.3705886,29.2758334
70.3699572,29.2750005
70.3695793,29.2741023
70.3693287,29.2736776
70.3690381,29.2736342
70.3688333,29.2740079
70.3685909,29.2754204
70.368417,29.2765539
70.3681376,29.2779675
70.3678784,29.2782203
70.3674172,29.2783557
70.3669055,29.2783185
70.3663873,29.27825
70.3659069,29.2778255
70.3652695,29.2770701
70.3649534,29.2765442
70.3647178,29.2767316
70.3643303,29.2768655
70.3641027,29.277523
70.3639482,29.2793257
70.3637345,29.2809501
70.3635327,29.2815168
70.3633358,29.2816768
70.3630801,29.2816587
70.3627863,29.2813126
70.3623741,29.2804992
70.3620585,29.2800828
70.361575,29.280039
70.3607607,29.2802234
70.360077,29.2806108
70.3598556,29.2805076
70.3593318,29.280735
70.3589902,29.2803003
70.358351,29.2796807
70.3579949,29.2795362
70.3576898,29.2796739
70.3575505,29.2808315
70.3573113,29.2818635
70.3569013,29.2830739
70.3564856,29.2838974
70.3560779,29.2845083
70.3556598,29.2845657
70.3551819,29.2842248
70.3545337,29.2841725
70.3539299,29.283797
70.3534035,29.2838316
70.3530823,29.2837119
70.3525697,29.2833463
70.3520521,29.2828135
70.3513214,29.2820743
70.3508744,29.2819199
70.3503819,29.282443
70.3497272,29.2830417
70.3488928,29.2837034
70.3486143,29.2833957
70.3483017,29.2825995
70.3480143,29.2814934
70.3477069,29.280291
70.3473665,29.2795024
70.3469167,29.2791547
70.3465266,29.2792046
70.3460602,29.2797462
70.3455452,29.2806627
70.3451376,29.2812735
70.3447903,29.2811353
70.3442749,29.2805768
70.3438264,29.2799847
70.3434076,29.2798229
70.3429923,29.2800732
70.3424261,29.2805982
70.3417742,29.2813895
70.3410794,29.2823692
70.3403622,29.2830599
70.3398326,29.2834743
70.339345,29.2841644
70.3386795,29.2854647
70.3376994,29.2866771
70.3372674,29.2871337
70.336784,29.2870898
70.3363338,29.2866327
70.3351197,29.2851676
70.3345729,29.2849966
70.3335427,29.2847813
70.3327126,29.2841359
70.3322374,29.2833064
70.3317258,29.2825874
70.331301,29.2826126
70.3306524,29.2831332
70.3300008,29.2833518
70.3294706,29.2842294
70.3290375,29.2850398
70.3286842,29.2856613
70.3282747,29.2864066
70.3276262,29.2869271
70.3273982,29.2874739
70.3267238,29.2886579
70.3261029,29.2890615
70.3253824,29.2894485
70.324617,29.2893677
70.3233453,29.2895261
70.3226388,29.2895142
70.3219936,29.2890822
70.3214184,29.2881273
70.3210156,29.2875405
70.3205967,29.2873788
70.320108,29.2877401
70.3196489,29.28785
70.318707,29.2881337
70.3180584,29.2879724
70.3174123,29.2878944
70.3171252,29.287581
70.3166865,29.2866417
70.3161804,29.2856275
70.3155352,29.285087
70.3148777,29.2842376
70.3143633,29.2833265
70.3138974,29.2820411
70.3135525,29.2806236
70.3130665,29.279133
70.3125603,29.2781189
70.3118275,29.2767254
70.3110988,29.2752812
70.3104358,29.2740468
70.3096821,29.2729114
70.3092924,29.2723889
70.3089035,29.2720864
70.3083853,29.2720182
70.3079692,29.2720494
70.3073578,29.2719966
70.307036,29.271659
70.3064985,29.2710319
70.306089,29.2704143
70.3057616,29.2703723
70.3053981,29.2705504
70.3051811,29.2705051
70.3039613,29.271274
70.3028557,29.2711973
70.3018853,29.2713796
70.3003242,29.2723954
70.2999998,29.2732275
70.2996144,29.2740163
70.2991872,29.2746393
70.2986781,29.2746863
70.2981863,29.274646
70.2981577,29.2746437
70.2980801,29.274575
70.297725,29.2742593
70.2975743,29.2741251
70.2975491,29.2741025
70.2971333,29.2735622
70.2967234,29.2728353
70.2962214,29.2717707
70.295657,29.270907
70.2947726,29.2695711
70.2932898,29.2688183
70.2926349,29.2668016
70.2917618,29.2643037
70.2905471,29.2627341
70.2893003,29.2625849
70.2881996,29.261995
70.286954,29.2609214
70.2857194,29.260509
70.2848113,29.25992
70.2839476,29.2583276
70.2827539,29.2578627
70.2815585,29.2587848
70.2805304,29.2604788
70.2794656,29.2609214
70.278981,29.260551
70.2784567,29.259989
70.2778854,29.2589853
70.2774816,29.2581821
70.2770999,29.2574494
70.2765603,29.2568494
70.2760757,29.2564787
70.2755331,29.2562576
70.274978,29.2561913
70.2743259,29.2563008
70.2738105,29.2564252
70.2733217,29.2566775
70.2726754,29.256601
70.2721974,29.2562623
70.2714629,29.2555792
70.2706182,29.2551168
70.2699808,29.2550463
70.2694604,29.2550043
70.2690701,29.2549456
70.2686867,29.2550278
70.2682988,29.2550524
70.2678809,29.2545389
70.2674654,29.2541091
70.2671834,29.2533924
70.2669262,29.2523675
70.2664689,29.2505206
70.2654969,29.2489082
70.2645742,29.2485004
70.2633076,29.248257
70.2622625,29.2481156
70.2612197,29.2480581
70.2602631,29.2478437
70.2591748,29.24653
70.2583065,29.2443124
70.2576318,29.2423134
70.2565162,29.2412259
70.2554717,29.2413031
70.2545456,29.2417358
70.2533432,29.2412666
70.2524718,29.2393189
70.2514674,29.2367343
70.2506526,29.2343112
70.2499461,29.2319102
70.2492385,29.2304325
70.2481713,29.2284022
70.2467529,29.2275372
70.2457337,29.2274157
70.2446728,29.2271287
70.244518,29.2269966
70.2432858,29.2259869
70.2427181,29.2230063
70.2420361,29.2208685
70.241181,29.2193964
70.2402273,29.2188055
70.2389243,29.2179953
70.2364803,29.2170877
70.2354048,29.2175516
70.2346356,29.217634
70.2342349,29.2177049
70.2339552,29.2170731
70.2334573,29.2155008
70.2330874,29.2139377
70.2329733,29.212391
70.2330277,29.2112622
70.233246,29.2093527
70.2333512,29.2079333
70.2333766,29.2060237
70.2333249,29.2049557
70.2330799,29.2037791
70.2327421,29.2027269
70.2323402,29.2013308
70.2319415,29.199666
70.2316995,29.198111
70.2315593,29.1965469
70.2314511,29.1949236
70.231399,29.1931765
70.2312552,29.1913113
70.2305154,29.1888642
70.2293076,29.187553
70.2282434,29.1869678
70.2271658,29.1857491
70.2262307,29.1843592
70.2253062,29.1840898
70.2242258,29.1849588
70.2239529,29.1850382
70.223406,29.1854408
70.2230874,29.1854071
70.2226919,29.1851832
70.2218098,29.1840483
70.2211895,29.183423
70.2201728,29.1833871
70.2195339,29.1857322
70.2192071,29.1886494
70.2184525,29.1914015
70.2175409,29.1922257
70.2163019,29.1924401
70.2151296,29.1925114
70.2141658,29.1921599
70.2132261,29.1907132
70.2124584,29.1889534
70.2115398,29.1873594
70.2105724,29.1865985
70.2096231,29.1860675
70.2086433,29.18603
70.2075788,29.1860154
70.2065983,29.1863301
70.2057178,29.1873381
70.2049168,29.1887278
70.2041494,29.1903848
70.2031161,29.1894157
70.2019955,29.1888459
70.2008344,29.1884374
70.199715,29.1887629
70.1986872,29.1892069
70.1975296,29.1892072
70.1963131,29.1890309
70.1951415,29.1887507
70.194107,29.1885941
70.1927965,29.1882162
70.1917995,29.1877065
70.1908168,29.1874776
70.1902982,29.1873038
70.1892687,29.1873128
70.1888924,29.1875364
70.1884643,29.1878321
70.1881973,29.1879666
70.1875209,29.1887192
70.1871574,29.188861
70.1768866,29.1866606
70.1657096,29.1859661
70.162886,29.1858189
70.1472617,29.2169381
70.147049,29.2173615
70.1456259,29.2169255
70.1373044,29.2143769
70.1373016,29.214376
70.1255977,29.2107952
70.1226689,29.2052925
70.1164886,29.1937635
70.1161883,29.1933051
70.1155099,29.1922695
70.1153377,29.1920067
70.1152566,29.1918893
70.1151318,29.1916857
70.0868709,29.1505697
70.0711203,29.242069
70.0670044,29.3036421
70.0642355,29.3448699
70.0275859,29.3291061
70.0260581,29.3281055
70.0221004,29.3189211
70.0220965,29.318912
70.0214912,29.3174535
70.0214866,29.3174422
70.020307,29.3145722
70.0169213,29.3173868
70.0168539,29.317443
70.0140392,29.3197822
70.0089699,29.321735
69.9906577,29.3295569
69.9664362,29.3285204
69.9623471,29.2398737
69.9623315,29.2395384
69.9621538,29.2357104
69.9553573,29.0906007
69.9515637,29.0373852
69.9419811,28.9040369
69.9320965,28.7254236
69.927483,28.7059222
69.9069603,28.619386
69.9010509,28.5964799
69.8692936,28.4737955
69.8491794,28.3307495
