#GsakName=Vallﻠe du Bandama
9.38753,-5.19085
9.37734,-5.18923
9.36868,-5.18989
9.36206,-5.19260
9.35430,-5.18373
9.35054,-5.16912
9.34985,-5.15842
9.34803,-5.15034
9.33992,-5.14313
9.33314,-5.12861
9.32929,-5.11437
9.32931,-5.10183
9.33583,-5.09271
9.33402,-5.08311
9.33564,-5.07788
9.33475,-5.07192
9.33925,-5.06309
9.34371,-5.05422
9.34220,-5.04673
9.33688,-5.04007
9.33218,-5.03471
9.33163,-5.03092
9.31957,-5.02518
9.31397,-5.02298
9.30744,-5.02491
9.30197,-5.01867
9.29322,-5.01550
9.28691,-5.01104
9.28038,-5.01376
9.27235,-5.01088
9.26547,-5.01208
9.25896,-5.01314
9.24803,-5.01174
9.23789,-5.01381
9.22834,-5.01598
9.22328,-5.01011
9.21931,-4.99753
9.21112,-4.99103
9.20933,-4.98960
9.19987,-4.98441
9.19231,-4.98085
9.18385,-4.98041
9.17939,-4.98173
9.17499,-4.98586
9.16977,-4.98266
9.16405,-4.97420
9.16269,-4.96538
9.15496,-4.96123
9.15412,-4.95808
9.15461,-4.95556
9.14407,-4.95247
9.13868,-4.94751
9.13469,-4.94014
9.13237,-4.93080
9.12849,-4.92605
9.13028,-4.92212
9.12681,-4.91691
9.12717,-4.91416
9.12103,-4.90601
9.12028,-4.89932
9.12504,-4.89571
9.12882,-4.89346
9.12139,-4.89055
9.11133,-4.88567
9.09903,-4.88463
9.07233,-4.89288
9.05245,-4.89717
9.04540,-4.89726
9.04107,-4.90365
9.02762,-4.90664
9.01687,-4.90586
9.00866,-4.90713
8.99602,-4.91119
8.99417,-4.90513
8.98638,-4.91322
8.98096,-4.91485
8.97135,-4.91385
8.96757,-4.92020
8.96536,-4.92564
8.95410,-4.92876
8.94963,-4.93919
8.94204,-4.94273
8.94199,-4.94664
8.95048,-4.94882
8.94948,-4.95663
8.94147,-4.96389
8.93563,-4.96179
8.92818,-4.95740
8.92226,-4.95447
8.91435,-4.56910
8.92190,-4.56077
8.91986,-4.55522
8.91146,-4.54826
8.91065,-4.54249
8.90637,-4.53554
8.90955,-4.52103
8.91151,-4.51277
8.89882,-4.50392
8.89260,-4.49910
8.88121,-4.49771
8.87682,-4.49219
8.88141,-4.47793
8.88620,-4.47099
8.88466,-4.46577
8.88598,-4.46114
8.87986,-4.45536
8.87648,-4.44979
8.87427,-4.44236
8.86900,-4.43387
8.86092,-4.43147
8.85657,-4.42617
8.85590,-4.42379
8.85443,-4.41831
8.86565,-4.40766
8.85590,-4.40149
8.85020,-4.39776
8.84169,-4.39291
8.83109,-4.38752
8.82293,-4.38054
8.81855,-4.37849
8.81313,-4.37938
8.80459,-4.38348
8.79460,-4.37755
8.78482,-4.37978
8.76833,-4.37212
8.72631,-4.35316
8.72424,-4.35141
8.71967,-4.34760
8.72134,-4.33942
8.73133,-4.33237
8.73383,-4.32441
8.73169,-4.31589
8.73371,-4.30978
8.73704,-4.30335
8.74184,-4.29823
8.73658,-4.29038
8.74097,-4.28562
8.74242,-4.28161
8.73959,-4.27997
8.73128,-4.28176
8.72635,-4.28023
8.71937,-4.27260
8.71694,-4.27824
8.71172,-4.27721
8.70595,-4.27305
8.70402,-4.26861
8.70447,-4.26438
8.69889,-4.26390
8.68668,-4.26275
8.68504,-4.25684
8.67883,-4.24987
8.67172,-4.24565
8.66681,-4.23763
8.66297,-4.23202
8.65639,-4.22555
8.65147,-4.22278
8.64975,-4.21554
8.65474,-4.20681
8.66018,-4.20287
8.66460,-4.20076
8.66797,-4.20213
8.67120,-4.19531
8.67496,-4.19462
8.66547,-4.18103
8.66011,-4.17163
8.65387,-4.17285
8.64847,-4.17201
8.64623,-4.16715
8.65158,-4.16275
8.65719,-4.16084
8.66017,-4.15516
8.65436,-4.14456
8.65049,-4.13804
8.64328,-4.12940
8.64178,-4.12345
8.64257,-4.11278
8.64536,-4.10771
8.64794,-4.10613
8.64311,-4.09356
8.64955,-4.09027
8.64795,-4.08478
8.64840,-4.08074
8.64510,-4.07665
8.65171,-4.07470
8.65905,-4.07828
8.65733,-4.07173
8.64609,-4.06300
8.64776,-4.05644
8.64149,-4.05048
8.64175,-4.04667
8.64667,-4.03936
8.65212,-4.03422
8.64894,-4.02190
8.64346,-4.01016
8.63800,-4.00076
8.64211,-3.99101
8.64012,-3.98869
8.63782,-3.98425
8.63196,-3.98460
8.62809,-3.98216
8.62768,-3.97696
8.62305,-3.97130
8.62657,-3.96200
8.62583,-3.95205
8.63522,-3.94249
8.63645,-3.93786
8.63944,-3.93104
8.63420,-3.93157
8.62781,-3.92894
8.62128,-3.92948
8.61621,-3.92503
8.61087,-3.91858
8.60223,-3.91468
8.59054,-3.91088
8.58420,-3.90498
8.57843,-3.90335
8.57614,-3.91059
8.57151,-3.92034
8.56609,-3.92574
8.56320,-3.93216
8.55776,-3.93585
8.55199,-3.94281
8.54896,-3.95259
8.54950,-3.95970
8.54888,-3.96555
8.54526,-3.97211
8.53961,-3.97705
8.53274,-3.97961
8.52425,-3.98063
8.51660,-3.97898
8.51121,-3.97459
8.50832,-3.96627
8.50967,-3.95715
8.50762,-3.95024
8.50341,-3.94239
8.49939,-3.93482
8.49573,-3.92650
8.48596,-3.92736
8.47882,-3.93034
8.47094,-3.93581
8.46596,-3.93610
8.45390,-3.93629
8.44789,-3.93788
8.44464,-3.94285
8.44232,-3.94640
8.43954,-3.95029
8.43540,-3.95608
8.43335,-3.96355
8.43142,-3.97059
8.43076,-3.97611
8.43424,-3.98080
8.43527,-3.98685
8.43471,-3.99301
8.43149,-3.99558
8.42428,-3.99649
8.41926,-3.99274
8.41270,-3.99103
8.40565,-3.98996
8.40054,-3.98630
8.40041,-3.97947
8.40216,-3.97315
8.40026,-3.96725
8.39949,-3.95615
8.39874,-3.95051
8.39469,-3.94845
8.38995,-3.94952
8.38464,-3.95220
8.37950,-3.95423
8.37617,-3.95836
8.37511,-3.96563
8.37457,-3.97363
8.37258,-3.97888
8.36686,-3.98226
8.36306,-3.98143
8.35806,-3.97635
8.35236,-3.97394
8.35051,-3.96749
8.34813,-3.95627
8.34602,-3.95175
8.33881,-3.95266
8.33440,-3.95455
8.33101,-3.95749
8.32487,-3.95954
8.31761,-3.96054
8.31185,-3.96024
8.30707,-3.96122
8.30116,-3.96414
8.29717,-3.96694
8.29690,-3.97057
8.29873,-3.97817
8.30211,-3.98607
8.30320,-3.99253
8.30465,-3.99999
8.30822,-4.00785
8.30535,-4.01628
8.30711,-4.02228
8.30802,-4.02879
8.30857,-4.03318
8.30701,-4.04069
8.30720,-4.04704
8.29979,-4.05193
8.29421,-4.05507
8.28787,-4.05579
8.28429,-4.05115
8.27935,-4.04634
8.27473,-4.04259
8.26782,-4.03758
8.26065,-4.03046
8.25586,-4.02312
8.25043,-4.01630
8.24649,-4.01126
8.24058,-4.00632
8.23340,-4.00237
8.22819,-4.00234
8.21939,-4.00768
8.21356,-4.01312
8.20653,-4.02119
8.19927,-4.02578
8.19215,-4.02944
8.18515,-4.02884
8.17838,-4.02488
8.17328,-4.01884
8.17384,-4.01594
8.17552,-4.00757
8.17286,-3.99907
8.17052,-3.99001
8.16751,-3.98339
8.16614,-3.97574
8.16083,-3.97548
8.15509,-3.97248
8.15076,-3.96611
8.14554,-3.96140
8.14207,-3.95781
8.13667,-3.95719
8.13455,-3.95203
8.12900,-3.94641
8.12378,-3.94579
8.12363,-3.93753
8.12092,-3.92838
8.11377,-3.92705
8.10935,-3.92788
8.10544,-3.92958
8.10391,-3.93506
8.10488,-3.94331
8.10570,-3.95119
8.10756,-3.95727
8.10980,-3.96450
8.10938,-3.97161
8.10963,-3.98056
8.10883,-3.98672
8.10539,-3.99263
8.10028,-3.99760
8.09436,-3.99919
8.08968,-3.99773
8.08307,-3.99859
8.07743,-4.00054
8.07136,-4.00497
8.06696,-4.01173
8.05133,-4.01354
8.04889,-4.01623
8.04570,-4.02064
8.04203,-4.02614
8.02744,-4.04494
8.02599,-4.05572
8.02411,-4.05875
8.02126,-4.06243
8.01878,-4.06618
8.01599,-4.07264
8.01293,-4.07791
8.01218,-4.08487
8.00918,-4.09126
8.00754,-4.09867
8.00742,-4.10464
8.00359,-4.13018
8.00276,-4.13652
8.00501,-4.14167
8.00734,-4.14564
8.00670,-4.14901
8.00758,-4.15272
8.00802,-4.15781
8.00813,-4.16601
8.00761,-4.17191
8.00555,-4.17846
8.00151,-4.18524
7.99659,-4.19023
7.99041,-4.19680
7.97587,-4.20952
7.95852,-4.22493
7.92343,-4.25711
7.91550,-4.26483
7.88812,-4.28277
7.85627,-4.30363
7.85355,-4.35688
7.82196,-4.43495
7.81902,-4.44076
7.81769,-4.44610
7.81780,-4.45133
7.81724,-4.45525
7.81729,-4.45947
7.81738,-4.46085
7.81758,-4.46402
7.81725,-4.46905
7.81616,-4.47359
7.81601,-4.47822
7.81657,-4.48229
7.81792,-4.48656
7.81971,-4.49223
7.82241,-4.49820
7.82176,-4.50158
7.82049,-4.50457
7.82138,-4.50711
7.82362,-4.51017
7.82316,-4.51249
7.82207,-4.51534
7.82257,-4.51825
7.82422,-4.52107
7.82491,-4.52463
7.83069,-4.53083
7.83072,-4.53387
7.81857,-4.53922
7.81785,-4.54064
7.81296,-4.54237
7.80991,-4.54489
7.80627,-4.54757
7.80288,-4.54949
7.79956,-4.54963
7.79704,-4.54892
7.79207,-4.54635
7.78799,-4.54351
7.78627,-4.54258
7.78355,-4.54238
7.77958,-4.54275
7.77735,-4.54150
7.77615,-4.53961
7.77389,-4.53865
7.77156,-4.53815
7.76981,-4.53620
7.76712,-4.53384
7.76534,-4.53196
7.76221,-4.53091
7.76049,-4.52820
7.75727,-4.52672
7.75543,-4.52520
7.75220,-4.52495
7.74871,-4.52404
7.74482,-4.52312
7.74079,-4.52078
7.73694,-4.51840
7.73311,-4.51841
7.73063,-4.51933
7.72707,-4.51876
7.72383,-4.51782
7.71972,-4.51682
7.71518,-4.51612
7.71110,-4.51643
7.70812,-4.51580
7.70319,-4.51356
7.69832,-4.51255
7.69456,-4.51273
7.68901,-4.51180
7.67838,-4.51037
7.67618,-4.50926
7.67382,-4.50714
7.67233,-4.50508
7.66943,-4.50333
7.64408,-4.49723
7.63985,-4.49916
7.63580,-4.49899
7.63292,-4.49786
7.62330,-4.49843
7.61998,-4.50024
7.61753,-4.50206
7.61520,-4.50514
7.61472,-4.50768
7.61519,-4.50947
7.61329,-4.51331
7.61213,-4.51640
7.61049,-4.51766
7.60858,-4.51980
7.60689,-4.52157
7.60562,-4.52499
7.60593,-4.52895
7.60496,-4.53128
7.60686,-4.53536
7.60866,-4.53796
7.61159,-4.53999
7.61441,-4.54130
7.61678,-4.54216
7.61848,-4.54392
7.61937,-4.54629
7.61954,-4.54914
7.62056,-4.55291
7.62133,-4.55813
7.61935,-4.56196
7.61969,-4.56441
7.62100,-4.56821
7.62206,-4.57035
7.62196,-4.57372
7.62193,-4.57581
7.61914,-4.57890
7.61562,-4.58158
7.61371,-4.58353
7.61220,-4.58562
7.61038,-4.59014
7.60809,-4.59293
7.60449,-4.59712
7.60242,-4.59836
7.59478,-4.59978
7.59286,-4.60141
7.59075,-4.60247
7.58745,-4.60232
7.58551,-4.60251
7.58440,-4.60462
7.58358,-4.60688
7.58191,-4.60836
7.57830,-4.60861
7.57551,-4.61055
7.57431,-4.61346
7.57243,-4.61812
7.57243,-4.62159
7.57068,-4.62603
7.56770,-4.62859
7.56742,-4.63249
7.56490,-4.63644
7.56481,-4.64045
7.56649,-4.64471
7.56651,-4.64890
7.56540,-4.65098
7.56360,-4.65282
7.56181,-4.65402
7.55766,-4.65768
7.55477,-4.65973
7.55150,-4.65893
7.54968,-4.65680
7.54655,-4.65575
7.54481,-4.65716
7.53986,-4.65928
7.53741,-4.66150
7.53367,-4.66577
7.53289,-4.66707
7.53203,-4.66849
7.53088,-4.67041
7.52910,-4.67171
7.52770,-4.67376
7.52621,-4.67517
7.52462,-4.67740
7.52264,-4.67907
7.52095,-4.68148
7.52005,-4.68486
7.51873,-4.68738
7.52065,-4.69272
7.52099,-4.69484
7.52150,-4.69815
7.52162,-4.70078
7.52208,-4.70348
7.52268,-4.70628
7.52543,-4.70944
7.52640,-4.71115
7.52732,-4.71337
7.52798,-4.71549
7.52795,-4.71733
7.52935,-4.72019
7.53030,-4.72230
7.53132,-4.72419
7.53073,-4.72529
7.52853,-4.72753
7.52738,-4.72932
7.52794,-4.73365
7.52890,-4.73608
7.53209,-4.73981
7.53532,-4.74060
7.53958,-4.74182
7.54244,-4.74186
7.54669,-4.74272
7.55233,-4.74570
7.55502,-4.74799
7.55620,-4.74952
7.55749,-4.75213
7.55843,-4.75532
7.58338,-4.77506
7.56801,-4.78708
7.56606,-4.78921
7.56694,-4.79132
7.56885,-4.79424
7.56928,-4.79770
7.56964,-4.80097
7.57025,-4.80392
7.57093,-4.80687
7.57215,-4.80984
7.57352,-4.81306
7.57449,-4.81651
7.57385,-4.82042
7.57235,-4.82294
7.56964,-4.82643
7.56669,-4.82851
7.56020,-4.83146
7.56049,-4.83662
7.55849,-4.83860
7.55830,-4.84139
7.55769,-4.84326
7.55777,-4.84880
7.55762,-4.85233
7.55825,-4.85623
7.55801,-4.86025
7.56019,-4.86594
7.56375,-4.86998
7.56823,-4.87315
7.57101,-4.87660
7.57269,-4.87971
7.57301,-4.88219
7.57281,-4.88581
7.57106,-4.88823
7.56997,-4.88822
7.56689,-4.89073
7.56258,-4.89305
7.56005,-4.89460
7.55469,-4.89582
7.55065,-4.89864
7.54707,-4.90065
7.54427,-4.90320
7.53977,-4.90772
7.53504,-4.91237
7.53196,-4.91497
7.52714,-4.91807
7.52278,-4.92148
7.52043,-4.92473
7.51634,-4.92943
7.51127,-4.92749
7.50852,-4.92680
7.50669,-4.92738
7.50325,-4.92746
7.50128,-4.92966
7.49829,-4.93161
7.49399,-4.93078
7.49243,-4.93040
7.48932,-4.93021
7.48699,-4.92961
7.48573,-4.93501
7.48678,-4.93716
7.48769,-4.94005
7.48896,-4.94188
7.48946,-4.94532
7.48816,-4.94861
7.48673,-4.95103
7.48613,-4.95341
7.48745,-4.95579
7.48882,-4.95749
7.49289,-4.95984
7.49370,-4.96428
7.49405,-4.96886
7.49106,-4.97329
7.48871,-4.97535
7.48463,-4.97872
7.48137,-4.98145
7.47792,-4.98474
7.47370,-4.98806
7.46846,-4.99153
7.47120,-4.99446
7.47367,-4.99580
7.47581,-4.99810
7.47860,-5.00127
7.47552,-5.00460
7.47221,-5.00903
7.46950,-5.01207
7.46817,-5.01180
7.46486,-5.01454
7.46155,-5.01961
7.45810,-5.02390
7.45359,-5.02878
7.44895,-5.03412
7.44514,-5.03754
7.44161,-5.03963
7.43875,-5.04300
7.43600,-5.04364
7.43002,-5.03822
7.43031,-5.03497
7.43032,-5.03057
7.43084,-5.02632
7.42880,-5.01995
7.42625,-5.01555
7.42440,-5.01009
7.42102,-5.00761
7.41895,-5.00866
7.41803,-5.00984
7.41678,-5.01258
7.41713,-5.01744
7.41730,-5.02220
7.41778,-5.02847
7.41800,-5.03268
7.41648,-5.03560
7.41473,-5.03839
7.41421,-5.04200
7.41383,-5.04690
7.41437,-5.05079
7.41370,-5.05688
7.41150,-5.05920
7.40829,-5.05997
7.40042,-5.05770
7.39635,-5.05594
7.39370,-5.05534
7.38949,-5.05464
7.38495,-5.05645
7.38201,-5.05882
7.37906,-5.06261
7.37690,-5.06695
7.37386,-5.07174
7.37155,-5.07645
7.36934,-5.08038
7.36676,-5.08481
7.36450,-5.08970
7.36284,-5.09271
7.36053,-5.09741
7.35951,-5.10162
7.35735,-5.10523
7.35655,-5.11154
7.35638,-5.11854
7.35591,-5.12398
7.35520,-5.12979
7.35468,-5.13386
7.35521,-5.13830
7.35355,-5.14237
7.35157,-5.14616
7.35279,-5.14964
7.35053,-5.15366
7.34823,-5.15699
7.34799,-5.16006
7.34844,-5.16253
7.34920,-5.16724
7.34874,-5.16985
7.34602,-5.17396
7.34367,-5.17592
7.34179,-5.17728
7.33991,-5.17787
7.33757,-5.17965
7.33733,-5.18225
7.33516,-5.18654
7.33066,-5.19092
7.32749,-5.19366
7.32331,-5.19588
7.31965,-5.19742
7.31771,-5.20053
7.31580,-5.20109
7.31547,-5.20214
7.31328,-5.20153
7.31094,-5.20134
7.30916,-5.20225
7.30677,-5.20247
7.29866,-5.20413
7.29664,-5.20540
7.29494,-5.20773
7.29566,-5.21111
7.29601,-5.21468
7.29614,-5.21738
7.29641,-5.21880
7.29640,-5.22122
7.29547,-5.22355
7.29455,-5.22488
7.29230,-5.22692
7.29042,-5.22797
7.28858,-5.22993
7.28898,-5.23308
7.29098,-5.23643
7.29234,-5.23982
7.29366,-5.24298
7.29438,-5.24486
7.29552,-5.24724
7.29578,-5.25085
7.29549,-5.25291
7.29196,-5.25454
7.28939,-5.25572
7.28622,-5.25923
7.28236,-5.26319
7.27923,-5.26620
7.27560,-5.26938
7.27340,-5.27057
7.27142,-5.27334
7.26922,-5.27448
7.26527,-5.27725
7.26164,-5.27929
7.25743,-5.28129
7.25219,-5.28497
7.24760,-5.28829
7.24508,-5.28914
7.24205,-5.29087
7.23342,-5.29605
7.23414,-5.29875
7.23518,-5.30182
7.23678,-5.30365
7.23892,-5.30531
7.24098,-5.30673
7.24276,-5.30916
7.24297,-5.31150
7.24210,-5.31364
7.24190,-5.31657
7.24299,-5.31872
7.24467,-5.32230
7.24590,-5.32376
7.24681,-5.32592
7.24657,-5.32820
7.24642,-5.33053
7.24636,-5.33332
7.24722,-5.33579
7.24735,-5.33877
7.24757,-5.34060
7.24669,-5.34334
7.24599,-5.34649
7.24488,-5.34937
7.24413,-5.35252
7.24219,-5.35621
7.24259,-5.36037
7.24303,-5.36426
7.24311,-5.36678
7.24346,-5.37094
7.24363,-5.37437
7.24362,-5.37702
7.24383,-5.38087
7.24395,-5.38489
7.24388,-5.38955
7.24388,-5.39051
7.24634,-5.39299
7.24862,-5.39566
7.24957,-5.39731
7.25209,-5.39828
7.25470,-5.39797
7.25685,-5.39757
7.25977,-5.39927
7.26307,-5.39947
7.26668,-5.40049
7.26984,-5.40170
7.27243,-5.40463
7.27573,-5.40437
7.27888,-5.40635
7.28249,-5.40761
7.28514,-5.40936
7.28531,-5.41242
7.28589,-5.41535
7.28643,-5.41869
7.28523,-5.42056
7.28604,-5.42294
7.28544,-5.42431
7.28447,-5.42700
7.28524,-5.42929
7.28417,-5.43208
7.28458,-5.43354
7.28696,-5.43383
7.28966,-5.43384
7.29327,-5.43459
7.29588,-5.43442
7.29904,-5.43333
7.30101,-5.43266
7.30266,-5.43253
7.30472,-5.43345
7.30650,-5.43479
7.30732,-5.43621
7.30795,-5.43845
7.30739,-5.43987
7.30660,-5.44229
7.30614,-5.44430
7.30709,-5.44654
7.30772,-5.44869
7.30780,-5.45112
7.30688,-5.45335
7.30540,-5.45604
7.30460,-5.45997
7.30390,-5.46262
7.30453,-5.46560
7.30552,-5.47045
7.30560,-5.47251
7.30614,-5.47489
7.30700,-5.47727
7.30814,-5.47869
7.31060,-5.48127
7.30817,-5.48221
7.30486,-5.48384
7.30444,-5.48595
7.30342,-5.48846
7.30281,-5.49174
7.30262,-5.49421
7.30064,-5.49640
7.29935,-5.49708
7.29743,-5.49766
7.29555,-5.49825
7.29386,-5.49861
7.29174,-5.49974
7.28954,-5.49991
7.28771,-5.50100
7.28478,-5.50003
7.28217,-5.50130
7.28070,-5.50298
7.27918,-5.50462
7.28000,-5.50650
7.28172,-5.50948
7.28322,-5.51268
7.28471,-5.51567
7.28581,-5.51681
7.28813,-5.51902
7.29060,-5.51963
7.29357,-5.52064
7.29485,-5.52179
7.29451,-5.52486
7.29403,-5.52961
7.29255,-5.53436
7.29189,-5.53888
7.29118,-5.54377
7.29010,-5.54806
7.28977,-5.55154
7.28906,-5.55537
7.28789,-5.56213
7.28709,-5.56565
7.28579,-5.57017
7.28394,-5.57510
7.28245,-5.57939
7.28157,-5.58213
7.27990,-5.58720
7.27847,-5.58957
7.27763,-5.59340
7.27673,-5.59779
7.27608,-5.60121
7.27583,-5.60478
7.27019,-5.60754
7.26917,-5.61041
7.27006,-5.61522
7.27064,-5.61824
7.27098,-5.62290
7.27133,-5.62698
7.27160,-5.62903
7.27044,-5.63186
7.26864,-5.63492
7.26593,-5.63664
7.26336,-5.63855
7.25881,-5.64127
7.25875,-5.64442
7.25655,-5.64501
7.25003,-5.64677
7.25472,-5.64723
7.26083,-5.64782
7.26473,-5.64785
7.27580,-5.64712
7.29497,-5.66817
7.29722,-5.67233
7.29814,-5.67950
7.30499,-5.69281
7.30655,-5.69577
7.32057,-5.71242
7.32331,-5.71490
7.32584,-5.71493
7.32830,-5.71367
7.34141,-5.69047
7.34531,-5.68649
7.35457,-5.68322
7.36166,-5.68738
7.36690,-5.69492
7.36716,-5.69893
7.36557,-5.70820
7.36871,-5.71447
7.38079,-5.72271
7.40660,-5.72687
7.41041,-5.72614
7.41686,-5.72042
7.43077,-5.71795
7.43865,-5.71287
7.44328,-5.71071
7.45901,-5.71067
7.46102,-5.71066
7.46613,-5.71883
7.47159,-5.72680
7.47759,-5.73071
7.48583,-5.73351
7.49675,-5.73402
7.50185,-5.73033
7.50597,-5.71737
7.51076,-5.71180
7.51466,-5.71169
7.52379,-5.71121
7.52825,-5.70543
7.52903,-5.70241
7.53345,-5.69743
7.53756,-5.69228
7.54255,-5.68176
7.54474,-5.67229
7.54728,-5.66386
7.55197,-5.66238
7.55602,-5.66389
7.55983,-5.67213
7.56288,-5.67892
7.56540,-5.68409
7.57863,-5.69712
7.58226,-5.69748
7.58566,-5.69640
7.59558,-5.67394
7.59712,-5.66956
7.59848,-5.66521
7.60224,-5.65902
7.60824,-5.63588
7.60994,-5.63217
7.61305,-5.63230
7.61609,-5.63373
7.61955,-5.63717
7.62259,-5.65676
7.62373,-5.66259
7.63215,-5.67692
7.63701,-5.68528
7.63991,-5.68826
7.64220,-5.68740
7.65046,-5.66752
7.65347,-5.66529
7.65621,-5.66391
7.65875,-5.66543
7.66049,-5.66708
7.66203,-5.67047
7.66258,-5.67718
7.66274,-5.68286
7.66517,-5.68988
7.66893,-5.69523
7.67846,-5.69491
7.68109,-5.69187
7.68260,-5.68904
7.68526,-5.67815
7.69342,-5.67291
7.69502,-5.67327
7.70225,-5.68644
7.70535,-5.68732
7.71184,-5.68551
7.71343,-5.68293
7.71607,-5.67923
7.71773,-5.67665
7.72362,-5.67587
7.72761,-5.67407
7.73201,-5.67354
7.73563,-5.67324
7.73910,-5.67363
7.74231,-5.67264
7.74462,-5.66981
7.74546,-5.66593
7.74657,-5.66314
7.74750,-5.66099
7.74993,-5.65950
7.75241,-5.65923
7.75483,-5.65943
7.75698,-5.66041
7.75972,-5.66179
7.76241,-5.66336
7.76566,-5.66361
7.76931,-5.66423
7.77338,-5.66462
7.77741,-5.66477
7.79122,-5.66606
7.79466,-5.66560
7.79759,-5.66539
7.79953,-5.66385
7.80105,-5.66170
7.80261,-5.65951
7.80313,-5.65745
7.80570,-5.65541
7.81042,-5.65397
7.81212,-5.65403
7.81510,-5.65290
7.81707,-5.65264
7.81895,-5.65205
7.82046,-5.65247
7.82306,-5.65409
7.82553,-5.65474
7.82703,-5.65571
7.82853,-5.65773
7.83102,-5.66228
7.83331,-5.66220
7.83606,-5.66226
7.83853,-5.66131
7.84165,-5.66055
7.84097,-5.65950
7.84108,-5.65652
7.84008,-5.65501
7.84092,-5.65167
7.83947,-5.64900
7.83792,-5.64698
7.83752,-5.64469
7.83616,-5.64230
7.83402,-5.64009
7.83271,-5.63748
7.83126,-5.63482
7.83119,-5.63078
7.83198,-5.62804
7.83310,-5.62453
7.83522,-5.62243
7.83617,-5.62165
7.83788,-5.62006
7.84022,-5.61911
7.84251,-5.61761
7.84440,-5.61574
7.84564,-5.61460
7.84766,-5.61306
7.85005,-5.61174
7.85248,-5.61130
7.85590,-5.61296
7.85736,-5.61425
7.85868,-5.61623
7.85994,-5.61917
7.86209,-5.61982
7.86950,-5.62059
7.87271,-5.62098
7.87564,-5.62085
7.87887,-5.62316
7.88102,-5.62431
7.88398,-5.62722
7.88764,-5.62833
7.89080,-5.62689
7.89420,-5.62576
7.89700,-5.62371
7.89920,-5.62217
7.90191,-5.62044
7.90444,-5.61903
7.90706,-5.61731
7.90968,-5.61508
7.91208,-5.61078
7.91378,-5.60855
7.91466,-5.60608
7.91582,-5.60398
7.91895,-5.60175
7.92260,-5.60292
7.92640,-5.60284
7.92919,-5.60336
7.93166,-5.60415
7.93477,-5.60353
7.93583,-5.60198
7.93736,-5.59969
7.93993,-5.59710
7.94228,-5.59546
7.94475,-5.59492
7.94772,-5.59590
7.95088,-5.59509
7.95405,-5.59314
7.95556,-5.59301
7.95693,-5.59375
7.95981,-5.59418
7.96238,-5.59369
7.96527,-5.59293
7.96793,-5.59060
7.97046,-5.58837
7.97162,-5.58691
7.97332,-5.58536
7.97534,-5.58326
7.97754,-5.58222
7.97966,-5.58045
7.98296,-5.57987
7.98598,-5.57956
7.98869,-5.57797
7.99094,-5.57551
7.99403,-5.57273
7.99688,-5.57051
7.99908,-5.56923
8.00361,-5.56994
8.00653,-5.57083
8.00964,-5.57158
8.01165,-5.57182
8.01449,-5.57151
8.01724,-5.57125
8.01944,-5.57071
8.02101,-5.56884
8.02331,-5.56652
8.02465,-5.56382
8.02502,-5.56277
8.02558,-5.56099
8.02568,-5.55824
8.02569,-5.55663
8.02738,-5.55715
8.02834,-5.55821
8.02906,-5.56004
8.03038,-5.56161
8.03239,-5.56327
8.03439,-5.56442
8.03614,-5.56379
8.03666,-5.56058
8.03617,-5.55825
8.03472,-5.55439
8.03419,-5.55091
8.03594,-5.54871
8.03805,-5.54781
8.04149,-5.54714
8.04533,-5.54652
8.04785,-5.54749
8.05087,-5.54733
8.05487,-5.54510
8.05557,-5.54185
8.05641,-5.54016
8.05691,-5.53916
8.05784,-5.53646
8.05923,-5.53349
8.05979,-5.53133
8.06199,-5.52997
8.06524,-5.53035
8.06798,-5.53110
8.07077,-5.53208
8.07356,-5.53200
8.07539,-5.53242
8.07627,-5.53064
8.07642,-5.52831
8.07570,-5.52523
8.07544,-5.52308
8.07572,-5.52134
8.07861,-5.52112
8.08181,-5.52169
8.08414,-5.52230
8.08660,-5.52369
8.08999,-5.52320
8.09210,-5.52238
8.09421,-5.52166
8.09618,-5.52167
8.09860,-5.52242
8.10043,-5.52266
8.10175,-5.52376
8.10353,-5.52528
8.10572,-5.52749
8.10736,-5.52984
8.10937,-5.53049
8.11216,-5.53032
8.11432,-5.52937
8.11529,-5.52723
8.11722,-5.52448
8.11852,-5.52188
8.11945,-5.51868
8.11988,-5.51625
8.11846,-5.51486
8.11472,-5.51269
8.11271,-5.51282
8.11033,-5.51203
8.10845,-5.51133
8.10673,-5.50944
8.10610,-5.50642
8.10629,-5.50491
8.10567,-5.50073
8.10504,-5.49931
8.10596,-5.49675
8.10638,-5.49514
8.10900,-5.49328
8.11080,-5.49173
8.11304,-5.49069
8.11492,-5.48941
8.11631,-5.48814
8.11747,-5.48544
8.11670,-5.48305
8.11547,-5.48094
8.11365,-5.47960
8.11169,-5.47826
8.10840,-5.47742
8.10524,-5.47640
8.10286,-5.47592
8.10298,-5.47006
8.10112,-5.46762
8.10045,-5.46372
8.10321,-5.46190
8.10495,-5.46155
8.10811,-5.46009
8.10996,-5.45781
8.11038,-5.45571
8.11076,-5.45264
8.11050,-5.44979
8.10937,-5.44731
8.10993,-5.44415
8.10834,-5.44162
8.10886,-5.43833
8.10905,-5.43590
8.10856,-5.43443
8.10559,-5.43327
8.10367,-5.43266
8.10202,-5.43257
8.10107,-5.43045
8.10135,-5.42871
8.10077,-5.42651
8.09977,-5.42343
8.10029,-5.42179
8.10289,-5.42299
8.10568,-5.42296
8.10838,-5.42279
8.11095,-5.42133
8.11289,-5.41882
8.11299,-5.41644
8.11218,-5.41419
8.11018,-5.41221
8.10835,-5.40986
8.10622,-5.40724
8.10462,-5.40512
8.10468,-5.40215
8.10694,-5.39941
8.10855,-5.39740
8.11075,-5.39640
8.11341,-5.39627
8.11515,-5.39638
8.11720,-5.39717
8.11889,-5.39901
8.12062,-5.40049
8.12264,-5.40049
8.12548,-5.40046
8.12841,-5.39979
8.13065,-5.39934
8.13313,-5.39853
8.13515,-5.39785
8.13748,-5.39777
8.14037,-5.39792
8.14274,-5.39922
8.14420,-5.40092
8.14767,-5.40313
8.15072,-5.40521
8.15341,-5.40757
8.15726,-5.40694
8.16075,-5.40577
8.16268,-5.40491
8.16443,-5.40198
8.16495,-5.39919
8.16326,-5.39702
8.16323,-5.39492
8.16438,-5.39263
8.16457,-5.39098
8.16454,-5.38851
8.16359,-5.38621
8.16260,-5.38300
8.16146,-5.38047
8.16235,-5.37837
8.16386,-5.37590
8.16530,-5.37297
8.16604,-5.37036
8.16478,-5.36746
8.16341,-5.36572
8.16132,-5.36337
8.16123,-5.36149
8.16184,-5.35911
8.16226,-5.35783
8.16765,-5.35513
8.16989,-5.35302
8.17162,-5.35067
8.17446,-5.34943
8.18003,-5.35067
8.18429,-5.35484
8.18808,-5.35525
8.19270,-5.35690
8.19809,-5.35543
8.20294,-5.35491
8.20760,-5.35174
8.21267,-5.34719
8.21747,-5.34658
8.22016,-5.34897
8.22127,-5.35343
8.22502,-5.35568
8.22740,-5.35802
8.23033,-5.36206
8.23289,-5.36656
8.23668,-5.36812
8.24158,-5.36996
8.24483,-5.37308
8.24930,-5.37202
8.25547,-5.37288
8.25877,-5.37192
8.25899,-5.36829
8.25547,-5.36456
8.25332,-5.36011
8.24988,-5.35556
8.24718,-5.34849
8.24708,-5.34136
8.24845,-5.33723
8.25151,-5.33846
8.25430,-5.34140
8.25842,-5.34590
8.26176,-5.34939
8.26501,-5.35615
8.26817,-5.36166
8.27001,-5.36570
8.27165,-5.37112
8.27102,-5.37600
8.27125,-5.38225
8.27231,-5.38675
8.27629,-5.39194
8.27958,-5.39263
8.28589,-5.39294
8.29270,-5.39257
8.30157,-5.39211
8.30303,-5.39619
8.30496,-5.40212
8.30656,-5.40745
8.30871,-5.41278
8.31297,-5.41967
8.31892,-5.42459
8.32422,-5.42790
8.32897,-5.43221
8.33579,-5.43685
8.33762,-5.44140
8.34018,-5.44623
8.34142,-5.45009
8.34604,-5.45666
8.35052,-5.46190
8.34824,-5.46434
8.34888,-5.46838
8.35122,-5.47316
8.35442,-5.47761
8.35853,-5.48184
8.35739,-5.48446
8.35643,-5.48732
8.35506,-5.49205
8.36014,-5.49697
8.36311,-5.50009
8.36576,-5.50303
8.36920,-5.50353
8.37335,-5.50303
8.37673,-5.50316
8.37984,-5.50670
8.37779,-5.50895
8.37692,-5.51277
8.37560,-5.51613
8.37459,-5.51976
8.37601,-5.52684
8.37739,-5.53125
8.37588,-5.53401
8.37492,-5.53668
8.37639,-5.54160
8.37904,-5.54601
8.38060,-5.55051
8.38247,-5.55493
8.38745,-5.55915
8.39253,-5.56572
8.39733,-5.56820
8.40258,-5.57275
8.40693,-5.57592
8.41200,-5.58098
8.41415,-5.58590
8.41598,-5.59128
8.41827,-5.59661
8.41900,-5.60066
8.42293,-5.60608
8.42508,-5.61017
8.42636,-5.61656
8.43043,-5.62309
8.43358,-5.62700
8.43655,-5.63090
8.43971,-5.63334
8.44409,-5.63320
8.44670,-5.63242
8.45049,-5.63058
8.45213,-5.62722
8.45181,-5.62139
8.45245,-5.61316
8.45254,-5.61021
8.45702,-5.60828
8.45994,-5.60562
8.45921,-5.60194
8.46131,-5.59513
8.46511,-5.59081
8.46360,-5.58414
8.46154,-5.57771
8.45884,-5.56920
8.45610,-5.56732
8.45217,-5.56341
8.44787,-5.55982
8.44586,-5.55366
8.44618,-5.54783
8.44636,-5.54162
8.44822,-5.53585
8.45234,-5.53344
8.45646,-5.53015
8.45798,-5.52694
8.46096,-5.52249
8.46382,-5.52809
8.46417,-5.53218
8.46681,-5.53621
8.47067,-5.54140
8.47340,-5.54388
8.47744,-5.55090
8.47966,-5.55700
8.48059,-5.56251
8.48154,-5.56820
8.48430,-5.57462
8.48634,-5.57834
8.49079,-5.58426
8.49415,-5.58890
8.49769,-5.59693
8.50045,-5.60134
8.50387,-5.60396
8.50759,-5.61103
8.51205,-5.61328
8.51679,-5.61806
8.52194,-5.61894
8.52682,-5.61940
8.53012,-5.61803
8.53131,-5.61496
8.53215,-5.61189
8.53704,-5.61186
8.54981,-5.61178
8.55153,-5.61831
8.55322,-5.62227
8.55279,-5.62516
8.54965,-5.62412
8.54653,-5.62261
8.54452,-5.62450
8.54670,-5.62911
8.54934,-5.63345
8.55011,-5.63757
8.55000,-5.64226
8.55293,-5.64431
8.55562,-5.64282
8.55843,-5.63814
8.56054,-5.63423
8.56445,-5.63350
8.56736,-5.63633
8.56811,-5.63952
8.57114,-5.64319
8.57242,-5.63737
8.57587,-5.63700
8.58109,-5.64260
8.58631,-5.64466
8.59016,-5.64604
8.59168,-5.64392
8.58987,-5.64088
8.58868,-5.63735
8.58871,-5.63238
8.59162,-5.62748
8.59807,-5.62772
8.60529,-5.63186
8.61066,-5.63162
8.61401,-5.63529
8.61670,-5.63964
8.61748,-5.64707
8.61832,-5.65197
8.61707,-5.65678
8.62063,-5.65889
8.62198,-5.66385
8.62130,-5.66738
8.61890,-5.67008
8.61601,-5.67397
8.61426,-5.67624
8.61242,-5.67859
8.60870,-5.67909
8.60526,-5.68104
8.60803,-5.68419
8.61273,-5.68679
8.61695,-5.69007
8.61856,-5.69384
8.61996,-5.69664
8.62322,-5.70003
8.62484,-5.70122
8.62818,-5.69725
8.63024,-5.69541
8.63552,-5.69688
8.63872,-5.69907
8.64411,-5.70353
8.65065,-5.70751
8.65375,-5.70603
8.65371,-5.70027
8.65295,-5.69564
8.65281,-5.69186
8.65461,-5.68928
8.65708,-5.68754
8.66132,-5.68668
8.66795,-5.68712
8.67155,-5.68969
8.67299,-5.68489
8.67588,-5.68270
8.68466,-5.68324
8.68744,-5.68004
8.69280,-5.68017
8.69540,-5.68042
8.69976,-5.67624
8.70288,-5.67411
8.70780,-5.67538
8.70985,-5.67925
8.71159,-5.68334
8.71692,-5.69209
8.71740,-5.69491
8.71780,-5.69939
8.71890,-5.70112
8.72219,-5.69940
8.72426,-5.69526
8.72536,-5.68967
8.72409,-5.67960
8.72447,-5.67316
8.72702,-5.66801
8.72971,-5.66472
8.73442,-5.66511
8.73812,-5.66944
8.74236,-5.67774
8.74512,-5.68462
8.74785,-5.69114
8.74976,-5.69363
8.75253,-5.69084
8.75478,-5.68670
8.75667,-5.68237
8.75863,-5.68105
8.77111,-5.69696
8.77609,-5.70330
8.78135,-5.70347
8.78765,-5.69861
8.83652,-5.66608
8.84022,-5.66432
8.84013,-5.65861
8.83865,-5.65147
8.83737,-5.64965
8.83480,-5.64774
8.83538,-5.64278
8.83820,-5.63617
8.83934,-5.62878
8.84064,-5.62411
8.84107,-5.61960
8.84240,-5.61194
8.84447,-5.60568
8.84614,-5.60102
8.84942,-5.59612
8.85218,-5.59356
8.85868,-5.59386
8.86293,-5.59198
8.86671,-5.58930
8.87083,-5.58729
8.87251,-5.58415
8.87441,-5.57949
8.87517,-5.57430
8.87414,-5.56944
8.87215,-5.56469
8.87159,-5.56131
8.87489,-5.55743
8.87554,-5.55122
8.87433,-5.54603
8.87459,-5.54088
8.87608,-5.53036
8.87754,-5.52468
8.87903,-5.51789
8.87878,-5.51305
8.87726,-5.50767
8.87635,-5.50373
8.87377,-5.49818
8.87346,-5.49758
8.87114,-5.49318
8.87179,-5.48914
8.86943,-5.48614
8.86571,-5.48296
8.86342,-5.47908
8.86093,-5.47566
8.86007,-5.47356
8.86082,-5.47091
8.86300,-5.46787
8.86611,-5.46417
8.86896,-5.45368
8.87297,-5.44677
8.87709,-5.44521
8.88339,-5.44393
8.88690,-5.44651
8.89328,-5.45182
8.89612,-5.45977
8.89719,-5.46270
8.89750,-5.46736
8.89757,-5.47395
8.89782,-5.47682
8.90127,-5.47994
8.90592,-5.48471
8.90980,-5.48734
8.91321,-5.48834
8.91404,-5.48435
8.90982,-5.47872
8.90642,-5.47366
8.90332,-5.46888
8.90243,-5.46587
8.90168,-5.46290
8.90247,-5.45867
8.90444,-5.45637
8.91008,-5.45439
8.91690,-5.45413
8.92080,-5.45238
8.92365,-5.45010
8.92730,-5.45033
8.93038,-5.45206
8.93274,-5.45682
8.93370,-5.46053
8.93489,-5.46452
8.93626,-5.47032
8.93731,-5.47269
8.94197,-5.46930
8.94645,-5.46743
8.95460,-5.46587
8.95878,-5.46510
8.96344,-5.46567
8.96837,-5.46629
8.97293,-5.46746
8.97353,-5.46342
8.96872,-5.46114
8.96352,-5.45848
8.96155,-5.45663
8.95992,-5.45212
8.96384,-5.44701
8.96724,-5.44276
8.97060,-5.43979
8.97508,-5.43852
8.98372,-5.43928
8.98684,-5.44263
8.98992,-5.44597
8.99272,-5.44964
8.99205,-5.45667
8.99563,-5.45261
8.99738,-5.44242
8.99286,-5.43595
8.98970,-5.43024
8.98658,-5.42478
8.98380,-5.41807
8.98453,-5.41417
8.98952,-5.40871
8.99721,-5.40880
9.00398,-5.41293
9.00864,-5.41756
9.01023,-5.42002
9.01169,-5.42229
9.01763,-5.42487
9.02374,-5.42958
9.02994,-5.43683
9.03383,-5.44264
9.03629,-5.44731
9.03789,-5.45330
9.03972,-5.46104
9.04210,-5.46474
9.04387,-5.47507
9.04734,-5.48133
9.05220,-5.48509
9.06020,-5.48948
9.06513,-5.49020
9.06877,-5.48757
9.07184,-5.48344
9.07455,-5.48102
9.07706,-5.47979
9.08327,-5.48238
9.08885,-5.48261
9.09082,-5.48072
9.09028,-5.47845
9.08762,-5.47479
9.08684,-5.47094
9.08674,-5.46351
9.08853,-5.45765
9.09111,-5.45306
9.09629,-5.44506
9.10061,-5.44249
9.10693,-5.44283
9.11361,-5.44474
9.11850,-5.44703
9.12235,-5.44906
9.12534,-5.44862
9.12749,-5.44646
9.13057,-5.44229
9.13527,-5.43738
9.13859,-5.43465
9.14372,-5.42849
9.14813,-5.42796
9.15113,-5.42909
9.15369,-5.43307
9.15802,-5.43594
9.16100,-5.43205
9.16396,-5.42704
9.16763,-5.42261
9.17145,-5.41989
9.17763,-5.42004
9.18231,-5.42370
9.18600,-5.42859
9.18909,-5.42926
9.18780,-5.42398
9.18859,-5.41947
9.19401,-5.41693
9.19871,-5.42954
9.20211,-5.43451
9.20432,-5.43231
9.20383,-5.42768
9.20164,-5.42348
9.19988,-5.41882
9.19877,-5.41335
9.20029,-5.40905
9.20385,-5.40360
9.20781,-5.40457
9.20968,-5.40309
9.21208,-5.39836
9.21606,-5.39688
9.22014,-5.39467
9.22420,-5.39546
9.22661,-5.39630
9.23092,-5.39401
9.23459,-5.39363
9.23640,-5.39478
9.23884,-5.39826
9.24559,-5.39358
9.24842,-5.39170
9.25259,-5.38784
9.25523,-5.38477
9.26091,-5.38291
9.26359,-5.38188
9.26600,-5.38134
9.26677,-5.38117
9.27086,-5.38162
9.27473,-5.38122
9.27752,-5.38175
9.28068,-5.38150
9.28170,-5.37912
9.28281,-5.37477
9.28530,-5.37220
9.28857,-5.37154
9.29248,-5.37265
9.29717,-5.37585
9.30058,-5.37893
9.30398,-5.38210
9.30704,-5.38056
9.30185,-5.37176
9.30310,-5.36713
9.30527,-5.36460
9.30679,-5.36228
9.31004,-5.36028
9.31481,-5.35998
9.31657,-5.35892
9.31771,-5.35535
9.31912,-5.35219
9.32191,-5.35009
9.32521,-5.35008
9.32919,-5.35225
9.33255,-5.35538
9.33397,-5.35357
9.33497,-5.34999
9.33592,-5.34674
9.33711,-5.34446
9.33929,-5.34327
9.34229,-5.34260
9.34445,-5.34417
9.34670,-5.34953
9.34944,-5.34420
9.35285,-5.34350
9.35617,-5.34261
9.35825,-5.33763
9.35993,-5.33448
9.36296,-5.33243
9.36743,-5.33115
9.37427,-5.33058
9.38879,-5.32259
9.38958,-5.31813
9.38511,-5.30586
9.38422,-5.30032
9.38926,-5.28910
9.39233,-5.28150
9.39371,-5.27032
9.39487,-5.26228
9.39701,-5.25600
9.39704,-5.24600
9.40282,-5.23821
9.40444,-5.22565
9.40717,-5.21675
9.40783,-5.20796
9.41581,-5.20329
9.42250,-5.20223
9.42454,-5.20046
9.41779,-5.19433
9.40871,-5.19222
9.39998,-5.19135
9.38753,-5.19085
