# GsakName=Tartu
58.599538,27.0316908
58.5996734,27.0317065
58.6040859,27.0321829
58.6056582,27.0323648
58.6058751,27.032566
58.6078585,27.0327293
58.6078814,27.0325176
58.6091815,27.0261398
58.6092716,27.0240838
58.6100379,27.0227475
58.6103785,27.0228085
58.6177706,27.0213118
58.6177809,27.0208736
58.6201185,27.0185578
58.6206489,27.018079
58.6208916,27.0178598
58.6228068,27.0161295
58.6234017,27.0168938
58.6263646,27.0206343
58.6265631,27.0210479
58.6266938,27.021179
58.6284054,27.02354
58.629165,27.0245098
58.6292521,27.0245373
58.6323801,27.0223891
58.6325431,27.0221609
58.6362813,27.0195572
58.6362047,27.017434
58.635916,27.0143339
58.6353942,27.00829
58.6339323,27.0058623
58.6356697,27.0006375
58.6388364,27.0039476
58.6390494,27.0027905
58.6392287,27.0016077
58.6393283,27.001291
58.6406777,27.0021715
58.6411005,27.0034289
58.6413162,27.0045145
58.641432,27.0054117
58.641468,27.006071
58.6416,27.0084675
58.6416348,27.00984
58.6425342,27.0132272
58.642654,27.0134485
58.6426726,27.0134787
58.6428365,27.0154958
58.64332,27.0182794
58.6436077,27.0198393
58.6443059,27.0188611
58.6452485,27.0192593
58.6453855,27.0229263
58.6448207,27.0241101
58.6429812,27.0287071
58.6444661,27.0356241
58.6454789,27.0401006
58.6460592,27.0427964
58.6468009,27.0457743
58.6509847,27.0450375
58.6516255,27.044925
58.6517805,27.0449727
58.651883,27.0450387
58.6524114,27.0460324
58.6528424,27.0469889
58.6547323,27.0564842
58.6552783,27.0575424
58.6566919,27.060275
58.6570359,27.0609447
58.655741,27.0659746
58.6548255,27.0659428
58.654558,27.0691938
58.6544504,27.0705023
58.6542699,27.0733892
58.6520279,27.0748359
58.6528033,27.0768107
58.6532035,27.0774282
58.6532202,27.0776609
58.65558,27.0810542
58.6563232,27.0827525
58.6565684,27.0834478
58.6567099,27.0832491
58.6568873,27.0831706
58.6584721,27.0816576
58.6601199,27.0824196
58.6626842,27.0836594
58.6633572,27.0853091
58.6640193,27.0879714
58.6647031,27.08675
58.6689015,27.0780265
58.6706419,27.078334
58.6753762,27.0934855
58.6758812,27.0965491
58.6782171,27.1075758
58.6790949,27.1116898
58.6807984,27.1197314
58.6817927,27.1250364
58.6824451,27.1278228
58.6824647,27.128056
58.68245,27.1284146
58.6797929,27.1289819
58.6811209,27.1342541
58.6773597,27.135139
58.6794579,27.1450478
58.6801261,27.1484415
58.6813631,27.1544177
58.6827927,27.1633913
58.6827961,27.1633977
58.6966188,27.3995828
58.6547884,27.4190881
58.6158505,27.4372236
58.5716336,27.4577933
58.5167152,27.4833053
58.4652576,27.5071733
58.4114704,27.5320846
58.3662713,27.552989
58.3433232,27.5291548
58.3039812,27.4883296
58.2507725,27.4899886
58.2246327,27.4909695
58.202841,27.5118235
58.1892796,27.5244606
58.1794773,27.5337407
58.1910976,27.4804454
58.1912139,27.4801626
58.1913976,27.4799159
58.1914896,27.4797642
58.191576,27.4795446
58.1915898,27.479312
58.1914909,27.4790656
58.1912768,27.4788445
58.1910636,27.4786404
58.1925787,27.4708542
58.1932922,27.4622789
58.1939654,27.4537868
58.1947797,27.4455589
58.1955484,27.4393833
58.1955157,27.4387772
58.1954356,27.4387131
58.1951217,27.4296369
58.1950954,27.4270305
58.1951007,27.4269465
58.1952264,27.4269727
58.1972216,27.4265347
58.1996488,27.4260258
58.2011832,27.4257375
58.201275,27.4256957
58.2014087,27.4255959
58.2015462,27.4254597
58.201657,27.4253267
58.2089407,27.4179132
58.2106168,27.4162822
58.2103046,27.4097427
58.2100088,27.4035743
58.2113599,27.3992922
58.2086375,27.3956084
58.2076739,27.3912453
58.2076703,27.3911576
58.2081563,27.3898399
58.2088919,27.3878102
58.2106553,27.3832232
58.2111692,27.3817501
58.2132678,27.3761852
58.2170571,27.3660497
58.2202209,27.3575954
58.2165002,27.3539743
58.2153747,27.352816
58.2180245,27.3283253
58.2181475,27.3274939
58.2183287,27.325915
58.2187297,27.3224761
58.2193366,27.316956
58.2199346,27.3109694
58.2199737,27.3104994
58.2205155,27.3054901
58.2205244,27.3054078
58.2216169,27.2953671
58.2223182,27.2890879
58.222596,27.2864039
58.2227448,27.2851939
58.2231987,27.2807581
58.2232281,27.2805944
58.2239796,27.2736679
58.2241035,27.2724978
58.2265369,27.2732108
58.228525,27.2740014
58.2328604,27.2755592
58.2330094,27.2755505
58.2332146,27.2756682
58.234248,27.2760941
58.23734,27.2772326
58.2384905,27.2776749
58.2418232,27.279085
58.2427436,27.2794745
58.24496,27.2804109
58.2452934,27.2760232
58.2457287,27.2694581
58.2460719,27.2644983
58.2466182,27.2568906
58.2467735,27.2546025
58.2470586,27.2505514
58.2472046,27.2485049
58.2475325,27.2444661
58.2498687,27.2449713
58.2496842,27.2419942
58.2491343,27.2417405
58.2486065,27.2395701
58.2490764,27.2384647
58.2497984,27.2391516
58.2495726,27.2404206
58.2499063,27.2408688
58.2507481,27.2394786
58.2511622,27.2410941
58.2520215,27.2422847
58.2532361,27.2414396
58.2528257,27.2281012
58.2527335,27.2267521
58.2527845,27.2264435
58.2535225,27.2226248
58.2535632,27.222369
58.2541549,27.2193919
58.2551555,27.2142985
58.2551052,27.2132863
58.2550156,27.2114747
58.2549431,27.2115189
58.2546977,27.2064477
58.2539086,27.2032237
58.2538283,27.2032221
58.2537162,27.2025346
58.253456,27.2000501
58.2532427,27.1981766
58.2528199,27.1922713
58.2530664,27.1889072
58.252924,27.1829538
58.2531069,27.1803431
58.2531143,27.1800139
58.2531197,27.1797713
58.2531338,27.1789089
58.2531581,27.1765689
58.2537621,27.1721557
58.2542824,27.1682938
58.2547452,27.1647654
58.2570033,27.1599805
58.2596968,27.1572521
58.2643356,27.1530994
58.2661407,27.151513
58.2666856,27.1510733
58.2674248,27.1504786
58.2675724,27.1497465
58.2680976,27.1480005
58.2680627,27.1467665
58.2679499,27.1454295
58.2677476,27.143746
58.2679906,27.1431211
58.2681477,27.1420029
58.2682401,27.1399474
58.2676061,27.1401365
58.2672349,27.1399906
58.2672229,27.1398739
58.2662368,27.1372737
58.2648349,27.1342191
58.2641919,27.1339927
58.2640609,27.1330326
58.2624789,27.1332987
58.2587159,27.1339979
58.2573998,27.1342227
58.2560226,27.1343913
58.254295,27.1330838
58.2542436,27.1330566
58.2541471,27.1330509
58.2536091,27.1330878
58.251772,27.1334217
58.2510826,27.1319158
58.2506046,27.1310337
58.2502527,27.1303958
58.2480968,27.1264704
58.2484551,27.1240386
58.2487676,27.1244195
58.2489899,27.1246367
58.2493012,27.1248025
58.2503651,27.1250913
58.2504677,27.1251539
58.2504908,27.1247609
58.2506205,27.1241431
58.2507984,27.1231967
58.2511615,27.1208923
58.2505793,27.1201891
58.2495274,27.118739
58.2496637,27.1183982
58.2489983,27.1127725
58.2488197,27.1112557
58.2478211,27.1050056
58.2466685,27.0980456
58.2460516,27.0943605
58.2459499,27.0926701
58.2457562,27.0899306
58.2455663,27.0858682
58.2494282,27.0830424
58.2520934,27.0811559
58.2521697,27.08114
58.2534471,27.081463
58.2565906,27.0767814
58.2579348,27.0749569
58.256809,27.0717461
58.2568009,27.0717088
58.2568309,27.0716408
58.2584455,27.0692722
58.2584667,27.069257
58.2583991,27.0673095
58.2583463,27.0651205
58.2583833,27.0648838
58.2584782,27.0647706
58.2586173,27.0647375
58.2587532,27.0647803
58.2588395,27.0647174
58.2590467,27.0643909
58.2592031,27.0642578
58.2592958,27.0642375
58.2593663,27.0641505
58.2594963,27.0639389
58.2596694,27.063855
58.2597398,27.0637766
58.2597929,27.0635441
58.2598616,27.0634118
58.2637688,27.0597282
58.2640756,27.0590915
58.2642684,27.0587441
58.2642604,27.0586446
58.2639456,27.0558341
58.2631867,27.0472274
58.2630955,27.0462569
58.2630602,27.0458644
58.2630075,27.0457694
58.2629222,27.0458525
58.2618663,27.0472687
58.2617851,27.0472446
58.2613686,27.0458173
58.2609609,27.0443314
58.2609057,27.0440867
58.2604212,27.0423261
58.2601942,27.0415615
58.260005,27.0414465
58.2575686,27.0432462
58.2570876,27.0437013
58.256026,27.0445524
58.2545033,27.0457109
58.2540339,27.046119
58.2539098,27.0462043
58.2538663,27.0462824
58.2516518,27.042666
58.250089,27.0433864
58.2477495,27.040451
58.2467981,27.0376889
58.2449631,27.0383465
58.2442338,27.0386167
58.2442061,27.0385297
58.2438243,27.0391317
58.2428044,27.0407253
58.2403337,27.0429019
58.2382038,27.0425803
58.2372481,27.0404984
58.2361873,27.0381394
58.2355016,27.036707
58.2354609,27.0365455
58.2354126,27.0362002
58.2346722,27.0346306
58.234455,27.0343187
58.2342521,27.0338442
58.2337109,27.03265
58.2331667,27.0318954
58.2330136,27.0313888
58.2328845,27.0309407
58.2327172,27.0306556
58.232572,27.0305726
58.2324863,27.0305455
58.2324053,27.0304511
58.2323781,27.0302825
58.2322353,27.0298444
58.2321881,27.0293299
58.232152,27.0292196
58.2320431,27.029106
58.2318806,27.0290611
58.2317676,27.028995
58.2314131,27.0285191
58.2311281,27.0283648
58.2310266,27.0281925
58.2309921,27.0275184
58.2309414,27.0273365
58.2309132,27.0272721
58.2308166,27.0271452
58.2306919,27.0270698
58.2297977,27.0262685
58.2296726,27.0262128
58.229517,27.0262473
58.2294083,27.0261958
58.2289544,27.0249529
58.2298003,27.0242863
58.233479,27.0211519
58.2356825,27.0188781
58.2365007,27.0179947
58.2362302,27.0172327
58.2330189,27.0132755
58.2318094,27.0108994
58.2317455,27.0107739
58.230091,27.0075244
58.2293165,27.005995
58.2276288,27.0009368
58.2267969,26.9976772
58.2263087,26.993336
58.2256842,26.9873876
58.2252667,26.98325
58.2292574,26.9811617
58.2296978,26.9802091
58.2313829,26.9767247
58.2323129,26.9770879
58.2341462,26.9783251
58.2347094,26.9777803
58.2352599,26.979045
58.2357268,26.9793664
58.2366342,26.9796797
58.2377548,26.9794047
58.2390381,26.9806891
58.2399218,26.9799175
58.2404118,26.9791322
58.2407209,26.9786366
58.241101,26.978347
58.2412829,26.9771239
58.2409025,26.9762147
58.2408926,26.9761321
58.2405919,26.9753141
58.2405833,26.9751724
58.2404996,26.9746858
58.2403344,26.9733519
58.2402154,26.9725268
58.2400189,26.9712607
58.2398529,26.9699633
58.2398486,26.9698896
58.2395588,26.9675862
58.239454,26.9664041
58.2394392,26.9661491
58.2394675,26.9649978
58.2394495,26.964813
58.2395437,26.9646629
58.2396193,26.9644831
58.2397686,26.964081
58.2398325,26.9638917
58.2398664,26.9637112
58.2398717,26.963613
58.2398746,26.9634242
58.239972,26.9631391
58.2415956,26.9604854
58.2424028,26.959357
58.2418354,26.9585564
58.2411026,26.9573189
58.2398036,26.9556758
58.2389928,26.9548522
58.2382186,26.9541133
58.2380111,26.953955
58.237795,26.9539087
58.236851,26.9538242
58.2366765,26.9537815
58.2364817,26.9535846
58.2359119,26.9522482
58.2355511,26.951575
58.2359868,26.9506215
58.2372808,26.9475481
58.2378211,26.9432921
58.2383575,26.9392077
58.2385663,26.9373777
58.2380438,26.9353995
58.2376893,26.9342644
58.2368031,26.9343149
58.2364477,26.9339245
58.2332551,26.9319564
58.2308233,26.9304067
58.2281341,26.9285032
58.2277777,26.9282483
58.2273398,26.9238843
58.2268537,26.9194737
58.2279509,26.9184592
58.2306194,26.915665
58.2317523,26.9147743
58.2330397,26.9173338
58.2345578,26.9153469
58.2350038,26.9147716
58.2350858,26.9148941
58.2376506,26.9119525
58.2376957,26.9119956
58.2389898,26.9143276
58.2390336,26.9142973
58.2409271,26.9177958
58.24352,26.91434
58.2448578,26.9117169
58.2472744,26.9088127
58.2480701,26.9080291
58.2491671,26.9072814
58.2489713,26.9055641
58.2489382,26.9051242
58.2488976,26.9050813
58.2485531,26.9042716
58.2485063,26.90398
58.2486853,26.9033062
58.2484159,26.9021444
58.248262,26.9020414
58.2481881,26.9018267
58.2480593,26.9016694
58.2479396,26.9014368
58.2476049,26.9019621
58.2475641,26.9019897
58.2474764,26.9019883
58.2473189,26.9021078
58.2473173,26.9021812
58.2473544,26.9022519
58.2473906,26.9022971
58.247325,26.90243
58.2473486,26.9025054
58.2473621,26.9025007
58.247396,26.9025769
58.2473971,26.9026616
58.2473597,26.9027376
58.2472727,26.9028291
58.2472306,26.9028511
58.2471117,26.9028469
58.2470542,26.9026927
58.2470515,26.9026191
58.2470309,26.902547
58.2469209,26.9025435
58.2468764,26.902599
58.2469028,26.902683
58.246937,26.9027452
58.2469637,26.9028179
58.2469397,26.9028892
58.2469027,26.9028806
58.2468731,26.9028105
58.246834,26.9027677
58.2467978,26.9027196
58.2467597,26.9026939
58.2467204,26.9027245
58.246738,26.9027965
58.2467201,26.9028656
58.2466817,26.9029188
58.2467054,26.9029914
58.2466978,26.9030611
58.2466588,26.903075
58.2466214,26.9030211
58.2465949,26.9029455
58.2465572,26.902965
58.2465583,26.9031119
58.2465685,26.9031887
58.2466011,26.9032593
58.2465757,26.9033305
58.2465373,26.9033808
58.2464903,26.9034221
58.2463862,26.9034192
58.2463371,26.9033588
58.2463623,26.9032903
58.2463493,26.9032103
58.2463134,26.9031538
58.2462749,26.9030801
58.2462543,26.9030078
58.2460869,26.9028502
58.2460496,26.9027851
58.2460262,26.902707
58.246017,26.9025878
58.2460365,26.9025161
58.2462024,26.902287
58.2462262,26.9022213
58.2462144,26.9021498
58.246179,26.9020707
58.246102,26.901991
58.2458781,26.9016991
58.2458739,26.9016253
58.2458742,26.9015464
58.2458849,26.9014655
58.2458967,26.9014044
58.2459461,26.9013295
58.2460806,26.9012361
58.246106,26.9011676
58.2461449,26.9010269
58.246154,26.9009544
58.246125,26.9007884
58.2461266,26.9007179
58.2461578,26.9005881
58.2461596,26.900512
58.246133,26.9004364
58.2459646,26.9003859
58.2459256,26.9003375
58.2459391,26.9002654
58.246008,26.9001103
58.2460082,26.9000397
58.245989,26.8999676
58.2458634,26.8999319
58.2458274,26.8998811
58.2458321,26.8998052
58.2458457,26.8997302
58.2458432,26.8995805
58.2458116,26.8993325
58.2457348,26.8992443
58.2456325,26.8990328
58.2455196,26.8987021
58.2454234,26.8983528
58.2453526,26.8982004
58.2450895,26.8975385
58.2450115,26.8973741
58.2447858,26.8967011
58.2446838,26.8965432
58.2443281,26.8961671
58.2442646,26.8960773
58.2437339,26.8951508
58.2424652,26.8910952
58.2424457,26.8910401
58.2424414,26.8909692
58.2424035,26.8906728
58.2423526,26.8906855
58.2420048,26.8901522
58.2409033,26.8888154
58.2400455,26.8881446
58.2381923,26.8860471
58.2368641,26.8846048
58.2365566,26.8842582
58.2345196,26.8860661
58.233344,26.8827498
58.233995,26.8780428
58.2340297,26.8778227
58.23405,26.8777174
58.2315945,26.8758736
58.2279174,26.8731948
58.2262712,26.8722632
58.2256907,26.8719512
58.2256105,26.8719474
58.2242069,26.8724509
58.2238071,26.8725678
58.2237696,26.8725845
58.2237174,26.8725886
58.220663,26.8706549
58.2181757,26.868962
58.2179619,26.8688826
58.2176715,26.8688366
58.2157541,26.8681878
58.2144971,26.8677984
58.2139024,26.8673246
58.2123517,26.8656574
58.2121939,26.8655939
58.2095722,26.8655084
58.209527,26.8655301
58.2094362,26.8656016
58.2094186,26.8655916
58.2093933,26.8655249
58.2093391,26.8654246
58.2093103,26.8653828
58.2092835,26.8653835
58.2090144,26.8655083
58.2066445,26.8654009
58.2041424,26.864894
58.204134,26.8648707
58.2039602,26.8648623
58.2031798,26.8647118
58.2021614,26.8644237
58.2004806,26.865908
58.2001507,26.8661993
58.1995274,26.8602693
58.1980674,26.8603091
58.1970199,26.8574215
58.1957574,26.8545027
58.1956274,26.8541345
58.1964749,26.8534817
58.1966668,26.8533506
58.1964394,26.8494338
58.1964073,26.8490734
58.1957383,26.8452139
58.1914278,26.8415751
58.1892918,26.8372608
58.1892264,26.8371018
58.1885639,26.835493
58.1883926,26.8347724
58.1875483,26.8348174
58.1866133,26.8349257
58.1856061,26.8340761
58.1852763,26.8338583
58.1847003,26.8324747
58.1840102,26.8305411
58.183762,26.8298681
58.1836777,26.8293122
58.183652,26.8290624
58.1832592,26.826601
58.1832516,26.8265384
58.1832431,26.8264532
58.183206,26.8251803
58.1818267,26.8252731
58.1818257,26.8259178
58.1817686,26.8275492
58.1812298,26.8276356
58.1807171,26.8263474
58.1803969,26.8254969
58.1801233,26.8249654
58.1800006,26.8250243
58.1797044,26.8246053
58.1797966,26.8237519
58.1797994,26.8233491
58.1798398,26.8233521
58.1800082,26.8218198
58.1805379,26.8210395
58.1810759,26.8196424
58.1813287,26.8195457
58.1816352,26.8183203
58.1815204,26.8175786
58.1815594,26.8174298
58.1816388,26.8172052
58.181676,26.8171349
58.1817973,26.8170319
58.1818421,26.8170215
58.1819611,26.8169549
58.1819946,26.816921
58.1820481,26.816852
58.1821924,26.8166523
58.1822579,26.8166463
58.1823173,26.8166537
58.1823457,26.8166504
58.1823681,26.8165734
58.1827163,26.8161674
58.182914,26.816169
58.1829351,26.8161595
58.1831082,26.8158636
58.1831297,26.8158314
58.1832173,26.8157709
58.183218,26.8156722
58.1832221,26.8156248
58.183257,26.8155937
58.1832704,26.815592
58.183288,26.8156046
58.1834099,26.8157411
58.1836464,26.8158077
58.1836968,26.8157471
58.1837024,26.8156939
58.1836999,26.8156037
58.1837585,26.8153802
58.1837864,26.8153288
58.1837983,26.8153242
58.1838533,26.8153314
58.1838784,26.815339
58.1838915,26.8153486
58.1839116,26.8153839
58.1839155,26.8154068
58.1839681,26.815518
58.1840107,26.815541
58.1840361,26.8155347
58.1840543,26.815522
58.1840726,26.8154981
58.184099,26.8154495
58.1841158,26.8154311
58.1841322,26.8154297
58.184151,26.8154509
58.1841608,26.8154826
58.1841797,26.8154981
58.1842022,26.8154915
58.1842479,26.8154445
58.184261,26.8153863
58.184261,26.8153188
58.1842517,26.8152729
58.1842399,26.8151988
58.184201,26.8150746
58.1841425,26.8150278
58.1840632,26.8149876
58.183972,26.8148706
58.1839714,26.8147664
58.1839779,26.8147416
58.1839921,26.8147033
58.1840043,26.8146901
58.18404,26.8146902
58.1840593,26.8146945
58.1841621,26.8147506
58.1841992,26.8147563
58.1842579,26.8145893
58.1842975,26.8145474
58.1843137,26.8145543
58.1843205,26.8145802
58.1843375,26.8147561
58.1843577,26.814783
58.1843872,26.8147939
58.1844587,26.8147882
58.184474,26.8147696
58.1845085,26.814688
58.1845175,26.8146212
58.1845205,26.8144861
58.1845385,26.8144088
58.1845617,26.8143685
58.1845901,26.8142947
58.1845895,26.8142551
58.1845687,26.8141887
58.18455,26.8141591
58.1845204,26.8141511
58.1844848,26.814151
58.1844477,26.8141454
58.1844474,26.814089
58.1844497,26.8140526
58.184455,26.8140192
58.1844708,26.8139753
58.184496,26.8139127
58.1845407,26.8138402
58.184581,26.8137025
58.1845915,26.8136302
58.1845923,26.8135937
58.1845107,26.8131817
58.1845449,26.813114
58.1845552,26.8130529
58.1845528,26.8129569
58.1845608,26.8128647
58.1845722,26.8128234
58.1845988,26.8127663
58.1846712,26.8127157
58.1846521,26.8125031
58.1842836,26.8121527
58.1836806,26.8091623
58.1841597,26.807339
58.18418,26.807228
58.1841056,26.8070953
58.1840671,26.8068163
58.1840519,26.8064294
58.1839965,26.8056366
58.1839526,26.8054725
58.1839558,26.8053292
58.1839287,26.8050737
58.1838294,26.8047843
58.183783,26.80453
58.1837053,26.8042759
58.1836816,26.8040741
58.1836329,26.8037887
58.1833736,26.8027321
58.1833365,26.8025939
58.1832696,26.8023211
58.1832091,26.8010211
58.1832235,26.8007716
58.1831926,26.8003524
58.1831662,26.8002659
58.1829227,26.7989654
58.1828574,26.7986928
58.1826583,26.7978745
58.1827061,26.7977966
58.1827358,26.7977314
58.1828252,26.7971839
58.183011,26.7963088
58.1830485,26.7962328
58.1833692,26.7957822
58.1834269,26.79566
58.1834436,26.7955122
58.1833762,26.7946538
58.1833241,26.7945876
58.1832605,26.7943687
58.1826086,26.7929065
58.1825874,26.7928513
58.182279,26.7922723
58.1821252,26.7918941
58.1817752,26.791171
58.1817708,26.7911707
58.1813724,26.7905508
58.1813319,26.7903647
58.1788912,26.7846176
58.1787233,26.7814174
58.1791031,26.7797664
58.1763415,26.7731592
58.1749447,26.7723572
58.1748343,26.7703274
58.1747223,26.7668758
58.174626,26.765154
58.1732936,26.7652808
58.1731618,26.7652564
58.1728082,26.7653048
58.172493,26.7653703
58.1719864,26.7654151
58.1712065,26.7654359
58.1711264,26.7654296
58.1710777,26.7654146
58.1692331,26.7654339
58.16928,26.7650547
58.1693442,26.7647023
58.1694218,26.7644184
58.169618,26.7638764
58.1697851,26.763442
58.1699216,26.7629121
58.1700827,26.7618637
58.1702376,26.7611016
58.1703268,26.7607625
58.1703703,26.7601971
58.1703984,26.7595238
58.170395,26.7588566
58.1703568,26.7583553
58.1703888,26.7578428
58.1704643,26.7578599
58.1714416,26.7581921
58.1726015,26.7559405
58.1722267,26.7492233
58.1703226,26.747868
58.169379,26.747353
58.1698031,26.7461728
58.1688823,26.7437091
58.1669906,26.7451527
58.1663221,26.7438119
58.1657857,26.738077
58.1657833,26.7380515
58.1669357,26.7377831
58.1677615,26.7398988
58.1693139,26.7398415
58.1703341,26.7417695
58.171194,26.7428551
58.1718814,26.7435332
58.1719799,26.7436534
58.1721761,26.7439304
58.172378,26.7442275
58.1727394,26.7447058
58.1735467,26.7454018
58.1752028,26.7468813
58.1769194,26.7475494
58.177206,26.7473633
58.1788152,26.7461283
58.1809012,26.7446403
58.1813686,26.7437276
58.182423,26.744074
58.1835318,26.7441036
58.1859676,26.7441178
58.1865254,26.7428038
58.1875382,26.7424627
58.1882674,26.7421615
58.1890679,26.7418686
58.1890723,26.7389797
58.1890709,26.7389297
58.1889347,26.7341901
58.1889297,26.7340741
58.1891494,26.7339531
58.1891263,26.7337148
58.1892581,26.7336038
58.189413,26.7335229
58.1895551,26.7334888
58.1896857,26.7334313
58.1897633,26.7333471
58.1898763,26.7331447
58.1899778,26.7331215
58.1900518,26.7330709
58.1901062,26.73303
58.1902004,26.7329388
58.1902877,26.7328892
58.1904791,26.7329096
58.1906123,26.7331481
58.190667,26.733234
58.1907328,26.7332869
58.1908008,26.7333765
58.1908738,26.7332329
58.19098,26.7332045
58.191174,26.7332393
58.1911927,26.7332012
58.191242,26.7331938
58.1911763,26.7329973
58.1879503,26.7177669
58.1852521,26.7145535
58.1842319,26.7133397
58.1821385,26.7107353
58.1807374,26.7090008
58.1809707,26.7064312
58.1814015,26.7017198
58.1803825,26.7008609
58.1790351,26.6996224
58.1782581,26.6989165
58.1783831,26.6974839
58.1786599,26.6942008
58.1782542,26.6921258
58.1781438,26.6916245
58.1776562,26.6889159
58.1771939,26.6864692
58.1776669,26.6855691
58.1777348,26.6847931
58.1786122,26.6841407
58.178416,26.6830637
58.1788663,26.6819819
58.1773016,26.6815017
58.1777542,26.6799988
58.177323,26.6794314
58.1774204,26.6778482
58.1777398,26.6772277
58.1787967,26.6749934
58.1787733,26.6731957
58.1781998,26.6699402
58.1790403,26.6686552
58.1788737,26.6679328
58.1789439,26.6677188
58.179428,26.6673273
58.1810703,26.6658942
58.1811253,26.6653211
58.181291,26.6613273
58.1813292,26.6606404
58.1816199,26.6603215
58.1817074,26.660193
58.1822341,26.6595428
58.1827856,26.6588437
58.1828869,26.658764
58.1826832,26.6585461
58.1825883,26.6581758
58.1825259,26.6578923
58.1824156,26.657549
58.181994,26.6569458
58.181736,26.6566984
58.1815038,26.6564191
58.181323,26.6561072
58.1813211,26.6559128
58.1812936,26.6557333
58.1812007,26.6554843
58.1811222,26.6553263
58.1810773,26.6554102
58.1810326,26.6553478
58.18099,26.65546
58.1809249,26.6555874
58.1808305,26.6556959
58.1792075,26.6562159
58.1784912,26.6564776
58.1778938,26.655318
58.1776693,26.6548198
58.1772594,26.6536517
58.1750023,26.6531365
58.1747823,26.6531312
58.1745128,26.653218
58.1744098,26.6533792
58.1742979,26.6537563
58.1742158,26.6541978
58.1741482,26.65437
58.1740621,26.6545015
58.1738921,26.6545986
58.1738328,26.6547321
58.1737626,26.6550336
58.1736934,26.655355
58.1736778,26.6553875
58.1735213,26.6553336
58.1733962,26.6552706
58.1732282,26.6551961
58.1731066,26.6550407
58.1730219,26.6548908
58.1729008,26.6547073
58.1727857,26.6545973
58.1726752,26.6546904
58.17245,26.6548619
58.1722895,26.6549963
58.1722143,26.6550414
58.1721219,26.6550486
58.1720791,26.6549608
58.1719897,26.6547572
58.1718719,26.6546329
58.1717699,26.6546703
58.1717205,26.6547595
58.1716461,26.6551874
58.1715448,26.6554106
58.1714166,26.6555669
58.1712851,26.6555965
58.1710595,26.6557851
58.1708779,26.656008
58.1707257,26.6559598
58.1705925,26.6557191
58.1704741,26.6554063
58.1703735,26.6552382
58.170215,26.655066
58.1699917,26.654934
58.1698542,26.6547575
58.1697698,26.654526
58.1697453,26.6544172
58.1696886,26.654354
58.1696161,26.6543372
58.1695486,26.6542928
58.1693793,26.6543533
58.1692372,26.6543492
58.1690731,26.6543444
58.1690195,26.6544164
58.1688557,26.6547868
58.168733,26.6550337
58.168505,26.6554135
58.1683967,26.6556137
58.1682072,26.6558555
58.1679793,26.6560158
58.1678107,26.6560425
58.167643,26.6560216
58.167394,26.6559832
58.1672214,26.6559899
58.1670505,26.6562698
58.1668278,26.6566751
58.1667403,26.6568797
58.1665992,26.6573701
58.1661026,26.6584275
58.165986,26.6584553
58.1652512,26.6584621
58.161507,26.6594362
58.1610037,26.6598233
58.159511,26.6605834
58.1588859,26.6604662
58.1585201,26.6626558
58.1580969,26.6652462
58.1573137,26.6658625
58.1571321,26.6676326
58.1569126,26.669518
58.1564708,26.6710799
58.1561442,26.6721075
58.1560269,26.6725911
58.1557118,26.6736448
58.1554392,26.6745809
58.1548438,26.6746736
58.1544339,26.6731686
58.1552729,26.6712541
58.1547218,26.6697385
58.1548508,26.6683443
58.1551331,26.6655972
58.155445,26.6627849
58.1557277,26.659869
58.1556765,26.6588355
58.1551955,26.6591538
58.1539338,26.6593967
58.1528747,26.6606142
58.1525049,26.659101
58.1525337,26.6579358
58.1518626,26.6574607
58.1511661,26.657203
58.1502604,26.6574164
58.1476335,26.6584402
58.1475469,26.660442
58.1465069,26.6619531
58.1466137,26.6633788
58.1468588,26.6679227
58.1469607,26.6695786
58.146996,26.6731955
58.1450229,26.6722678
58.1440045,26.6707003
58.1425164,26.6677084
58.1398137,26.6637734
58.1380858,26.6573869
58.1365186,26.6548879
58.1345723,26.6542361
58.134756,26.6565385
58.1342404,26.657439
58.1325691,26.6608985
58.1321168,26.6613341
58.1316499,26.6617601
58.1314445,26.6604936
58.1303207,26.6584835
58.1297827,26.6582548
58.1282544,26.6579492
58.1271847,26.6578999
58.1262646,26.6573109
58.1259936,26.6554858
58.1257734,26.6537125
58.125726,26.6530652
58.1254556,26.6512039
58.1252646,26.6493148
58.1252071,26.648439
58.1245275,26.6459457
58.1244725,26.645542
58.1244269,26.6452074
58.1244025,26.6450257
58.1243989,26.6440557
58.1244589,26.6440293
58.1244781,26.6419702
58.1244666,26.6413792
58.1244933,26.6410242
58.1245362,26.640541
58.1245914,26.6376752
58.1244702,26.6363535
58.1242185,26.6344403
58.1241273,26.6330282
58.1240503,26.6326572
58.1238089,26.631751
58.123604,26.631019
58.122778,26.62754
58.1215772,26.6253486
58.1214154,26.6248984
58.1250739,26.6249638
58.1252576,26.6163678
58.1254583,26.6067019
58.1254606,26.6028288
58.1270779,26.6029334
58.1272707,26.6029587
58.1277715,26.6029055
58.1307684,26.6027403
58.1321146,26.6026452
58.1326108,26.6026
58.1338633,26.6025695
58.1343916,26.6025592
58.1348787,26.6046162
58.1350317,26.605472
58.1358578,26.60698
58.1365932,26.6058012
58.1389167,26.6023515
58.1393614,26.6016979
58.1405676,26.5998039
58.1407661,26.5995543
58.1409708,26.5971087
58.1409677,26.5954437
58.1408659,26.5938081
58.1409586,26.5929825
58.1412146,26.5920255
58.1418078,26.590508
58.1424865,26.5886566
58.1425869,26.5881859
58.1428458,26.5857694
58.1429658,26.5841162
58.1440728,26.5803608
58.1443333,26.578085
58.1444581,26.5775034
58.1455576,26.5772543
58.1452651,26.5737176
58.1460102,26.5718817
58.1456535,26.5707
58.1461253,26.5691422
58.1468102,26.5685113
58.1476313,26.5688633
58.1488271,26.5687081
58.1489231,26.5686656
58.1498829,26.5683458
58.1502865,26.5683159
58.1513091,26.5680441
58.1523791,26.5677868
58.1536425,26.5699404
58.1546737,26.5703499
58.1555887,26.5705485
58.1560742,26.5704402
58.1568065,26.5693062
58.1573661,26.5686969
58.1578761,26.5680361
58.1589984,26.5660016
58.1596811,26.564824
58.1597842,26.5646462
58.1600027,26.5633313
58.1602168,26.5611944
58.1604359,26.5587371
58.1607293,26.5583503
58.1613168,26.557754
58.161698,26.5566926
58.1619137,26.5560977
58.1622026,26.5552687
58.1630184,26.552933
58.1635911,26.5514464
58.164451,26.5490602
58.1644728,26.5459749
58.1644426,26.5429563
58.1644547,26.5410214
58.1649192,26.5398025
58.1652781,26.5388123
58.1651338,26.5360613
58.1643604,26.5325702
58.1640437,26.5290669
58.1637352,26.5253701
58.1647002,26.5228277
58.1655816,26.5196319
58.1656273,26.5195028
58.164986,26.5185483
58.1637812,26.5171403
58.163818,26.5170107
58.163845,26.5166974
58.163913,26.5164237
58.1639337,26.5162028
58.1640239,26.5155481
58.1647756,26.5112344
58.1648027,26.5101642
58.1647967,26.5070855
58.1645251,26.5041202
58.1645086,26.503379
58.164461,26.5030774
58.1644745,26.5026928
58.164409,26.5023196
58.1644102,26.5019567
58.1641299,26.500637
58.1639928,26.4998985
58.1638541,26.4994667
58.1635034,26.4977144
58.1634106,26.4974462
58.163231,26.4963727
58.1631334,26.4952881
58.163135,26.4948999
58.1632285,26.4946111
58.1632748,26.4942993
58.1632845,26.4941058
58.1632609,26.4939437
58.1632161,26.4937295
58.1631413,26.4935949
58.1629897,26.4934408
58.1628458,26.4932701
58.1625963,26.4928784
58.1625382,26.4928097
58.1623995,26.4925269
58.162327,26.4924319
58.162263,26.4923597
58.1622241,26.4922247
58.162199,26.4920599
58.1621843,26.4919013
58.1622035,26.4916072
58.1622276,26.4913614
58.1622148,26.4912563
58.1621923,26.4911899
58.1620999,26.4911244
58.1620894,26.4910506
58.1620573,26.491023
58.1619639,26.490932
58.1599197,26.4889427
58.1588519,26.4878887
58.156154,26.486318
58.1551123,26.484844
58.1543264,26.4835907
58.1530823,26.4815148
58.1523575,26.4804796
58.1525166,26.4796469
58.1527055,26.4772833
58.1528053,26.4739992
58.1526629,26.4716968
58.1524729,26.4699959
58.1523654,26.4678057
58.1524358,26.4664802
58.1524324,26.4657373
58.1512145,26.461909
58.1508035,26.4605641
58.1497479,26.4574898
58.1487766,26.4549727
58.1480617,26.453188
58.1476968,26.4522178
58.1475529,26.4518197
58.1474188,26.4513717
58.1468087,26.4497771
58.146263,26.4489323
58.1449761,26.4471899
58.1446199,26.4464651
58.1439831,26.4451725
58.1424439,26.4422516
58.141774,26.4404368
58.1409536,26.4385582
58.1418548,26.4376249
58.1441689,26.4355174
58.1455202,26.4342941
58.1445125,26.4315619
58.1443883,26.431289
58.1443537,26.4309998
58.1443244,26.4309021
58.1443814,26.430563
58.1445262,26.4303818
58.1448864,26.4295093
58.1450561,26.4294226
58.1450923,26.4293211
58.1451894,26.4292152
58.1452458,26.4290672
58.1454285,26.4288435
58.1458713,26.4285532
58.1460595,26.4280431
58.146345,26.4275733
58.1461028,26.4270196
58.1460155,26.4269966
58.145873,26.4266747
58.1457703,26.4263697
58.1457072,26.4261713
58.145478,26.4253232
58.1452016,26.4244607
58.1446186,26.4232229
58.1440969,26.4225122
58.1440726,26.4222997
58.1437191,26.4211958
58.1435736,26.4204801
58.1435251,26.4197513
58.1434088,26.4188321
58.1430326,26.4175074
58.1428627,26.4165875
58.1443593,26.4138213
58.1443867,26.4139439
58.1444811,26.414063
58.1445395,26.4140388
58.1454224,26.4154655
58.1465478,26.4158629
58.147017,26.4159793
58.1482309,26.4164163
58.149674,26.4168437
58.1500836,26.4169646
58.1507781,26.4161005
58.1508806,26.4159529
58.1509236,26.4160318
58.1509999,26.4160876
58.151579,26.4162873
58.1517682,26.4162666
58.1519178,26.4162176
58.1521016,26.4159404
58.15218,26.4158052
58.1523836,26.4153409
58.152395,26.415291
58.1524125,26.4151516
58.1526733,26.4151188
58.1537428,26.4150256
58.1549468,26.4150402
58.1560453,26.4139674
58.1568601,26.4131086
58.1569317,26.4130234
58.1570345,26.412856
58.1570746,26.4128588
58.1587677,26.4121835
58.1599759,26.4129213
58.1612127,26.4116072
58.1613706,26.4113591
58.1614831,26.4113077
58.1615688,26.4111784
58.1616068,26.4110573
58.1616236,26.4108813
58.1617875,26.4104647
58.1619703,26.4097681
58.1621461,26.4095156
58.162213,26.4093571
58.1622329,26.4091699
58.1621989,26.4088495
58.1621308,26.4083638
58.1622926,26.4066531
58.1628473,26.4060999
58.1635365,26.4064505
58.1639509,26.4067151
58.1656576,26.4074388
58.1659566,26.4076616
58.1665819,26.4080924
58.1667858,26.4082414
58.1668982,26.4082742
58.1670726,26.4082468
58.1672387,26.4081173
58.1673119,26.4080183
58.1674016,26.4079118
58.1676977,26.4073551
58.1682468,26.4064666
58.1687783,26.4051801
58.1690654,26.4054838
58.1694797,26.4059847
58.1714091,26.4082939
58.173622,26.4107803
58.17404,26.4111662
58.1745524,26.4115866
58.1755266,26.4127479
58.1761601,26.4153241
58.1766199,26.416242
58.1780366,26.416181
58.1796755,26.4171852
58.1801434,26.4173636
58.1804599,26.4176891
58.1812681,26.4179583
58.1821769,26.4173194
58.1831238,26.4188956
58.1834494,26.4206127
58.1837082,26.4217818
58.1835896,26.4223845
58.1823886,26.423375
58.1820416,26.424725
58.1818346,26.4252878
58.1810095,26.4246544
58.1806761,26.4242824
58.1802083,26.424408
58.1792409,26.4251526
58.1784937,26.4258135
58.1784636,26.4260676
58.1785077,26.4260986
58.1785749,26.4262356
58.1786172,26.4262779
58.17865,26.4262802
58.1786913,26.4262126
58.1787153,26.4258935
58.1787588,26.4257922
58.1788213,26.4257177
58.1788792,26.4257161
58.1790729,26.4257011
58.1791461,26.4257597
58.1792603,26.4256942
58.1792913,26.4257836
58.1792954,26.4258852
58.1792612,26.4259618
58.1792282,26.4260524
58.1792089,26.4261271
58.1792184,26.4262543
58.1793211,26.4263261
58.1794108,26.4262984
58.1795633,26.426264
58.1796502,26.4263009
58.1797036,26.4263129
58.1797388,26.4262534
58.1797319,26.4261488
58.179633,26.426038
58.1794338,26.425799
58.1794172,26.4257359
58.1794242,26.4256774
58.1794725,26.4256441
58.1795541,26.4256524
58.179575,26.4256511
58.1796624,26.4255867
58.1797482,26.4255307
58.1798945,26.4255012
58.1799379,26.4255661
58.1798749,26.4259052
58.1798728,26.4260149
58.1799143,26.4260965
58.1799365,26.4261065
58.1800266,26.4259804
58.1800821,26.4258772
58.1801289,26.4257593
58.180239,26.4255248
58.1803265,26.4255364
58.1803844,26.4256193
58.1804247,26.4256136
58.1804714,26.4255802
58.180517,26.4255298
58.1805325,26.4254182
58.1804158,26.4249121
58.1804678,26.424834
58.1804945,26.424681
58.1805202,26.4246602
58.1805495,26.4246819
58.1806542,26.4249621
58.1807337,26.4250042
58.1808734,26.4252417
58.1808872,26.4253019
58.1808847,26.4254284
58.1808361,26.425563
58.1808972,26.4257866
58.1808568,26.4259527
58.1806074,26.4263214
58.1806083,26.4264341
58.1806756,26.426647
58.1807225,26.4266812
58.1807601,26.4266584
58.180778,26.426578
58.1808459,26.4265235
58.1809487,26.4265953
58.1809823,26.4265498
58.181095,26.4260197
58.1811649,26.4259402
58.1812105,26.4259657
58.1812728,26.4260545
58.1813044,26.4261834
58.181303,26.4262592
58.1812076,26.4264273
58.1811806,26.4265211
58.1811693,26.426647
58.181175,26.4267319
58.1811888,26.4267892
58.1812253,26.4268282
58.1812642,26.4268139
58.181324,26.4267168
58.181419,26.42665
58.181474,26.4264905
58.1815193,26.4261474
58.1816003,26.4260319
58.1816343,26.4260427
58.1817413,26.4261992
58.1819159,26.4260874
58.1819628,26.4261299
58.1819509,26.4262811
58.1819553,26.4264391
58.182119,26.4265122
58.1823377,26.4264314
58.1824932,26.4263014
58.1825039,26.4262149
58.1824816,26.4259797
58.182482,26.4258812
58.1825157,26.4257512
58.1825546,26.425737
58.1826671,26.4259192
58.1826859,26.4258726
58.1827538,26.4256632
58.1827296,26.4255265
58.1826417,26.4254557
58.1826011,26.4254051
58.1825687,26.4252369
58.1826104,26.4251525
58.1826355,26.4250077
58.182701,26.425001
58.1828369,26.4252046
58.1828579,26.4251919
58.1828756,26.4251283
58.1828673,26.425018
58.1828217,26.4249079
58.1827893,26.4246607
58.1826285,26.4241262
58.1826082,26.4240966
58.1825858,26.4241062
58.1824758,26.424338
58.1824038,26.4242936
58.1824728,26.4239493
58.1825293,26.4238688
58.1826267,26.4237544
58.1826401,26.4236766
58.1826291,26.4236307
58.1825833,26.4236135
58.1825134,26.4236903
58.1824394,26.4237501
58.1824041,26.4237279
58.1823776,26.4236416
58.1823773,26.4235009
58.1824269,26.4233917
58.1825197,26.4233615
58.1826584,26.4233427
58.1827414,26.4232753
58.1828374,26.4232312
58.1829087,26.4232331
58.1829902,26.4233289
58.1830621,26.4235308
58.1830981,26.4235953
58.1831467,26.4236182
58.1832088,26.4235605
58.1832448,26.4234645
58.1832772,26.42325
58.1832843,26.4231126
58.1832997,26.4230827
58.1833284,26.4230593
58.1834072,26.4231378
58.1834725,26.4232239
58.1835895,26.4232517
58.1836071,26.4231824
58.1835813,26.4229752
58.1835854,26.4229163
58.1836819,26.4229202
58.1837077,26.4228966
58.183696,26.4228112
58.1836412,26.4226386
58.1836032,26.4225319
58.183618,26.4223752
58.1836847,26.4223123
58.1837966,26.4223677
58.1838343,26.4223422
58.1839371,26.4221775
58.1840109,26.4221262
58.1840879,26.4220667
58.1841474,26.4219835
58.1841753,26.422008
58.1842043,26.4220437
58.1842531,26.4219767
58.1842634,26.4219014
58.1842315,26.4217837
58.1842463,26.4217116
58.1843086,26.4215667
58.1842619,26.4214397
58.1842417,26.4213284
58.1843229,26.4207343
58.1843394,26.4202624
58.1843108,26.4201198
58.1842619,26.4200375
58.1841796,26.4200601
58.1841227,26.4201603
58.1840609,26.4203616
58.1840147,26.4205217
58.1839741,26.4206232
58.183914,26.4206557
58.1838525,26.4206064
58.1837992,26.4205155
58.1837828,26.4203652
58.1838043,26.4200935
58.183815,26.4199253
58.1838273,26.4195125
58.1838318,26.4192762
58.1838602,26.4189515
58.183894,26.4186667
58.1838785,26.4184658
58.1838329,26.4183586
58.1837631,26.4183538
58.1836806,26.4183933
58.1835988,26.418396
58.1835259,26.4183179
58.1834778,26.4181879
58.1834597,26.418046
58.1834527,26.4178681
58.1835088,26.4175763
58.1835313,26.4174089
58.1835171,26.4172953
58.183464,26.417272
58.1833222,26.4175355
58.1832705,26.4175966
58.1831892,26.4175686
58.1831081,26.4174533
58.1830538,26.4172637
58.1830043,26.4169732
58.1829143,26.4163899
58.1828441,26.4161712
58.1827651,26.4160251
58.182673,26.4159457
58.1824934,26.4159277
58.1823057,26.4159431
58.1821883,26.4160167
58.1820439,26.4161843
58.1819655,26.416238
58.1818871,26.4162185
58.1818535,26.4161121
58.1818687,26.415781
58.1818493,26.4155488
58.1818032,26.4154669
58.1817572,26.4154638
58.1816995,26.4156061
58.1816096,26.4157998
58.1814588,26.4159894
58.1813278,26.4160762
58.1812544,26.4160205
58.1812256,26.4159004
58.1812629,26.4158128
58.1813299,26.4157301
58.1814057,26.4156536
58.181501,26.4155645
58.181534,26.4154766
58.1815296,26.415313
58.1814858,26.4151919
58.1814029,26.4151721
58.1813711,26.4152065
58.1812544,26.4153985
58.1811741,26.4155562
58.1810992,26.4155878
58.1810653,26.4154897
58.1809764,26.4148476
58.1809404,26.4147128
58.1808822,26.4146411
58.1807577,26.4146187
58.1806316,26.4146832
58.1805329,26.4147891
58.1804602,26.4149389
58.1804162,26.4151414
58.1804366,26.4153201
58.1804813,26.4154724
58.1805601,26.4156242
58.1806412,26.415821
58.1806591,26.4159716
58.1806326,26.4161161
58.180562,26.4161563
58.180496,26.4161067
58.1802389,26.4156332
58.180077,26.4153858
58.1799692,26.4152658
58.1798695,26.4151942
58.1797903,26.4152171
58.1797382,26.4152951
58.1797291,26.4153845
58.1797397,26.41545
58.1797885,26.4155433
58.1799222,26.4157074
58.1799444,26.4157905
58.1799428,26.4158777
58.1799201,26.4159717
58.1798649,26.4160581
58.1797708,26.4160799
58.1795964,26.4160313
58.1794415,26.4159617
58.1793229,26.4157903
58.1792286,26.4156657
58.1791904,26.4155617
58.1791665,26.4154109
58.1791448,26.4151448
58.1791118,26.4150019
58.1790623,26.4149478
58.1790112,26.4149809
58.1789584,26.4150955
58.1788592,26.4153844
58.1788159,26.4153953
58.1787656,26.415378
58.1787199,26.4152847
58.1786878,26.4150968
58.178651,26.4148382
58.1785994,26.4146629
58.1785498,26.4146088
58.1784518,26.4146021
58.1783102,26.4146967
58.1782118,26.4147125
58.178044,26.414701
58.1779363,26.4146542
58.1778281,26.4145596
58.1777675,26.4144655
58.177746,26.4143457
58.1777716,26.4142518
58.1778314,26.4141546
58.1778857,26.4140316
58.1779151,26.4138929
58.177912,26.4138194
58.1778719,26.4137435
58.1777628,26.413691
58.1776933,26.4136722
58.1776467,26.4136241
58.1776222,26.4135042
58.1775589,26.4131537
58.1775223,26.4128105
58.1774743,26.412675
58.1774428,26.4126834
58.1774071,26.412693
58.1772978,26.412891
58.1772137,26.413012
58.1771471,26.4129989
58.1771177,26.4129012
58.177158,26.4126534
58.1771621,26.4124399
58.1771176,26.4121187
58.1771113,26.4118285
58.1771493,26.4115467
58.1771152,26.4113867
58.1770226,26.4113298
58.176842,26.411447
58.1767203,26.4116666
58.1766317,26.4117902
58.1765324,26.411851
58.1764372,26.4118557
58.1763451,26.4117707
58.1763376,26.4115421
58.1763698,26.4113304
58.1763618,26.41113
58.1762771,26.4110455
58.176072,26.4111188
58.1758953,26.4111855
58.1757154,26.4111874
58.1756075,26.4109943
58.1755697,26.4108734
58.1754691,26.4106077
58.1754542,26.4104547
58.1756623,26.4100636
58.1756717,26.40996
58.1756526,26.4098687
58.1755719,26.4098153
58.1754502,26.409883
58.1752471,26.410086
58.1750312,26.410181
58.1748537,26.410442
58.1747582,26.410458
58.1745764,26.4104034
58.174356,26.4101857
58.1743057,26.4100163
58.1743413,26.4098611
58.1744475,26.4098289
58.1746097,26.4099778
58.1747515,26.409948
58.1748691,26.4097901
58.174893,26.4097016
58.1748883,26.4095606
58.1748413,26.4093715
58.174819,26.4092126
58.1748096,26.4090823
58.1747359,26.4089704
58.1745491,26.4090985
58.1743163,26.4092205
58.1741809,26.4092254
58.1741381,26.4091324
58.1741404,26.4090115
58.1741169,26.4089143
58.1740564,26.4088116
58.174035,26.4086863
58.1740593,26.4085839
58.1741265,26.4084871
58.1741868,26.4083645
58.1742124,26.4081891
58.1742236,26.4080715
58.1742461,26.4079802
58.1743088,26.4078945
58.174369,26.4077804
58.1743853,26.4077026
58.174384,26.4076152
58.1743323,26.4075133
58.1742559,26.407387
58.1742148,26.4073645
58.1741848,26.4073766
58.1741624,26.4074596
58.1741301,26.4077527
58.1741143,26.4077996
58.17409,26.4078289
58.1739881,26.4078671
58.1738585,26.4079594
58.1737663,26.4080377
58.1737128,26.4080312
58.1736692,26.4079804
58.1736306,26.4079018
58.1736163,26.4077938
58.173649,26.4076357
58.1737042,26.4074677
58.1736853,26.4073736
58.1736641,26.4073102
58.1735875,26.4072768
58.173422,26.4075301
58.1732387,26.4076303
58.1731519,26.4075851
58.1731201,26.4074562
58.1731272,26.4072399
58.1729418,26.4071345
58.1728177,26.4068587
58.1727775,26.4065463
58.1727839,26.4063667
58.1728111,26.4062645
58.1726658,26.4060858
58.1725088,26.4059006
58.1724412,26.405775
58.172383,26.4056302
58.1723377,26.4055879
58.1721585,26.4055504
58.172115,26.4054911
58.171959,26.4051738
58.1718888,26.4048764
58.1716859,26.4045164
58.1715876,26.4043718
58.1715098,26.4043159
58.1713971,26.4042181
58.171088,26.4039018
58.1710196,26.4038182
58.1708485,26.4034324
58.170666,26.4030991
58.1705893,26.4029899
58.170532,26.4029494
58.1704409,26.4029742
58.1703805,26.4030208
58.17033,26.4031721
58.1702928,26.4032568
58.1702503,26.4033046
58.1701944,26.4033458
58.1701273,26.4033552
58.1700016,26.4033214
58.1694112,26.4030113
58.1693225,26.4029856
58.1691945,26.402991
58.1687469,26.4030674
58.1686243,26.4031042
58.1685669,26.4031538
58.1685448,26.4032198
58.1685356,26.403312
58.1685346,26.4035258
58.1685571,26.4036709
58.168605,26.403736
58.168646,26.403767
58.1687847,26.4038242
58.1688381,26.4039066
58.1688651,26.4039761
58.1688764,26.4040809
58.1688453,26.4042335
58.1687581,26.4045202
58.1686454,26.4048165
58.1685528,26.4049959
58.1684525,26.4051102
58.1683835,26.4051393
58.1683233,26.4051014
58.1682369,26.405028
58.1681412,26.4049821
58.1680007,26.4049387
58.1678798,26.4049644
58.1677378,26.4050841
58.1677049,26.4051691
58.1676568,26.4049604
58.1671986,26.403168
58.166715,26.4009093
58.1667386,26.4006858
58.1666052,26.3999537
58.1658794,26.3969725
58.1656407,26.3959916
58.1654918,26.3953792
58.1649285,26.3927609
58.165864,26.3870616
58.1665627,26.3845452
58.1671427,26.3827947
58.1679366,26.380189
58.169365,26.3749017
58.1697113,26.3746662
58.1722111,26.3721096
58.1723396,26.3719944
58.1725103,26.3716934
58.1706255,26.3699125
58.1690129,26.3682795
58.1668719,26.3661189
58.1666939,26.3659382
58.165056,26.3644671
58.1651099,26.3642089
58.1642161,26.363339
58.162626,26.3617756
58.1610419,26.3602043
58.1578894,26.3570265
58.1562887,26.355463
58.1547062,26.3538867
58.1515482,26.3507491
58.150593,26.3498224
58.1500393,26.3492093
58.1497873,26.3489281
58.1482271,26.347351
58.1466865,26.3458318
58.1451305,26.3442637
58.1443993,26.3435181
58.1435856,26.3426544
58.1420009,26.3411073
58.1406398,26.339769
58.1404135,26.3395461
58.1388464,26.3379328
58.1381836,26.3372859
58.1372557,26.3363802
58.135669,26.3347827
58.1349507,26.3341423
58.1331656,26.3323297
58.1325738,26.3317653
58.1328442,26.3309678
58.1330182,26.3304816
58.1334058,26.3294559
58.1336081,26.3288873
58.1338216,26.3282779
58.1343032,26.3269032
58.1350013,26.3250795
58.1350314,26.324896
58.135049,26.3248298
58.1355291,26.3179344
58.1359164,26.3135011
58.1361957,26.3105758
58.1363782,26.3090472
58.1359952,26.3078696
58.1354997,26.3065048
58.1350524,26.3051797
58.1350503,26.3051347
58.1354838,26.3031219
58.1353948,26.3027873
58.1350203,26.3002357
58.1348314,26.299664
58.134477,26.2987921
58.1344158,26.2985632
58.1343418,26.2982126
58.1343153,26.2980339
58.1342817,26.2975932
58.1344345,26.2967907
58.1345617,26.2960062
58.1349243,26.2934687
58.1351112,26.2920161
58.1351225,26.2919662
58.1353027,26.2915395
58.1359148,26.2901677
58.1359852,26.2899782
58.1359916,26.2899477
58.135663,26.2874807
58.1356318,26.2873945
58.134617,26.2847991
58.1336862,26.284635
58.1318671,26.283936
58.1312336,26.283856
58.129892,26.2834688
58.1287832,26.2833636
58.1285608,26.2833325
58.1280971,26.2833195
58.1278644,26.2828689
58.1228249,26.2800098
58.1213648,26.2791826
58.1199862,26.2782903
58.1193154,26.2778933
58.118083,26.2770554
58.1170449,26.2762471
58.1160049,26.2755397
58.1143793,26.2744101
58.1130408,26.2734337
58.1133143,26.2677144
58.1136151,26.2623621
58.113951,26.2569529
58.1143614,26.2479156
58.1143618,26.2476403
58.1143024,26.243945
58.1140794,26.2429392
58.1142135,26.2398966
58.1142138,26.2394307
58.1142138,26.2393742
58.114556,26.2315265
58.1148908,26.2288926
58.115299,26.2253755
58.1155024,26.2233626
58.1141729,26.2162531
58.1147911,26.2109958
58.1152734,26.2068622
58.1152718,26.2038813
58.1152553,26.2023547
58.1152242,26.2004592
58.1152071,26.1989636
58.1145839,26.1921122
58.1150381,26.1875075
58.115812,26.1845378
58.1168223,26.180692
58.1173369,26.1781781
58.118001,26.1722259
58.118045,26.1717426
58.1183074,26.1672688
58.1180486,26.1642298
58.1183426,26.163905
58.1185792,26.1625006
58.1184727,26.162289
58.1171343,26.1598726
58.1177737,26.1592513
58.1176798,26.157262
58.1175922,26.1568156
58.1182777,26.1561971
58.117205,26.1529233
58.1177051,26.1523636
58.1216847,26.1478283
58.1244927,26.1479477
58.121445,26.1383502
58.1212324,26.1377119
58.1211083,26.134258
58.1209894,26.1337285
58.1205991,26.1327894
58.1192851,26.1316469
58.1192008,26.1304468
58.119837,26.1298954
58.1200099,26.1294445
58.1203014,26.1279526
58.1207099,26.1274376
58.120536,26.1261965
58.1206156,26.1250886
58.1214339,26.125222
58.1215629,26.1239175
58.1176141,26.1203687
58.1173383,26.1208579
58.1156625,26.1202521
58.1150267,26.120759
58.1149908,26.1206811
58.1145692,26.1201053
58.1140375,26.1194497
58.113849,26.1191689
58.1142981,26.1181844
58.1142266,26.1176575
58.1160708,26.116641
58.1162203,26.1164983
58.1171015,26.1160844
58.1187466,26.1151431
58.1224284,26.1131454
58.1220363,26.1105314
58.1202897,26.0984328
58.1198229,26.0952808
58.1195155,26.093015
58.1193644,26.0929779
58.1193639,26.0929768
58.1189406,26.0926703
58.1230788,26.071666
58.3555836,26.0665756
58.383594,26.1323761
58.3835956,26.1323801
58.3839373,26.1335529
58.3839767,26.1335893
58.3840449,26.1336077
58.3841772,26.1336071
58.384329,26.1335938
58.3844418,26.133609
58.3845052,26.1337289
58.3845907,26.1336803
58.3846777,26.1337281
58.3847485,26.1337606
58.3848812,26.1337375
58.384948,26.1337416
58.3849912,26.1338236
58.3852674,26.1340214
58.385425,26.1341131
58.3855486,26.1341914
58.3856261,26.1343545
58.3856578,26.1345008
58.3857199,26.1347028
58.3858073,26.1348978
58.3858913,26.1351264
58.3859298,26.1354006
58.3858823,26.1357459
58.3858,26.1359589
58.3857821,26.1362296
58.3857826,26.1365524
58.3857409,26.13683
58.3857331,26.1371099
58.3856917,26.1376311
58.3856433,26.1381207
58.3855935,26.1389669
58.3855891,26.139145
58.3855558,26.1394432
58.3854631,26.1396526
58.3853467,26.1398523
58.3852382,26.140123
58.3851401,26.140301
58.3850032,26.1403947
58.3848876,26.1404556
58.3847658,26.1404511
58.3847021,26.1404359
58.3846602,26.1404559
58.3846553,26.1405718
58.3846135,26.1407587
58.384581,26.1409266
58.3846046,26.1411064
58.384701,26.1412172
58.3848307,26.1412788
58.3849407,26.1413703
58.3850771,26.1415712
58.3852161,26.1417948
58.385394,26.1420887
58.385526,26.1423713
58.3856657,26.1428214
58.3857479,26.1433218
58.3857778,26.143403
58.3857781,26.1436549
58.3858186,26.1438981
58.3859103,26.1440169
58.3865657,26.1447333
58.3868766,26.1449957
58.387084,26.1451215
58.3873094,26.1452429
58.3875753,26.1453526
58.3878588,26.1454633
58.3879221,26.1455039
58.388115,26.145612
58.388397,26.1456461
58.3886226,26.1456626
58.3888793,26.1456897
58.3890101,26.1456977
58.3891624,26.145656
58.3892189,26.1456594
58.38938,26.1457146
58.3896271,26.1457863
58.3897796,26.1458238
58.3899336,26.1459435
58.3900784,26.1460883
58.390207,26.1461329
58.3902762,26.1462617
58.3903713,26.1463525
58.3905238,26.1464778
58.3907353,26.1466294
58.3911621,26.1468905
58.3914775,26.1470598
58.3916753,26.1471427
58.3918476,26.1472409
58.3920407,26.1473348
58.3922372,26.1473242
58.392409,26.1472723
58.3925128,26.1471087
58.3925458,26.1469183
58.3926238,26.1466994
58.3927722,26.1464506
58.3928606,26.1462324
58.3930265,26.1459141
58.393178,26.1457477
58.3935966,26.1455242
58.393749,26.1454768
58.3939543,26.1454666
58.3941251,26.145477
58.3943177,26.1455228
58.3945112,26.1455968
58.3946954,26.1456958
58.3948717,26.1458198
58.3951885,26.1460799
58.395296,26.1461402
58.3953922,26.146163
58.3955562,26.1462269
58.3957122,26.1463185
58.3958477,26.1464797
58.3960297,26.1467144
58.3961029,26.1467755
58.3962008,26.1468806
58.3962779,26.1470694
58.3964018,26.1473969
58.3965123,26.1478057
58.3965148,26.1480155
58.396536,26.1484331
58.3965677,26.1488427
58.3965957,26.1493061
58.3965913,26.1497391
58.3965653,26.1499556
58.3965685,26.150035
58.3966082,26.1501536
58.3967234,26.1502852
58.3968301,26.1504786
58.3970066,26.1507726
58.3973128,26.1513888
58.3974402,26.1516827
58.3975673,26.1519057
58.3977038,26.1521859
58.3979769,26.1529134
58.3984512,26.1539788
58.3988534,26.1547228
58.399197,26.1553272
58.3998225,26.1561444
58.4001554,26.1566802
58.4004012,26.1571852
58.4005944,26.1576276
58.4006425,26.1577721
58.4006876,26.1579165
58.4007167,26.1580429
58.4009012,26.1584762
58.400959,26.1584005
58.4012545,26.1578917
58.4013102,26.157762
58.4013146,26.1576774
58.4013074,26.157575
58.4013061,26.1574758
58.4013094,26.1573684
58.4013213,26.1572784
58.4013326,26.1572281
58.4018114,26.1561643
58.401893,26.156005
58.4019847,26.1558549
58.4020529,26.155774
58.4022684,26.155603
58.4023813,26.1555194
58.4026478,26.1554112
58.4027296,26.1554105
58.4029665,26.1554702
58.4032176,26.1556555
58.4033075,26.1557007
58.4034827,26.1559805
58.4035547,26.1561124
58.4036204,26.156278
58.4036795,26.1564741
58.4037155,26.1566321
58.4037492,26.1568352
58.4038002,26.1573398
58.4038051,26.1575723
58.4038069,26.1579972
58.403813,26.1581648
58.4038587,26.1597735
58.4038593,26.1601787
58.4038554,26.1604928
58.403829,26.1622303
58.4038235,26.1624679
58.403822,26.1626434
58.4038344,26.1627915
58.4038494,26.1628689
58.4038678,26.1629267
58.4038981,26.1629766
58.4039347,26.1630129
58.4043865,26.1631086
58.4048732,26.1632546
58.4049608,26.1632629
58.4050101,26.163249
58.405064,26.1632268
58.4051339,26.1632225
58.4052008,26.1632237
58.4052719,26.1632423
58.4053353,26.1632689
58.4054309,26.1633286
58.4055482,26.1634236
58.4056388,26.1635169
58.4057159,26.163618
58.4057866,26.163747
58.4058513,26.1638785
58.4059054,26.1640177
58.4059634,26.1641941
58.4060076,26.1643894
58.4060344,26.1646573
58.4060395,26.1649693
58.4060635,26.1651293
58.4060838,26.1652495
58.4061002,26.1654204
58.4061185,26.1655718
58.4063436,26.166407
58.4064409,26.1667218
58.4068706,26.1674224
58.4069961,26.1675606
58.4071102,26.1676723
58.4076418,26.1679741
58.4080934,26.168257
58.4081816,26.1683191
58.4083281,26.1684471
58.4083935,26.168536
58.4086326,26.1688936
58.4087595,26.169128
58.4089815,26.1696261
58.4093011,26.1705069
58.4094768,26.1711042
58.409509,26.1713046
58.4095335,26.1716149
58.4095387,26.172533
58.4095592,26.1734294
58.4094781,26.17496
58.4094535,26.1757034
58.4093093,26.1764933
58.4091188,26.1770255
58.4088419,26.1775665
58.4085471,26.1778542
58.4084748,26.177912
58.4079044,26.1784915
58.4078209,26.1785938
58.4077874,26.1786427
58.4077535,26.1787144
58.4077238,26.1787947
58.4076738,26.1789417
58.4076595,26.1789946
58.4072285,26.1822935
58.406851,26.1858507
58.4068469,26.1860912
58.4068377,26.1870651
58.406858,26.1875252
58.4068816,26.1877108
58.4069175,26.1878688
58.4070236,26.1881871
58.4070786,26.1882726
58.4071251,26.1883351
58.4071784,26.1883497
58.4072285,26.1882905
58.4073468,26.1880656
58.4073646,26.1879817
58.4073639,26.1879392
58.407399,26.1878847
58.4074489,26.1878368
58.4074743,26.1878242
58.4074959,26.1877831
58.4075314,26.1877031
58.4076061,26.1875123
58.4076278,26.1874626
58.4076404,26.1874153
58.4076865,26.1873275
58.4078414,26.1871445
58.4080203,26.1870252
58.408213,26.1868871
58.4083406,26.1868101
58.4087151,26.1866463
58.4088419,26.1866231
58.4090886,26.1865449
58.4093059,26.1864395
58.4094183,26.1863898
58.4094712,26.1863421
58.409757,26.1861418
58.41017,26.1859038
58.4103255,26.1858512
58.4105283,26.1858157
58.4105877,26.1858223
58.4106246,26.1858359
58.410971,26.1860102
58.4110468,26.1861
58.4111046,26.1862
58.4111432,26.1862902
58.4111756,26.1863884
58.4112384,26.1866331
58.4112737,26.1867403
58.4113856,26.1870644
58.4114311,26.1871891
58.4114862,26.187354
58.4115429,26.1875134
58.4117384,26.1878258
58.4118099,26.1879039
58.4118479,26.1879374
58.4118776,26.1879422
58.4119101,26.1879526
58.4119454,26.1879746
58.4119733,26.1879991
58.4119906,26.1880285
58.4120134,26.1880865
58.4124037,26.1889919
58.4128232,26.1905395
58.4128363,26.1905545
58.4128484,26.1906345
58.4129087,26.1908423
58.4135369,26.1902807
58.4138869,26.1896338
58.4142062,26.1884383
58.4144238,26.1864146
58.4146909,26.186009
58.4167101,26.1845195
58.4171826,26.1839255
58.4176473,26.1831836
58.4183054,26.1819038
58.4191832,26.1812613
58.4202324,26.1812895
58.4208842,26.1810777
58.4219555,26.1798036
58.4226779,26.1792987
58.4232519,26.1794617
58.4237893,26.1802092
58.4246121,26.1805181
58.4250578,26.1803614
58.4254777,26.1797158
58.4266071,26.1773058
58.4275329,26.1766291
58.4282186,26.1765241
58.4294486,26.176674
58.4305315,26.176466
58.4312459,26.1757221
58.4322274,26.1741302
58.4330376,26.1736133
58.4336686,26.1738366
58.4341869,26.174566
58.4347851,26.1750622
58.4357691,26.1749021
58.4363491,26.1742773
58.4377404,26.172288
58.4385312,26.1708058
58.4413867,26.1670693
58.4419855,26.1665617
58.4422525,26.1663371
58.4435875,26.1659004
58.443975,26.1652297
58.4448794,26.1631041
58.4450496,26.1626132
58.445726,26.1613872
58.446183,26.1610863
58.4466433,26.1612055
58.4477178,26.1620258
58.4480141,26.1627022
58.4484035,26.163591
58.449545,26.1656295
58.4501781,26.1660769
58.4507095,26.1659564
58.451086,26.1656429
58.4516957,26.1651352
58.4526969,26.1629023
58.4533763,26.162025
58.4540061,26.1617886
58.4545828,26.1618042
58.4555448,26.1624108
58.45594,26.1623416
58.4562898,26.1618753
58.4571838,26.159119
58.4575802,26.1584456
58.4580149,26.1583276
58.4584166,26.1585707
58.4585836,26.1588931
58.4589014,26.1597948
58.4594082,26.1606856
58.4600315,26.1614586
58.4605497,26.1612294
58.4610845,26.160729
58.4613811,26.1602451
58.461626,26.1589523
58.4618052,26.1574937
58.4620653,26.156352
58.4625755,26.1551889
58.462928,26.1548248
58.4632285,26.1549027
58.4639516,26.1561897
58.464563,26.156877
58.4652403,26.1572704
58.4655907,26.1570309
58.4657407,26.1568643
58.4657931,26.1564929
58.4656686,26.1547033
58.4657222,26.1535518
58.465964,26.1531411
58.4662218,26.1532846
58.4667795,26.1542437
58.4671598,26.1546132
58.4674631,26.1546148
58.4676227,26.1541421
58.4674893,26.1534134
58.467435,26.1527544
58.4674774,26.1516419
58.4675918,26.1508515
58.4677778,26.1506614
58.4681031,26.1507722
58.4683696,26.1513674
58.4686286,26.1516131
58.4689274,26.1519663
58.4691995,26.152054
58.4696291,26.1521511
58.4699922,26.1521251
58.4702788,26.1518845
58.4705131,26.1514787
58.4705557,26.1508883
58.4701381,26.1498156
58.4700312,26.1488329
58.4702498,26.147592
58.4704874,26.1473398
58.4707151,26.1473252
58.4709245,26.1476048
58.4709536,26.1480012
58.471101,26.1484301
58.4713762,26.1486853
58.4716199,26.1486009
58.471808,26.1482917
58.472161,26.1470079
58.4725004,26.1454847
58.4728929,26.1449497
58.4733413,26.1448948
58.473533,26.1453407
58.4734723,26.1463048
58.4735434,26.1483581
58.4740668,26.1504789
58.474387,26.1508874
58.4746418,26.1510306
58.4750465,26.1510129
58.4754249,26.1504343
58.4754793,26.1497621
58.4754407,26.1489624
58.4754547,26.147686
58.4756419,26.1470674
58.4759304,26.1468892
58.476373,26.146831
58.476588,26.1471252
58.4766251,26.1475759
58.4764425,26.1487993
58.4764917,26.1493191
58.4765893,26.1495349
58.4766839,26.1498275
58.4769889,26.1500845
58.4775444,26.1495792
58.478137,26.1495247
58.4784643,26.1488947
58.4787139,26.1476611
58.4787359,26.1468874
58.4788535,26.1462561
58.4793351,26.1453714
58.4795871,26.1451513
58.4800028,26.1450064
58.4804998,26.1454256
58.4805259,26.1460006
58.4802924,26.146713
58.4799286,26.1474004
58.4798151,26.1477796
58.479673,26.1494228
58.4798394,26.1500546
58.4801326,26.1504785
58.4805447,26.1506372
58.4808392,26.1504537
58.4810936,26.1499981
58.4815559,26.1487632
58.4817742,26.1485153
58.4820196,26.1484168
58.4828794,26.1487419
58.4833079,26.1489867
58.4837282,26.1498129
58.4838013,26.1502404
58.4837767,26.1506421
58.4835449,26.1508152
58.4825169,26.1504996
58.4822466,26.150835
58.4819874,26.1515771
58.4816714,26.1530424
58.4818097,26.1548024
58.4819631,26.1556691
58.4822163,26.1558208
58.4824127,26.1556313
58.483104,26.1538712
58.4833767,26.1534819
58.4837055,26.1532836
58.4839602,26.1533501
58.4841482,26.1537478
58.4842449,26.1542762
58.4844461,26.1559237
58.4847385,26.1563959
58.4849617,26.1562932
58.485596,26.1542085
58.4861584,26.1533005
58.4867822,26.1529839
58.4874077,26.1530052
58.4876667,26.1533419
58.4876235,26.1538786
58.4868572,26.1553307
58.4867738,26.1561348
58.4869845,26.156687
58.4873144,26.15696
58.4879783,26.1569157
58.4884047,26.1572797
58.4885022,26.1577571
58.4881877,26.159657
58.4882612,26.1605047
58.4885363,26.1609447
58.488942,26.1609527
58.4895485,26.1606011
58.4899246,26.1609593
58.4903371,26.1621487
58.4905631,26.1623303
58.4906814,26.1621018
58.4907687,26.1606251
58.4910201,26.1603537
58.4916365,26.1603916
58.4918645,26.1590341
58.4919567,26.1581511
58.4921264,26.1564606
58.4923898,26.1560054
58.4926913,26.1559387
58.4929147,26.1567959
58.4932537,26.1576771
58.4935534,26.1577125
58.4942799,26.1569479
58.4947419,26.1569706
58.4949937,26.1578237
58.4951623,26.158581
58.4953092,26.1588627
58.4959712,26.1592754
58.4961289,26.1597139
58.4962759,26.1599843
58.4991866,26.1672211
58.4952377,26.1735429
58.4921317,26.1785498
58.486735,26.1872604
58.490739,26.1961988
58.4909218,26.1966333
58.4923842,26.1998709
58.4942715,26.202687
58.4932689,26.2038452
58.4935654,26.2045879
58.4939006,26.2071364
58.4896459,26.2176133
58.4876815,26.2222676
58.4908624,26.2295764
58.4968314,26.2438205
58.4993886,26.2499257
58.500693,26.2531992
58.5112587,26.2799744
58.5144658,26.2881476
58.5145942,26.2883634
58.5156608,26.2911695
58.5183729,26.2983006
58.5203771,26.3030218
58.5204148,26.3053065
58.5211266,26.3059102
58.5212243,26.3065959
58.5213559,26.3077074
58.5217754,26.3086046
58.5217429,26.3092506
58.5222353,26.3112981
58.522412,26.3119719
58.5233498,26.3175052
58.5241568,26.322291
58.525086,26.3278753
58.5249255,26.3278646
58.5248046,26.3330412
58.5289195,26.338304
58.5307089,26.3406294
58.5321311,26.3407443
58.5322909,26.3407094
58.5354798,26.3410589
58.5352016,26.3424506
58.5351275,26.3426815
58.5343904,26.3463997
58.5339547,26.3489207
58.5334955,26.3515029
58.5334552,26.3518357
58.5334536,26.3522479
58.5334776,26.3524769
58.5335362,26.3526884
58.5345452,26.3603248
58.5345437,26.3604839
58.5344795,26.3608265
58.5339792,26.3622343
58.5326943,26.3657188
58.5299863,26.3732176
58.5284805,26.3772889
58.5280086,26.3786044
58.5275835,26.3797951
58.5254192,26.3804043
58.5252642,26.3803455
58.5231674,26.3809195
58.5174383,26.3826905
58.512913,26.3840881
58.5128991,26.384198
58.5124015,26.385764
58.5095486,26.3949064
58.507208,26.4023836
58.5086325,26.4017508
58.5087789,26.4019456
58.5109421,26.4010907
58.5109573,26.4001966
58.5110193,26.400144
58.5138001,26.3996523
58.5138413,26.3995131
58.513972,26.3953901
58.5144741,26.3951744
58.516565,26.3990543
58.5179272,26.4003922
58.5232466,26.4033685
58.5258406,26.4047485
58.5275019,26.4057523
58.5281582,26.4061213
58.5306069,26.4073243
58.5304645,26.4085654
58.5299036,26.4133315
58.5311682,26.415585
58.5304437,26.4170986
58.5293295,26.4204391
58.5296474,26.421004
58.5298443,26.4214441
58.5299963,26.4218214
58.5307427,26.4241018
58.531114,26.4234139
58.5317916,26.4221842
58.533312,26.4194601
58.5334032,26.4195915
58.5368464,26.4229285
58.5371009,26.4231509
58.5368003,26.42466
58.5401294,26.4358815
58.5366551,26.4403065
58.5363512,26.4407261
58.5362535,26.440469
58.536209,26.4403095
58.5360206,26.4405182
58.5347198,26.4423015
58.5358806,26.4452145
58.5376557,26.4499791
58.5363096,26.4507779
58.5358957,26.4510446
58.536948,26.4548746
58.5384157,26.460298
58.5376277,26.46231
58.5371266,26.4635488
58.5370281,26.4637239
58.5361624,26.4655966
58.5332758,26.4721807
58.5288989,26.4820698
58.5302195,26.4856718
58.5302405,26.4858097
58.5295774,26.4882618
58.5293679,26.4890969
58.5293595,26.4892215
58.5293799,26.4893195
58.5311558,26.4937304
58.531875,26.494825
58.5337758,26.497633
58.5338645,26.4977331
58.5338953,26.4977552
58.5339527,26.497711
58.5363694,26.4907343
58.5381294,26.4857065
58.5403472,26.489888
58.5441148,26.4973231
58.5429028,26.499842
58.5433792,26.5023332
58.5424605,26.5046027
58.5431115,26.5047004
58.543725,26.5056403
58.543943,26.5052122
58.543814,26.5045886
58.5441789,26.5037927
58.5446612,26.5034602
58.5450782,26.5092925
58.5452608,26.5137825
58.5453094,26.5138087
58.546052,26.524978
58.5467152,26.5353827
58.5467371,26.5354014
58.5468582,26.5364199
58.5460053,26.5443512
58.5420718,26.541139
58.5419432,26.5410301
58.5411876,26.5401364
58.5410417,26.5399949
58.5409272,26.5399213
58.5405836,26.5397741
58.5400655,26.5393526
58.5397699,26.5389671
58.5396439,26.5387219
58.539168,26.5375215
58.5390398,26.5372363
58.5389648,26.53712
58.5382847,26.5365447
58.5382075,26.5364679
58.5388811,26.5348815
58.5388395,26.5346567
58.5381915,26.5286151
58.5379765,26.5270013
58.5379289,26.5254167
58.5379886,26.5212463
58.5373796,26.5208357
58.5348294,26.520459
58.5348086,26.5204604
58.534693,26.5204406
58.5346249,26.5204983
58.5345466,26.5206263
58.5345482,26.5207743
58.5345647,26.5209149
58.534512,26.5211755
58.5343092,26.5218121
58.534262,26.5220191
58.5340721,26.52252
58.5339582,26.5229441
58.5339064,26.5230854
58.533761,26.5233706
58.5337409,26.5234801
58.5337434,26.5235827
58.5337727,26.5237582
58.5338234,26.5238244
58.5339374,26.5238498
58.5341119,26.5240528
58.5341529,26.5243116
58.5340929,26.5244892
58.5340186,26.5246375
58.5338266,26.5248711
58.5334979,26.5253279
58.5334359,26.5253803
58.5332798,26.5254516
58.5332522,26.5254978
58.5332211,26.5257174
58.5332472,26.5261287
58.5333025,26.5262636
58.5333576,26.5263328
58.5335131,26.5264464
58.5335412,26.5266021
58.5335267,26.5267374
58.5334454,26.5269364
58.5332166,26.527153
58.5332069,26.5273428
58.5332719,26.5275893
58.5332886,26.5277241
58.5332036,26.5278886
58.5331212,26.5279935
58.5329125,26.5280951
58.5327815,26.5282533
58.5327591,26.5282603
58.5327608,26.5282461
58.5326562,26.5284262
58.5326273,26.5285322
58.5325391,26.5291572
58.5325077,26.5292458
58.5323089,26.5294476
58.5321851,26.5297656
58.5321591,26.5303324
58.5320693,26.5306614
58.5319836,26.5308629
58.5317712,26.5312228
58.5314802,26.5315772
58.5314187,26.5316067
58.5313086,26.5316046
58.5311355,26.5314157
58.5311005,26.5314503
58.5310566,26.5316433
58.530964,26.5323416
58.5308969,26.5325785
58.5308102,26.5327513
58.5307034,26.5330394
58.5307148,26.5332108
58.5307311,26.5332915
58.5308946,26.5335962
58.530924,26.5337633
58.530924,26.5345935
58.5308728,26.5348486
58.5308812,26.5350254
58.5309419,26.5351918
58.5310028,26.5352673
58.5311188,26.5353468
58.5311371,26.5353964
58.5311176,26.5356282
58.5311037,26.5359541
58.5311313,26.5363656
58.5311921,26.5366002
58.5311967,26.5365892
58.5312293,26.5366711
58.5312996,26.5368042
58.5314254,26.5369043
58.5314733,26.5369703
58.5315054,26.5370721
58.5315275,26.5373069
58.5315245,26.5378384
58.5314929,26.5380807
58.5313573,26.5383949
58.5312998,26.5385955
58.5312934,26.5387656
58.531307,26.538906
58.5313277,26.5399652
58.5313041,26.5401796
58.53111,26.5405181
58.5309645,26.5406553
58.5309519,26.540771
58.5309943,26.5411096
58.5310004,26.5410987
58.5310417,26.5412609
58.5311231,26.5414345
58.5311325,26.5415602
58.5311073,26.5416295
58.5308769,26.5419257
58.5308225,26.5419671
58.5307048,26.5419814
58.5306384,26.5420335
58.5305878,26.5421093
58.5304897,26.5423326
58.5304266,26.5426635
58.5303557,26.5432383
58.5302427,26.5433154
58.5299957,26.5432464
58.529903,26.5432737
58.5298049,26.5434173
58.5297988,26.5435761
58.5298286,26.5437205
58.5298366,26.5439229
58.5297403,26.5442798
58.5297753,26.5446121
58.5298911,26.5452945
58.5298952,26.5453885
58.5298653,26.5455456
58.5296038,26.5464335
58.5295204,26.5466635
58.5293717,26.5469626
58.5292664,26.5470288
58.5291613,26.5470013
58.5289237,26.5467595
58.5287177,26.5464999
58.5285579,26.5463888
58.5284113,26.5463555
58.5283232,26.5463747
58.5281816,26.5464668
58.5280948,26.5465684
58.5280392,26.5466696
58.5279705,26.5469091
58.527966,26.5469885
58.5279819,26.5470862
58.5280346,26.5472777
58.5281345,26.5473389
58.5281879,26.5474196
58.5281788,26.5476521
58.5281304,26.5480692
58.5280949,26.5482118
58.5280094,26.5483932
58.5279868,26.5485592
58.5279717,26.5490188
58.5279283,26.5492572
58.5278634,26.5493804
58.5278075,26.5493537
58.5311125,26.5552065
58.5354257,26.5627637
58.5360821,26.5639264
58.5338805,26.5673824
58.5294023,26.5742392
58.5290997,26.574649
58.5289598,26.574798
58.5289549,26.5749712
58.5286554,26.5764105
58.5284218,26.5773031
58.5282538,26.5778936
58.5281784,26.5780926
58.5274897,26.5795063
58.5258955,26.5829085
58.5245067,26.5857798
58.5239788,26.5867357
58.5225397,26.5892932
58.5212885,26.5915316
58.5202572,26.5946561
58.5183307,26.6003432
58.5183248,26.6007094
58.5181032,26.6012245
58.5179745,26.6014822
58.517698,26.6016947
58.5176204,26.6017828
58.517495,26.6021743
58.5174782,26.6023406
58.5175034,26.6025642
58.517373,26.6031997
58.517323,26.6033211
58.5171665,26.6034829
58.5171137,26.6035954
58.5167617,26.604746
58.5166259,26.6050627
58.5162095,26.6059385
58.5160217,26.6065412
58.5154438,26.6076864
58.5177648,26.6139073
58.5197603,26.6187887
58.5205095,26.6177162
58.5207553,26.6183486
58.5211976,26.6194844
58.521213,26.6195282
58.5208885,26.6205614
58.5207317,26.6278608
58.5208156,26.6279722
58.5225348,26.6308671
58.5230669,26.6314556
58.523448,26.6318679
58.5229546,26.6369223
58.5228609,26.6380068
58.5226486,26.6431135
58.5228077,26.6440494
58.5239333,26.6504681
58.5242478,26.6497813
58.5247089,26.6486278
58.5254164,26.6467764
58.5254619,26.6468736
58.5263551,26.6502076
58.5268352,26.6523051
58.5313974,26.6460592
58.5314544,26.6459611
58.5314629,26.6459106
58.5316229,26.6428403
58.5318932,26.6429261
58.5320681,26.6427431
58.532176,26.6425579
58.5327381,26.6425548
58.5332147,26.6425225
58.5334379,26.6426587
58.5339905,26.642905
58.5449615,26.6433057
58.5457913,26.6432346
58.5457922,26.6432602
58.5457949,26.6433486
58.5458066,26.6435002
58.5458191,26.643541
58.545839,26.6435881
58.5458762,26.6436591
58.5459068,26.6436898
58.5459405,26.6437152
58.546042,26.6437712
58.5460712,26.643799
58.5460882,26.6438345
58.5461159,26.6439361
58.5461314,26.644051
58.5461447,26.6441259
58.5461747,26.6441851
58.5462124,26.6442305
58.5462426,26.6442813
58.5463028,26.6444622
58.5463439,26.6445591
58.5463547,26.6446141
58.5463618,26.6447028
58.5463614,26.6447937
58.5463553,26.644873
58.5463538,26.6449468
58.5463562,26.6450494
58.5463781,26.6451363
58.5463998,26.6451665
58.5464366,26.6451863
58.5464765,26.645195
58.5465776,26.6452026
58.5466408,26.6452359
58.5466932,26.6452911
58.5467043,26.6453316
58.547374,26.6443667
58.5487306,26.645934
58.5514087,26.64796
58.5522676,26.6487106
58.5524833,26.648926
58.5530261,26.6494279
58.5534373,26.6497494
58.5542472,26.6509316
58.5559973,26.6553293
58.5566544,26.6574223
58.5585192,26.661724
58.5600783,26.665417
58.5606642,26.6668502
58.5607101,26.6668594
58.560769,26.6668895
58.5608122,26.6669583
58.5608673,26.667028
58.5608984,26.6671043
58.5609124,26.6672875
58.5609273,26.6673625
58.5609641,26.6674479
58.5610158,26.6674633
58.5610828,26.6674599
58.5611771,26.6674357
58.5612372,26.6674061
58.5613551,26.6673126
58.5613686,26.6673052
58.5614073,26.6673025
58.5614552,26.6672862
58.5614974,26.6672637
58.5615773,26.66721
58.5616586,26.667091
58.5617166,26.6670158
58.5617622,26.6669708
58.5618122,26.6669292
58.561868,26.6668906
58.561961,26.6667811
58.5619991,26.6666645
58.5620233,26.6665723
58.5620567,26.6664696
58.5621032,26.6663736
58.5621413,26.6663309
58.5621875,26.6663258
58.5622422,26.6663415
58.5622803,26.6663728
58.5623155,26.6663954
58.5623691,26.6663938
58.5624171,26.6663689
58.5624566,26.6663322
58.5624996,26.6662643
58.5625687,26.6662326
58.5626047,26.6661442
58.5626078,26.6660675
58.5626096,26.6658343
58.5626294,26.6657449
58.5626713,26.6655886
58.5627163,26.6654952
58.5627594,26.6654273
58.5627728,26.6653544
58.5627494,26.6652644
58.5627393,26.6651754
58.5627401,26.6650673
58.5627632,26.6650292
58.562796,26.6649577
58.5628331,26.6648866
58.562881,26.6648019
58.5629755,26.6646213
58.5630168,26.6645618
58.5630656,26.6645057
58.5631151,26.6644811
58.563203,26.6644792
58.5632759,26.6645446
58.5633176,26.6646133
58.5633473,26.6646895
58.5633872,26.6647721
58.5635097,26.6648868
58.5635735,26.6648945
58.563627,26.6648246
58.563687,26.6647296
58.5637261,26.6647097
58.5638083,26.6646191
58.5638462,26.664585
58.5638896,26.6645656
58.5640071,26.6645689
58.5640471,26.6645747
58.5640882,26.6646007
58.5641281,26.6646151
58.5641666,26.664618
58.5642076,26.6645785
58.5644727,26.6641317
58.5650132,26.6634557
58.565123,26.6632505
58.5653414,26.6629028
58.5656295,26.6625632
58.5660253,26.6621209
58.566203,26.6620149
58.5663779,26.6620423
58.5664697,26.6620608
58.5665259,26.6620792
58.5666059,26.6619514
58.5667856,26.6613874
58.5670601,26.6612005
58.5671365,26.6611038
58.5672269,26.6609769
58.5673151,26.6608071
58.5673887,26.6607728
58.5674604,26.6608266
58.5675879,26.6607083
58.5676618,26.6607992
58.5677931,26.6608519
58.5679074,26.6607183
58.567987,26.6606105
58.5680645,26.6605309
58.5681218,26.6604926
58.5682625,26.6603752
58.5683459,26.6603674
58.568463,26.6604616
58.568518,26.6605996
58.5682457,26.66104
58.5679469,26.6616805
58.5679393,26.6617625
58.5679015,26.6619333
58.5678746,26.6620138
58.5678403,26.6620908
58.567793,26.6621471
58.5677507,26.6621752
58.5676206,26.662356
58.567546,26.6625125
58.5675081,26.6626178
58.5674808,26.6627126
58.5674384,26.6628944
58.5674182,26.6630067
58.5674081,26.6631396
58.5674061,26.6632335
58.5674294,26.6633292
58.5674439,26.6634156
58.5674267,26.6636733
58.5674197,26.6645836
58.5674521,26.6651013
58.5674714,26.665174
58.5674588,26.6652783
58.5674055,26.6654849
58.5673696,26.6655647
58.567307,26.6656425
58.5671014,26.6658062
58.5670543,26.665851
58.5669351,26.6659358
58.5668955,26.6659784
58.5668539,26.6660492
58.5666895,26.6663782
58.566532,26.6667989
58.5664074,26.6672135
58.5662068,26.6679183
58.5661772,26.6679844
58.5661415,26.668124
58.5661282,26.668197
58.5661205,26.6682819
58.5661114,26.668358
58.566104,26.6684997
58.566102,26.6687359
58.5661048,26.6688214
58.5661179,26.6689078
58.5661665,26.669071
58.5661693,26.6691479
58.5661691,26.6692333
58.566178,26.6693023
58.5661762,26.6694587
58.5661717,26.6695352
58.5661478,26.6696102
58.5661074,26.6697637
58.5658207,26.6701774
58.5657784,26.6702139
58.5657347,26.6702419
58.5656974,26.6702449
58.5656529,26.6702415
58.565614,26.6702499
58.5655743,26.6703009
58.565371,26.6706355
58.5650794,26.6712138
58.5650398,26.6712591
58.5649996,26.6713302
58.56497,26.6713989
58.5649288,26.671447
58.5648889,26.6715095
58.5648632,26.6716015
58.5648435,26.6716882
58.564821,26.6718402
58.5648178,26.6719225
58.5647891,26.6720854
58.5647699,26.6721551
58.564743,26.6722298
58.5647189,26.6723163
58.5646951,26.6723885
58.5646535,26.6724565
58.5646155,26.6724963
58.5645708,26.6725697
58.5645409,26.6726527
58.5645198,26.6727366
58.5644888,26.672939
58.5644708,26.6730175
58.5644411,26.6730864
58.5644155,26.6731727
58.5643393,26.6733319
58.564301,26.6733916
58.5641751,26.6736494
58.5641526,26.6737275
58.5641099,26.6738494
58.5640719,26.6738948
58.5640333,26.6739603
58.5639938,26.674
58.5639565,26.674074
58.5639298,26.6741459
58.5639191,26.6742306
58.5639207,26.674299
58.5639324,26.6743795
58.5639307,26.6745274
58.5639185,26.6746174
58.5638721,26.6747762
58.5638451,26.6748538
58.5638122,26.6749368
58.5637243,26.6750836
58.5636875,26.6751377
58.5636497,26.6752403
58.5636057,26.6752825
58.5635832,26.6753633
58.5635718,26.6754819
58.5635687,26.6755556
58.5635668,26.6757889
58.5632872,26.6764363
58.5632455,26.6764389
58.5632039,26.6764358
58.5631607,26.6764381
58.5631154,26.6764744
58.5630758,26.6765169
58.5630431,26.6765913
58.5630219,26.6766779
58.5630115,26.6767454
58.5629803,26.6768881
58.5629616,26.6770005
58.5629472,26.6771219
58.5629393,26.6772893
58.5629368,26.6776191
58.5629206,26.6776863
58.562913,26.6777653
58.5629108,26.6778704
58.5628834,26.678042
58.562867,26.6781147
58.5628403,26.6781838
58.5628015,26.6781895
58.562758,26.6782088
58.5627112,26.6782422
58.5626666,26.6783129
58.562647,26.6783938
58.5626557,26.678477
58.5626867,26.6785563
58.562733,26.6786224
58.5627722,26.6786682
58.5627982,26.6787725
58.5628143,26.6788592
58.5628113,26.6789302
58.5627962,26.6790116
58.5627783,26.6790841
58.5627053,26.6792323
58.5627005,26.6793201
58.5627018,26.6794028
58.5627384,26.6795734
58.5627455,26.6796565
58.5627456,26.6797248
58.5627369,26.6798608
58.5627261,26.6799482
58.5627033,26.6800433
58.5626759,26.6801435
58.5626336,26.6802457
58.5625893,26.6803049
58.5625004,26.6803578
58.5624738,26.6804242
58.5624732,26.6805949
58.5624595,26.6806791
58.5624426,26.6807746
58.5624246,26.6808558
58.5624156,26.6809291
58.5624006,26.6810048
58.5623647,26.6810875
58.5623467,26.6811657
58.5623258,26.6813149
58.5622845,26.6813687
58.5622419,26.6814167
58.562204,26.6814508
58.5621223,26.6815157
58.562103,26.6815142
58.5620637,26.6815482
58.562038,26.6816344
58.5620349,26.681785
58.562026,26.6818528
58.5620112,26.6819226
58.5619886,26.6820035
58.5619559,26.6820778
58.5619157,26.6821487
58.5618791,26.6821944
58.5618435,26.6822599
58.5618058,26.6823538
58.5617659,26.6824134
58.561714,26.6824777
58.5616686,26.6825168
58.5616198,26.6825757
58.5615464,26.6826726
58.561521,26.6827475
58.5615131,26.6829832
58.5614979,26.6830729
58.5614736,26.6832362
58.5614458,26.6833565
58.561408,26.6834617
58.5613258,26.6836233
58.5612856,26.6836914
58.5612335,26.6837699
58.5611334,26.6838618
58.5610895,26.6838984
58.5610435,26.683966
58.5610064,26.6840344
58.5609664,26.6840939
58.5609338,26.6841624
58.5609083,26.6842403
58.5608762,26.6843544
58.5605951,26.6849988
58.5603244,26.6854932
58.5601059,26.6857753
58.5600394,26.6858954
58.5599969,26.6859377
58.5599571,26.6859916
58.5599191,26.6860313
58.5598813,26.6860626
58.5598417,26.686105
58.5597555,26.6861725
58.5596744,26.6862117
58.5596564,26.6862872
58.559643,26.6863602
58.5596384,26.6864395
58.5596369,26.6865133
58.5595936,26.6865898
58.5595221,26.6867378
58.5594794,26.6867887
58.5594385,26.6868226
58.5593846,26.6868411
58.5593088,26.6868382
58.5592682,26.6868607
58.5592318,26.6868949
58.559193,26.6869717
58.5591885,26.6870453
58.5591764,26.687124
58.5591303,26.6871973
58.5590962,26.687263
58.5590546,26.687331
58.5589571,26.6874402
58.5589176,26.6874799
58.5588734,26.6875334
58.5588317,26.6875388
58.5587942,26.68755
58.5587511,26.6875496
58.5587134,26.6875723
58.5586776,26.6876549
58.5585067,26.6880715
58.5583377,26.6883317
58.5582967,26.6883714
58.5581471,26.6886245
58.5579016,26.6888476
58.5576111,26.6889988
58.5575649,26.6890152
58.5575032,26.6890531
58.5574551,26.689075
58.5574046,26.6891423
58.5573687,26.6891538
58.5573161,26.6891811
58.5571999,26.6893316
58.5571561,26.6893652
58.5571178,26.6894135
58.5571,26.6894831
58.5570982,26.6895712
58.5570744,26.6896434
58.5570297,26.6897169
58.5569795,26.6897727
58.5569417,26.6898011
58.5568938,26.6898146
58.5568417,26.689819
58.5567622,26.6898528
58.5566723,26.6898829
58.5566316,26.6899083
58.5565889,26.689959
58.556559,26.6900363
58.5565336,26.6901141
58.5564947,26.6902648
58.5564783,26.6903403
58.5563321,26.690571
58.5562816,26.6906412
58.5562329,26.6906914
58.55618,26.6907357
58.5561373,26.6907866
58.5560761,26.69087
58.5560231,26.6909143
58.5559839,26.6909369
58.5559479,26.6909541
58.5558823,26.6909633
58.5556935,26.6909572
58.5554888,26.6909358
58.5554402,26.6909122
58.5553858,26.6908796
58.5553483,26.6908255
58.5553156,26.6907518
58.5552754,26.6906861
58.5552325,26.6906003
58.5551493,26.6904602
58.5551102,26.6904089
58.5550731,26.690406
58.5549944,26.6904682
58.5549488,26.6905189
58.5548446,26.6906617
58.5548051,26.6907013
58.5547567,26.6907374
58.5546619,26.6907955
58.5546027,26.6908478
58.5545122,26.6909093
58.5544825,26.690981
58.5544654,26.6911561
58.5544532,26.6912433
58.5544278,26.6913182
58.5543787,26.691394
58.5543328,26.6914533
58.5542857,26.6915007
58.5541028,26.6915692
58.5540517,26.6915938
58.554011,26.691622
58.5539194,26.6916662
58.553868,26.6917021
58.5538297,26.6917561
58.5538074,26.691831
58.5538057,26.6919107
58.5537594,26.6920608
58.5537382,26.6921474
58.5537026,26.6922156
58.5534619,26.6924191
58.5534218,26.6924872
58.5533935,26.6925589
58.5533882,26.6926723
58.5533804,26.6927572
58.5533684,26.6928331
58.5533296,26.6929126
58.5532921,26.692998
58.5532702,26.6931185
58.5532676,26.6933146
58.5532749,26.693392
58.5532775,26.6934804
58.5532582,26.6935501
58.5532123,26.6936092
58.5531686,26.6936371
58.5531281,26.6936539
58.5530211,26.6936514
58.552915,26.6936774
58.5528455,26.6937261
58.5528092,26.6937575
58.5527695,26.6938084
58.5527179,26.6938529
58.5526535,26.6938736
58.5525718,26.6938701
58.55244,26.6938458
58.5523907,26.6938562
58.5523365,26.6938889
58.5522969,26.6939315
58.5522494,26.693999
58.5521661,26.6941406
58.5521207,26.6941797
58.5520817,26.6941938
58.5520029,26.6941934
58.5519555,26.694184
58.5519072,26.694149
58.5518204,26.6941025
58.5517853,26.6940771
58.5517295,26.6940443
58.5516402,26.6939748
58.551555,26.6939229
58.5515064,26.6938992
58.5514663,26.6938961
58.55142,26.6939096
58.5513628,26.6939422
58.5512738,26.6940008
58.5511507,26.6941251
58.5510997,26.6941468
58.5510456,26.6941739
58.5509666,26.6941792
58.5508925,26.6941706
58.5508416,26.6941154
58.550777,26.6940735
58.5507252,26.6940638
58.5506634,26.6941076
58.5506276,26.6941787
58.5505741,26.6942515
58.5504249,26.6944164
58.5504352,26.6944911
58.5504577,26.6945526
58.5504933,26.6946264
58.5505312,26.6946607
58.5505415,26.6947355
58.5505414,26.694815
58.5505324,26.6948884
58.5505011,26.6949627
58.5504629,26.695011
58.5503195,26.6950428
58.5502776,26.6951277
58.550243,26.695216
58.5502025,26.6953011
58.5501561,26.6953886
58.5501092,26.6954959
58.550035,26.6957719
58.5499741,26.6959806
58.5499557,26.6960759
58.5499534,26.6962607
58.5500058,26.6969446
58.5500029,26.6973683
58.5499951,26.6974532
58.5499557,26.6977033
58.549936,26.6977928
58.5498967,26.6981767
58.549891,26.6983043
58.5498812,26.6994046
58.549886,26.6995301
58.549887,26.6997635
58.5498726,26.6998877
58.5498545,26.6999686
58.5498391,26.7000671
58.549726,26.7003513
58.5496614,26.7004517
58.5495807,26.7006133
58.5495491,26.7007019
58.54952,26.7008135
58.5494788,26.7008616
58.5494363,26.7008982
58.5493889,26.7009627
58.5493457,26.7010363
58.5492454,26.7011423
58.5491875,26.7012089
58.5491308,26.7012842
58.5490785,26.7013711
58.5490344,26.7014816
58.5489986,26.7015642
58.5489588,26.7016151
58.548914,26.7016914
58.548849,26.7017433
58.5487945,26.7017903
58.5487428,26.7018403
58.548629,26.70188
58.5485871,26.7018909
58.5485455,26.7018906
58.5484941,26.7019293
58.5484448,26.7019425
58.5483833,26.7019663
58.5482674,26.7020995
58.5481521,26.7022103
58.5479478,26.7023765
58.5478768,26.702428
58.5478334,26.7024416
58.5477958,26.7024614
58.5477063,26.7024745
58.5476434,26.7024952
58.5475866,26.702508
58.5475151,26.7025166
58.5473862,26.7025665
58.547329,26.702599
58.5472834,26.7026438
58.5471314,26.7027289
58.5470504,26.7027625
58.546929,26.7028071
58.5468842,26.7028179
58.5468425,26.7028147
58.5468177,26.7027958
58.5467789,26.7028041
58.5467428,26.7028213
58.5467061,26.7028697
58.5466749,26.7029355
58.5466365,26.702998
58.5465972,26.7030234
58.5465597,26.7030404
58.5464374,26.703196
58.546399,26.7032584
58.5463579,26.7033007
58.5463182,26.7033489
58.5462928,26.7034267
58.5462719,26.7035047
58.546257,26.7035774
58.5462444,26.703605
58.5460468,26.7037376
58.5458435,26.704143
58.5456429,26.7050491
58.545406,26.7060578
58.5452498,26.7070472
58.5452405,26.7070664
58.5451603,26.7072023
58.5451303,26.7072854
58.5451076,26.7074428
58.5450867,26.707518
58.5450447,26.707603
58.5449539,26.7077496
58.5449137,26.7078233
58.5448757,26.707863
58.5448327,26.7079223
58.5447518,26.7080241
58.5446683,26.7081031
58.5446205,26.7081847
58.5445878,26.7082533
58.5445493,26.7083186
58.5445136,26.708387
58.5444757,26.708421
58.5444328,26.7084832
58.5443871,26.7085336
58.5443402,26.7085698
58.5442935,26.7086004
58.5442501,26.7086112
58.5441552,26.7086011
58.544109,26.7086032
58.5440713,26.7086259
58.5440253,26.7086935
58.5439859,26.7087984
58.543946,26.708858
58.5438576,26.7089591
58.5438089,26.7090095
58.543769,26.709069
58.543652,26.7092591
58.5435154,26.7095274
58.543453,26.7097358
58.5434509,26.7098352
58.5434239,26.7101289
58.543417,26.7103162
58.5434065,26.7103893
58.5433719,26.7104777
58.5433461,26.7105752
58.5433221,26.710653
58.5432761,26.7107206
58.5432433,26.7107948
58.5432417,26.7108715
58.5432281,26.7109473
58.543191,26.7110154
58.5431713,26.7111021
58.543158,26.7111722
58.5431266,26.7112495
58.5430954,26.7113181
58.543015,26.7114626
58.5429751,26.7115193
58.5429325,26.7115672
58.5428871,26.7116036
58.5428437,26.7116173
58.5427532,26.7116103
58.5426715,26.7115983
58.542622,26.7116228
58.5425717,26.7116787
58.5425211,26.7117544
58.5424785,26.7117939
58.5424326,26.7117874
58.5423945,26.7117589
58.542371,26.7116775
58.5423354,26.7116035
58.542298,26.711612
58.5422767,26.7117042
58.5422618,26.7117771
58.5422307,26.7118429
58.5421861,26.7119106
58.5421421,26.7119526
58.5421039,26.7119981
58.5420783,26.7120132
58.5420469,26.7120961
58.542039,26.7123287
58.5420315,26.7123992
58.5420069,26.7124371
58.5419766,26.7124633
58.5425512,26.714129
58.5426782,26.7145883
58.5435428,26.7166663
58.5435512,26.7166955
58.5440722,26.7177259
58.5452512,26.7206819
58.5472676,26.725595
58.5481668,26.7277901
58.5494097,26.7308116
58.5502806,26.7369794
58.5504039,26.7378199
58.550505,26.7385902
58.5522394,26.737949
58.5525737,26.7378187
58.5538787,26.7373715
58.5545938,26.7369579
58.5573878,26.7385108
58.5594868,26.7398758
58.5596405,26.739993
58.5596212,26.740131
58.5594737,26.7408396
58.5594504,26.7410938
58.5593605,26.7413344
58.5593189,26.7414706
58.559301,26.7416115
58.5592406,26.7417973
58.5591341,26.7420481
58.5589625,26.7422111
58.5587511,26.7423624
58.5586344,26.7423932
58.5584616,26.7425475
58.5581193,26.7431866
58.5580199,26.7433809
58.5577684,26.7442235
58.5575829,26.744835
58.5574864,26.7451034
58.5570927,26.7463332
58.5570165,26.746629
58.5569529,26.7474464
58.5568968,26.7476327
58.5568242,26.7477606
58.556682,26.7479431
58.5565051,26.7480088
58.5563978,26.7482253
58.5562888,26.7485923
58.5561625,26.7492142
58.5560904,26.7494532
58.5560548,26.7495187
58.5558877,26.7497532
58.5556848,26.7499193
58.5550914,26.7503395
58.5548792,26.7505959
58.5547826,26.750799
58.5546409,26.7513739
58.5546036,26.7515163
58.554428,26.7517301
58.5530588,26.7535089
58.5528116,26.7537997
58.5524612,26.7542616
58.552016,26.7551171
58.5521233,26.7552452
58.5525897,26.7555465
58.552802,26.7560468
58.5529854,26.7567869
58.5531621,26.7581836
58.5542587,26.760441
58.5547995,26.7612264
58.5554877,26.7622822
58.5557825,26.7626099
58.5559622,26.762829
58.5561343,26.7631898
58.5566106,26.7640014
58.5568215,26.7645701
58.5571287,26.7653599
58.5572746,26.7657641
58.5573594,26.7659699
58.5574499,26.7661194
58.5579923,26.7666176
58.5584145,26.7669725
58.5587126,26.7671497
58.5588965,26.7672411
58.5590282,26.7673368
58.5591729,26.7676671
58.5592715,26.768059
58.5597054,26.7695219
58.5600959,26.7706514
58.5605393,26.7718135
58.5608175,26.7725669
58.561044,26.7730288
58.5609674,26.7731992
58.5605557,26.7760781
58.5604426,26.7771792
58.560156,26.7791486
58.5600483,26.7798004
58.5595308,26.7840454
58.5565957,26.7961172
58.5605608,26.7979535
58.5606941,26.7983882
58.5608101,26.7987275
58.5619093,26.802265
58.5631251,26.8036659
58.5634634,26.8040402
58.5627317,26.8065518
58.5626608,26.8083677
58.5640203,26.8081551
58.5654397,26.8079927
58.5654847,26.8096075
58.5657778,26.8174675
58.5658789,26.8199778
58.5660324,26.8240181
58.5661864,26.8274919
58.5662935,26.8302588
58.5670616,26.8305658
58.5696364,26.8296039
58.5698812,26.8297659
58.5700008,26.8294682
58.5703524,26.828631
58.5710551,26.8269113
58.5716183,26.8255846
58.5717947,26.8255446
58.5723028,26.8255686
58.5746636,26.8255398
58.5748896,26.8255439
58.5751473,26.8255277
58.5754261,26.8396502
58.5757259,26.8510783
58.5773927,26.8506332
58.5803761,26.8498309
58.5872887,26.8479642
58.587329,26.8479588
58.5874284,26.8479014
58.5878441,26.8472688
58.5880306,26.8471728
58.5883179,26.8472275
58.5884432,26.8473432
58.5887335,26.8476657
58.5889031,26.8477991
58.5889989,26.8478412
58.5890481,26.8478338
58.5934396,26.8492624
58.5960719,26.8500749
58.5980489,26.8506876
58.6013452,26.851707
58.6053647,26.852938
58.6081717,26.8538566
58.6155391,26.8560229
58.6155389,26.8560313
58.6159011,26.8560609
58.6164307,26.8561829
58.617437,26.8564144
58.6175351,26.8564196
58.6203511,26.8575961
58.620461,26.8575994
58.6285567,26.8600548
58.6293819,26.8602022
58.6329406,26.8612863
58.632939,26.8614886
58.6329185,26.8616781
58.6329157,26.861732
58.6329205,26.8617894
58.632946,26.8618485
58.6329715,26.8619676
58.6329719,26.8620845
58.6329691,26.8621471
58.6329294,26.8622551
58.6329266,26.8623148
58.632889,26.8625342
58.6328406,26.8626384
58.6328379,26.8626925
58.6328292,26.8627488
58.6328194,26.8628535
58.6328245,26.8628939
58.6328177,26.8630645
58.6328313,26.8631255
58.6328291,26.8633563
58.6328262,26.863416
58.6327987,26.8635192
58.6327621,26.8636217
58.632735,26.8636367
58.6327074,26.8636743
58.6326773,26.863689
58.6326093,26.8637432
58.6322936,26.8654287
58.6320721,26.8667566
58.6327908,26.8692085
58.6335322,26.870376
58.6342092,26.871427
58.6321716,26.8810679
58.630004,26.8915582
58.6285001,26.8988342
58.627867,26.9019071
58.6263579,26.9091877
58.625149,26.9149527
58.6250943,26.9151334
58.6247872,26.9166077
58.6247663,26.9167428
58.6236412,26.921947
58.6228533,26.9255908
58.622708,26.9262886
58.6226217,26.9266151
58.6218083,26.9306557
58.6217406,26.9308838
58.621653,26.9310732
58.6202046,26.9339912
58.6200454,26.9342571
58.6151749,26.9441865
58.6064955,26.9618668
58.6065243,26.9619091
58.6071284,26.963448
58.6072356,26.9646684
58.6076236,26.965773
58.6079284,26.966936
58.6119061,26.9687843
58.6111502,26.9733664
58.6089516,26.9751093
58.6066252,26.9770405
58.6056518,26.9778412
58.6067217,26.9824981
58.613919,26.9787902
58.6144312,26.9813967
58.6171545,26.9863331
58.6151129,26.9886732
58.6126659,26.9875975
58.6110751,26.9991204
58.6068072,27.0030869
58.6059279,27.002524
58.6050528,27.0063619
58.6026304,27.006587
58.5961145,27.0072638
58.5958412,27.0108048
58.5956703,27.0128872
58.5933323,27.0133213
58.5933214,27.0135341
58.5931248,27.0308599
58.5945616,27.0310498
58.5983116,27.0315485
58.599538,27.0316908