#GsakName=Kigali
-1.65518,29.85889
-1.65552,29.86193
-1.65419,29.86462
-1.65429,29.86788
-1.65567,29.87086
-1.65791,29.87258
-1.65733,29.87584
-1.65364,29.87830
-1.65663,29.88002
-1.65858,29.88266
-1.65990,29.88547
-1.66185,29.88771
-1.66427,29.89075
-1.66604,29.89281
-1.66817,29.89436
-1.67064,29.89517
-1.67311,29.89603
-1.67777,29.89713
-1.68134,29.89885
-1.68375,29.90035
-1.68623,29.90139
-1.69077,29.90311
-1.69364,29.90369
-1.69537,29.90541
-1.69783,29.90834
-1.70042,29.91132
-1.70306,29.91413
-1.70506,29.91751
-1.70949,29.92056
-1.71322,29.92715
-1.71810,29.93163
-1.72114,29.93644
-1.72430,29.93897
-1.72821,29.94121
-1.73389,29.94563
-1.73872,29.94890
-1.74545,29.95212
-1.74850,29.95385
-1.75321,29.95621
-1.75563,29.95879
-1.75971,29.96206
-1.76132,29.96338
-1.75589,29.96892
-1.75306,29.97189
-1.75069,29.97652
-1.74586,29.97657
-1.74287,29.97594
-1.73988,29.97347
-1.73752,29.97186
-1.73332,29.97214
-1.72849,29.97338
-1.72544,29.97470
-1.72296,29.97692
-1.72301,29.97956
-1.72346,29.98317
-1.72437,29.98649
-1.72460,29.98901
-1.72414,29.99147
-1.72142,29.99507
-1.71883,29.99603
-1.71658,29.99758
-1.71168,30.00043
-1.71248,30.00375
-1.71138,30.00649
-1.71046,30.00833
-1.70977,30.01113
-1.70786,30.01404
-1.70831,30.01639
-1.70877,30.01966
-1.70651,30.02332
-1.70553,30.02555
-1.70426,30.02812
-1.70419,30.03041
-1.70453,30.03316
-1.70471,30.03550
-1.70458,30.03785
-1.70619,30.04038
-1.70618,30.04490
-1.70882,30.04777
-1.71198,30.04880
-1.71406,30.04995
-1.71699,30.05162
-1.71860,30.05323
-1.72095,30.05638
-1.72180,30.05965
-1.72289,30.06228
-1.72461,30.06423
-1.72553,30.06756
-1.72535,30.07116
-1.72666,30.07385
-1.73023,30.07547
-1.73224,30.07765
-1.73483,30.07868
-1.73788,30.08081
-1.74230,30.08236
-1.74500,30.08368
-1.74731,30.08295
-1.75133,30.08238
-1.75386,30.08256
-1.75651,30.08606
-1.75967,30.08738
-1.76272,30.08922
-1.76467,30.09243
-1.76743,30.09501
-1.76897,30.09925
-1.76994,30.10321
-1.77102,30.10647
-1.77119,30.10973
-1.77066,30.11311
-1.76980,30.11568
-1.76784,30.11900
-1.76707,30.12329
-1.76518,30.12365
-1.76647,30.12601
-1.76980,30.12819
-1.77178,30.14125
-1.78542,30.14185
-1.78893,30.14375
-1.78897,30.14850
-1.78865,30.15142
-1.78815,30.15599
-1.78912,30.16040
-1.79118,30.16396
-1.79405,30.16980
-1.79790,30.17302
-1.80089,30.17417
-1.80180,30.17612
-1.80456,30.17939
-1.80743,30.18220
-1.81048,30.18415
-1.81123,30.18633
-1.81433,30.18834
-1.81617,30.18955
-1.81864,30.19156
-1.82082,30.19425
-1.82305,30.19620
-1.82547,30.19747
-1.82754,30.19919
-1.82921,30.20120
-1.83065,30.20235
-1.83189,30.21025
-1.83637,30.21426
-1.83751,30.22096
-1.84083,30.22784
-1.84122,30.23482
-1.84110,30.23923
-1.84131,30.24472
-1.84124,30.24756
-1.83882,30.25302
-1.83173,30.25569
-1.82626,30.25802
-1.82649,30.26100
-1.82653,30.26454
-1.82796,30.26770
-1.82733,30.27159
-1.82663,30.27474
-1.82426,30.27914
-1.82229,30.28325
-1.82079,30.28657
-1.82026,30.29149
-1.82244,30.29384
-1.82508,30.29471
-1.82813,30.29626
-1.83193,30.29833
-1.83503,30.30080
-1.83813,30.30292
-1.84503,30.30677
-1.85273,30.31200
-1.85537,30.31699
-1.85737,30.32472
-1.85989,30.32902
-1.86586,30.33716
-1.86889,30.34255
-1.87262,30.35051
-1.87606,30.35206
-1.88142,30.35431
-1.88872,30.35736
-1.89355,30.35961
-1.90068,30.36094
-1.90580,30.36067
-1.91156,30.36108
-1.91777,30.36110
-1.92353,30.35974
-1.92733,30.36181
-1.92951,30.36330
-1.93071,30.36520
-1.93370,30.36852
-1.93473,30.37122
-1.93542,30.37402
-1.93547,30.37768
-1.93700,30.38272
-1.93763,30.38570
-1.93918,30.38765
-1.94280,30.39109
-1.94101,30.39464
-1.94232,30.39813
-1.94393,30.40140
-1.94754,30.40627
-1.95134,30.40771
-1.95497,30.40892
-1.95749,30.40996
-1.96042,30.41220
-1.96157,30.41558
-1.96657,30.41834
-1.97111,30.42098
-1.97605,30.42134
-1.98170,30.42273
-1.98619,30.42217
-1.98837,30.42154
-1.99379,30.42093
-1.99793,30.42094
-2.00127,30.42078
-2.00881,30.41919
-2.01250,30.41760
-2.02292,30.41602
-2.03914,30.41893
-2.04323,30.41991
-2.04835,30.42141
-2.05174,30.42245
-2.05467,30.42417
-2.05858,30.42533
-2.06134,30.42654
-2.06456,30.42815
-2.06847,30.42844
-2.07387,30.43321
-2.07975,30.42670
-2.08248,30.41761
-2.08446,30.40777
-2.08441,30.40124
-2.08006,30.39299
-2.07755,30.38320
-2.07646,30.37753
-2.07625,30.37054
-2.07713,30.36391
-2.08238,30.35596
-2.09972,30.32385
-2.11545,30.29333
-2.11799,30.28647
-2.12541,30.26422
-2.12776,30.26532
-2.12950,30.26165
-2.13035,30.26629
-2.13300,30.26441
-2.13599,30.26574
-2.13893,30.26408
-2.13992,30.26174
-2.14342,30.26381
-2.14319,30.26644
-2.14651,30.26971
-2.14911,30.26800
-2.15147,30.26537
-2.15458,30.26429
-2.15752,30.26350
-2.16057,30.26328
-2.16294,30.26037
-2.16587,30.25877
-2.16692,30.25551
-2.16974,30.25672
-2.17226,30.25741
-2.17376,30.25919
-2.17398,30.26245
-2.17524,30.26458
-2.17789,30.26435
-2.18008,30.26396
-2.18215,30.26442
-2.18353,30.26282
-2.18607,30.26397
-2.18900,30.26507
-2.19037,30.26948
-2.19256,30.26834
-2.19243,30.27143
-2.19520,30.27166
-2.19669,30.27321
-2.19951,30.27340
-2.20297,30.27386
-2.20550,30.27467
-2.20618,30.27753
-2.20502,30.28085
-2.20415,30.28331
-2.20225,30.28616
-2.20138,30.28942
-2.20362,30.28994
-2.20149,30.29188
-2.20228,30.29509
-2.20332,30.29756
-2.20325,30.30019
-2.20082,30.30362
-2.20237,30.30539
-2.20007,30.30733
-2.20133,30.30928
-2.20144,30.31323
-2.19891,30.31391
-2.19544,30.31728
-2.19803,30.32192
-2.19999,30.31975
-2.20310,30.31741
-2.20592,30.31719
-2.20781,30.31955
-2.20885,30.32143
-2.21097,30.32344
-2.21223,30.32545
-2.21349,30.32814
-2.21573,30.32963
-2.21838,30.32993
-2.22097,30.33040
-2.22384,30.32948
-2.22616,30.32800
-2.22852,30.32812
-2.23127,30.32813
-2.23375,30.32968
-2.23547,30.33123
-2.23828,30.33295
-2.24110,30.33376
-2.24387,30.33348
-2.24491,30.32994
-2.24670,30.32760
-2.24970,30.32950
-2.25234,30.32904
-2.25493,30.33037
-2.25820,30.33123
-2.26079,30.33061
-2.26281,30.32987
-2.26563,30.32839
-2.26759,30.32639
-2.26990,30.32514
-2.27123,30.32251
-2.27353,30.32389
-2.27491,30.32200
-2.27790,30.32201
-2.27997,30.32282
-2.28413,30.32048
-2.28780,30.32312
-2.28871,30.32725
-2.29090,30.32920
-2.29383,30.33046
-2.29532,30.33270
-2.29647,30.33471
-2.29882,30.33506
-2.30193,30.33569
-2.30377,30.33684
-2.30433,30.34194
-2.30802,30.34418
-2.31072,30.34527
-2.31331,30.34637
-2.31566,30.34746
-2.31842,30.34798
-2.32136,30.34908
-2.32430,30.34737
-2.32763,30.34904
-2.33040,30.34693
-2.33275,30.34831
-2.33505,30.34740
-2.33897,30.34918
-2.33850,30.35198
-2.34229,30.35285
-2.34482,30.35543
-2.34545,30.35755
-2.34845,30.36466
-2.34889,30.36438
-2.35458,30.37243
-2.35476,30.37240
-2.35499,30.37236
-2.35568,30.37222
-2.35726,30.36307
-2.35822,30.35918
-2.36220,30.34314
-2.36529,30.32983
-2.36858,30.31515
-2.37208,30.30095
-2.37339,30.29542
-2.37397,30.29085
-2.37449,30.28676
-2.37511,30.27788
-2.37483,30.27221
-2.37339,30.26266
-2.37332,30.26013
-2.37325,30.25549
-2.37256,30.25296
-2.37126,30.25057
-2.37023,30.25024
-2.36886,30.25001
-2.36790,30.24978
-2.36653,30.24905
-2.36405,30.24861
-2.36370,30.24854
-2.36273,30.24724
-2.36176,30.24628
-2.35989,30.24476
-2.35904,30.24335
-2.35881,30.24126
-2.35705,30.23900
-2.35580,30.23697
-2.35393,30.23499
-2.35318,30.23443
-2.35121,30.23296
-2.35030,30.23189
-2.34956,30.22986
-2.34939,30.22927
-2.34905,30.22811
-2.34905,30.22647
-2.34921,30.22603
-2.34962,30.22495
-2.34973,30.22387
-2.35075,30.22337
-2.35178,30.22241
-2.35382,30.22026
-2.35558,30.21919
-2.35643,30.21947
-2.35893,30.21829
-2.35932,30.21823
-2.36245,30.21865
-2.36631,30.21800
-2.36784,30.21710
-2.36873,30.21593
-2.37000,30.21428
-2.37142,30.21484
-2.37340,30.21473
-2.37556,30.21439
-2.37709,30.21383
-2.37840,30.21366
-2.37998,30.21330
-2.38065,30.21322
-2.38211,30.21305
-2.38279,30.21151
-2.38299,30.21075
-2.38387,30.20914
-2.38411,30.20860
-2.38414,30.20854
-2.38419,30.20849
-2.38482,30.20795
-2.38513,30.20724
-2.38545,30.20650
-2.38599,30.20570
-2.38622,30.20502
-2.38663,30.20351
-2.38706,30.20199
-2.38726,30.20105
-2.38738,30.20024
-2.38715,30.19896
-2.38848,30.19834
-2.38861,30.19828
-2.39024,30.19793
-2.39255,30.19757
-2.39388,30.19775
-2.39500,30.19818
-2.39572,30.19846
-2.39732,30.19876
-2.39827,30.19857
-2.39963,30.19808
-2.40112,30.19748
-2.40449,30.19691
-2.40578,30.19658
-2.40675,30.19634
-2.40814,30.19634
-2.40932,30.19623
-2.41084,30.19580
-2.41221,30.19504
-2.41486,30.19324
-2.41943,30.18970
-2.42066,30.18869
-2.42320,30.18683
-2.42420,30.18609
-2.42652,30.18507
-2.42796,30.18392
-2.42932,30.18187
-2.42990,30.17937
-2.42985,30.17900
-2.42974,30.17796
-2.42861,30.17546
-2.42747,30.17273
-2.42726,30.17223
-2.42668,30.16948
-2.42654,30.16813
-2.42639,30.16656
-2.42687,30.16458
-2.42848,30.16189
-2.43028,30.15933
-2.43186,30.15597
-2.43186,30.15315
-2.43192,30.14998
-2.43231,30.14841
-2.43315,30.14630
-2.43453,30.14415
-2.43653,30.14137
-2.43714,30.13913
-2.43769,30.13590
-2.43777,30.13225
-2.43779,30.13170
-2.43740,30.12860
-2.43663,30.12530
-2.43511,30.12194
-2.43302,30.11829
-2.42854,30.11150
-2.42661,30.10823
-2.42587,30.10651
-2.42561,30.10452
-2.42546,30.10311
-2.42529,30.10161
-2.42500,30.10073
-2.42478,30.10007
-2.42352,30.09761
-2.42338,30.09734
-2.42269,30.09604
-2.41959,30.09277
-2.41464,30.08771
-2.40836,30.08134
-2.40744,30.08040
-2.40546,30.07837
-2.40063,30.07296
-2.39780,30.06886
-2.39635,30.06662
-2.39623,30.06648
-2.39390,30.06389
-2.39145,30.06178
-2.38991,30.06092
-2.38717,30.05996
-2.38524,30.05929
-2.37909,30.05730
-2.37616,30.05596
-2.37278,30.05391
-2.36734,30.05045
-2.35955,30.04478
-2.35714,30.04245
-2.35353,30.03825
-2.35207,30.03618
-2.34835,30.03089
-2.34584,30.02580
-2.34384,30.02064
-2.34326,30.01738
-2.34319,30.01424
-2.34387,30.00931
-2.34455,30.00438
-2.34452,30.00224
-2.34428,30.00061
-2.34387,29.99785
-2.34200,29.99295
-2.33885,29.98757
-2.33656,29.98444
-2.33616,29.98350
-2.33531,29.98152
-2.33350,29.97531
-2.33304,29.97365
-2.33196,29.96977
-2.33050,29.96587
-2.32916,29.96228
-2.32776,29.95959
-2.32553,29.96004
-2.32553,29.96008
-2.32157,29.96032
-2.31898,29.96152
-2.31644,29.96249
-2.31317,29.96191
-2.30839,29.96241
-2.30528,29.96086
-2.30293,29.95851
-2.29868,29.95661
-2.29407,29.95671
-2.29027,29.95819
-2.28652,29.95973
-2.28387,29.96533
-2.28059,29.96722
-2.27690,29.96830
-2.27418,29.96930
-2.27183,29.97017
-2.26866,29.97011
-2.26464,29.96999
-2.25778,29.97215
-2.25467,29.97426
-2.25081,29.97459
-2.24816,29.97499
-2.24597,29.97716
-2.24385,29.97876
-2.23865,29.98069
-2.23561,29.98120
-2.23261,29.98102
-2.22928,29.98021
-2.22755,29.98164
-2.22381,29.98335
-2.22127,29.98512
-2.21678,29.98797
-2.21378,29.98773
-2.21021,29.98796
-2.20653,29.98761
-2.20337,29.98554
-2.20061,29.98547
-2.19727,29.98455
-2.19595,29.98214
-2.19124,29.98070
-2.18565,29.98229
-2.18346,29.98246
-2.18081,29.98222
-2.17639,29.98032
-2.17431,29.98003
-2.17144,29.97906
-2.16856,29.97802
-2.16552,29.97864
-2.16275,29.97972
-2.15970,29.97989
-2.15660,29.98017
-2.15303,29.97987
-2.15089,29.98136
-2.14807,29.98152
-2.14531,29.98255
-2.14317,29.98575
-2.14253,29.98769
-2.14103,29.99090
-2.13936,29.99370
-2.13786,29.99541
-2.13670,29.99839
-2.13531,30.00056
-2.13353,30.00216
-2.13139,30.00427
-2.12822,30.00610
-2.12569,30.00586
-2.12333,30.00712
-2.12056,30.00751
-2.11728,30.00968
-2.11676,30.01437
-2.11358,30.01545
-2.11048,30.01653
-2.10725,30.01653
-2.10450,30.01520
-2.10127,30.01211
-2.09817,30.01130
-2.09558,30.01129
-2.09224,30.01237
-2.08890,30.01357
-2.08568,30.01356
-2.08331,30.01373
-2.08096,30.01470
-2.07704,30.01423
-2.07169,30.01404
-2.06922,30.01083
-2.07096,30.00740
-2.06871,30.00585
-2.06803,30.00219
-2.06671,29.99875
-2.06477,29.99645
-2.06397,29.99141
-2.06202,29.98958
-2.06036,29.98534
-2.05506,29.98321
-2.05329,29.98091
-2.05115,29.98343
-2.04926,29.98153
-2.04781,29.98348
-2.04511,29.98341
-2.04235,29.98089
-2.03802,29.98397
-2.03538,29.98545
-2.03348,29.98637
-2.03192,29.98802
-2.03071,29.99031
-2.02863,29.99397
-2.02799,29.99591
-2.02724,29.99918
-2.02619,30.00284
-2.02314,30.00323
-2.01969,30.00116
-2.01751,30.00236
-2.01617,30.00447
-2.01525,30.00888
-2.01242,30.01156
-2.00850,30.01139
-2.00823,30.00818
-2.00628,30.00503
-2.00335,30.00284
-2.00002,29.99946
-1.99847,29.99722
-1.99570,29.99659
-1.99577,29.99441
-1.99295,29.99315
-1.99226,29.99114
-1.98909,29.99050
-1.98610,29.99210
-1.98346,29.99198
-1.98190,29.99364
-1.98097,29.99610
-1.97873,29.99804
-1.97469,29.99700
-1.97176,29.99682
-1.96860,29.99727
-1.96647,29.99801
-1.96422,29.99634
-1.96071,29.99760
-1.95817,29.99874
-1.95449,29.99758
-1.95421,29.99547
-1.94983,29.99461
-1.94858,29.99436
-1.94242,29.99361
-1.93925,29.99366
-1.93822,29.99102
-1.93604,29.98907
-1.93248,29.98792
-1.93179,29.98563
-1.92994,29.98688
-1.92776,29.98585
-1.92500,29.98458
-1.92316,29.98606
-1.92230,29.98291
-1.91965,29.98159
-1.91793,29.98285
-1.91632,29.97889
-1.91379,29.97872
-1.91212,29.97751
-1.90999,29.97831
-1.90717,29.97658
-1.90528,29.97446
-1.90679,29.97177
-1.90638,29.96834
-1.90812,29.96388
-1.90570,29.96301
-1.90480,29.96026
-1.90083,29.95900
-1.90043,29.95664
-1.89767,29.95515
-1.89514,29.95440
-1.89364,29.95594
-1.89145,29.95491
-1.89164,29.95113
-1.88945,29.95136
-1.88755,29.94711
-1.88699,29.94471
-1.88479,29.94493
-1.88371,29.94293
-1.88239,29.94075
-1.87969,29.93885
-1.87779,29.93976
-1.87502,29.93833
-1.87457,29.93472
-1.87475,29.93231
-1.87332,29.93031
-1.87079,29.92813
-1.86797,29.92680
-1.86545,29.92445
-1.86614,29.92142
-1.86753,29.91890
-1.86650,29.91695
-1.86495,29.91477
-1.86069,29.91253
-1.85707,29.91487
-1.85627,29.91178
-1.85478,29.90645
-1.85668,29.90514
-1.85790,29.90325
-1.85940,29.89936
-1.86027,29.89415
-1.85987,29.89169
-1.85826,29.88814
-1.85603,29.88476
-1.85414,29.88160
-1.85236,29.87948
-1.85248,29.87576
-1.85462,29.87370
-1.85894,29.87005
-1.86010,29.86702
-1.86068,29.86433
-1.86315,29.86296
-1.86667,29.86108
-1.86835,29.85759
-1.87100,29.85256
-1.87234,29.84935
-1.86986,29.84769
-1.86659,29.84665
-1.86256,29.84550
-1.85969,29.84435
-1.85698,29.84222
-1.85486,29.83987
-1.85383,29.83672
-1.85338,29.83351
-1.85258,29.83047
-1.85276,29.82601
-1.85329,29.82258
-1.85185,29.81868
-1.85019,29.81541
-1.85117,29.81232
-1.85264,29.81177
-1.85147,29.80912
-1.85102,29.80539
-1.85045,29.80288
-1.84896,29.79898
-1.84545,29.79617
-1.84264,29.79479
-1.83947,29.79644
-1.83745,29.79850
-1.83486,29.80084
-1.83216,29.79763
-1.82939,29.79762
-1.82722,29.79653
-1.82520,29.79331
-1.82244,29.79068
-1.82079,29.78838
-1.81883,29.78609
-1.81838,29.78374
-1.81521,29.78179
-1.81257,29.77961
-1.80924,29.77731
-1.80735,29.77375
-1.80862,29.76969
-1.80541,29.76860
-1.80298,29.76836
-1.79941,29.76795
-1.79458,29.76829
-1.79154,29.76771
-1.78860,29.76719
-1.78630,29.76638
-1.78388,29.76580
-1.77997,29.76322
-1.77715,29.76235
-1.77567,29.76029
-1.77527,29.75731
-1.77447,29.75485
-1.77263,29.75009
-1.77098,29.74728
-1.76620,29.74464
-1.76292,29.74400
-1.75826,29.74388
-1.75475,29.74398
-1.75066,29.74558
-1.74635,29.74551
-1.74473,29.74923
-1.74179,29.74934
-1.73913,29.75219
-1.73574,29.75385
-1.73435,29.75539
-1.73360,29.75796
-1.73020,29.76099
-1.72812,29.76282
-1.72507,29.76458
-1.72207,29.76898
-1.72223,29.77179
-1.72102,29.77597
-1.72015,29.78003
-1.72175,29.78232
-1.71991,29.78604
-1.71690,29.78884
-1.71356,29.79210
-1.71027,29.79410
-1.70682,29.79701
-1.70359,29.79832
-1.69990,29.79939
-1.69737,29.79950
-1.69329,29.80001
-1.68972,29.79966
-1.68604,29.79707
-1.68328,29.79558
-1.67822,29.79437
-1.67453,29.79556
-1.67108,29.79624
-1.66969,29.79859
-1.66704,29.80041
-1.66467,29.80252
-1.66369,29.80561
-1.66260,29.80744
-1.65718,29.80949
-1.65533,29.81292
-1.65366,29.81670
-1.65197,29.82047
-1.65076,29.82356
-1.65341,29.82500
-1.65553,29.82557
-1.65800,29.82718
-1.66076,29.82988
-1.66237,29.83269
-1.66403,29.83498
-1.66662,29.83819
-1.66448,29.84225
-1.66292,29.84511
-1.66084,29.84677
-1.65825,29.84791
-1.65537,29.84996
-1.65168,29.85236
-1.65000,29.85384
-1.65178,29.85734
-1.65259,29.85923
-1.65518,29.85889
