34.507272	-94.745268
34.507198	-94.709822
34.507573	-94.639547
34.507353	-94.638939
34.507559	-94.638583
34.507281	-94.562985
34.507457	-94.461149
34.363921	-94.465493
34.356394	-94.465459
34.350002	-94.466046
34.317992	-94.46668
34.281157	-94.467892
34.250106	-94.468464
34.230737	-94.46941
34.125112	-94.472005
34.109354	-94.472665
34.087971	-94.472906
34.059393	-94.47406
34.022905	-94.474933
34.021968	-94.475178
33.975924	-94.476462
33.966788	-94.476437
33.956641	-94.47704
33.93907	-94.477334
33.893215	-94.478796
33.88402	-94.478824
33.881305	-94.479413
33.875114	-94.47913
33.870939	-94.479438
33.820391	-94.48079
33.81889	-94.481014
33.691592	-94.484616
33.687909	-94.48452
33.658018	-94.485526
33.657901	-94.485237
33.637865	-94.485878
33.636454	-94.49167
33.634202	-94.489627
33.632367	-94.488434
33.629902	-94.487547
33.628544	-94.487611
33.627406	-94.488363
33.625115	-94.491503
33.624531	-94.493065
33.623924	-94.498911
33.622974	-94.500699
33.621875	-94.501574
33.620848	-94.503808
33.620668	-94.505655
33.621708	-94.509498
33.622599	-94.51095
33.623848	-94.512138
33.63109	-94.515956
33.633056	-94.517468
33.629805	-94.520245
33.624558	-94.518686
33.623734	-94.51792
33.622222	-94.518495
33.621352	-94.518441
33.620802	-94.519071
33.62023	-94.519098
33.619795	-94.519591
33.618077	-94.519838
33.617458	-94.520359
33.61636	-94.522221
33.615899	-94.523498
33.615898	-94.52774
33.616294	-94.528633
33.617922	-94.530604
33.618164	-94.53128
33.619824	-94.533422
33.621336	-94.534814
33.622502	-94.53534
33.624002	-94.535451
33.625521	-94.534814
33.62743	-94.532859
33.628624	-94.530434
33.630818	-94.527579
33.635351	-94.520554
33.63757	-94.518529
33.639275	-94.519942
33.640728	-94.521837
33.641149	-94.523253
33.641344	-94.527491
33.640287	-94.531769
33.638085	-94.538106
33.637006	-94.53951
33.636299	-94.541858
33.634128	-94.544199
33.63303	-94.54472
33.631504	-94.546437
33.6297	-94.549712
33.628185	-94.551869
33.627584	-94.553372
33.626691	-94.558012
33.626746	-94.560217
33.626265	-94.564076
33.626734	-94.566626
33.627453	-94.568965
33.62847	-94.569975
33.629947	-94.570447
33.637203	-94.568386
33.638479	-94.566414
33.641971	-94.559042
33.642811	-94.555995
33.644368	-94.551738
33.644929	-94.550814
33.645908	-94.546006
33.646228	-94.545436
33.649322	-94.543033
33.651411	-94.542593
33.653992	-94.542627
33.656005	-94.543527
33.657635	-94.545437
33.659566	-94.546732
33.66033	-94.548111
33.660676	-94.549636
33.656967	-94.560198
33.653971	-94.566021
33.652226	-94.570566
33.649015	-94.574436
33.646546	-94.576243
33.6445	-94.580047
33.643793	-94.583273
33.644183	-94.588632
33.645075	-94.590478
33.645563	-94.59083
33.65018	-94.586986
33.653359	-94.583338
33.656228	-94.579568
33.658319	-94.577371
33.659409	-94.57557
33.660877	-94.569993
33.660941	-94.568433
33.661804	-94.564802
33.663297	-94.562538
33.665501	-94.560754
33.667188	-94.560377
33.668504	-94.561203
33.668965	-94.562166
33.669272	-94.563668
33.668305	-94.570458
33.6677	-94.572568
33.665883	-94.576749
33.665682	-94.577876
33.666392	-94.580784
33.669307	-94.579376
33.671495	-94.579432
33.672892	-94.580259
33.673618	-94.581251
33.675822	-94.579554
33.677623	-94.57962
33.67888	-94.580335
33.681167	-94.582997
33.682123	-94.583765
33.682363	-94.584403
33.683938	-94.58574
33.685131	-94.586242
33.686255	-94.58793
33.686368	-94.589658
33.685867	-94.591585
33.684714	-94.59275
33.684019	-94.59303
33.682041	-94.592723
33.681549	-94.592241
33.67769	-94.590335
33.67585	-94.590027
33.674405	-94.590298
33.674033	-94.590991
33.672863	-94.591953
33.669413	-94.591401
33.667039	-94.59205
33.665258	-94.593294
33.663863	-94.596019
33.663027	-94.599054
33.662761	-94.601163
33.663197	-94.603705
33.663818	-94.605142
33.665569	-94.607683
33.67004	-94.611891
33.673765	-94.612707
33.678699	-94.615302
33.681051	-94.617336
33.681684	-94.618518
33.682029	-94.620571
33.682402	-94.621129
33.682535	-94.622043
33.682121	-94.622918
33.682336	-94.624298
33.682046	-94.625208
33.681954	-94.627239
33.679094	-94.629922
33.677123	-94.63045
33.674459	-94.630554
33.673442	-94.630919
33.667649	-94.634938
33.667607	-94.636824
33.665951	-94.637275
33.664578	-94.637996
33.663737	-94.639198
33.663887	-94.642451
33.663612	-94.643143
33.662609	-94.64423
33.662043	-94.645269
33.661913	-94.646481
33.662604	-94.649234
33.660704	-94.651734
33.660137	-94.653379
33.659956	-94.655534
33.660424	-94.656286
33.660592	-94.657219
33.660322	-94.660964
33.660682	-94.662598
33.661994	-94.663955
33.662349	-94.665892
33.664362	-94.669311
33.665934	-94.670564
33.668388	-94.671048
33.670343	-94.670184
33.671878	-94.668848
33.6728	-94.66754
33.674946	-94.662615
33.675129	-94.659525
33.674186	-94.657916
33.671147	-94.653996
33.670559	-94.652655
33.670419	-94.651296
33.673644	-94.645337
33.674363	-94.645251
33.681527	-94.648055
33.683407	-94.649821
33.684438	-94.650373
33.685932	-94.645492
33.691347	-94.642395
33.693938	-94.639775
33.696276	-94.638138
33.698259	-94.63945
33.700385	-94.641776
33.701312	-94.643244
33.701666	-94.644322
33.701778	-94.645882
33.701187	-94.647277
33.69949	-94.648392
33.697011	-94.648621
33.692654	-94.647241
33.690346	-94.647093
33.688754	-94.647978
33.686734	-94.64866
33.685843	-94.651402
33.688568	-94.654861
33.690194	-94.657529
33.691759	-94.658618
33.692138	-94.659167
33.694255	-94.664914
33.694607	-94.667852
33.69412	-94.669845
33.693307	-94.671773
33.691844	-94.673933
33.688342	-94.677383
33.684353	-94.684796
33.68444	-94.68822
33.685737	-94.693038
33.686203	-94.697246
33.687621	-94.70175
33.688301	-94.709787
33.687935	-94.712067
33.688101	-94.713619
33.687902	-94.716188
33.688664	-94.718338
33.694108	-94.715112
33.69492	-94.714958
33.695646	-94.715152
33.696559	-94.714865
33.697497	-94.714
33.69774	-94.713201
33.696743	-94.710841
33.697174	-94.709321
33.696743	-94.705845
33.697141	-94.7044
33.698016	-94.702746
33.699148	-94.701544
33.700675	-94.700844
33.701417	-94.700884
33.703434	-94.701965
33.706293	-94.706024
33.708962	-94.712719
33.713088	-94.721508
33.715041	-94.726287
33.71606	-94.73028
33.715594	-94.732904
33.715634	-94.734343
33.715225	-94.734941
33.711306	-94.733643
33.709211	-94.732524
33.707833	-94.731251
33.705791	-94.728484
33.705216	-94.726817
33.705278	-94.725414
33.704202	-94.720442
33.703696	-94.719228
33.702051	-94.718147
33.701462	-94.717472
33.700358	-94.716873
33.694913	-94.715943
33.688857	-94.719531
33.689667	-94.724076
33.690098	-94.725243
33.690899	-94.726123
33.691254	-94.730387
33.691098	-94.731409
33.691259	-94.735117
33.692332	-94.736814
33.69699	-94.739413
33.700555	-94.740922
33.701988	-94.743091
33.704374	-94.750949
33.704862	-94.751942
33.706931	-94.753651
33.708663	-94.753801
33.710753	-94.753069
33.712191	-94.747464
33.712495	-94.744798
33.713358	-94.741237
33.714501	-94.738572
33.71608	-94.736129
33.71913	-94.733227
33.721939	-94.732366
33.723917	-94.73263
33.725191	-94.733413
33.726616	-94.735178
33.727187	-94.736739
33.726817	-94.740157
33.726952	-94.74137
33.726692	-94.742092
33.724346	-94.744495
33.722189	-94.745232
33.718614	-94.744916
33.716804	-94.745452
33.715462	-94.746489
33.714734	-94.747585
33.71354	-94.751366
33.715073	-94.755905
33.71604	-94.756998
33.717817	-94.757738
33.725148	-94.747668
33.726415	-94.748645
33.728407	-94.749551
33.729818	-94.75055
33.731003	-94.750561
33.732102	-94.751112
33.733727	-94.751371
33.734326	-94.751825
33.734556	-94.752389
33.73339	-94.754396
33.727054	-94.760604
33.726989	-94.768695
33.727187	-94.773126
33.728872	-94.779372
33.730125	-94.782498
33.735669	-94.788637
33.736477	-94.788105
33.738991	-94.785422
33.74211	-94.78136
33.745099	-94.778866
33.746074	-94.777581
33.746712	-94.775836
33.746677	-94.770721
33.746202	-94.769023
33.746096	-94.765256
33.746642	-94.763233
33.746609	-94.762226
33.74732	-94.760868
33.748031	-94.760218
33.748532	-94.758948
33.750109	-94.757813
33.753594	-94.757207
33.756537	-94.758125
33.75673	-94.759323
33.758291	-94.760058
33.759132	-94.762264
33.759764	-94.763035
33.760052	-94.765361
33.760962	-94.768656
33.761034	-94.76985
33.760648	-94.771345
33.75933	-94.773494
33.756976	-94.775919
33.756372	-94.776143
33.756399	-94.776368
33.753006	-94.777841
33.752707	-94.777703
33.748445	-94.778416
33.744695	-94.779874
33.743322	-94.781542
33.739356	-94.790051
33.738161	-94.79318
33.737588	-94.795844
33.736925	-94.79726
33.732949	-94.801874
33.732699	-94.802833
33.733411	-94.807268
33.734566	-94.809397
33.734825	-94.811101
33.735262	-94.812021
33.736167	-94.812824
33.73679	-94.813859
33.740007	-94.817023
33.741591	-94.816983
33.741931	-94.816208
33.744582	-94.813416
33.746554	-94.812446
33.747726	-94.812193
33.750936	-94.812155
33.752113	-94.812764
33.751727	-94.814869
33.751382	-94.815253
33.754216	-94.816831
33.759787	-94.815937
33.763963	-94.816387
33.767704	-94.818574
33.768964	-94.820707
33.769179	-94.823385
33.768525	-94.825294
33.766885	-94.827275
33.764104	-94.829499
33.759985	-94.830875
33.758079	-94.830844
33.747525	-94.823042
33.736984	-94.820155
33.734826	-94.820089
33.733807	-94.820429
33.732878	-94.821989
33.732724	-94.822928
33.734131	-94.827256
33.735117	-94.828456
33.740882	-94.827948
33.74057	-94.829167
33.739445	-94.842574
33.739587	-94.849314
33.74071	-94.856554
33.741945	-94.860687
33.744702	-94.866241
33.744718	-94.866892
33.745217	-94.86813
33.745882	-94.868821
33.746196	-94.869913
33.748995	-94.873341
33.749164	-94.874669
33.75222	-94.877083
33.753123	-94.877125
33.754899	-94.876082
33.755501	-94.876124
33.75634	-94.873965
33.759521	-94.869667
33.760126	-94.868374
33.761689	-94.866849
33.763401	-94.866097
33.765637	-94.865929
33.76697	-94.866513
33.76844	-94.867636
33.76972	-94.869331
33.770258	-94.870784
33.77052	-94.873453
33.770063	-94.874229
33.768768	-94.874935
33.758059	-94.873833
33.757342	-94.874143
33.756904	-94.874772
33.757405	-94.876504
33.758574	-94.877357
33.760188	-94.879395
33.761177	-94.881395
33.763243	-94.883847
33.765234	-94.885678
33.769067	-94.886934
33.768876	-94.891652
33.768645	-94.892163
33.768404	-94.895303
33.768839	-94.897718
33.77085	-94.901281
33.773249	-94.904198
33.775678	-94.904599
33.777198	-94.904172
33.77819	-94.906243
33.778437	-94.907861
33.778383	-94.911427
33.779476	-94.912868
33.784936	-94.916937
33.786717	-94.917598
33.78688	-94.918071
33.788557	-94.919407
33.790472	-94.921526
33.793535	-94.922353
33.795919	-94.921667
33.798408	-94.921314
33.80096	-94.919436
33.805861	-94.917325
33.807001	-94.9176
33.808969	-94.916748
33.808516	-94.914487
33.812591	-94.912596
33.815023	-94.911042
33.815915	-94.910882
33.819443	-94.91216
33.823419	-94.91479
33.826783	-94.91801
33.82682	-94.918599
33.827771	-94.919471
33.828728	-94.920925
33.829113	-94.922439
33.829047	-94.924573
33.828533	-94.926072
33.827557	-94.926616
33.826339	-94.926571
33.819168	-94.923815
33.815456	-94.923099
33.812494	-94.924266
33.808742	-94.923289
33.808458	-94.92536
33.807657	-94.928204
33.806276	-94.937027
33.805818	-94.938535
33.805637	-94.940436
33.80578	-94.942217
33.807367	-94.946201
33.808356	-94.947874
33.810816	-94.94983
33.812422	-94.950759
33.816007	-94.95352
33.816475	-94.953518
33.819113	-94.9512
33.821087	-94.949862
33.823552	-94.947663
33.82584	-94.944838
33.828378	-94.943531
33.830226	-94.943888
33.831055	-94.944681
33.832648	-94.947281
33.834949	-94.952298
33.835004	-94.957676
33.837021	-94.964401
33.843746	-94.965647
33.848696	-94.965799
33.856696	-94.968317
33.860913	-94.968892
33.861817	-94.970205
33.862123	-94.971435
33.861731	-94.973411
33.859847	-94.976208
33.857971	-94.97701
33.852314	-94.981634
33.851357	-94.983295
33.851	-94.988487
33.852034	-94.992163
33.853322	-94.993418
33.854759	-94.993921
33.857438	-94.995524
33.859067	-94.997124
33.860504	-94.998019
33.862505	-95.000223
33.863713	-95.002187
33.862246	-95.003589
33.860049	-95.00753
33.858034	-95.012214
33.857738	-95.015673
33.857976	-95.018716
33.859252	-95.024862
33.859258	-95.026113
33.860091	-95.029715
33.859952	-95.031434
33.86025	-95.037207
33.86166	-95.043921
33.862565	-95.046568
33.86409	-95.049025
33.868179	-95.050704
33.874786	-95.051319
33.878299	-95.050572
33.881648	-95.054787
33.884147	-95.056336
33.886246	-95.05846
33.887491	-95.059088
33.88896	-95.059215
33.894846	-95.058834
33.900742	-95.059724
33.901873	-95.060105
33.903618	-95.062284
33.903419	-95.069128
33.903142	-95.071084
33.902699	-95.072413
33.901966	-95.073528
33.90108	-95.072661
33.898041	-95.070835
33.895578	-95.069952
33.895561	-95.071801
33.897849	-95.072918
33.897904	-95.073267
33.898294	-95.073287
33.901493	-95.075745
33.904298	-95.076417
33.907267	-95.074629
33.908401	-95.070573
33.908253	-95.066979
33.908953	-95.065432
33.910156	-95.064235
33.912059	-95.063318
33.91404	-95.063459
33.915346	-95.064512
33.9168	-95.066267
33.917551	-95.067955
33.917586	-95.069476
33.917236	-95.070669
33.915636	-95.073966
33.908805	-95.074988
33.907923	-95.075586
33.906712	-95.077704
33.90504	-95.078696
33.90016	-95.079158
33.890202	-95.079566
33.885706	-95.080102
33.883529	-95.081158
33.879882	-95.082408
33.880321	-95.0874
33.881058	-95.090063
33.883216	-95.092118
33.88843	-95.095833
33.890007	-95.098175
33.892776	-95.099856
33.895595	-95.100378
33.896793	-95.100003
33.89703	-95.099351
33.898861	-95.097408
33.899377	-95.0963
33.899438	-95.094765
33.900148	-95.092946
33.900109	-95.09205
33.900351	-95.091912
33.900329	-95.091503
33.901692	-95.091055
33.901758	-95.091998
33.901945	-95.092064
33.90272	-95.090219
33.902985	-95.087662
33.904612	-95.085421
33.90686	-95.081606
33.908595	-95.079742
33.911265	-95.07783
33.913584	-95.076782
33.918696	-95.07795
33.920951	-95.080007
33.921407	-95.080818
33.921758	-95.082387
33.920796	-95.084055
33.920038	-95.084655
33.917719	-95.08557
33.916581	-95.086717
33.91552	-95.088417
33.914069	-95.089801
33.911374	-95.095778
33.911457	-95.096055
33.910224	-95.100418
33.909591	-95.104807
33.908892	-95.106277
33.906952	-95.108352
33.906484	-95.108562
33.905555	-95.110025
33.904493	-95.113148
33.904586	-95.114381
33.904267	-95.115982
33.904353	-95.119989
33.904654	-95.121169
33.90511	-95.121592
33.905533	-95.122679
33.905401	-95.122804
33.905741	-95.124083
33.906252	-95.124703
33.906453	-95.125684
33.907826	-95.127364
33.912535	-95.131041
33.913926	-95.131644
33.916027	-95.131642
33.920435	-95.127731
33.925762	-95.121727
33.927181	-95.121327
33.931307	-95.121184
33.934675	-95.1247
33.935663	-95.126716
33.936799	-95.130157
33.93599	-95.134861
33.934793	-95.138818
33.935324	-95.149254
33.936572	-95.155882
33.975827	-95.156435
34.062901	-95.156621
34.089549	-95.156407
34.156965	-95.156521
34.157024	-95.151294
34.185963	-95.151456
34.202709	-95.151216
34.239956	-95.151482
34.240009	-95.151289
34.243906	-95.151233
34.244022	-95.125231
34.243648	-95.082717
34.243671	-95.046585
34.297627	-95.04627
34.359699	-95.046556
34.375101	-95.046406
34.430055	-95.0468
34.507229	-95.046746
34.507109	-94.967218
34.506838	-94.942375
34.50647	-94.940948
34.506575	-94.93976
34.506915	-94.93899
34.506701	-94.937163
34.506789	-94.934807
34.506459	-94.933565
34.506822	-94.928707
34.507349	-94.854625
34.507292	-94.797932
34.507502	-94.792148
34.507272	-94.745268
