38.147126	-107.568736
38.14709	-107.375613
38.147233	-107.351905
38.147079	-107.32963
38.147143	-107.125607
38.146913	-107.112233
38.147123	-107.0583
38.146893	-107.051135
38.147074	-107.048329
38.147072	-107.001119
38.092765	-107.001892
37.999996	-107.001514
37.956041	-107.000602
37.955977	-107.002315
37.956921	-107.004689
37.956721	-107.005624
37.956218	-107.006263
37.954104	-107.006695
37.949203	-107.006756
37.947292	-107.007654
37.946522	-107.008973
37.946961	-107.011181
37.949018	-107.017542
37.952313	-107.020843
37.953792	-107.022918
37.954501	-107.025506
37.954136	-107.028352
37.953065	-107.030564
37.95226	-107.031203
37.951052	-107.031547
37.950081	-107.033206
37.948814	-107.039707
37.948683	-107.042637
37.949323	-107.044716
37.952956	-107.051159
37.953126	-107.052857
37.952456	-107.054133
37.952122	-107.055747
37.952257	-107.056384
37.9534	-107.057654
37.955651	-107.059388
37.957766	-107.059764
37.959143	-107.060525
37.959748	-107.061415
37.959752	-107.065449
37.960055	-107.065703
37.960425	-107.066891
37.960996	-107.067144
37.961299	-107.06778
37.960762	-107.068461
37.958447	-107.069232
37.955362	-107.072001
37.954524	-107.073659
37.953922	-107.075656
37.954296	-107.080157
37.953361	-107.085552
37.95269	-107.0867
37.950409	-107.088362
37.949907	-107.089297
37.94917	-107.092144
37.949307	-107.094606
37.950786	-107.09732
37.951896	-107.100077
37.952904	-107.101476
37.954817	-107.102108
37.955187	-107.102532
37.955053	-107.103212
37.947906	-107.106073
37.947134	-107.106117
37.944618	-107.108416
37.943344	-107.110669
37.942741	-107.112411
37.940867	-107.121968
37.939156	-107.125606
37.937838	-107.129627
37.937603	-107.13132
37.937835	-107.134979
37.938527	-107.135677
37.938848	-107.138191
37.874998	-107.13817
37.865871	-107.138607
37.828761	-107.137357
37.757203	-107.13994
37.75	-107.140707
37.675497	-107.145138
37.675029	-107.123868
37.625002	-107.123734
37.612088	-107.12448
37.600492	-107.125604
37.500004	-107.127818
37.473605	-107.128691
37.422942	-107.12868
37.42308	-107.35603
37.423623	-107.375607
37.422673	-107.482131
37.497822	-107.4822
37.500001	-107.481882
37.768353	-107.482245
37.768037	-107.481
37.768658	-107.480114
37.768707	-107.479526
37.769229	-107.478994
37.769268	-107.47842
37.768549	-107.476213
37.767671	-107.474767
37.767628	-107.473279
37.767266	-107.472913
37.76714	-107.471661
37.766552	-107.470816
37.766624	-107.469737
37.766196	-107.469032
37.765169	-107.46901
37.766273	-107.466908
37.767163	-107.466735
37.767728	-107.467344
37.768464	-107.46693
37.769293	-107.467546
37.770386	-107.467214
37.770881	-107.466391
37.771814	-107.466198
37.77216	-107.465561
37.773654	-107.464898
37.774198	-107.46523
37.77606	-107.464089
37.777081	-107.463875
37.778674	-107.461745
37.779305	-107.461669
37.779838	-107.460742
37.781541	-107.460404
37.781453	-107.45958
37.781865	-107.458197
37.782337	-107.458176
37.782628	-107.458494
37.783381	-107.458591
37.784204	-107.459284
37.786093	-107.45954
37.786834	-107.460758
37.788048	-107.459956
37.789729	-107.459375
37.791123	-107.45932
37.792342	-107.459632
37.792601	-107.459397
37.793238	-107.459515
37.79427	-107.459224
37.794638	-107.459391
37.794912	-107.460221
37.795396	-107.460201
37.796884	-107.460969
37.797158	-107.46209
37.79819	-107.461932
37.799096	-107.462223
37.799338	-107.462562
37.799266	-107.463365
37.800106	-107.464673
37.799979	-107.465884
37.800891	-107.465573
37.803576	-107.466314
37.80351	-107.46691
37.804257	-107.467069
37.804614	-107.466785
37.805311	-107.467014
37.805437	-107.467416
37.806612	-107.468039
37.807359	-107.468081
37.807946	-107.468946
37.808704	-107.468448
37.809726	-107.468843
37.810335	-107.469736
37.811762	-107.470955
37.812339	-107.472305
37.814222	-107.473594
37.814853	-107.47448
37.815682	-107.474882
37.815561	-107.475346
37.816099	-107.476073
37.816088	-107.476799
37.816318	-107.47716
37.816225	-107.477727
37.816576	-107.478662
37.81859	-107.481307
37.818952	-107.482138
37.819885	-107.482277
37.820121	-107.48315
37.822536	-107.485685
37.824275	-107.49031
37.824439	-107.491522
37.824197	-107.492387
37.82408	-107.494893
37.823086	-107.496408
37.822991	-107.498616
37.823309	-107.49942
37.823709	-107.503561
37.824529	-107.507825
37.824755	-107.510289
37.825334	-107.512922
37.826566	-107.515323
37.826451	-107.516547
37.826704	-107.516817
37.829391	-107.517287
37.829594	-107.516713
37.831938	-107.51613
37.832943	-107.516438
37.833198	-107.51683
37.834547	-107.516204
37.836638	-107.517459
37.837363	-107.517344
37.838982	-107.518374
37.839493	-107.520586
37.840669	-107.519687
37.841194	-107.519667
37.84187	-107.520867
37.841463	-107.521974
37.842187	-107.522378
37.842366	-107.521774
37.843265	-107.522022
37.844635	-107.521783
37.84482	-107.521006
37.847356	-107.521061
37.848217	-107.52074
37.84827	-107.519048
37.849185	-107.518593
37.853905	-107.51817
37.854117	-107.51836
37.856978	-107.517859
37.858086	-107.518644
37.858669	-107.520171
37.859548	-107.520787
37.861861	-107.52108
37.863435	-107.522345
37.864074	-107.522476
37.864262	-107.523339
37.865163	-107.524402
37.866605	-107.524142
37.868952	-107.526014
37.870361	-107.527741
37.872848	-107.532566
37.873914	-107.536021
37.874062	-107.535539
37.874996	-107.534967
37.877113	-107.535328
37.877845	-107.535903
37.88011	-107.536468
37.880443	-107.535879
37.884047	-107.532481
37.884571	-107.532403
37.885715	-107.532909
37.889061	-107.533481
37.889361	-107.533106
37.889159	-107.531282
37.890023	-107.529068
37.891377	-107.527162
37.893649	-107.526056
37.896213	-107.526429
37.896577	-107.526238
37.897533	-107.523036
37.898772	-107.521821
37.900419	-107.521638
37.901312	-107.520167
37.904054	-107.524635
37.905345	-107.524806
37.906198	-107.527511
37.907097	-107.528505
37.908784	-107.528515
37.909765	-107.529194
37.911748	-107.529716
37.913687	-107.528924
37.914679	-107.529205
37.916819	-107.530747
37.920123	-107.535902
37.921088	-107.536652
37.922412	-107.536518
37.924671	-107.534546
37.926144	-107.537358
37.929819	-107.538351
37.930772	-107.538133
37.931619	-107.5383
37.931959	-107.538007
37.932829	-107.538146
37.934644	-107.537701
37.937138	-107.534149
37.93817	-107.534309
37.940654	-107.532378
37.940847	-107.532644
37.943905	-107.532593
37.944931	-107.534271
37.947613	-107.537346
37.947884	-107.540069
37.948373	-107.540969
37.948305	-107.541825
37.949687	-107.551046
37.950282	-107.551508
37.953419	-107.557829
37.953696	-107.559166
37.955937	-107.563369
37.96079	-107.564534
37.961216	-107.564914
37.961327	-107.567219
37.961919	-107.568283
37.963086	-107.569005
37.965774	-107.568769
37.966039	-107.569036
37.966033	-107.570422
37.966993	-107.572243
37.96687	-107.57477
37.96746	-107.576252
37.967565	-107.5782
37.968475	-107.580296
37.967923	-107.582984
37.968002	-107.585278
37.968478	-107.587004
37.970312	-107.588221
37.972124	-107.587295
37.976018	-107.584163
37.978781	-107.585121
37.980589	-107.586908
37.982794	-107.588199
37.984654	-107.588905
37.989628	-107.589808
37.992251	-107.591367
37.992585	-107.590768
37.993251	-107.587867
37.993764	-107.58679
37.99825	-107.586679
37.999037	-107.586966
37.999408	-107.586737
38.000111	-107.584193
38.000255	-107.581488
38.000548	-107.580421
38.001464	-107.579371
38.004655	-107.574344
38.00619	-107.574269
38.006379	-107.573888
38.005362	-107.569546
38.005289	-107.566325
38.004481	-107.564487
38.003613	-107.563579
38.003165	-107.56211
38.000786	-107.55938
37.999162	-107.556506
37.999162	-107.555248
37.999472	-107.554286
37.99879	-107.552362
37.998294	-107.54992
37.998852	-107.548588
38.000826	-107.546317
38.003347	-107.545026
38.003614	-107.544428
38.005766	-107.54338
38.006356	-107.542745
38.007564	-107.539984
38.008919	-107.537975
38.013072	-107.537901
38.013926	-107.538279
38.014707	-107.539353
38.016076	-107.539556
38.016928	-107.539231
38.017715	-107.539427
38.0193	-107.53833
38.019702	-107.537566
38.022744	-107.536589
38.023644	-107.536824
38.024363	-107.537378
38.025361	-107.538988
38.02594	-107.539403
38.026684	-107.539468
38.027109	-107.539856
38.028236	-107.538882
38.028686	-107.536852
38.030534	-107.536656
38.032291	-107.537534
38.033637	-107.536025
38.034393	-107.534498
38.03564	-107.53349
38.036992	-107.531796
38.03855	-107.531046
38.038963	-107.531129
38.039878	-107.527027
38.039731	-107.526255
38.039039	-107.525311
38.039538	-107.524494
38.040116	-107.524236
38.041045	-107.52298
38.042567	-107.521955
38.044164	-107.522337
38.044734	-107.522059
38.045725	-107.520577
38.046627	-107.520985
38.048186	-107.522775
38.05218	-107.521071
38.054066	-107.521957
38.055325	-107.522989
38.056132	-107.522899
38.057222	-107.522282
38.057229	-107.521557
38.058286	-107.51842
38.057835	-107.517257
38.057881	-107.515879
38.058487	-107.515242
38.060189	-107.511366
38.060877	-107.51088
38.062203	-107.512105
38.063535	-107.513881
38.064955	-107.514919
38.067838	-107.515333
38.068961	-107.51596
38.069741	-107.51683
38.069875	-107.518409
38.07042	-107.52054
38.071974	-107.522576
38.072049	-107.52333
38.072531	-107.523747
38.072766	-107.524375
38.073945	-107.52495
38.074461	-107.524836
38.075329	-107.526276
38.075921	-107.526466
38.075665	-107.527279
38.075731	-107.527971
38.076837	-107.52914
38.076486	-107.530087
38.077741	-107.530875
38.078303	-107.531852
38.080059	-107.533262
38.079441	-107.536022
38.079435	-107.53739
38.079672	-107.538262
38.079748	-107.541548
38.08073	-107.544373
38.078743	-107.548256
38.078236	-107.550289
38.079011	-107.552058
38.0792	-107.553585
38.080069	-107.554545
38.0822	-107.555559
38.082872	-107.556309
38.085715	-107.55744
38.087205	-107.55955
38.088376	-107.560157
38.089555	-107.560069
38.090044	-107.560395
38.091669	-107.559828
38.092073	-107.560462
38.093131	-107.56101
38.096992	-107.56465
38.098868	-107.565394
38.100016	-107.564164
38.10043	-107.563072
38.101122	-107.562842
38.101519	-107.562312
38.103123	-107.562583
38.106865	-107.561968
38.107357	-107.561314
38.108896	-107.561606
38.10931	-107.561096
38.110503	-107.560855
38.114437	-107.561982
38.116455	-107.563755
38.119064	-107.564238
38.123212	-107.563205
38.124993	-107.563696
38.125851	-107.564337
38.127906	-107.564733
38.13101	-107.568495
38.132516	-107.569064
38.133282	-107.569665
38.134047	-107.569205
38.1347	-107.570011
38.135073	-107.572286
38.134953	-107.573522
38.136009	-107.574245
38.137845	-107.573671
38.137876	-107.573171
38.138859	-107.572721
38.139551	-107.572781
38.140276	-107.572372
38.14121	-107.57236
38.141427	-107.571911
38.143288	-107.571613
38.147126	-107.568736
