#GsakName=Saint-Pierre
-21.13580,55.51874
-21.13580,55.51997
-21.13575,55.52118
-21.13571,55.52177
-21.13564,55.52236
-21.13546,55.52341
-21.13539,55.52400
-21.13534,55.52460
-21.13531,55.52521
-21.13530,55.52644
-21.13532,55.52770
-21.13537,55.52960
-21.13568,55.53879
-21.13570,55.53894
-21.13569,55.53987
-21.13562,55.54119
-21.13556,55.54191
-21.13541,55.54311
-21.13533,55.54392
-21.13529,55.54473
-21.13524,55.54635
-21.13522,55.54950
-21.13518,55.55101
-21.13513,55.55176
-21.13506,55.55249
-21.13493,55.55357
-21.13486,55.55429
-21.13481,55.55502
-21.13477,55.55650
-21.13476,55.55947
-21.13473,55.56094
-21.13468,55.56167
-21.13461,55.56240
-21.13447,55.56348
-21.13440,55.56421
-21.13436,55.56495
-21.13431,55.56647
-21.13429,55.56962
-21.13425,55.57123
-21.13420,55.57205
-21.13413,55.57286
-21.13398,55.57406
-21.13391,55.57478
-21.13384,55.57609
-21.13384,55.57702
-21.13385,55.57718
-21.13400,55.57721
-21.13424,55.57730
-21.13605,55.57801
-21.14042,55.57964
-21.14492,55.58122
-21.14712,55.58205
-21.14849,55.58255
-21.15111,55.58355
-21.15246,55.58404
-21.15506,55.58503
-21.15640,55.58551
-21.15899,55.58646
-21.16265,55.58771
-21.16314,55.58789
-21.16428,55.58832
-21.16654,55.58923
-21.16747,55.58966
-21.16810,55.58998
-21.16855,55.59023
-21.16959,55.59087
-21.17022,55.59133
-21.17082,55.59183
-21.17140,55.59237
-21.17195,55.59293
-21.17376,55.59490
-21.17573,55.59701
-21.17703,55.59844
-21.17878,55.60049
-21.18127,55.60330
-21.18186,55.60401
-21.18240,55.60474
-21.18282,55.60536
-21.18323,55.60601
-21.18360,55.60666
-21.18391,55.60732
-21.18413,55.60799
-21.18424,55.60866
-21.18426,55.60914
-21.18424,55.60962
-21.18418,55.61032
-21.18406,55.61103
-21.18382,55.61201
-21.18362,55.61272
-21.18306,55.61444
-21.18263,55.61565
-21.18214,55.61686
-21.18138,55.61852
-21.18105,55.61915
-21.18002,55.62107
-21.17950,55.62196
-21.17910,55.62259
-21.17871,55.62314
-21.17829,55.62366
-21.17786,55.62414
-21.17736,55.62462
-21.17698,55.62490
-21.17658,55.62515
-21.17586,55.62545
-21.17508,55.62566
-21.17426,55.62578
-21.17343,55.62585
-21.17258,55.62586
-21.17156,55.62584
-21.17070,55.62584
-21.16985,55.62591
-21.16901,55.62603
-21.16820,55.62622
-21.16744,55.62652
-21.16686,55.62684
-21.16632,55.62723
-21.16582,55.62768
-21.16532,55.62821
-21.16481,55.62880
-21.16432,55.62941
-21.16385,55.63005
-21.16341,55.63070
-21.16263,55.63201
-21.16228,55.63267
-21.16198,55.63333
-21.16176,55.63399
-21.16164,55.63462
-21.16162,55.63504
-21.16165,55.63546
-21.16183,55.63606
-21.16213,55.63664
-21.16252,55.63718
-21.16300,55.63771
-21.16349,55.63816
-21.16466,55.63915
-21.16528,55.63963
-21.16592,55.64010
-21.16770,55.64131
-21.16951,55.64248
-21.17198,55.64413
-21.17396,55.64550
-21.17694,55.64752
-21.17957,55.64939
-21.18258,55.65145
-21.18531,55.65338
-21.19120,55.65736
-21.19323,55.65880
-21.19442,55.65962
-21.19456,55.65961
-21.19484,55.65952
-21.19564,55.65909
-21.19606,55.65891
-21.19693,55.65867
-21.19734,55.65852
-21.19829,55.65802
-21.19868,55.65789
-21.19928,55.65773
-21.19967,55.65760
-21.20060,55.65711
-21.20099,55.65698
-21.20159,55.65681
-21.20199,55.65668
-21.20296,55.65616
-21.20339,55.65601
-21.20405,55.65580
-21.20446,55.65562
-21.20482,55.65539
-21.20495,55.65527
-21.20508,55.65513
-21.20524,55.65513
-21.20563,55.65507
-21.20617,55.65495
-21.20861,55.65427
-21.21287,55.65301
-21.21397,55.65266
-21.21622,55.65200
-21.21729,55.65167
-21.22021,55.65086
-21.22508,55.64935
-21.22742,55.64870
-21.22807,55.64856
-21.22870,55.64845
-21.22930,55.64839
-21.22972,55.64837
-21.23011,55.64838
-21.23061,55.64849
-21.23105,55.64871
-21.23144,55.64907
-21.23177,55.64954
-21.23205,55.65008
-21.23224,55.65049
-21.23240,55.65093
-21.23261,55.65159
-21.23278,55.65231
-21.23346,55.65560
-21.23361,55.65637
-21.23399,55.65873
-21.23434,55.66059
-21.23450,55.66154
-21.23493,55.66444
-21.23510,55.66541
-21.23547,55.66733
-21.23590,55.66984
-21.23647,55.67273
-21.23693,55.67531
-21.23730,55.67711
-21.23740,55.67771
-21.23747,55.67815
-21.23747,55.67832
-21.23748,55.67910
-21.23757,55.68076
-21.23773,55.68271
-21.23784,55.68372
-21.23829,55.68695
-21.23839,55.68798
-21.23848,55.68901
-21.23861,55.69105
-21.23888,55.69700
-21.23901,55.69893
-21.23909,55.69988
-21.23919,55.70082
-21.23962,55.70375
-21.23972,55.70470
-21.23981,55.70566
-21.23993,55.70759
-21.24017,55.71245
-21.24029,55.71438
-21.24037,55.71533
-21.24047,55.71628
-21.24090,55.71921
-21.24100,55.72016
-21.24108,55.72111
-21.24121,55.72304
-21.24144,55.72789
-21.24157,55.72982
-21.24165,55.73078
-21.24175,55.73172
-21.24218,55.73464
-21.24228,55.73558
-21.24236,55.73653
-21.24248,55.73844
-21.24275,55.74420
-21.24287,55.74611
-21.24295,55.74705
-21.24305,55.74799
-21.24348,55.75091
-21.24358,55.75186
-21.24366,55.75281
-21.24379,55.75474
-21.24403,55.75959
-21.24415,55.76152
-21.24423,55.76248
-21.24433,55.76342
-21.24476,55.76635
-21.24486,55.76730
-21.24494,55.76826
-21.24506,55.77018
-21.24530,55.77504
-21.24542,55.77697
-21.24551,55.77793
-21.24561,55.77888
-21.24604,55.78181
-21.24614,55.78276
-21.24622,55.78371
-21.24635,55.78565
-21.24663,55.79163
-21.24676,55.79369
-21.24684,55.79473
-21.24695,55.79578
-21.24741,55.79904
-21.24752,55.80004
-21.24767,55.80192
-21.24774,55.80327
-21.24784,55.80514
-21.24958,55.80514
-21.24958,55.80542
-21.25042,55.80542
-21.25042,55.80514
-21.25181,55.80514
-21.25181,55.80486
-21.25292,55.80486
-21.25292,55.80458
-21.25430,55.80458
-21.25430,55.80431
-21.25458,55.80431
-21.25458,55.80403
-21.25486,55.80403
-21.25486,55.80347
-21.25514,55.80347
-21.25514,55.80320
-21.25625,55.80320
-21.25625,55.80292
-21.25764,55.80292
-21.25764,55.80264
-21.25875,55.80264
-21.25875,55.80236
-21.25986,55.80236
-21.25986,55.80208
-21.26097,55.80208
-21.26097,55.80236
-21.26125,55.80236
-21.26125,55.80264
-21.26320,55.80264
-21.26320,55.80292
-21.26430,55.80292
-21.26430,55.80320
-21.26486,55.80320
-21.26486,55.80347
-21.26791,55.80347
-21.26792,55.80375
-21.26820,55.80375
-21.26820,55.80403
-21.26847,55.80403
-21.26847,55.80375
-21.27069,55.80375
-21.27069,55.80403
-21.27181,55.80403
-21.27181,55.80431
-21.27208,55.80431
-21.27208,55.80458
-21.27264,55.80458
-21.27264,55.80431
-21.27320,55.80431
-21.27320,55.80403
-21.27431,55.80403
-21.27431,55.80375
-21.27542,55.80375
-21.27542,55.80347
-21.27792,55.80347
-21.27792,55.80320
-21.27958,55.80320
-21.27958,55.80292
-21.28264,55.80292
-21.28264,55.80320
-21.28431,55.80320
-21.28431,55.80347
-21.28458,55.80347
-21.28458,55.80375
-21.28514,55.80375
-21.28514,55.80403
-21.28625,55.80403
-21.28625,55.80431
-21.28653,55.80431
-21.28653,55.80458
-21.28708,55.80458
-21.28708,55.80486
-21.28847,55.80486
-21.28847,55.80514
-21.28930,55.80514
-21.28930,55.80542
-21.29097,55.80542
-21.29097,55.80569
-21.29153,55.80569
-21.29153,55.80597
-21.29180,55.80597
-21.29180,55.80625
-21.29208,55.80625
-21.29208,55.80680
-21.29292,55.80680
-21.29292,55.80653
-21.29319,55.80653
-21.29319,55.80625
-21.29375,55.80625
-21.29375,55.80597
-21.29958,55.80597
-21.29958,55.80625
-21.29986,55.80625
-21.29986,55.80597
-21.30014,55.80597
-21.30014,55.80569
-21.30069,55.80569
-21.30069,55.80542
-21.30403,55.80542
-21.30403,55.80569
-21.30597,55.80569
-21.30597,55.80542
-21.30764,55.80542
-21.30764,55.80514
-21.30847,55.80514
-21.30847,55.80458
-21.30875,55.80458
-21.30875,55.80431
-21.30958,55.80431
-21.30958,55.80458
-21.31014,55.80458
-21.31014,55.80486
-21.31431,55.80486
-21.31431,55.80514
-21.31542,55.80514
-21.31542,55.80486
-21.31653,55.80486
-21.31653,55.80514
-21.31681,55.80514
-21.31681,55.80542
-21.31708,55.80542
-21.31708,55.80597
-21.31875,55.80597
-21.31875,55.80569
-21.32125,55.80569
-21.32125,55.80597
-21.32347,55.80597
-21.32347,55.80625
-21.32570,55.80625
-21.32570,55.80653
-21.32625,55.80653
-21.32625,55.80680
-21.32653,55.80680
-21.32653,55.80708
-21.32708,55.80708
-21.32708,55.80736
-21.32736,55.80736
-21.32736,55.80764
-21.32764,55.80764
-21.32764,55.80791
-21.32847,55.80792
-21.32847,55.80819
-21.32903,55.80819
-21.32903,55.80847
-21.32958,55.80847
-21.32958,55.80875
-21.33014,55.80875
-21.33014,55.80903
-21.33153,55.80903
-21.33153,55.80931
-21.33347,55.80931
-21.33347,55.80903
-21.33375,55.80903
-21.33375,55.80875
-21.33403,55.80875
-21.33403,55.80847
-21.33514,55.80847
-21.33514,55.80819
-21.33736,55.80819
-21.33736,55.80792
-21.33764,55.80791
-21.33764,55.80764
-21.33792,55.80764
-21.33792,55.80736
-21.33847,55.80736
-21.33847,55.80708
-21.33903,55.80708
-21.33903,55.80653
-21.33931,55.80653
-21.33931,55.80625
-21.33958,55.80625
-21.33958,55.80597
-21.33986,55.80597
-21.33986,55.80569
-21.34014,55.80569
-21.34014,55.80542
-21.34070,55.80542
-21.34070,55.80514
-21.34097,55.80514
-21.34097,55.80486
-21.34125,55.80486
-21.34125,55.80458
-21.34153,55.80458
-21.34153,55.80403
-21.34181,55.80403
-21.34181,55.80375
-21.34208,55.80375
-21.34208,55.80347
-21.34264,55.80347
-21.34264,55.80320
-21.34292,55.80320
-21.34292,55.80292
-21.34347,55.80292
-21.34347,55.80264
-21.34431,55.80264
-21.34431,55.80181
-21.34458,55.80181
-21.34458,55.80153
-21.34486,55.80153
-21.34486,55.80125
-21.34542,55.80125
-21.34542,55.80097
-21.34597,55.80097
-21.34597,55.80069
-21.34681,55.80069
-21.34681,55.80042
-21.34736,55.80042
-21.34736,55.80014
-21.34764,55.80014
-21.34764,55.79986
-21.34792,55.79986
-21.34792,55.79958
-21.34819,55.79958
-21.34819,55.79931
-21.34847,55.79931
-21.34847,55.79903
-21.34875,55.79903
-21.34875,55.79875
-21.34903,55.79875
-21.34903,55.79847
-21.34958,55.79847
-21.34958,55.79819
-21.34986,55.79819
-21.34986,55.79792
-21.35097,55.79792
-21.35097,55.79681
-21.35125,55.79681
-21.35125,55.79486
-21.35153,55.79486
-21.35153,55.79458
-21.35208,55.79458
-21.35208,55.79430
-21.35236,55.79430
-21.35236,55.79403
-21.35264,55.79403
-21.35264,55.79347
-21.35292,55.79347
-21.35292,55.79319
-21.35320,55.79319
-21.35320,55.79292
-21.35347,55.79292
-21.35347,55.79236
-21.35375,55.79236
-21.35375,55.79208
-21.35403,55.79208
-21.35403,55.79181
-21.35431,55.79181
-21.35431,55.79125
-21.35458,55.79125
-21.35458,55.78959
-21.35486,55.78959
-21.35486,55.78931
-21.35514,55.78931
-21.35514,55.78903
-21.35597,55.78903
-21.35597,55.78819
-21.35625,55.78819
-21.35625,55.78764
-21.35653,55.78764
-21.35653,55.78736
-21.35681,55.78736
-21.35681,55.78708
-21.35708,55.78708
-21.35708,55.78680
-21.35736,55.78680
-21.35736,55.78653
-21.35764,55.78653
-21.35764,55.78625
-21.35792,55.78625
-21.35792,55.78597
-21.35819,55.78597
-21.35819,55.78570
-21.35847,55.78570
-21.35847,55.78486
-21.35875,55.78486
-21.35875,55.78459
-21.35903,55.78459
-21.35903,55.78403
-21.35931,55.78403
-21.35931,55.78375
-21.36014,55.78375
-21.36014,55.78319
-21.36042,55.78319
-21.36042,55.78292
-21.36069,55.78292
-21.36069,55.78236
-21.36097,55.78236
-21.36097,55.78208
-21.36125,55.78208
-21.36125,55.78181
-21.36153,55.78181
-21.36153,55.78153
-21.36208,55.78153
-21.36208,55.78097
-21.36236,55.78097
-21.36236,55.77930
-21.36264,55.77930
-21.36264,55.77847
-21.36292,55.77847
-21.36292,55.77736
-21.36319,55.77736
-21.36319,55.77681
-21.36347,55.77681
-21.36347,55.77653
-21.36375,55.77653
-21.36375,55.77625
-21.36403,55.77625
-21.36403,55.77570
-21.36431,55.77570
-21.36431,55.77514
-21.36458,55.77514
-21.36458,55.77431
-21.36486,55.77431
-21.36486,55.77375
-21.36514,55.77375
-21.36514,55.77208
-21.36542,55.77208
-21.36542,55.77180
-21.36569,55.77180
-21.36569,55.77125
-21.36597,55.77125
-21.36597,55.76792
-21.36569,55.76792
-21.36569,55.76708
-21.36542,55.76708
-21.36542,55.76597
-21.36514,55.76597
-21.36514,55.76542
-21.36486,55.76542
-21.36486,55.76486
-21.36458,55.76486
-21.36458,55.76431
-21.36431,55.76431
-21.36431,55.76292
-21.36458,55.76292
-21.36458,55.76042
-21.36431,55.76042
-21.36431,55.75847
-21.36403,55.75847
-21.36403,55.75791
-21.36375,55.75791
-21.36375,55.75542
-21.36403,55.75542
-21.36403,55.75514
-21.36431,55.75514
-21.36431,55.75486
-21.36458,55.75486
-21.36458,55.75431
-21.36486,55.75431
-21.36486,55.75403
-21.36514,55.75403
-21.36514,55.75375
-21.36597,55.75375
-21.36597,55.75347
-21.36653,55.75347
-21.36653,55.75319
-21.36708,55.75319
-21.36708,55.75264
-21.36736,55.75264
-21.36736,55.75236
-21.36764,55.75236
-21.36764,55.75208
-21.36792,55.75208
-21.36792,55.75180
-21.36819,55.75180
-21.36819,55.74986
-21.36792,55.74986
-21.36792,55.74848
-21.36819,55.74847
-21.36819,55.74792
-21.36847,55.74792
-21.36847,55.74736
-21.36875,55.74736
-21.36875,55.74597
-21.36903,55.74597
-21.36903,55.74264
-21.36930,55.74264
-21.36930,55.74208
-21.36958,55.74208
-21.36958,55.74097
-21.36986,55.74097
-21.36986,55.74070
-21.36958,55.74070
-21.36958,55.73514
-21.36930,55.73514
-21.36930,55.73347
-21.36958,55.73347
-21.36958,55.73264
-21.36986,55.73264
-21.36986,55.73208
-21.37014,55.73208
-21.37014,55.73153
-21.37042,55.73153
-21.37042,55.72931
-21.37070,55.72931
-21.37070,55.72820
-21.37097,55.72820
-21.37097,55.72736
-21.37125,55.72736
-21.37125,55.72681
-21.37153,55.72681
-21.37153,55.72625
-21.37180,55.72625
-21.37180,55.72569
-21.37208,55.72569
-21.37208,55.72486
-21.37236,55.72486
-21.37236,55.72403
-21.37264,55.72403
-21.37264,55.72347
-21.37292,55.72347
-21.37292,55.72319
-21.37319,55.72319
-21.37319,55.72292
-21.37347,55.72292
-21.37347,55.72264
-21.37375,55.72264
-21.37375,55.72125
-21.37403,55.72125
-21.37403,55.72070
-21.37431,55.72070
-21.37431,55.71958
-21.37458,55.71958
-21.37458,55.71875
-21.37486,55.71875
-21.37486,55.71847
-21.37541,55.71847
-21.37541,55.71792
-21.37570,55.71792
-21.37570,55.71680
-21.37597,55.71680
-21.37597,55.71653
-21.37570,55.71653
-21.37570,55.71181
-21.37597,55.71181
-21.37597,55.71153
-21.37625,55.71153
-21.37625,55.71097
-21.37653,55.71097
-21.37653,55.71069
-21.37681,55.71069
-21.37683,55.70569
-21.37708,55.70569
-21.37708,55.70208
-21.37681,55.70208
-21.37681,55.70125
-21.37653,55.70125
-21.37653,55.70042
-21.37625,55.70042
-21.37625,55.69986
-21.37597,55.69986
-21.37597,55.69875
-21.37625,55.69875
-21.37625,55.69847
-21.37597,55.69847
-21.37597,55.69819
-21.37625,55.69819
-21.37625,55.69792
-21.37597,55.69792
-21.37597,55.69736
-21.37625,55.69736
-21.37625,55.69680
-21.37597,55.69680
-21.37597,55.69542
-21.37625,55.69542
-21.37625,55.69486
-21.37597,55.69486
-21.37597,55.69403
-21.37625,55.69403
-21.37625,55.69264
-21.37597,55.69264
-21.37597,55.69181
-21.37625,55.69181
-21.37625,55.69125
-21.37597,55.69125
-21.37597,55.69097
-21.37625,55.69097
-21.37625,55.68930
-21.37597,55.68930
-21.37597,55.68847
-21.37570,55.68847
-21.37570,55.68764
-21.37541,55.68764
-21.37541,55.68597
-21.37514,55.68597
-21.37514,55.68375
-21.37541,55.68375
-21.37541,55.68153
-21.37570,55.68153
-21.37570,55.68014
-21.37597,55.68014
-21.37597,55.67903
-21.37625,55.67903
-21.37625,55.67875
-21.37653,55.67875
-21.37653,55.67847
-21.37903,55.67847
-21.37903,55.67820
-21.37958,55.67820
-21.37958,55.67792
-21.37986,55.67792
-21.37986,55.67736
-21.38014,55.67736
-21.38014,55.67708
-21.37986,55.67708
-21.37986,55.67597
-21.38014,55.67597
-21.38014,55.67569
-21.38070,55.67569
-21.38070,55.67542
-21.38125,55.67542
-21.38125,55.67514
-21.38153,55.67514
-21.38153,55.67458
-21.38181,55.67458
-21.38181,55.67430
-21.38208,55.67430
-21.38208,55.67375
-21.38236,55.67375
-21.38236,55.67319
-21.38264,55.67319
-21.38264,55.67292
-21.38292,55.67292
-21.38292,55.67264
-21.38319,55.67264
-21.38319,55.67236
-21.38375,55.67236
-21.38375,55.67070
-21.38403,55.67070
-21.38403,55.66708
-21.38375,55.66708
-21.38375,55.66486
-21.38347,55.66486
-21.38347,55.66375
-21.38319,55.66375
-21.38319,55.66125
-21.38292,55.66125
-21.38292,55.65903
-21.38319,55.65903
-21.38319,55.65875
-21.38347,55.65875
-21.38347,55.65792
-21.38375,55.65792
-21.38375,55.65736
-21.38403,55.65736
-21.38403,55.65681
-21.38431,55.65681
-21.38431,55.65625
-21.38458,55.65625
-21.38458,55.65597
-21.38486,55.65597
-21.38486,55.65569
-21.38514,55.65569
-21.38514,55.65542
-21.38542,55.65542
-21.38542,55.65514
-21.38569,55.65514
-21.38569,55.65486
-21.38597,55.65486
-21.38597,55.65319
-21.38625,55.65319
-21.38625,55.65291
-21.38680,55.65291
-21.38681,55.65181
-21.38708,55.65181
-21.38708,55.65153
-21.38736,55.65153
-21.38736,55.65097
-21.38764,55.65097
-21.38764,55.65070
-21.38792,55.65070
-21.38792,55.65042
-21.38903,55.65042
-21.38903,55.64986
-21.38931,55.64986
-21.38931,55.64931
-21.38958,55.64931
-21.38958,55.64791
-21.38986,55.64791
-21.38986,55.64542
-21.38958,55.64542
-21.38958,55.64514
-21.38931,55.64514
-21.38931,55.64459
-21.38903,55.64459
-21.38903,55.64431
-21.38875,55.64431
-21.38875,55.64403
-21.38847,55.64403
-21.38847,55.64347
-21.38819,55.64347
-21.38819,55.64320
-21.38792,55.64320
-21.38792,55.64292
-21.38764,55.64292
-21.38764,55.64264
-21.38681,55.64264
-21.38681,55.64292
-21.38542,55.64292
-21.38542,55.64264
-21.38514,55.64264
-21.38514,55.64236
-21.38486,55.64236
-21.38486,55.64208
-21.38458,55.64208
-21.38458,55.64180
-21.38431,55.64180
-21.38431,55.64125
-21.38403,55.64125
-21.38403,55.64069
-21.38375,55.64069
-21.38375,55.63986
-21.38347,55.63986
-21.38347,55.63819
-21.38319,55.63819
-21.38319,55.63681
-21.38292,55.63681
-21.38292,55.63347
-21.38319,55.63347
-21.38319,55.63291
-21.38292,55.63291
-21.38292,55.62792
-21.38319,55.62792
-21.38319,55.62347
-21.38347,55.62347
-21.38347,55.62264
-21.38375,55.62264
-21.38375,55.62208
-21.38403,55.62208
-21.38403,55.62181
-21.38431,55.62181
-21.38431,55.62125
-21.38458,55.62125
-21.38458,55.62097
-21.38486,55.62097
-21.38486,55.62069
-21.38514,55.62069
-21.38514,55.62042
-21.38542,55.62041
-21.38542,55.62014
-21.38569,55.62014
-21.38569,55.61986
-21.38625,55.61986
-21.38625,55.61930
-21.38653,55.61930
-21.38653,55.61403
-21.38680,55.61403
-21.38681,55.61347
-21.38708,55.61347
-21.38708,55.61319
-21.38736,55.61319
-21.38736,55.61264
-21.38764,55.61264
-21.38764,55.60875
-21.38708,55.60875
-21.38708,55.60847
-21.38681,55.60847
-21.38680,55.60736
-21.38653,55.60736
-21.38653,55.60680
-21.38625,55.60680
-21.38625,55.60625
-21.38597,55.60625
-21.38597,55.60597
-21.38569,55.60597
-21.38569,55.60569
-21.38542,55.60569
-21.38542,55.60541
-21.38514,55.60541
-21.38514,55.60431
-21.38486,55.60431
-21.38486,55.60347
-21.38458,55.60347
-21.38458,55.60264
-21.38431,55.60264
-21.38431,55.60236
-21.38403,55.60236
-21.38403,55.60209
-21.38347,55.60209
-21.38347,55.60181
-21.38319,55.60181
-21.38319,55.60153
-21.38292,55.60153
-21.38292,55.60125
-21.38264,55.60125
-21.38264,55.60069
-21.38236,55.60069
-21.38236,55.60042
-21.38208,55.60042
-21.38208,55.60014
-21.38181,55.60014
-21.38181,55.59986
-21.38042,55.59986
-21.38042,55.59958
-21.38014,55.59958
-21.38014,55.59930
-21.37986,55.59930
-21.37986,55.59875
-21.37958,55.59875
-21.37958,55.59847
-21.37931,55.59847
-21.37931,55.59792
-21.37903,55.59792
-21.37903,55.59680
-21.37931,55.59680
-21.37931,55.59597
-21.37903,55.59597
-21.37903,55.59542
-21.37875,55.59542
-21.37875,55.59514
-21.37847,55.59514
-21.37847,55.59486
-21.37819,55.59486
-21.37819,55.59375
-21.37792,55.59375
-21.37792,55.59319
-21.37764,55.59319
-21.37764,55.59236
-21.37736,55.59236
-21.37736,55.59180
-21.37708,55.59180
-21.37708,55.59069
-21.37681,55.59069
-21.37681,55.59042
-21.37653,55.59042
-21.37653,55.59014
-21.37625,55.59014
-21.37625,55.58958
-21.37597,55.58958
-21.37597,55.58903
-21.37570,55.58903
-21.37570,55.58931
-21.37486,55.58931
-21.37486,55.58903
-21.37458,55.58903
-21.37458,55.58816
-21.37458,55.58792
-21.37403,55.58792
-21.37403,55.58764
-21.37347,55.58764
-21.37347,55.58736
-21.37319,55.58736
-21.37319,55.58708
-21.37264,55.58708
-21.37264,55.58681
-21.37236,55.58681
-21.37236,55.58653
-21.37208,55.58653
-21.37208,55.58542
-21.37236,55.58542
-21.37236,55.58514
-21.37264,55.58514
-21.37264,55.58458
-21.37292,55.58458
-21.37292,55.58319
-21.37319,55.58319
-21.37319,55.58181
-21.37347,55.58181
-21.37347,55.58070
-21.37375,55.58070
-21.37375,55.58014
-21.37403,55.58014
-21.37403,55.57958
-21.37431,55.57958
-21.37431,55.57903
-21.37458,55.57903
-21.37458,55.57847
-21.37486,55.57847
-21.37486,55.57736
-21.37514,55.57736
-21.37514,55.57708
-21.37541,55.57708
-21.37541,55.57681
-21.37570,55.57681
-21.37570,55.57625
-21.37597,55.57625
-21.37597,55.57347
-21.37625,55.57347
-21.37625,55.57070
-21.37597,55.57070
-21.37597,55.56986
-21.37625,55.56986
-21.37625,55.56958
-21.37597,55.56958
-21.37597,55.56903
-21.37570,55.56903
-21.37570,55.56820
-21.37541,55.56820
-21.37541,55.56792
-21.37514,55.56792
-21.37514,55.56764
-21.37486,55.56764
-21.37486,55.56736
-21.37458,55.56736
-21.37458,55.56597
-21.37431,55.56597
-21.37431,55.56569
-21.37403,55.56569
-21.37403,55.56542
-21.37375,55.56542
-21.37375,55.56486
-21.37347,55.56486
-21.37347,55.56430
-21.37319,55.56430
-21.37319,55.56347
-21.37292,55.56347
-21.37292,55.56208
-21.37319,55.56208
-21.37319,55.56153
-21.37347,55.56153
-21.37347,55.56125
-21.37319,55.56125
-21.37319,55.56070
-21.37292,55.56070
-21.37292,55.56014
-21.37264,55.56014
-21.37264,55.55986
-21.37292,55.55986
-21.37292,55.55931
-21.37236,55.55931
-21.37236,55.55875
-21.37264,55.55875
-21.37264,55.55847
-21.37292,55.55847
-21.37292,55.55792
-21.37319,55.55791
-21.37319,55.55736
-21.37292,55.55736
-21.37292,55.55653
-21.37264,55.55653
-21.37264,55.55569
-21.37236,55.55569
-21.37236,55.55542
-21.37208,55.55542
-21.37208,55.55458
-21.37236,55.55458
-21.37236,55.55431
-21.37292,55.55431
-21.37292,55.55292
-21.37319,55.55292
-21.37319,55.55181
-21.37347,55.55181
-21.37347,55.55153
-21.37486,55.55153
-21.37486,55.55069
-21.37514,55.55069
-21.37514,55.55042
-21.37458,55.55042
-21.37458,55.55014
-21.37431,55.55014
-21.37431,55.54958
-21.37403,55.54958
-21.37403,55.54930
-21.37375,55.54930
-21.37375,55.54903
-21.37292,55.54903
-21.37292,55.54930
-21.37264,55.54930
-21.37264,55.54958
-21.37125,55.54958
-21.37125,55.54930
-21.37097,55.54930
-21.37097,55.54903
-21.37042,55.54903
-21.37042,55.54875
-21.37014,55.54875
-21.37014,55.54847
-21.36986,55.54847
-21.36986,55.54792
-21.36958,55.54792
-21.36958,55.54764
-21.36930,55.54764
-21.36930,55.54736
-21.36903,55.54736
-21.36903,55.54709
-21.36875,55.54709
-21.36875,55.54653
-21.36847,55.54653
-21.36847,55.54597
-21.36819,55.54597
-21.36819,55.54569
-21.36792,55.54569
-21.36792,55.54486
-21.36819,55.54486
-21.36819,55.54375
-21.36847,55.54375
-21.36847,55.54291
-21.36875,55.54291
-21.36875,55.54264
-21.36819,55.54264
-21.36819,55.54236
-21.36792,55.54236
-21.36792,55.54208
-21.36764,55.54208
-21.36764,55.54181
-21.36736,55.54181
-21.36736,55.54153
-21.36708,55.54153
-21.36708,55.54125
-21.36681,55.54125
-21.36681,55.54070
-21.36653,55.54070
-21.36653,55.54014
-21.36625,55.54014
-21.36625,55.53931
-21.36597,55.53931
-21.36597,55.53903
-21.36486,55.53903
-21.36486,55.53847
-21.36458,55.53847
-21.36458,55.53792
-21.36431,55.53792
-21.36431,55.53764
-21.36403,55.53764
-21.36403,55.53708
-21.36375,55.53708
-21.36375,55.53597
-21.36347,55.53597
-21.36347,55.53486
-21.36375,55.53486
-21.36375,55.53348
-21.36347,55.53348
-21.36347,55.53208
-21.36319,55.53208
-21.36316,55.53199
-21.36319,55.53069
-21.36292,55.53069
-21.36292,55.52958
-21.36264,55.52958
-21.36264,55.52708
-21.36236,55.52708
-21.36236,55.52458
-21.36208,55.52458
-21.36208,55.52431
-21.36180,55.52431
-21.36180,55.52403
-21.36153,55.52403
-21.36153,55.52347
-21.36125,55.52347
-21.36125,55.52291
-21.36097,55.52291
-21.36097,55.52264
-21.36069,55.52264
-21.36069,55.52180
-21.36042,55.52180
-21.36042,55.52125
-21.36014,55.52125
-21.36014,55.52097
-21.35986,55.52097
-21.35986,55.52042
-21.35958,55.52042
-21.35958,55.51986
-21.35931,55.51986
-21.35931,55.51653
-21.35903,55.51653
-21.35903,55.51597
-21.35875,55.51597
-21.35875,55.51542
-21.35847,55.51542
-21.35847,55.51514
-21.35819,55.51514
-21.35819,55.51458
-21.35792,55.51458
-21.35792,55.51375
-21.35764,55.51375
-21.35764,55.51320
-21.35736,55.51320
-21.35736,55.51236
-21.35708,55.51236
-21.35708,55.51181
-21.35681,55.51181
-21.35681,55.51153
-21.35653,55.51153
-21.35653,55.51125
-21.35625,55.51125
-21.35625,55.51097
-21.35597,55.51097
-21.35597,55.51069
-21.35569,55.51069
-21.35569,55.50986
-21.35542,55.50986
-21.35542,55.50903
-21.35514,55.50903
-21.35514,55.50819
-21.35486,55.50819
-21.35486,55.50792
-21.35458,55.50792
-21.35458,55.50708
-21.35431,55.50708
-21.35431,55.50597
-21.35403,55.50597
-21.35403,55.50570
-21.35375,55.50570
-21.35375,55.50486
-21.35347,55.50486
-21.35347,55.50431
-21.35320,55.50431
-21.35320,55.50403
-21.35292,55.50403
-21.35292,55.50375
-21.35264,55.50375
-21.35264,55.50347
-21.35236,55.50347
-21.35236,55.50319
-21.35208,55.50319
-21.35208,55.50264
-21.35180,55.50264
-21.35180,55.50236
-21.35153,55.50236
-21.35153,55.50097
-21.35125,55.50097
-21.35125,55.49986
-21.35153,55.49986
-21.35153,55.49958
-21.35180,55.49958
-21.35180,55.49653
-21.35125,55.49653
-21.35125,55.49625
-21.35097,55.49625
-21.35097,55.49458
-21.35069,55.49458
-21.35069,55.49264
-21.35097,55.49264
-21.35097,55.49236
-21.35125,55.49236
-21.35125,55.49097
-21.35153,55.49097
-21.35153,55.48986
-21.35125,55.48986
-21.35125,55.48958
-21.35097,55.48958
-21.35097,55.48847
-21.35125,55.48847
-21.35125,55.48764
-21.35153,55.48764
-21.35153,55.48625
-21.35180,55.48625
-21.35180,55.48597
-21.35264,55.48597
-21.35264,55.48625
-21.35292,55.48625
-21.35292,55.48347
-21.35180,55.48347
-21.35180,55.48320
-21.35014,55.48320
-21.35014,55.48236
-21.34986,55.48236
-21.34986,55.48208
-21.34958,55.48208
-21.34958,55.48180
-21.34931,55.48180
-21.34931,55.48153
-21.34903,55.48153
-21.34903,55.48125
-21.34847,55.48125
-21.34847,55.48097
-21.34819,55.48097
-21.34819,55.47958
-21.34847,55.47958
-21.34847,55.47875
-21.34819,55.47875
-21.34819,55.47847
-21.34708,55.47847
-21.34708,55.47903
-21.34681,55.47903
-21.34681,55.47958
-21.34653,55.47958
-21.34653,55.47986
-21.34542,55.47986
-21.34542,55.47958
-21.34514,55.47958
-21.34514,55.47931
-21.34486,55.47931
-21.34486,55.47847
-21.34569,55.47847
-21.34569,55.47875
-21.34597,55.47875
-21.34597,55.47847
-21.34625,55.47847
-21.34625,55.47819
-21.34653,55.47819
-21.34653,55.47708
-21.34681,55.47708
-21.34681,55.47514
-21.34653,55.47514
-21.34653,55.47430
-21.34625,55.47430
-21.34625,55.47458
-21.34514,55.47458
-21.34514,55.47430
-21.34486,55.47430
-21.34486,55.47403
-21.34458,55.47403
-21.34458,55.47208
-21.34486,55.47208
-21.34486,55.46958
-21.34458,55.46958
-21.34458,55.46903
-21.34431,55.46903
-21.34431,55.46708
-21.34375,55.46708
-21.34375,55.46681
-21.34347,55.46681
-21.34347,55.46597
-21.34320,55.46597
-21.34320,55.46541
-21.34292,55.46541
-21.34292,55.46486
-21.34264,55.46486
-21.34264,55.46403
-21.34236,55.46403
-21.34236,55.46264
-21.34208,55.46264
-21.34208,55.46125
-21.34181,55.46125
-21.34181,55.46097
-21.34208,55.46097
-21.34208,55.46041
-21.34181,55.46041
-21.34181,55.45986
-21.34153,55.45986
-21.34153,55.45958
-21.34097,55.45958
-21.34097,55.45903
-21.34070,55.45903
-21.34070,55.45847
-21.34042,55.45847
-21.34042,55.45819
-21.34014,55.45819
-21.34014,55.45792
-21.33986,55.45792
-21.33986,55.45736
-21.33958,55.45736
-21.33958,55.45709
-21.33931,55.45709
-21.33931,55.45653
-21.33875,55.45653
-21.33875,55.45625
-21.33847,55.45625
-21.33847,55.45597
-21.33819,55.45597
-21.33819,55.45570
-21.33792,55.45570
-21.33792,55.45542
-21.33764,55.45542
-21.33764,55.45570
-21.33653,55.45570
-21.33653,55.45542
-21.33625,55.45542
-21.33625,55.45486
-21.33597,55.45486
-21.33597,55.45458
-21.33569,55.45458
-21.33569,55.45430
-21.33542,55.45430
-21.33542,55.45375
-21.33264,55.45375
-21.33264,55.45403
-21.33125,55.45403
-21.33125,55.45375
-21.33097,55.45375
-21.33097,55.45264
-21.33069,55.45264
-21.33069,55.45208
-21.33042,55.45208
-21.33042,55.45181
-21.33014,55.45181
-21.33014,55.45097
-21.32986,55.45097
-21.32986,55.45042
-21.32931,55.45042
-21.32931,55.45014
-21.32903,55.45014
-21.32903,55.44986
-21.32875,55.44986
-21.32875,55.44320
-21.32847,55.44320
-21.32847,55.44069
-21.32819,55.44069
-21.32819,55.43931
-21.32792,55.43931
-21.32792,55.43819
-21.32764,55.43819
-21.32764,55.43708
-21.32736,55.43708
-21.32736,55.43403
-21.32708,55.43403
-21.32708,55.43236
-21.32681,55.43236
-21.32681,55.42959
-21.32653,55.42959
-21.32653,55.42903
-21.32625,55.42903
-21.32625,55.42847
-21.32597,55.42847
-21.32597,55.42792
-21.32570,55.42792
-21.32570,55.42736
-21.32542,55.42736
-21.32542,55.42625
-21.32514,55.42625
-21.32514,55.42569
-21.32486,55.42569
-21.32486,55.42486
-21.32458,55.42486
-21.32458,55.42430
-21.32431,55.42430
-21.32430,55.42375
-21.32403,55.42375
-21.32403,55.42347
-21.32375,55.42347
-21.32375,55.42292
-21.32347,55.42292
-21.32347,55.42264
-21.32319,55.42264
-21.32319,55.42181
-21.32292,55.42181
-21.32292,55.42125
-21.32264,55.42125
-21.32264,55.42070
-21.32236,55.42070
-21.32236,55.42042
-21.32208,55.42042
-21.32208,55.41986
-21.32180,55.41986
-21.32180,55.41930
-21.32153,55.41930
-21.32153,55.41875
-21.32125,55.41875
-21.32125,55.41847
-21.32097,55.41847
-21.32097,55.41819
-21.32069,55.41819
-21.32069,55.41792
-21.32042,55.41792
-21.32042,55.41736
-21.32014,55.41736
-21.32014,55.41681
-21.31986,55.41681
-21.31986,55.41653
-21.31958,55.41653
-21.31958,55.41625
-21.31931,55.41625
-21.31931,55.41597
-21.31903,55.41597
-21.31903,55.41514
-21.31875,55.41514
-21.31875,55.41486
-21.31847,55.41486
-21.31847,55.41459
-21.31819,55.41459
-21.31819,55.41403
-21.31792,55.41403
-21.31792,55.41375
-21.31736,55.41375
-21.31736,55.41347
-21.31708,55.41347
-21.31708,55.41319
-21.31681,55.41319
-21.31681,55.41292
-21.31653,55.41292
-21.31653,55.41264
-21.31597,55.41264
-21.31597,55.41236
-21.31570,55.41236
-21.31570,55.41208
-21.31542,55.41208
-21.31542,55.41180
-21.31514,55.41180
-21.31514,55.41153
-21.31431,55.41153
-21.31431,55.41125
-21.31403,55.41125
-21.31403,55.41069
-21.31375,55.41069
-21.31375,55.41042
-21.31208,55.41042
-21.31208,55.41014
-21.31069,55.41014
-21.31069,55.40958
-21.31014,55.40958
-21.31014,55.40931
-21.30958,55.40931
-21.30958,55.40903
-21.30931,55.40903
-21.30931,55.40847
-21.30903,55.40847
-21.30903,55.40875
-21.30875,55.40875
-21.30875,55.40847
-21.30819,55.40847
-21.30819,55.40819
-21.30792,55.40819
-21.30792,55.40764
-21.30764,55.40764
-21.30764,55.40736
-21.30736,55.40736
-21.30736,55.40708
-21.30708,55.40708
-21.30708,55.40681
-21.30680,55.40681
-21.30680,55.40653
-21.30653,55.40653
-21.30653,55.40625
-21.30625,55.40625
-21.30625,55.40597
-21.30597,55.40597
-21.30597,55.40569
-21.30569,55.40569
-21.30569,55.40542
-21.30514,55.40542
-21.30514,55.40514
-21.30486,55.40514
-21.30486,55.40486
-21.30458,55.40486
-21.30458,55.40458
-21.30431,55.40458
-21.30431,55.40431
-21.30403,55.40431
-21.30403,55.40403
-21.30375,55.40403
-21.30375,55.40347
-21.30347,55.40347
-21.30347,55.40292
-21.30319,55.40292
-21.30319,55.40264
-21.30292,55.40264
-21.30292,55.40236
-21.30264,55.40236
-21.30264,55.40208
-21.30236,55.40208
-21.30236,55.40181
-21.30208,55.40181
-21.30208,55.40153
-21.30181,55.40153
-21.30181,55.40125
-21.30148,55.40123
-21.30153,55.40097
-21.30125,55.40097
-21.30125,55.40070
-21.30097,55.40070
-21.30097,55.40042
-21.30069,55.40042
-21.30069,55.40014
-21.30042,55.40014
-21.30042,55.39986
-21.30014,55.39986
-21.30014,55.39958
-21.29986,55.39958
-21.29986,55.39931
-21.29931,55.39931
-21.29931,55.39903
-21.29903,55.39903
-21.29903,55.39875
-21.29847,55.39875
-21.29847,55.39847
-21.29820,55.39847
-21.29820,55.39819
-21.29736,55.39819
-21.29736,55.39791
-21.29708,55.39791
-21.29708,55.39764
-21.29681,55.39764
-21.29681,55.39736
-21.29625,55.39736
-21.29625,55.39708
-21.29597,55.39708
-21.29597,55.39653
-21.29570,55.39653
-21.29570,55.39569
-21.29541,55.39569
-21.29541,55.39514
-21.29514,55.39514
-21.29514,55.39458
-21.29486,55.39458
-21.29486,55.39431
-21.29459,55.39431
-21.29458,55.39375
-21.29430,55.39375
-21.29430,55.39347
-21.29403,55.39347
-21.29403,55.39292
-21.29375,55.39292
-21.29375,55.39208
-21.29319,55.39208
-21.29319,55.39125
-21.29292,55.39125
-21.29292,55.39069
-21.29264,55.39069
-21.29264,55.38986
-21.29236,55.38986
-21.29236,55.38931
-21.29208,55.38931
-21.29208,55.38875
-21.29180,55.38875
-21.29180,55.38820
-21.29153,55.38820
-21.29153,55.38764
-21.29125,55.38764
-21.29125,55.38709
-21.29097,55.38709
-21.29097,55.38653
-21.29069,55.38653
-21.29069,55.38597
-21.29042,55.38597
-21.29042,55.38486
-21.29014,55.38486
-21.29014,55.38375
-21.28986,55.38375
-21.28986,55.38319
-21.28958,55.38319
-21.28958,55.38264
-21.28930,55.38264
-21.28930,55.38180
-21.28903,55.38180
-21.28903,55.38125
-21.28875,55.38125
-21.28875,55.38116
-21.28864,55.38121
-21.28845,55.38132
-21.28804,55.38152
-21.28656,55.38218
-21.28405,55.38322
-21.28148,55.38426
-21.27520,55.38678
-21.27287,55.38773
-21.27060,55.38869
-21.26838,55.38969
-21.26602,55.39085
-21.26540,55.39112
-21.26465,55.39137
-21.26386,55.39152
-21.26305,55.39162
-21.26221,55.39166
-21.26137,55.39165
-21.25947,55.39154
-21.25859,55.39150
-21.25497,55.39144
-21.25316,55.39138
-21.25226,55.39134
-21.25138,55.39127
-21.25032,55.39115
-21.24943,55.39108
-21.24763,55.39101
-21.24400,55.39095
-21.24310,55.39093
-21.24220,55.39088
-21.24132,55.39081
-21.24026,55.39070
-21.23937,55.39064
-21.23848,55.39060
-21.23305,55.39050
-21.23216,55.39045
-21.23127,55.39039
-21.23021,55.39028
-21.22934,55.39022
-21.22846,55.39017
-21.22757,55.39015
-21.22399,55.39013
-21.22221,55.39010
-21.22133,55.39006
-21.22046,55.38999
-21.21940,55.38989
-21.21851,55.38982
-21.21762,55.38978
-21.21219,55.38968
-21.21129,55.38964
-21.21040,55.38957
-21.20934,55.38947
-21.20846,55.38940
-21.20756,55.38936
-21.20207,55.38925
-21.20115,55.38921
-21.19823,55.38897
-21.19729,55.38892
-21.19536,55.38888
-21.19237,55.38883
-21.19135,55.38880
-21.19034,55.38875
-21.18720,55.38850
-21.18556,55.38843
-21.18500,55.38843
-21.18477,55.38846
-21.18458,55.38852
-21.18385,55.38882
-21.18247,55.38934
-21.18138,55.38978
-21.17989,55.39035
-21.17742,55.39139
-21.17580,55.39221
-21.17424,55.39310
-21.17378,55.39337
-21.17272,55.39404
-21.17100,55.39526
-21.16892,55.39666
-21.16849,55.39697
-21.16619,55.39870
-21.16437,55.40017
-21.16396,55.40052
-21.16300,55.40140
-21.16243,55.40187
-21.16153,55.40256
-21.16089,55.40303
-21.15953,55.40407
-21.15863,55.40472
-21.15831,55.40499
-21.15816,55.40499
-21.15785,55.40491
-21.15703,55.40453
-21.15681,55.40445
-21.15660,55.40440
-21.15617,55.40433
-21.15511,55.40426
-21.15471,55.40420
-21.15451,55.40415
-21.15432,55.40407
-21.15376,55.40380
-21.15356,55.40372
-21.15337,55.40366
-21.15255,55.40352
-21.15215,55.40342
-21.15196,55.40334
-21.15139,55.40306
-21.15119,55.40298
-21.15100,55.40293
-21.15059,55.40286
-21.14949,55.40275
-21.14905,55.40267
-21.14885,55.40260
-21.14865,55.40250
-21.14832,55.40227
-21.14819,55.40212
-21.14807,55.40212
-21.14779,55.40217
-21.14741,55.40227
-21.14584,55.40276
-21.14467,55.40309
-21.14409,55.40326
-21.14299,55.40363
-21.14077,55.40427
-21.13974,55.40462
-21.13815,55.40507
-21.13762,55.40523
-21.13663,55.40557
-21.13506,55.40603
-21.13455,55.40619
-21.13357,55.40656
-21.13221,55.40704
-21.13123,55.40741
-21.13070,55.40758
-21.12910,55.40804
-21.12807,55.40840
-21.12752,55.40857
-21.12581,55.40906
-21.12471,55.40944
-21.12298,55.40996
-21.12246,55.41013
-21.12167,55.41043
-21.12146,55.41050
-21.12132,55.41065
-21.12122,55.41080
-21.12100,55.41118
-21.12068,55.41198
-21.12017,55.41301
-21.11996,55.41356
-21.11978,55.41393
-21.11954,55.41430
-21.11890,55.41520
-21.11869,55.41557
-21.11842,55.41629
-21.11794,55.41725
-21.11764,55.41797
-21.11753,55.41815
-21.11740,55.41833
-21.11725,55.41849
-21.11709,55.41865
-21.11674,55.41889
-21.11622,55.41919
-21.11603,55.41931
-21.11571,55.41956
-21.11558,55.41970
-21.11474,55.42290
-21.11415,55.42542
-21.11248,55.43198
-21.11195,55.43430
-21.11130,55.43685
-21.11035,55.44039
-21.10970,55.44290
-21.10917,55.44513
-21.10838,55.44790
-21.10819,55.44864
-21.10774,55.45040
-21.10721,55.45262
-21.10671,55.45430
-21.10648,55.45498
-21.10620,55.45562
-21.10597,55.45603
-21.10571,55.45642
-21.10529,55.45692
-21.10482,55.45733
-21.10429,55.45770
-21.10387,55.45794
-21.10344,55.45816
-21.10280,55.45843
-21.10213,55.45866
-21.09967,55.45939
-21.09893,55.45959
-21.09662,55.46015
-21.09193,55.46138
-21.08973,55.46193
-21.08881,55.46220
-21.08843,55.46235
-21.08843,55.46255
-21.08855,55.46300
-21.08887,55.46385
-21.08917,55.46456
-21.09003,55.46636
-21.09099,55.46816
-21.09215,55.47015
-21.09309,55.47184
-21.09437,55.47418
-21.09528,55.47579
-21.09638,55.47761
-21.09727,55.47919
-21.09903,55.48237
-21.09941,55.48304
-21.10051,55.48486
-21.10141,55.48646
-21.10324,55.48976
-21.10364,55.49047
-21.10483,55.49244
-21.10583,55.49421
-21.10765,55.49753
-21.10792,55.49800
-21.10812,55.49828
-21.10834,55.49831
-21.11054,55.49905
-21.11344,55.50014
-21.11490,55.50061
-21.11592,55.50097
-21.11731,55.50142
-21.11993,55.50243
-21.12129,55.50287
-21.12227,55.50321
-21.12363,55.50365
-21.12625,55.50466
-21.12765,55.50511
-21.12867,55.50547
-21.13012,55.50594
-21.13302,55.50703
-21.13522,55.50777
-21.13544,55.50781
-21.13575,55.51686
-21.13580,55.51874
