# GsakName=Distrito Capital de Paraguay
# This County polygon is based on data © OpenStreetMap contributors
# The OpenStreetMap data is made available under the Open Database License, see http://www.openstreetmap.org/copyright
# This polygon file is made available under the same Open Database License: http://opendatacommons.org/licenses/odbl/1.0/.

-25.31707	-57.67362
-25.31982	-57.67145
-25.32290	-57.66967
-25.32398	-57.66905
-25.32690	-57.66733
-25.33037	-57.66529
-25.33395	-57.66282
-25.33698	-57.66034
-25.34108	-57.65608
-25.34393	-57.65266
-25.34641	-57.65021
-25.34924	-57.64763
-25.35000	-57.64703
-25.35074	-57.64663
-25.35140	-57.64636
-25.35218	-57.64621
-25.35316	-57.64610
-25.35397	-57.64609
-25.35465	-57.64618
-25.35533	-57.64634
-25.35604	-57.64657
-25.35672	-57.64684
-25.35764	-57.64732
-25.35822	-57.64766
-25.35875	-57.64782
-25.36009	-57.64812
-25.36115	-57.64825
-25.36185	-57.64773
-25.36270	-57.64711
-25.36326	-57.64661
-25.36409	-57.64542
-25.36328	-57.64401
-25.36365	-57.64360
-25.36426	-57.64262
-25.36440	-57.64223
-25.36471	-57.64189
-25.36479	-57.64170
-25.36483	-57.64149
-25.36517	-57.64086
-25.36542	-57.64039
-25.36568	-57.63998
-25.36609	-57.63940
-25.36647	-57.63890
-25.36657	-57.63872
-25.36667	-57.63855
-25.36722	-57.63746
-25.36739	-57.63711
-25.36763	-57.63662
-25.36802	-57.63596
-25.36823	-57.63591
-25.36832	-57.63575
-25.36750	-57.63538
-25.36745	-57.63551
-25.36726	-57.63602
-25.36718	-57.63619
-25.36708	-57.63630
-25.36655	-57.63685
-25.36608	-57.63737
-25.36599	-57.63749
-25.36587	-57.63767
-25.36537	-57.63862
-25.36476	-57.63824
-25.36463	-57.63819
-25.36443	-57.63813
-25.36372	-57.63797
-25.36224	-57.63768
-25.36227	-57.63748
-25.36226	-57.63688
-25.36182	-57.63687
-25.36066	-57.63681
-25.35952	-57.63668
-25.35849	-57.63656
-25.35711	-57.63662
-25.35688	-57.63663
-25.35510	-57.63669
-25.35501	-57.63594
-25.35472	-57.63596
-25.35433	-57.63600
-25.35369	-57.63608
-25.35320	-57.63645
-25.35240	-57.63621
-25.35164	-57.63598
-25.35090	-57.63576
-25.35014	-57.63554
-25.34940	-57.63534
-25.34914	-57.63642
-25.34810	-57.63610
-25.34712	-57.63581
-25.34608	-57.63553
-25.34509	-57.63522
-25.34407	-57.63493
-25.34273	-57.63457
-25.34268	-57.63456
-25.34262	-57.63399
-25.34257	-57.63398
-25.34188	-57.63394
-25.34121	-57.63391
-25.34114	-57.63347
-25.33967	-57.63330
-25.33975	-57.63254
-25.33904	-57.63245
-25.33863	-57.63239
-25.33842	-57.63237
-25.33843	-57.63256
-25.33842	-57.63267
-25.33838	-57.63282
-25.33824	-57.63312
-25.33821	-57.63321
-25.33818	-57.63330
-25.33817	-57.63341
-25.33820	-57.63364
-25.33819	-57.63379
-25.33816	-57.63389
-25.33812	-57.63403
-25.33812	-57.63421
-25.33806	-57.63407
-25.33801	-57.63391
-25.33800	-57.63377
-25.33796	-57.63357
-25.33785	-57.63333
-25.33775	-57.63319
-25.33764	-57.63307
-25.33754	-57.63297
-25.33746	-57.63292
-25.33732	-57.63286
-25.33721	-57.63283
-25.33711	-57.63281
-25.33700	-57.63272
-25.33688	-57.63257
-25.33684	-57.63247
-25.33675	-57.63231
-25.33671	-57.63222
-25.33664	-57.63217
-25.33653	-57.63215
-25.33641	-57.63215
-25.33628	-57.63211
-25.33617	-57.63206
-25.33609	-57.63199
-25.33599	-57.63183
-25.33588	-57.63173
-25.33571	-57.63147
-25.33539	-57.63087
-25.33520	-57.63074
-25.33486	-57.63024
-25.33456	-57.62988
-25.33430	-57.62966
-25.33379	-57.62891
-25.33358	-57.62861
-25.33313	-57.62799
-25.33306	-57.62786
-25.33307	-57.62775
-25.33312	-57.62762
-25.33331	-57.62747
-25.33337	-57.62741
-25.33342	-57.62731
-25.33341	-57.62714
-25.33329	-57.62706
-25.33312	-57.62702
-25.33284	-57.62698
-25.33267	-57.62691
-25.33227	-57.62670
-25.33207	-57.62655
-25.33171	-57.62618
-25.33164	-57.62603
-25.33157	-57.62589
-25.33149	-57.62581
-25.33113	-57.62558
-25.33075	-57.62535
-25.33064	-57.62531
-25.33056	-57.62524
-25.33048	-57.62514
-25.33037	-57.62504
-25.33024	-57.62500
-25.33013	-57.62493
-25.32998	-57.62488
-25.32981	-57.62486
-25.32969	-57.62482
-25.32952	-57.62464
-25.32939	-57.62444
-25.32897	-57.62393
-25.32852	-57.62354
-25.32839	-57.62343
-25.32826	-57.62336
-25.32811	-57.62329
-25.32804	-57.62320
-25.32801	-57.62310
-25.32801	-57.62298
-25.32803	-57.62287
-25.32800	-57.62277
-25.32796	-57.62271
-25.32796	-57.62262
-25.32801	-57.62255
-25.32803	-57.62246
-25.32801	-57.62238
-25.32795	-57.62228
-25.32790	-57.62217
-25.32785	-57.62203
-25.32784	-57.62189
-25.32783	-57.62161
-25.32780	-57.62148
-25.32771	-57.62139
-25.32755	-57.62130
-25.32743	-57.62122
-25.32734	-57.62116
-25.32711	-57.62109
-25.32698	-57.62107
-25.32685	-57.62111
-25.32675	-57.62119
-25.32662	-57.62129
-25.32651	-57.62137
-25.32635	-57.62142
-25.32625	-57.62140
-25.32606	-57.62132
-25.32600	-57.62127
-25.32594	-57.62115
-25.32593	-57.62105
-25.32590	-57.62088
-25.32585	-57.62077
-25.32578	-57.62068
-25.32555	-57.62048
-25.32505	-57.62001
-25.32486	-57.61986
-25.32468	-57.61965
-25.32459	-57.61956
-25.32456	-57.61946
-25.32458	-57.61937
-25.32462	-57.61927
-25.32464	-57.61914
-25.32463	-57.61903
-25.32465	-57.61898
-25.32436	-57.61882
-25.32306	-57.61804
-25.32247	-57.61767
-25.32172	-57.61722
-25.32100	-57.61671
-25.32054	-57.61728
-25.32025	-57.61766
-25.31974	-57.61716
-25.31922	-57.61665
-25.31902	-57.61690
-25.31877	-57.61722
-25.31845	-57.61762
-25.31820	-57.61740
-25.31685	-57.61669
-25.31553	-57.61599
-25.31590	-57.61512
-25.31626	-57.61425
-25.31673	-57.61312
-25.31675	-57.61306
-25.31586	-57.61265
-25.31589	-57.61261
-25.31607	-57.61235
-25.31657	-57.61150
-25.31674	-57.61116
-25.31735	-57.61146
-25.31765	-57.61034
-25.31797	-57.60924
-25.31831	-57.60790
-25.31924	-57.60817
-25.31947	-57.60823
-25.31969	-57.60832
-25.31988	-57.60841
-25.32007	-57.60851
-25.32171	-57.60942
-25.32183	-57.60943
-25.32238	-57.60946
-25.32154	-57.60861
-25.32231	-57.60778
-25.32335	-57.60658
-25.32449	-57.60523
-25.32530	-57.60601
-25.32551	-57.60620
-25.32582	-57.60578
-25.32591	-57.60569
-25.32600	-57.60561
-25.32625	-57.60530
-25.32677	-57.60462
-25.32733	-57.60386
-25.32652	-57.60316
-25.32739	-57.60193
-25.32778	-57.60145
-25.32830	-57.60081
-25.32824	-57.60077
-25.32886	-57.59988
-25.32893	-57.59979
-25.32802	-57.59898
-25.32807	-57.59891
-25.32856	-57.59823
-25.32910	-57.59751
-25.32854	-57.59696
-25.32900	-57.59643
-25.32911	-57.59632
-25.32934	-57.59609
-25.32989	-57.59559
-25.33035	-57.59618
-25.33090	-57.59572
-25.33113	-57.59551
-25.33127	-57.59540
-25.33158	-57.59521
-25.33224	-57.59477
-25.33283	-57.59438
-25.33230	-57.59348
-25.33323	-57.59284
-25.33379	-57.59247
-25.33395	-57.59238
-25.33421	-57.59234
-25.33569	-57.59188
-25.33567	-57.59163
-25.33514	-57.58980
-25.33688	-57.58882
-25.33805	-57.58814
-25.33841	-57.58915
-25.33852	-57.58950
-25.33878	-57.59026
-25.33887	-57.59050
-25.34046	-57.58951
-25.34027	-57.58922
-25.34019	-57.58904
-25.34001	-57.58852
-25.34027	-57.58839
-25.34032	-57.58836
-25.34036	-57.58830
-25.34047	-57.58809
-25.34093	-57.58717
-25.34142	-57.58621
-25.34144	-57.58617
-25.33956	-57.58506
-25.33941	-57.58495
-25.33912	-57.58475
-25.33883	-57.58446
-25.33847	-57.58394
-25.33819	-57.58356
-25.33776	-57.58302
-25.33311	-57.57705
-25.33161	-57.57514
-25.32517	-57.56672
-25.32095	-57.56131
-25.32023	-57.56039
-25.32007	-57.56022
-25.31989	-57.56008
-25.31786	-57.55862
-25.31662	-57.55773
-25.31590	-57.55722
-25.31539	-57.55686
-25.31359	-57.55582
-25.31008	-57.55385
-25.30973	-57.55369
-25.30936	-57.55356
-25.30936	-57.55346
-25.30932	-57.55247
-25.30897	-57.55222
-25.30821	-57.55165
-25.30817	-57.55161
-25.30812	-57.55157
-25.30642	-57.55044
-25.30518	-57.54959
-25.30411	-57.54885
-25.30390	-57.54870
-25.30325	-57.54827
-25.30243	-57.54773
-25.30093	-57.54674
-25.29989	-57.54604
-25.29962	-57.54585
-25.29870	-57.54523
-25.29746	-57.54418
-25.29621	-57.54315
-25.29607	-57.54328
-25.29596	-57.54344
-25.29590	-57.54344
-25.29580	-57.54341
-25.29569	-57.54338
-25.29554	-57.54339
-25.29533	-57.54344
-25.29518	-57.54352
-25.29507	-57.54357
-25.29497	-57.54356
-25.29479	-57.54348
-25.29465	-57.54343
-25.29453	-57.54338
-25.29439	-57.54339
-25.29431	-57.54341
-25.29423	-57.54347
-25.29413	-57.54361
-25.29411	-57.54364
-25.29408	-57.54372
-25.29402	-57.54380
-25.29394	-57.54382
-25.29388	-57.54378
-25.29374	-57.54377
-25.29363	-57.54374
-25.29329	-57.54346
-25.29321	-57.54335
-25.29312	-57.54321
-25.29306	-57.54312
-25.29300	-57.54306
-25.29288	-57.54299
-25.29275	-57.54291
-25.29269	-57.54287
-25.29251	-57.54283
-25.29144	-57.54228
-25.29131	-57.54222
-25.28993	-57.54196
-25.28918	-57.54182
-25.28676	-57.54138
-25.28485	-57.54116
-25.28454	-57.54117
-25.28344	-57.54112
-25.28323	-57.54110
-25.28302	-57.54106
-25.28285	-57.54100
-25.28271	-57.54094
-25.28257	-57.54085
-25.28241	-57.54080
-25.28228	-57.54077
-25.28212	-57.54072
-25.28189	-57.54060
-25.28177	-57.54057
-25.28161	-57.54056
-25.28144	-57.54056
-25.28131	-57.54058
-25.28115	-57.54065
-25.28081	-57.54075
-25.28074	-57.54080
-25.28069	-57.54088
-25.28061	-57.54115
-25.28056	-57.54123
-25.28051	-57.54125
-25.28025	-57.54136
-25.28010	-57.54141
-25.27983	-57.54143
-25.27962	-57.54146
-25.27935	-57.54156
-25.27923	-57.54159
-25.27908	-57.54158
-25.27882	-57.54154
-25.27869	-57.54151
-25.27853	-57.54150
-25.27844	-57.54147
-25.27833	-57.54147
-25.27822	-57.54154
-25.27815	-57.54153
-25.27808	-57.54147
-25.27787	-57.54132
-25.27781	-57.54130
-25.27776	-57.54134
-25.27772	-57.54142
-25.27757	-57.54166
-25.27753	-57.54172
-25.27748	-57.54176
-25.27743	-57.54175
-25.27737	-57.54170
-25.27727	-57.54158
-25.27721	-57.54156
-25.27715	-57.54157
-25.27707	-57.54160
-25.27687	-57.54189
-25.27668	-57.54227
-25.27657	-57.54238
-25.27641	-57.54247
-25.27608	-57.54242
-25.27560	-57.54241
-25.27514	-57.54239
-25.27493	-57.54241
-25.27471	-57.54244
-25.27449	-57.54251
-25.27430	-57.54261
-25.27406	-57.54276
-25.27401	-57.54278
-25.27392	-57.54281
-25.27380	-57.54281
-25.27366	-57.54278
-25.27298	-57.54265
-25.27266	-57.54258
-25.27237	-57.54254
-25.27218	-57.54254
-25.27205	-57.54252
-25.27176	-57.54237
-25.27113	-57.54201
-25.27088	-57.54188
-25.27019	-57.54172
-25.26990	-57.54166
-25.26973	-57.54158
-25.26956	-57.54144
-25.26931	-57.54119
-25.26910	-57.54103
-25.26778	-57.54029
-25.26756	-57.54019
-25.26739	-57.54013
-25.26723	-57.54005
-25.26696	-57.53988
-25.26664	-57.53967
-25.26631	-57.53946
-25.26604	-57.53928
-25.26589	-57.53920
-25.26577	-57.53913
-25.26554	-57.53895
-25.26525	-57.53876
-25.26495	-57.53862
-25.26461	-57.53853
-25.26408	-57.53828
-25.26364	-57.53804
-25.26306	-57.53777
-25.26266	-57.53758
-25.26255	-57.53752
-25.26230	-57.53727
-25.26205	-57.53710
-25.26154	-57.53676
-25.26096	-57.53640
-25.26073	-57.53632
-25.26031	-57.53627
-25.26003	-57.53624
-25.25986	-57.53617
-25.25969	-57.53609
-25.25944	-57.53597
-25.25928	-57.53593
-25.25889	-57.53583
-25.25860	-57.53575
-25.25786	-57.53544
-25.25676	-57.53499
-25.25645	-57.53486
-25.25602	-57.53460
-25.25579	-57.53450
-25.25552	-57.53446
-25.25529	-57.53443
-25.25511	-57.53437
-25.25466	-57.53418
-25.25447	-57.53406
-25.25419	-57.53396
-25.25385	-57.53378
-25.25348	-57.53368
-25.25309	-57.53357
-25.25297	-57.53356
-25.25270	-57.53354
-25.25225	-57.53354
-25.25087	-57.53370
-25.25066	-57.53371
-25.25041	-57.53367
-25.25025	-57.53359
-25.25009	-57.53342
-25.24983	-57.53294
-25.24969	-57.53271
-25.24955	-57.53257
-25.24939	-57.53248
-25.24886	-57.53239
-25.24872	-57.53235
-25.24861	-57.53226
-25.24853	-57.53214
-25.24850	-57.53196
-25.24853	-57.53176
-25.24856	-57.53155
-25.24849	-57.53117
-25.24838	-57.53097
-25.24826	-57.53086
-25.24797	-57.53072
-25.24765	-57.53066
-25.24735	-57.53055
-25.24712	-57.53045
-25.24695	-57.53034
-25.24681	-57.53016
-25.24671	-57.52991
-25.24668	-57.52968
-25.24672	-57.52926
-25.24671	-57.52906
-25.24663	-57.52891
-25.24652	-57.52880
-25.24635	-57.52880
-25.24592	-57.52893
-25.24575	-57.52896
-25.24563	-57.52895
-25.24550	-57.52882
-25.24534	-57.52846
-25.24522	-57.52826
-25.24449	-57.52742
-25.24435	-57.52719
-25.24432	-57.52679
-25.24439	-57.52636
-25.24458	-57.52567
-25.24457	-57.52545
-25.24448	-57.52529
-25.24430	-57.52514
-25.24351	-57.52498
-25.24321	-57.52493
-25.24304	-57.52497
-25.24289	-57.52505
-25.24273	-57.52506
-25.24265	-57.52505
-25.24216	-57.52701
-25.24153	-57.52792
-25.24099	-57.52921
-25.24039	-57.53039
-25.23997	-57.53148
-25.23895	-57.53358
-25.23851	-57.53431
-25.23727	-57.53609
-25.23685	-57.53670
-25.23600	-57.53791
-25.23586	-57.53811
-25.23684	-57.53899
-25.23624	-57.53981
-25.23622	-57.53988
-25.23619	-57.53994
-25.23591	-57.54070
-25.23568	-57.54138
-25.23552	-57.54185
-25.23543	-57.54211
-25.23497	-57.54350
-25.23473	-57.54422
-25.23440	-57.54518
-25.23246	-57.55084
-25.23241	-57.55093
-25.23125	-57.55326
-25.23047	-57.55475
-25.22890	-57.55781
-25.22886	-57.55787
-25.22873	-57.55804
-25.22831	-57.55883
-25.22817	-57.55913
-25.22810	-57.55926
-25.22792	-57.55965
-25.22762	-57.56024
-25.22753	-57.56042
-25.22739	-57.56069
-25.22715	-57.56112
-25.22704	-57.56133
-25.22632	-57.56283
-25.22607	-57.56355
-25.22551	-57.56445
-25.22565	-57.56499
-25.22568	-57.56565
-25.22531	-57.56673
-25.22475	-57.56819
-25.22429	-57.56970
-25.22427	-57.56990
-25.22431	-57.57053
-25.22452	-57.57330
-25.22426	-57.57403
-25.22388	-57.57451
-25.22347	-57.57479
-25.22296	-57.57498
-25.22176	-57.57482
-25.22103	-57.57490
-25.22047	-57.57519
-25.22003	-57.57551
-25.21883	-57.57726
-25.22171	-57.57960
-25.22511	-57.58235
-25.22960	-57.58523
-25.23305	-57.58750
-25.23691	-57.58985
-25.23777	-57.59048
-25.23879	-57.59124
-25.23977	-57.59223
-25.24122	-57.59390
-25.24208	-57.59505
-25.24313	-57.59697
-25.24438	-57.59982
-25.24732	-57.60639
-25.25039	-57.61445
-25.25245	-57.62122
-25.25379	-57.62533
-25.25566	-57.62931
-25.25860	-57.63453
-25.26267	-57.64099
-25.26771	-57.64849
-25.27000	-57.65240
-25.27465	-57.66077
-25.27640	-57.66341
-25.27827	-57.66603
-25.27951	-57.66752
-25.28099	-57.66899
-25.28189	-57.66973
-25.28287	-57.67042
-25.28430	-57.67118
-25.28568	-57.67170
-25.28704	-57.67202
-25.28836	-57.67228
-25.29174	-57.67259
-25.29378	-57.67277
-25.29540	-57.67293
-25.30194	-57.67339
-25.31053	-57.67343
-25.31539	-57.67362
-25.31707	-57.67362
