# GsakName=Haﻑberge
49.88388	10.65622
49.88379	10.65623
49.88374	10.65548
49.88362	10.65375
49.88244	10.65390
49.88251	10.65237
49.88216	10.65231
49.88189	10.65164
49.88145	10.65110
49.88141	10.65087
49.88113	10.64872
49.88091	10.64710
49.88082	10.64658
49.88047	10.64521
49.88015	10.64421
49.87991	10.64343
49.87876	10.64057
49.87813	10.63925
49.87736	10.63793
49.87631	10.63794
49.87647	10.63663
49.87510	10.63405
49.87467	10.63299
49.87460	10.63268
49.87453	10.63236
49.87446	10.63231
49.87290	10.63125
49.87203	10.63107
49.87188	10.63104
49.87101	10.63089
49.87076	10.63084
49.87040	10.63091
49.87018	10.63192
49.86978	10.63165
49.86968	10.63157
49.86922	10.63128
49.86902	10.63124
49.86793	10.63127
49.86751	10.63115
49.86697	10.63087
49.86634	10.63045
49.86472	10.62967
49.86439	10.62943
49.86413	10.62917
49.86389	10.62920
49.86337	10.62788
49.86301	10.62712
49.86276	10.62649
49.86203	10.62729
49.86168	10.62718
49.86119	10.62755
49.86118	10.62770
49.86158	10.62773
49.86185	10.62788
49.86178	10.62838
49.86165	10.62890
49.86148	10.62952
49.86115	10.63041
49.86089	10.63103
49.86074	10.63106
49.86018	10.63098
49.85981	10.63103
49.86015	10.63176
49.86038	10.63243
49.86047	10.63295
49.85970	10.63342
49.85990	10.63392
49.86008	10.63449
49.86013	10.63529
49.86018	10.63579
49.86065	10.63561
49.86070	10.63628
49.86087	10.63634
49.86124	10.63634
49.86166	10.63639
49.86178	10.63706
49.86142	10.63766
49.86104	10.63836
49.86077	10.63925
49.86030	10.64026
49.86013	10.63961
49.85971	10.63953
49.85975	10.63938
49.85919	10.63938
49.85881	10.63943
49.85863	10.63979
49.85847	10.63998
49.85824	10.63998
49.85792	10.63982
49.85743	10.63948
49.85715	10.63920
49.85685	10.63875
49.85678	10.63831
49.85661	10.63693
49.85644	10.63608
49.85626	10.63509
49.85609	10.63415
49.85607	10.63358
49.85611	10.63267
49.85626	10.63173
49.85634	10.63116
49.85644	10.63054
49.85658	10.63041
49.85654	10.63022
49.85651	10.62924
49.85646	10.62822
49.85632	10.62749
49.85611	10.62755
49.85611	10.62768
49.85601	10.62890
49.85591	10.62996
49.85609	10.63025
49.85609	10.63090
49.85592	10.63171
49.85592	10.63207
49.85566	10.63238
49.85537	10.63197
49.85509	10.63147
49.85477	10.63121
49.85443	10.63046
49.85408	10.62976
49.85374	10.62885
49.85338	10.62799
49.85292	10.62674
49.85265	10.62695
49.85272	10.62734
49.85282	10.62778
49.85289	10.62820
49.85314	10.62866
49.85332	10.62903
49.85351	10.62945
49.85373	10.63009
49.85388	10.63051
49.85435	10.63093
49.85441	10.63111
49.85475	10.63184
49.85507	10.63257
49.85535	10.63322
49.85560	10.63379
49.85587	10.63467
49.85611	10.63543
49.85628	10.63608
49.85636	10.63665
49.85638	10.63751
49.85634	10.63800
49.85621	10.63782
49.85584	10.63727
49.85556	10.63693
49.85524	10.63665
49.85492	10.63660
49.85475	10.63680
49.85469	10.63701
49.85493	10.63738
49.85522	10.63774
49.85572	10.63815
49.85597	10.63851
49.85637	10.63898
49.85664	10.63942
49.85679	10.63991
49.85697	10.63996
49.85719	10.64040
49.85739	10.64061
49.85764	10.64072
49.85788	10.64080
49.85808	10.64085
49.85825	10.64072
49.85848	10.64085
49.85855	10.64090
49.85888	10.64113
49.85920	10.64147
49.85934	10.64173
49.85964	10.64191
49.85991	10.64228
49.85986	10.64234
49.85970	10.64254
49.85919	10.64350
49.85900	10.64392
49.85860	10.64483
49.85821	10.64571
49.85808	10.64602
49.85768	10.64722
49.85727	10.64894
49.85717	10.64961
49.85733	10.65070
49.85767	10.65222
49.85735	10.65298
49.85725	10.65360
49.85708	10.65425
49.85698	10.65480
49.85693	10.65553
49.85691	10.65568
49.85686	10.65623
49.85685	10.65636
49.85678	10.65641
49.85624	10.65664
49.85582	10.65701
49.85554	10.65703
49.85520	10.65664
49.85497	10.65628
49.85458	10.65576
49.85440	10.65534
49.85364	10.65488
49.85291	10.65432
49.85243	10.65346
49.85206	10.65263
49.85167	10.65185
49.85145	10.65141
49.85137	10.65083
49.85135	10.65021
49.85122	10.64961
49.85115	10.64917
49.85102	10.64865
49.85097	10.64831
49.85067	10.64826
49.85045	10.64847
49.85048	10.64857
49.85072	10.64925
49.85085	10.64961
49.85107	10.65031
49.85109	10.65060
49.85112	10.65109
49.85135	10.65151
49.85156	10.65211
49.85187	10.65294
49.85216	10.65346
49.85243	10.65408
49.85263	10.65468
49.85206	10.65512
49.85164	10.65593
49.85145	10.65668
49.85124	10.65780
49.85097	10.65840
49.85063	10.65900
49.85043	10.65939
49.85050	10.65983
49.85018	10.66063
49.84958	10.66006
49.84874	10.65926
49.84842	10.65907
49.84770	10.65879
49.84768	10.65798
49.84768	10.65733
49.84773	10.65642
49.84770	10.65577
49.84765	10.65481
49.84772	10.65406
49.84734	10.65406
49.84686	10.65380
49.84651	10.65343
49.84619	10.65312
49.84585	10.65315
49.84548	10.65323
49.84498	10.65338
49.84458	10.65364
49.84453	10.65468
49.84475	10.65525
49.84492	10.65606
49.84492	10.65653
49.84535	10.65738
49.84557	10.65850
49.84572	10.65887
49.84589	10.65934
49.84641	10.66039
49.84688	10.66080
49.84724	10.66094
49.84771	10.66119
49.84799	10.66143
49.84836	10.66153
49.84883	10.66189
49.84922	10.66195
49.84970	10.66200
49.85026	10.66195
49.85066	10.66221
49.85101	10.66257
49.85145	10.66322
49.85192	10.66347
49.85219	10.66355
49.85270	10.66347
49.85296	10.66334
49.85301	10.66310
49.85306	10.66269
49.85327	10.66266
49.85370	10.66259
49.85367	10.66193
49.85362	10.66084
49.85353	10.66043
49.85332	10.65928
49.85312	10.65840
49.85306	10.65772
49.85289	10.65741
49.85293	10.65702
49.85315	10.65645
49.85336	10.65598
49.85348	10.65556
49.85377	10.65577
49.85402	10.65606
49.85436	10.65639
49.85467	10.65673
49.85496	10.65712
49.85535	10.65780
49.85508	10.65858
49.85538	10.65933
49.85539	10.65996
49.85541	10.66063
49.85548	10.66134
49.85454	10.66180
49.85454	10.66196
49.85461	10.66261
49.85457	10.66365
49.85459	10.66438
49.85476	10.66547
49.85526	10.66545
49.85518	10.66459
49.85568	10.66433
49.85612	10.66422
49.85665	10.66415
49.85672	10.66344
49.85819	10.66365
49.85822	10.66585
49.85725	10.66564
49.85716	10.66808
49.85777	10.66793
49.85822	10.66860
49.85826	10.66907
49.85896	10.66910
49.85891	10.66954
49.85861	10.67058
49.85859	10.67170
49.85889	10.67222
49.85956	10.67243
49.86026	10.67323
49.86008	10.67349
49.85995	10.67383
49.85997	10.67412
49.85973	10.67445
49.85956	10.67451
49.85938	10.67490
49.85924	10.67519
49.85906	10.67547
49.85899	10.67588
49.85884	10.67659
49.85877	10.67721
49.85863	10.67731
49.85849	10.67799
49.85837	10.67841
49.85804	10.67700
49.85777	10.67552
49.85727	10.67583
49.85710	10.67518
49.85673	10.67440
49.85623	10.67390
49.85586	10.67470
49.85562	10.67455
49.85521	10.67413
49.85491	10.67374
49.85459	10.67309
49.85417	10.67215
49.85392	10.67106
49.85367	10.67033
49.85263	10.66945
49.85222	10.66861
49.85112	10.66636
49.85150	10.66953
49.85099	10.67130
49.84992	10.67237
49.84903	10.67240
49.84856	10.67175
49.84777	10.67175
49.84678	10.66881
49.84724	10.66746
49.84674	10.66746
49.84501	10.66829
49.84446	10.66775
49.84408	10.66737
49.84450	10.66420
49.84367	10.65832
49.84421	10.65806
49.84394	10.65696
49.84306	10.65332
49.84330	10.64607
49.84323	10.64571
49.84227	10.64069
49.84252	10.63811
49.84427	10.63302
49.84752	10.62182
49.85056	10.61480
49.85378	10.61079
49.85525	10.60508
49.85521	10.60499
49.85521	10.60470
49.85539	10.60220
49.85504	10.60211
49.85508	10.59937
49.85507	10.59795
49.85520	10.59739
49.85522	10.59727
49.85533	10.59701
49.85550	10.59686
49.85566	10.59681
49.85689	10.59721
49.85705	10.59718
49.85764	10.59641
49.85890	10.59526
49.85915	10.59515
49.85932	10.59512
49.85948	10.59519
49.86049	10.59620
49.86108	10.59595
49.86154	10.59585
49.86177	10.59591
49.86417	10.59808
49.86458	10.59858
49.86566	10.60011
49.86595	10.60045
49.86656	10.60103
49.86736	10.60185
49.86791	10.60248
49.86859	10.60327
49.87009	10.60527
49.87046	10.60566
49.87157	10.60627
49.87214	10.60678
49.87253	10.60704
49.87291	10.60711
49.87313	10.60710
49.87353	10.60709
49.87394	10.60715
49.87472	10.60747
49.87533	10.60779
49.87527	10.60721
49.87517	10.60708
49.87490	10.60675
49.87477	10.60645
49.87483	10.60605
49.87500	10.60511
49.87507	10.60415
49.87498	10.60363
49.87435	10.60135
49.87425	10.60096
49.87398	10.59976
49.87300	10.59532
49.87257	10.59421
49.87230	10.59369
49.87097	10.59195
49.87041	10.59100
49.87004	10.59054
49.86971	10.59025
49.86965	10.59020
49.86939	10.59016
49.86896	10.59030
49.86843	10.59033
49.86787	10.59019
49.86697	10.58982
49.86659	10.58947
49.86576	10.58871
49.86508	10.58815
49.86412	10.58780
49.86355	10.58776
49.86272	10.58795
49.86266	10.58767
49.86259	10.58734
49.85904	10.58829
49.85859	10.58836
49.85915	10.58602
49.85898	10.58524
49.85921	10.58443
49.85948	10.58464
49.85970	10.58401
49.85950	10.58379
49.85965	10.58335
49.85969	10.58287
49.85967	10.58224
49.85972	10.58167
49.85974	10.58144
49.86009	10.58051
49.86085	10.57870
49.86118	10.57899
49.86142	10.57847
49.86109	10.57819
49.86158	10.57714
49.86171	10.57664
49.86178	10.57594
49.86185	10.57508
49.86217	10.57432
49.86266	10.57385
49.86317	10.57385
49.86442	10.57660
49.86428	10.57686
49.86455	10.57742
49.86529	10.57831
49.86573	10.57889
49.86652	10.57938
49.86733	10.57976
49.86754	10.57938
49.86816	10.57935
49.86889	10.57908
49.86921	10.57929
49.86962	10.57916
49.86999	10.57908
49.87034	10.57915
49.87122	10.57957
49.87152	10.57956
49.87188	10.57938
49.87239	10.57907
49.87266	10.57887
49.87296	10.57865
49.87263	10.57587
49.87307	10.57593
49.87348	10.57581
49.87363	10.57546
49.87363	10.57509
49.87336	10.57433
49.87326	10.57357
49.87310	10.57320
49.87255	10.57247
49.87219	10.57167
49.87185	10.57224
49.87151	10.57165
49.87127	10.57146
49.87095	10.57155
49.87041	10.57167
49.86947	10.57164
49.86962	10.57046
49.86892	10.57045
49.86879	10.56965
49.86790	10.56944
49.86775	10.56866
49.86773	10.56851
49.86743	10.56784
49.86729	10.56768
49.86707	10.56743
49.86670	10.56652
49.86660	10.56580
49.86723	10.56586
49.86868	10.56614
49.86899	10.56600
49.86919	10.56579
49.86919	10.56557
49.86869	10.56420
49.86890	10.56378
49.86801	10.56293
49.86796	10.56326
49.86780	10.56339
49.86740	10.56245
49.86722	10.56207
49.86691	10.56213
49.86675	10.56148
49.86659	10.56120
49.86639	10.56110
49.86599	10.56121
49.86575	10.56139
49.86561	10.56165
49.86535	10.56233
49.86518	10.56262
49.86500	10.56258
49.86489	10.56234
49.86485	10.56197
49.86477	10.56147
49.86464	10.56095
49.86469	10.56068
49.86489	10.56051
49.86517	10.56048
49.86590	10.56067
49.86618	10.55979
49.86725	10.55978
49.86783	10.55944
49.86817	10.55924
49.86847	10.56026
49.86882	10.56026
49.86934	10.55994
49.86968	10.55979
49.86980	10.55948
49.86984	10.55760
49.87023	10.55780
49.87051	10.55786
49.87074	10.55766
49.87079	10.55613
49.87096	10.55707
49.87113	10.55726
49.87153	10.55751
49.87168	10.55771
49.87237	10.55770
49.87254	10.55713
49.87338	10.55738
49.87348	10.55692
49.87322	10.55616
49.87359	10.55596
49.87341	10.55544
49.87371	10.55529
49.87447	10.55490
49.87435	10.55453
49.87410	10.55404
49.87476	10.55359
49.87540	10.55278
49.87597	10.55377
49.87636	10.55413
49.87665	10.55452
49.87716	10.55541
49.87754	10.55662
49.87806	10.55798
49.87816	10.55791
49.87826	10.55783
49.87842	10.55770
49.87879	10.55863
49.87896	10.55869
49.87912	10.55867
49.87976	10.55829
49.88082	10.55782
49.88123	10.55768
49.88140	10.55750
49.88145	10.55717
49.88162	10.55478
49.88173	10.55419
49.88175	10.55371
49.88170	10.55153
49.88164	10.55072
49.88145	10.55029
49.88107	10.54979
49.88038	10.54929
49.87953	10.54866
49.87873	10.54806
49.87818	10.54779
49.87812	10.54720
49.87798	10.54695
49.87788	10.54677
49.87752	10.54630
49.87684	10.54556
49.87566	10.54373
49.87583	10.54347
49.87595	10.54340
49.87618	10.54313
49.87653	10.54331
49.87652	10.54263
49.87652	10.54192
49.87660	10.54140
49.87657	10.54078
49.87652	10.53973
49.87642	10.53850
49.87635	10.53777
49.87618	10.53653
49.87599	10.53557
49.87597	10.53516
49.87600	10.53435
49.87604	10.53378
49.87633	10.53356
49.87671	10.53341
49.87681	10.53321
49.87682	10.53291
49.87647	10.53145
49.87620	10.53069
49.87639	10.53064
49.87632	10.53006
49.87620	10.52920
49.87588	10.52929
49.87563	10.52742
49.87540	10.52683
49.87537	10.52652
49.87543	10.52562
49.87540	10.52550
49.87550	10.52469
49.87557	10.52369
49.87527	10.52314
49.87507	10.52258
49.87462	10.52244
49.87381	10.52195
49.87364	10.52191
49.87320	10.52191
49.87331	10.52115
49.87309	10.51993
49.87301	10.51907
49.87312	10.51865
49.87335	10.51848
49.87359	10.51848
49.87393	10.51890
49.87417	10.51907
49.87433	10.51907
49.87469	10.51907
49.87504	10.51873
49.87533	10.51813
49.87556	10.51736
49.87556	10.51591
49.87573	10.51489
49.87591	10.51411
49.87661	10.51309
49.87684	10.51249
49.87701	10.51078
49.87711	10.51009
49.87714	10.50984
49.87719	10.50950
49.87730	10.50804
49.87730	10.50710
49.87707	10.50608
49.87661	10.50548
49.87767	10.50550
49.87821	10.50560
49.87851	10.50583
49.87989	10.50743
49.88140	10.50749
49.88136	10.50647
49.88125	10.50595
49.88102	10.50532
49.88088	10.50501
49.88066	10.50475
49.88029	10.50446
49.88004	10.50413
49.87968	10.50346
49.87941	10.50277
49.87932	10.50233
49.87928	10.50172
49.87922	10.49872
49.87901	10.49744
49.87904	10.49716
49.87905	10.49703
49.87905	10.49612
49.87906	10.49565
49.87911	10.49478
49.87926	10.49429
49.87964	10.49381
49.87976	10.49379
49.87993	10.49385
49.88095	10.49473
49.88115	10.49479
49.88161	10.49469
49.88200	10.49453
49.88234	10.49429
49.88258	10.49418
49.88292	10.49410
49.88320	10.49397
49.88348	10.49370
49.88393	10.49308
49.88442	10.49262
49.88463	10.49224
49.88476	10.49174
49.88505	10.49006
49.88548	10.48848
49.88530	10.48776
49.88519	10.48734
49.88477	10.48618
49.88455	10.48526
49.88454	10.48446
49.88467	10.48360
49.88492	10.48246
49.88524	10.48043
49.88528	10.48000
49.88540	10.47877
49.88549	10.47731
49.88557	10.47667
49.88560	10.47606
49.88585	10.47379
49.88594	10.47352
49.88608	10.47309
49.88626	10.47221
49.88665	10.47170
49.88720	10.47115
49.88742	10.47073
49.88782	10.47025
49.88785	10.46974
49.88784	10.46876
49.88783	10.46773
49.88790	10.46728
49.88804	10.46677
49.88828	10.46616
49.88842	10.46556
49.88853	10.46487
49.88966	10.46578
49.88987	10.46589
49.89013	10.46591
49.89063	10.46579
49.89101	10.46557
49.89122	10.46550
49.89147	10.46551
49.89182	10.46568
49.89296	10.46649
49.89313	10.46597
49.89339	10.46548
49.89423	10.46455
49.89445	10.46413
49.89463	10.46356
49.89503	10.46266
49.89528	10.46161
49.89540	10.46067
49.89573	10.45875
49.89598	10.45855
49.89702	10.45779
49.89723	10.45799
49.89758	10.45832
49.89785	10.45849
49.89816	10.45855
49.89854	10.45852
49.89886	10.45845
49.89914	10.45835
49.89910	10.45916
49.89886	10.45925
49.89860	10.45922
49.89843	10.45933
49.89822	10.45960
49.89786	10.46017
49.89773	10.46024
49.89755	10.46025
49.89736	10.46033
49.89702	10.46069
49.89675	10.46113
49.89662	10.46150
49.89641	10.46245
49.89581	10.46348
49.89540	10.46488
49.89505	10.46537
49.89495	10.46554
49.89487	10.46589
49.89435	10.46904
49.89461	10.46911
49.89489	10.46904
49.89507	10.46895
49.89528	10.46901
49.89558	10.46933
49.89579	10.46983
49.89567	10.47086
49.89616	10.47167
49.89679	10.47234
49.89747	10.47261
49.89823	10.47253
49.89852	10.47209
49.89889	10.47157
49.89902	10.47142
49.89909	10.47118
49.89911	10.47083
49.89917	10.47070
49.89981	10.47016
49.90034	10.46994
49.90113	10.46968
49.90131	10.46955
49.90163	10.46902
49.90199	10.46849
49.90283	10.46752
49.90302	10.46730
49.90356	10.46677
49.90430	10.46634
49.90489	10.46574
49.90524	10.46515
49.90549	10.46453
49.90585	10.46331
49.90607	10.46307
49.90663	10.46273
49.90680	10.46305
49.90691	10.46257
49.90712	10.46259
49.90731	10.46019
49.90767	10.45999
49.90788	10.46120
49.90794	10.46184
49.90806	10.46247
49.90812	10.46349
49.90887	10.46360
49.90930	10.46377
49.90876	10.46478
49.90833	10.46479
49.90828	10.46435
49.90780	10.46441
49.90776	10.46493
49.90777	10.46537
49.90794	10.46584
49.90848	10.46683
49.90824	10.46850
49.90786	10.46839
49.90740	10.46816
49.90709	10.46793
49.90703	10.46736
49.90630	10.46722
49.90596	10.46727
49.90586	10.46736
49.90585	10.46753
49.90590	10.46792
49.90513	10.46842
49.90500	10.46883
49.90530	10.46909
49.90536	10.46937
49.90530	10.46970
49.90513	10.47003
49.90486	10.46990
49.90461	10.47001
49.90436	10.47030
49.90401	10.47085
49.90396	10.47122
49.90399	10.47170
49.90409	10.47222
49.90404	10.47240
49.90393	10.47262
49.90379	10.47273
49.90348	10.47252
49.90312	10.47219
49.90281	10.47185
49.90211	10.47156
49.90152	10.47140
49.90113	10.47121
49.90075	10.47143
49.89958	10.47252
49.89941	10.47278
49.89933	10.47315
49.89925	10.47400
49.89937	10.47431
49.89979	10.47504
49.89979	10.47526
49.89958	10.47557
49.89914	10.47607
49.89886	10.47626
49.89838	10.47659
49.89813	10.47671
49.89798	10.47671
49.89768	10.47658
49.89728	10.47652
49.89679	10.47651
49.89657	10.47645
49.89604	10.47589
49.89562	10.47557
49.89525	10.47536
49.89515	10.47656
49.89515	10.47732
49.89483	10.47724
49.89463	10.47713
49.89447	10.47709
49.89432	10.47712
49.89417	10.47732
49.89336	10.47870
49.89315	10.47919
49.89180	10.48181
49.89175	10.48207
49.89176	10.48227
49.89271	10.48320
49.89306	10.48355
49.89396	10.48487
49.89423	10.48508
49.89488	10.48527
49.89531	10.48530
49.89660	10.48480
49.89675	10.48480
49.89683	10.48500
49.89718	10.48619
49.89778	10.48603
49.89818	10.48611
49.89839	10.48608
49.89856	10.48584
49.89869	10.48555
49.89885	10.48546
49.89933	10.48528
49.89950	10.48539
49.89999	10.48544
49.90035	10.48539
49.90069	10.48528
49.90124	10.48492
49.90170	10.48452
49.90218	10.48395
49.90207	10.48369
49.90203	10.48343
49.90223	10.48288
49.90262	10.48276
49.90339	10.48236
49.90330	10.48164
49.90331	10.48145
49.90368	10.48092
49.90503	10.48216
49.90585	10.48271
49.90638	10.48287
49.90683	10.48287
49.90706	10.48280
49.90746	10.48223
49.90778	10.48187
49.90809	10.48162
49.90834	10.48151
49.90865	10.48183
49.90880	10.48192
49.90910	10.48176
49.90925	10.48213
49.90966	10.48262
49.90939	10.48356
49.90885	10.48407
49.90844	10.48436
49.90798	10.48463
49.90699	10.48508
49.90664	10.48520
49.90636	10.48522
49.90536	10.48492
49.90513	10.48490
49.90490	10.48499
49.90423	10.48550
49.90395	10.48588
49.90365	10.48641
49.90294	10.48707
49.90269	10.48720
49.90235	10.48728
49.90162	10.48725
49.90124	10.48714
49.90053	10.48676
49.89959	10.48639
49.89932	10.48678
49.89887	10.48692
49.89845	10.48713
49.89821	10.48733
49.89798	10.48773
49.89768	10.48860
49.89753	10.48878
49.89680	10.48929
49.89667	10.48945
49.89658	10.48967
49.89664	10.49130
49.89663	10.49157
49.89646	10.49196
49.89603	10.49262
49.89559	10.49300
49.89561	10.49324
49.89546	10.49349
49.89468	10.49469
49.89467	10.49494
49.89494	10.49596
49.89491	10.49622
49.89478	10.49655
49.89443	10.49692
49.89402	10.49756
49.89387	10.49802
49.89375	10.49864
49.89390	10.49947
49.89398	10.49970
49.89420	10.50032
49.89450	10.50082
49.89490	10.50131
49.89566	10.50180
49.89687	10.50279
49.89703	10.50285
49.89718	10.50287
49.89731	10.50280
49.89744	10.50261
49.89778	10.50225
49.89828	10.50207
49.89855	10.50161
49.89889	10.50223
49.89820	10.50274
49.89814	10.50294
49.89822	10.50377
49.89822	10.50392
49.89818	10.50401
49.89802	10.50408
49.89770	10.50415
49.89822	10.50517
49.89823	10.50595
49.89885	10.50567
49.89943	10.50503
49.89917	10.50425
49.89953	10.50394
49.89973	10.50391
49.89993	10.50402
49.90022	10.50358
49.90057	10.50316
49.90096	10.50286
49.90141	10.50233
49.90173	10.50174
49.90220	10.50106
49.90259	10.50053
49.90280	10.50037
49.90303	10.49987
49.90283	10.49950
49.90309	10.49898
49.90341	10.49904
49.90361	10.49873
49.90383	10.49798
49.90394	10.49729
49.90404	10.49685
49.90454	10.49708
49.90484	10.49625
49.90535	10.49522
49.90527	10.49513
49.90499	10.49505
49.90472	10.49505
49.90420	10.49521
49.90425	10.49454
49.90487	10.49453
49.90492	10.49398
49.90522	10.49356
49.90581	10.49283
49.90600	10.49322
49.90604	10.49355
49.90604	10.49392
49.90599	10.49431
49.90616	10.49466
49.90644	10.49426
49.90666	10.49417
49.90660	10.49380
49.90688	10.49345
49.90634	10.49237
49.90662	10.49215
49.90687	10.49212
49.90724	10.49235
49.90735	10.49248
49.90747	10.49272
49.90758	10.49324
49.90783	10.49367
49.90800	10.49367
49.90818	10.49310
49.90839	10.49305
49.90853	10.49294
49.90866	10.49277
49.90875	10.49281
49.90893	10.49313
49.90907	10.49350
49.90896	10.49420
49.90901	10.49461
49.90843	10.49453
49.90802	10.49438
49.90705	10.49573
49.90670	10.49526
49.90635	10.49607
49.90613	10.49640
49.90578	10.49671
49.90561	10.49695
49.90543	10.49746
49.90526	10.49822
49.90511	10.49862
49.90465	10.49865
49.90439	10.49874
49.90421	10.49940
49.90389	10.50019
49.90365	10.50060
49.90335	10.50097
49.90330	10.50105
49.90284	10.50179
49.90242	10.50264
49.90178	10.50378
49.90114	10.50479
49.90088	10.50523
49.90055	10.50591
49.90040	10.50646
49.90028	10.50713
49.90008	10.50768
49.89986	10.50820
49.89942	10.50899
49.89900	10.50956
49.89941	10.51093
49.89884	10.51174
49.89822	10.51280
49.89810	10.51320
49.89799	10.51365
49.89822	10.51383
49.89811	10.51439
49.89779	10.51542
49.89777	10.51559
49.89771	10.51608
49.89767	10.51663
49.89770	10.51689
49.89803	10.51756
49.89884	10.51666
49.89962	10.51541
49.89978	10.51532
49.89996	10.51532
49.89975	10.51571
49.89965	10.51610
49.89963	10.51632
49.89967	10.51663
49.89977	10.51693
49.89977	10.51723
49.89962	10.51772
49.89885	10.51908
49.89792	10.51950
49.89778	10.51963
49.89759	10.51979
49.89707	10.52041
49.89664	10.52124
49.89633	10.52216
49.89607	10.52396
49.89591	10.52476
49.89460	10.52895
49.89439	10.52991
49.89429	10.53061
49.89431	10.53259
49.89427	10.53319
49.89417	10.53377
49.89402	10.53450
49.89410	10.53453
49.89422	10.53458
49.89588	10.53525
49.89593	10.53368
49.89601	10.53294
49.89635	10.53119
49.89702	10.53147
49.89831	10.52663
49.89880	10.52686
49.89882	10.52504
49.89911	10.52451
49.89932	10.52408
49.89975	10.52331
49.90035	10.52404
49.90071	10.52356
49.90121	10.52297
49.90122	10.52279
49.90138	10.52227
49.90130	10.52216
49.90148	10.52157
49.90124	10.52072
49.90151	10.52050
49.90120	10.51959
49.90068	10.51834
49.90147	10.51704
49.90167	10.51743
49.90226	10.51899
49.90242	10.51960
49.90254	10.52008
49.90317	10.52127
49.90448	10.51993
49.90579	10.51841
49.90610	10.51810
49.90621	10.51777
49.90680	10.51696
49.90690	10.51676
49.90699	10.51568
49.90738	10.51545
49.90790	10.51503
49.90841	10.51444
49.90868	10.51400
49.90875	10.51370
49.90870	10.51313
49.90860	10.51285
49.90841	10.51253
49.90801	10.51209
49.90778	10.51201
49.90763	10.51201
49.90734	10.51228
49.90722	10.51073
49.90727	10.51005
49.90744	10.50944
49.90806	10.50920
49.90822	10.51105
49.90862	10.51135
49.90890	10.51056
49.90928	10.51066
49.90935	10.51086
49.90935	10.51129
49.90962	10.51105
49.90972	10.51070
49.91042	10.51028
49.91053	10.50984
49.91098	10.51069
49.91115	10.51040
49.91120	10.50977
49.91131	10.50968
49.91143	10.50972
49.91148	10.51016
49.91146	10.51073
49.91221	10.51094
49.91241	10.51095
49.91297	10.51069
49.91279	10.51034
49.91268	10.51006
49.91266	10.50973
49.91271	10.50932
49.91285	10.50869
49.91293	10.50818
49.91314	10.50747
49.91313	10.50723
49.91293	10.50642
49.91295	10.50603
49.91320	10.50498
49.91328	10.50361
49.91340	10.50295
49.91351	10.50273
49.91385	10.50262
49.91414	10.50258
49.91429	10.50262
49.91437	10.50288
49.91439	10.50329
49.91425	10.50384
49.91385	10.50491
49.91384	10.50515
49.91390	10.50569
49.91388	10.50593
49.91378	10.50609
49.91376	10.50628
49.91377	10.50654
49.91397	10.50735
49.91401	10.50804
49.91397	10.50850
49.91385	10.50909
49.91372	10.50939
49.91401	10.50952
49.91445	10.50958
49.91482	10.50969
49.91524	10.50994
49.91552	10.51003
49.91586	10.51000
49.91645	10.50982
49.91666	10.50980
49.91694	10.50984
49.91749	10.51022
49.91771	10.51033
49.91788	10.51033
49.91799	10.51024
49.91791	10.50928
49.91793	10.50891
49.91801	10.50861
49.91815	10.50830
49.91838	10.50947
49.91904	10.50938
49.91922	10.50905
49.91950	10.50879
49.91992	10.50854
49.92001	10.50841
49.92016	10.50789
49.91961	10.50739
49.91950	10.50720
49.91942	10.50683
49.91944	10.50657
49.91955	10.50637
49.91955	10.50607
49.91987	10.50625
49.92006	10.50447
49.92023	10.50429
49.92031	10.50438
49.92047	10.50488
49.92054	10.50544
49.92050	10.50594
49.92039	10.50649
49.92023	10.50708
49.92035	10.50723
49.92063	10.50742
49.92087	10.50733
49.92165	10.50691
49.92238	10.50666
49.92240	10.50547
49.92295	10.50552
49.92285	10.50609
49.92285	10.50653
49.92326	10.50672
49.92377	10.50693
49.92460	10.50736
49.92565	10.50796
49.92478	10.50825
49.92440	10.50825
49.92396	10.50813
49.92387	10.50858
49.92504	10.51114
49.92536	10.51235
49.92573	10.51366
49.92611	10.51476
49.92655	10.51567
49.92686	10.51652
49.92709	10.51695
49.92731	10.51719
49.92751	10.51728
49.92771	10.51725
49.92800	10.51712
49.92826	10.51685
49.92857	10.51643
49.92931	10.51567
49.92981	10.51503
49.93025	10.51461
49.93132	10.51412
49.93142	10.51408
49.93148	10.51405
49.93184	10.51276
49.93224	10.51108
49.93354	10.50636
49.93538	10.49990
49.93572	10.49881
49.93597	10.49833
49.93681	10.49627
49.93713	10.49541
49.93753	10.49397
49.93813	10.49163
49.93833	10.49065
49.93841	10.49003
49.93846	10.48862
49.93852	10.48814
49.93895	10.48715
49.93858	10.48618
49.93839	10.48104
49.93863	10.48056
49.93958	10.47926
49.94029	10.47822
49.94056	10.47715
49.94079	10.47634
49.94202	10.47525
49.94261	10.47465
49.94369	10.47307
49.94467	10.47126
49.94570	10.46981
49.94697	10.46652
49.94713	10.46630
49.94751	10.46618
49.94980	10.46575
49.95012	10.46566
49.95057	10.46546
49.95082	10.46538
49.95101	10.46538
49.95197	10.46589
49.95258	10.46492
49.95443	10.46377
49.95426	10.46214
49.95425	10.46165
49.95430	10.46107
49.95432	10.46010
49.95430	10.45916
49.95425	10.45901
49.95429	10.45851
49.95439	10.45811
49.95454	10.45787
49.95483	10.45761
49.95524	10.45731
49.95483	10.45717
49.95434	10.45718
49.95407	10.45714
49.95388	10.45736
49.95379	10.45762
49.95381	10.45823
49.95394	10.45945
49.95363	10.45946
49.95343	10.45933
49.95330	10.45916
49.95323	10.45885
49.95318	10.45833
49.95311	10.45798
49.95283	10.45755
49.95264	10.45673
49.95315	10.45615
49.95346	10.45628
49.95374	10.45588
49.95365	10.45553
49.95365	10.45519
49.95503	10.45464
49.95528	10.45459
49.95554	10.45461
49.95679	10.45506
49.95698	10.45504
49.95731	10.45480
49.95741	10.45455
49.95731	10.45351
49.95722	10.45238
49.95710	10.45177
49.95682	10.45075
49.95660	10.45139
49.95619	10.45231
49.95534	10.45156
49.95483	10.45094
49.95452	10.45049
49.95412	10.44950
49.95355	10.44839
49.95347	10.44811
49.95349	10.44791
49.95403	10.44690
49.95408	10.44673
49.95405	10.44651
49.95379	10.44582
49.95321	10.44483
49.95295	10.44431
49.95319	10.44387
49.95327	10.44384
49.95334	10.44382
49.95349	10.44386
49.95377	10.44407
49.95403	10.44435
49.95438	10.44485
49.95453	10.44498
49.95486	10.44510
49.95524	10.44529
49.95540	10.44553
49.95593	10.44700
49.95624	10.44767
49.95651	10.44804
49.95687	10.44847
49.95720	10.44870
49.95775	10.44897
49.95797	10.44812
49.95803	10.44786
49.95828	10.44750
49.95845	10.44717
49.95854	10.44682
49.95861	10.44591
49.95876	10.44499
49.95893	10.44409
49.95941	10.44454
49.95999	10.44458
49.96019	10.44466
49.96070	10.44502
49.96103	10.44521
49.96151	10.44536
49.96191	10.44539
49.96232	10.44538
49.96246	10.44541
49.96259	10.44544
49.96300	10.44568
49.96354	10.44580
49.96361	10.44501
49.96372	10.44449
49.96462	10.44467
49.96483	10.44395
49.96504	10.44354
49.96509	10.44344
49.96537	10.44300
49.96570	10.44206
49.96589	10.44203
49.96612	10.44205
49.96655	10.44226
49.96685	10.44252
49.96713	10.44245
49.96781	10.44220
49.96797	10.44219
49.96826	10.44304
49.96931	10.44302
49.96952	10.44293
49.96984	10.44240
49.97025	10.44196
49.97055	10.44172
49.97083	10.44157
49.97097	10.44149
49.97106	10.44118
49.97161	10.43851
49.97184	10.43858
49.97312	10.43901
49.97299	10.44008
49.97297	10.44178
49.97300	10.44204
49.97395	10.44369
49.97580	10.44278
49.97582	10.44363
49.97613	10.44362
49.97620	10.44403
49.97696	10.44393
49.97733	10.44430
49.97818	10.44418
49.97848	10.44380
49.97874	10.44351
49.97913	10.44276
49.97930	10.44215
49.97964	10.44049
49.97983	10.43981
49.98009	10.43930
49.98032	10.43897
49.98070	10.43868
49.98099	10.43853
49.98137	10.43826
49.98203	10.43848
49.98211	10.43847
49.98234	10.43833
49.98264	10.43784
49.98216	10.43731
49.98202	10.43716
49.98162	10.43616
49.98183	10.43533
49.98185	10.43473
49.98235	10.43475
49.98261	10.43477
49.98279	10.43233
49.98347	10.43288
49.98441	10.43332
49.98462	10.43334
49.98476	10.43297
49.98396	10.43180
49.98401	10.43141
49.98407	10.43125
49.98412	10.43108
49.98330	10.43003
49.98372	10.42941
49.98437	10.42836
49.98290	10.42636
49.98308	10.42607
49.98332	10.42535
49.98363	10.42401
49.98377	10.42301
49.98383	10.42214
49.98391	10.42059
49.98391	10.42013
49.98388	10.41985
49.98373	10.41922
49.98468	10.41820
49.98508	10.41771
49.98475	10.41722
49.98555	10.41629
49.98588	10.41689
49.98687	10.41563
49.98659	10.41455
49.98630	10.41436
49.98620	10.41383
49.98607	10.41314
49.98554	10.41241
49.98572	10.41206
49.98603	10.41271
49.98631	10.41268
49.98670	10.41378
49.98740	10.41314
49.98748	10.41242
49.98745	10.40948
49.98752	10.40889
49.98765	10.40860
49.98794	10.40798
49.98806	10.40771
49.98970	10.40944
49.99036	10.40749
49.99077	10.40635
49.99111	10.40551
49.99144	10.40501
49.99191	10.40382
49.99172	10.40346
49.99121	10.40226
49.99104	10.40175
49.99082	10.40101
49.99082	10.40064
49.99083	10.39975
49.99077	10.39898
49.99075	10.39857
49.99120	10.39853
49.99163	10.39835
49.99191	10.39814
49.99226	10.39772
49.99206	10.39720
49.99131	10.39549
49.99206	10.39488
49.99298	10.39414
49.99296	10.39341
49.99329	10.39336
49.99380	10.39314
49.99423	10.39293
49.99478	10.39282
49.99585	10.39256
49.99642	10.39226
49.99737	10.39193
49.99813	10.39180
49.99806	10.39144
49.99771	10.38912
49.99767	10.38880
49.99871	10.38828
49.99894	10.38916
49.99921	10.39075
49.99963	10.39058
50.00019	10.39029
50.00095	10.39025
50.00201	10.39016
50.00315	10.38997
50.00341	10.38993
50.00353	10.39037
50.00375	10.39106
50.00390	10.39163
50.00416	10.39248
50.00443	10.39233
50.00464	10.39223
50.00469	10.39240
50.00493	10.39338
50.00509	10.39415
50.00520	10.39441
50.00541	10.39441
50.00568	10.39450
50.00587	10.39465
50.00600	10.39482
50.00613	10.39506
50.00631	10.39554
50.00648	10.39609
50.00664	10.39714
50.00753	10.39688
50.00754	10.39720
50.00758	10.39853
50.00820	10.39849
50.00856	10.39856
50.00892	10.39869
50.00934	10.39897
50.00953	10.39808
50.00964	10.39784
50.00969	10.39793
50.01008	10.39889
50.01060	10.39823
50.01094	10.39780
50.01130	10.39728
50.01220	10.39598
50.01269	10.39536
50.01289	10.39508
50.01304	10.39484
50.01331	10.39419
50.01354	10.39365
50.01371	10.39299
50.01382	10.39225
50.01387	10.39207
50.01395	10.39186
50.01415	10.39158
50.01434	10.39105
50.01444	10.39057
50.01452	10.38974
50.01455	10.38890
50.01457	10.38813
50.01457	10.38776
50.01470	10.38667
50.01478	10.38661
50.01503	10.38661
50.01517	10.38477
50.01520	10.38427
50.01521	10.38419
50.01521	10.38404
50.01509	10.38391
50.01488	10.38377
50.01469	10.38368
50.01456	10.38351
50.01441	10.38319
50.01407	10.38198
50.01382	10.38124
50.01360	10.38142
50.01365	10.37943
50.01374	10.37835
50.01407	10.37617
50.01412	10.37588
50.01428	10.37525
50.01501	10.37322
50.01518	10.37293
50.01552	10.37255
50.01576	10.37221
50.01594	10.37194
50.01604	10.37162
50.01619	10.37157
50.01634	10.37142
50.01663	10.37101
50.01687	10.37063
50.01723	10.37015
50.01743	10.36979
50.01776	10.36905
50.01783	10.36880
50.01787	10.36844
50.01786	10.36757
50.01780	10.36721
50.01771	10.36703
50.01742	10.36620
50.01671	10.36464
50.01608	10.36381
50.01582	10.36337
50.01497	10.36167
50.01605	10.35970
50.01629	10.35930
50.01639	10.35908
50.01641	10.35865
50.01648	10.35845
50.01663	10.35815
50.01784	10.35558
50.01826	10.35563
50.01938	10.35604
50.01963	10.35416
50.01965	10.35406
50.01872	10.35336
50.01908	10.35171
50.01927	10.35043
50.01991	10.34576
50.01906	10.34507
50.01952	10.34426
50.01964	10.34408
50.01965	10.34374
50.01950	10.34121
50.01933	10.33908
50.01906	10.33645
50.01907	10.33618
50.01908	10.33560
50.01915	10.33477
50.01926	10.33416
50.01954	10.33313
50.01989	10.33165
50.02010	10.33090
50.02068	10.32930
50.02139	10.32787
50.02214	10.32692
50.02249	10.32669
50.02284	10.32660
50.02327	10.32628
50.02339	10.32619
50.02497	10.32504
50.02554	10.32479
50.02661	10.32403
50.02701	10.32366
50.02747	10.32301
50.02735	10.32290
50.02826	10.31821
50.03001	10.32092
50.03026	10.32136
50.03052	10.32190
50.03058	10.32207
50.03063	10.32227
50.03127	10.32462
50.03127	10.32534
50.03142	10.32691
50.03189	10.32868
50.03191	10.32962
50.03201	10.33104
50.03208	10.33153
50.03242	10.33203
50.03278	10.33265
50.03303	10.33337
50.03323	10.33341
50.03355	10.33403
50.03326	10.33435
50.03317	10.33445
50.03276	10.33489
50.03247	10.33517
50.03242	10.33535
50.03240	10.33584
50.03242	10.33597
50.03190	10.33629
50.03122	10.33585
50.03105	10.33630
50.02997	10.33923
50.02996	10.33945
50.03002	10.33968
50.03139	10.34056
50.03142	10.34195
50.03226	10.34191
50.03301	10.34187
50.03424	10.34188
50.03443	10.34184
50.03469	10.34177
50.03493	10.35099
50.03483	10.35113
50.03472	10.35409
50.03457	10.35569
50.03190	10.35607
50.03243	10.35822
50.03104	10.35879
50.03040	10.35619
50.02936	10.35636
50.02948	10.35654
50.02939	10.35670
50.02928	10.35686
50.02853	10.35798
50.02739	10.35516
50.02695	10.35554
50.02582	10.35653
50.02502	10.35723
50.02479	10.35801
50.02432	10.36011
50.02421	10.36083
50.02421	10.36159
50.02429	10.36246
50.02456	10.36318
50.02475	10.36401
50.02494	10.36459
50.02544	10.36589
50.02561	10.36636
50.02588	10.36734
50.02671	10.36720
50.02629	10.37102
50.02722	10.37047
50.02759	10.37036
50.02769	10.37038
50.02866	10.37203
50.02944	10.37317
50.02973	10.37350
50.02996	10.37366
50.03018	10.37373
50.03034	10.37366
50.03094	10.37323
50.03149	10.37318
50.03220	10.37416
50.03245	10.37458
50.03272	10.37528
50.03291	10.37586
50.03200	10.37676
50.03182	10.37690
50.03130	10.37717
50.03110	10.37737
50.03084	10.37778
50.03070	10.37783
50.03000	10.37786
50.02989	10.37844
50.02976	10.37894
50.03035	10.37990
50.03046	10.38001
50.03171	10.37964
50.03197	10.37948
50.03244	10.37907
50.03300	10.37868
50.03322	10.37857
50.03367	10.37807
50.03336	10.37729
50.03363	10.37686
50.03493	10.37530
50.03613	10.37377
50.03676	10.37529
50.03889	10.37186
50.03962	10.37053
50.04007	10.37151
50.04013	10.37162
50.04149	10.37415
50.04082	10.37559
50.04248	10.37706
50.04223	10.37771
50.04247	10.37787
50.04312	10.37831
50.04324	10.37838
50.04339	10.37846
50.04351	10.37849
50.04350	10.37792
50.04370	10.37678
50.04377	10.37624
50.04516	10.37645
50.04538	10.37694
50.04547	10.37735
50.04547	10.37791
50.04516	10.37973
50.04573	10.38011
50.04620	10.38071
50.04649	10.38102
50.04678	10.38120
50.04692	10.38225
50.04691	10.38263
50.04681	10.38333
50.04671	10.38344
50.04622	10.38358
50.04552	10.38368
50.04505	10.38364
50.04490	10.38350
50.04476	10.38306
50.04473	10.38256
50.04473	10.38171
50.04481	10.38106
50.04415	10.38095
50.04347	10.38075
50.04357	10.38172
50.04359	10.38188
50.04362	10.38311
50.04468	10.38335
50.04445	10.38494
50.04431	10.38618
50.04410	10.38847
50.04400	10.38917
50.04369	10.39047
50.04395	10.39074
50.04423	10.39142
50.04427	10.39150
50.04433	10.39163
50.04445	10.39206
50.04466	10.39240
50.04485	10.39293
50.04439	10.39419
50.04387	10.39523
50.04320	10.39636
50.04290	10.39699
50.04313	10.39692
50.04326	10.39681
50.04340	10.39681
50.04371	10.39696
50.04434	10.39736
50.04510	10.39789
50.04596	10.39849
50.04657	10.39898
50.04755	10.39960
50.04800	10.40007
50.04975	10.40194
50.04999	10.40210
50.05009	10.40217
50.05100	10.40297
50.05167	10.40379
50.05170	10.40404
50.05201	10.40433
50.05227	10.40435
50.05245	10.40446
50.05318	10.40481
50.05384	10.40539
50.05406	10.40545
50.05432	10.40545
50.05463	10.40552
50.05561	10.40587
50.05568	10.40614
50.05776	10.40738
50.05791	10.40729
50.05841	10.40759
50.05855	10.40785
50.05871	10.40769
50.05874	10.40730
50.05892	10.40724
50.05915	10.40710
50.05942	10.40678
50.05961	10.40647
50.05976	10.40629
50.05989	10.40624
50.06032	10.40631
50.06048	10.40626
50.06069	10.40601
50.06143	10.40479
50.06159	10.40461
50.06174	10.40445
50.06217	10.40429
50.06281	10.40393
50.06324	10.40374
50.06411	10.40347
50.06432	10.40367
50.06466	10.40415
50.06489	10.40450
50.06509	10.40487
50.06517	10.40526
50.06527	10.40553
50.06540	10.40577
50.06550	10.40609
50.06550	10.40647
50.06589	10.40723
50.06678	10.40866
50.06692	10.40897
50.06687	10.40944
50.06667	10.41055
50.06653	10.41115
50.06644	10.41169
50.06633	10.41313
50.06626	10.41464
50.06625	10.41547
50.06620	10.41592
50.06611	10.41632
50.06851	10.41729
50.06902	10.41787
50.06938	10.41834
50.06967	10.41832
50.06993	10.41847
50.07036	10.41894
50.07045	10.41916
50.07051	10.41975
50.07057	10.42002
50.07078	10.42022
50.07093	10.42028
50.07119	10.42044
50.07147	10.42050
50.07173	10.42064
50.07218	10.42099
50.07247	10.42016
50.07305	10.42054
50.07339	10.42087
50.07353	10.42116
50.07369	10.42165
50.07374	10.42213
50.07382	10.42258
50.07398	10.42313
50.07400	10.42340
50.07367	10.42320
50.07357	10.42323
50.07335	10.42339
50.07303	10.42321
50.07292	10.42319
50.07274	10.42326
50.07254	10.42339
50.07224	10.42324
50.07220	10.42333
50.07225	10.42348
50.07223	10.42360
50.07214	10.42360
50.07169	10.42344
50.07145	10.42403
50.07205	10.42391
50.07278	10.42400
50.07299	10.42411
50.07314	10.42435
50.07330	10.42496
50.07359	10.42566
50.07411	10.42709
50.07458	10.42864
50.07493	10.42960
50.07509	10.43032
50.07519	10.43103
50.07528	10.43139
50.07543	10.43164
50.07586	10.43274
50.07607	10.43318
50.07627	10.43309
50.07643	10.43273
50.07673	10.43172
50.07683	10.43124
50.07720	10.43145
50.07749	10.43171
50.07806	10.43234
50.07834	10.43173
50.07858	10.43204
50.07878	10.43229
50.07912	10.43307
50.07929	10.43329
50.08031	10.43194
50.08066	10.43153
50.08090	10.43144
50.08110	10.43142
50.08136	10.43139
50.08203	10.43105
50.08214	10.43082
50.08225	10.43046
50.08253	10.42995
50.08316	10.42938
50.08329	10.42891
50.08333	10.42850
50.08329	10.42799
50.08329	10.42768
50.08329	10.42747
50.08354	10.42560
50.08380	10.42448
50.08388	10.42389
50.08408	10.42308
50.08429	10.42202
50.08443	10.42135
50.08443	10.42106
50.08427	10.42052
50.08407	10.41962
50.08404	10.41904
50.08407	10.41861
50.08476	10.41703
50.08496	10.41674
50.08539	10.41638
50.08593	10.41577
50.08626	10.41547
50.08591	10.41500
50.08605	10.41475
50.08625	10.41448
50.08652	10.41423
50.08641	10.41401
50.08669	10.41374
50.08691	10.41358
50.08761	10.41330
50.08752	10.41286
50.08732	10.41221
50.08717	10.41151
50.08695	10.41100
50.08664	10.41041
50.08618	10.40985
50.08586	10.40934
50.08581	10.40914
50.08580	10.40837
50.08568	10.40775
50.08563	10.40730
50.08567	10.40716
50.08609	10.40703
50.08599	10.40633
50.08587	10.40573
50.08562	10.40517
50.08536	10.40454
50.08560	10.40442
50.08623	10.40404
50.08659	10.40336
50.08687	10.40309
50.08716	10.40293
50.08782	10.40277
50.08792	10.40261
50.08799	10.40220
50.08807	10.40196
50.08824	10.40168
50.08847	10.40141
50.08852	10.40119
50.08851	10.40087
50.08838	10.40029
50.08822	10.39912
50.08814	10.39796
50.08810	10.39735
50.08835	10.39737
50.08883	10.39741
50.08891	10.39741
50.08949	10.39759
50.08973	10.39761
50.09051	10.39756
50.09106	10.39746
50.09126	10.39735
50.09163	10.39701
50.09171	10.39687
50.09185	10.39649
50.09198	10.39541
50.09194	10.39310
50.09182	10.39177
50.09179	10.39114
50.09167	10.38993
50.09167	10.38948
50.09188	10.38831
50.09193	10.38786
50.09190	10.38737
50.09175	10.38651
50.09166	10.38575
50.09163	10.38530
50.09163	10.38461
50.09160	10.38398
50.09144	10.38391
50.09125	10.38362
50.09105	10.38344
50.09081	10.38335
50.09027	10.38334
50.08986	10.38309
50.09001	10.38275
50.09024	10.38219
50.09048	10.38120
50.09073	10.37989
50.09089	10.37904
50.09116	10.37884
50.09160	10.37843
50.09239	10.37770
50.09265	10.37752
50.09282	10.37745
50.09297	10.37745
50.09314	10.37761
50.09331	10.37790
50.09343	10.37803
50.09360	10.37812
50.09390	10.37973
50.09405	10.37971
50.09422	10.37970
50.09477	10.37968
50.09612	10.37981
50.09675	10.37980
50.09702	10.37975
50.09770	10.37955
50.09786	10.37970
50.09801	10.37990
50.09818	10.37999
50.09915	10.38005
50.09954	10.37995
50.10053	10.37944
50.10212	10.37922
50.10269	10.37903
50.10292	10.38111
50.10306	10.38695
50.10485	10.38658
50.10489	10.38869
50.10506	10.39237
50.10496	10.39394
50.10766	10.39381
50.10782	10.39380
50.10783	10.39397
50.10757	10.39620
50.10787	10.39643
50.10872	10.39671
50.10891	10.39681
50.10946	10.39725
50.11021	10.39747
50.11100	10.39794
50.11140	10.39925
50.11143	10.39932
50.11148	10.39949
50.11154	10.39967
50.11157	10.39974
50.11215	10.40124
50.11329	10.40095
50.11349	10.40102
50.11373	10.40128
50.11427	10.40207
50.11494	10.40268
50.11560	10.40335
50.11598	10.40357
50.11742	10.40354
50.11897	10.40409
50.11948	10.40420
50.11988	10.40411
50.12009	10.40407
50.12070	10.40656
50.12110	10.40650
50.12181	10.40661
50.12201	10.40669
50.12235	10.40683
50.12245	10.40683
50.12262	10.40679
50.12378	10.40620
50.12434	10.40612
50.12499	10.40611
50.12580	10.40622
50.12655	10.40559
50.12695	10.40505
50.12717	10.40461
50.12756	10.40362
50.12733	10.40298
50.12742	10.40281
50.12941	10.40086
50.12985	10.40060
50.13051	10.40048
50.13112	10.40053
50.13243	10.40097
50.13303	10.40101
50.13445	10.40060
50.13493	10.40077
50.13624	10.40111
50.13638	10.40100
50.13647	10.40057
50.13643	10.39974
50.13666	10.39873
50.13730	10.39651
50.13746	10.39615
50.13764	10.39562
50.13829	10.39530
50.13855	10.39504
50.13866	10.39479
50.14026	10.39293
50.14147	10.39326
50.14140	10.39400
50.14130	10.39513
50.14137	10.40085
50.14277	10.40204
50.14484	10.40372
50.14558	10.40498
50.14563	10.40567
50.14552	10.40886
50.14591	10.40984
50.14707	10.40993
50.14731	10.41088
50.14857	10.41121
50.14943	10.41161
50.15043	10.41280
50.15123	10.41438
50.15177	10.41587
50.15329	10.41534
50.15334	10.41644
50.15409	10.41739
50.15457	10.42037
50.15526	10.42249
50.15653	10.42244
50.15698	10.42362
50.15968	10.42385
50.16041	10.42484
50.16097	10.42352
50.16119	10.42397
50.16123	10.42406
50.16126	10.42413
50.16135	10.42432
50.16139	10.42440
50.16211	10.42588
50.16317	10.42684
50.16340	10.42927
50.16624	10.42821
50.16678	10.43057
50.16855	10.42997
50.16899	10.43256
50.17318	10.43356
50.17317	10.43544
50.17352	10.43568
50.17415	10.43953
50.17527	10.43860
50.17546	10.44049
50.17564	10.44068
50.17562	10.44075
50.17581	10.44104
50.17666	10.44117
50.17758	10.44130
50.17935	10.44062
50.17956	10.43875
50.18482	10.43890
50.18669	10.43822
50.19020	10.44274
50.19199	10.44596
50.19208	10.44610
50.19270	10.44685
50.19311	10.44646
50.19437	10.44742
50.19462	10.44813
50.19568	10.44830
50.19588	10.44911
50.19648	10.45167
50.19851	10.45076
50.19870	10.45062
50.19922	10.44988
50.19947	10.44960
50.19970	10.44949
50.19985	10.44951
50.20000	10.44958
50.20039	10.45004
50.20049	10.45056
50.20076	10.45151
50.20094	10.45200
50.20110	10.45211
50.20117	10.45211
50.20124	10.45218
50.20251	10.45526
50.20260	10.45550
50.20275	10.45679
50.20301	10.45836
50.20286	10.46062
50.20271	10.46216
50.20376	10.46341
50.20412	10.46402
50.20459	10.46529
50.20490	10.46593
50.20520	10.46755
50.20555	10.46836
50.20601	10.46918
50.20640	10.46972
50.20696	10.47035
50.20761	10.47147
50.20804	10.47230
50.20846	10.47376
50.20878	10.47375
50.20919	10.47542
50.20933	10.47648
50.20944	10.47754
50.20921	10.47804
50.20893	10.47894
50.20857	10.47996
50.20831	10.48053
50.20828	10.48098
50.20849	10.48315
50.20855	10.48454
50.20854	10.48522
50.20863	10.48579
50.20872	10.48633
50.20895	10.48675
50.20976	10.48740
50.20995	10.48769
50.21033	10.48809
50.21053	10.48813
50.21082	10.48827
50.21102	10.48821
50.21124	10.48815
50.21140	10.48805
50.21128	10.48643
50.21124	10.48621
50.21104	10.48533
50.21098	10.48479
50.21107	10.48348
50.21104	10.48271
50.21119	10.48104
50.21131	10.47995
50.21151	10.47873
50.21187	10.47735
50.21256	10.47626
50.21267	10.47515
50.21292	10.47493
50.21371	10.47462
50.21399	10.47509
50.21416	10.47460
50.21480	10.47366
50.21559	10.47298
50.21659	10.47240
50.21688	10.47244
50.21705	10.47269
50.21721	10.47291
50.21721	10.47363
50.21567	10.47449
50.21503	10.47538
50.21387	10.47721
50.21328	10.47795
50.21284	10.47867
50.21254	10.47974
50.21229	10.48078
50.21198	10.48171
50.21183	10.48254
50.21182	10.48277
50.21202	10.48342
50.21208	10.48550
50.21243	10.48856
50.21217	10.48866
50.21207	10.48897
50.21217	10.48929
50.21227	10.48960
50.21240	10.49123
50.21266	10.49158
50.21247	10.49308
50.21224	10.49394
50.21185	10.49471
50.21183	10.49579
50.21226	10.49579
50.21226	10.49840
50.21235	10.49849
50.21284	10.49813
50.21395	10.49743
50.21421	10.49718
50.21399	10.49699
50.21414	10.49653
50.21394	10.49599
50.21391	10.49579
50.21474	10.49461
50.21522	10.49532
50.21453	10.49723
50.21469	10.49767
50.21459	10.49858
50.21533	10.49868
50.21509	10.49924
50.21670	10.49931
50.21668	10.49986
50.21863	10.50023
50.21993	10.50083
50.22124	10.50143
50.22166	10.50162
50.22129	10.49875
50.22129	10.49816
50.22137	10.49769
50.22162	10.49771
50.22175	10.49874
50.22232	10.50165
50.22240	10.50176
50.22325	10.50199
50.22411	10.50222
50.22424	10.50226
50.22432	10.50228
50.22455	10.50372
50.22467	10.50380
50.22610	10.50365
50.22700	10.50630
50.22700	10.50661
50.22715	10.50713
50.22730	10.50821
50.22744	10.51033
50.22759	10.51096
50.22823	10.51189
50.22873	10.51278
50.22894	10.51332
50.22975	10.51398
50.23051	10.51504
50.23143	10.51531
50.23220	10.51518
50.23283	10.51487
50.23346	10.51510
50.23352	10.51471
50.23414	10.51506
50.23473	10.51520
50.23511	10.51490
50.23557	10.51477
50.23586	10.51476
50.23608	10.51483
50.23643	10.51507
50.23665	10.51531
50.23585	10.51700
50.23535	10.51785
50.23487	10.51917
50.23468	10.52079
50.23465	10.52166
50.23473	10.52225
50.23495	10.52306
50.23488	10.52321
50.23442	10.52325
50.23385	10.52377
50.23345	10.52446
50.23311	10.52531
50.23296	10.52600
50.23283	10.52644
50.23277	10.52685
50.23280	10.52735
50.23293	10.52789
50.23293	10.52819
50.23284	10.52878
50.23250	10.53008
50.23247	10.53082
50.23221	10.53210
50.23236	10.53253
50.23191	10.53362
50.23171	10.53401
50.23123	10.53490
50.23072	10.53549
50.22980	10.53614
50.22771	10.53946
50.22732	10.53948
50.22614	10.53963
50.22614	10.54013
50.22587	10.54156
50.22531	10.54243
50.22530	10.54304
50.22509	10.54370
50.22466	10.54509
50.22427	10.54596
50.22438	10.54629
50.22390	10.54685
50.22314	10.54770
50.22340	10.54820
50.22294	10.54894
50.22294	10.54917
50.22235	10.55013
50.22176	10.55069
50.22144	10.55074
50.22121	10.55098
50.22084	10.55113
50.22038	10.55158
50.21986	10.55158
50.21963	10.55115
50.21905	10.55092
50.21903	10.54970
50.21892	10.54953
50.21709	10.54996
50.21707	10.55025
50.21669	10.55027
50.21668	10.55137
50.21653	10.55148
50.21628	10.55285
50.21446	10.55561
50.21402	10.55578
50.21347	10.55570
50.21347	10.55654
50.21242	10.55628
50.21182	10.55637
50.21140	10.55663
50.21083	10.55683
50.21020	10.55731
50.20960	10.55791
50.20935	10.55798
50.20871	10.55828
50.20812	10.55872
50.20782	10.55902
50.20677	10.56030
50.20613	10.56126
50.20574	10.56237
50.20551	10.56274
50.20526	10.56326
50.20511	10.56393
50.20510	10.56478
50.20478	10.56480
50.20478	10.56564
50.20565	10.56571
50.20555	10.56758
50.20440	10.56733
50.20395	10.56807
50.20391	10.56835
50.20370	10.56876
50.20345	10.56896
50.20348	10.57007
50.20409	10.57046
50.20417	10.57063
50.20466	10.57085
50.20499	10.57069
50.20547	10.57104
50.20547	10.57149
50.20563	10.57158
50.20578	10.57203
50.20479	10.57408
50.20460	10.57479
50.20465	10.57545
50.20491	10.57620
50.20531	10.57672
50.20582	10.57666
50.20622	10.57685
50.20660	10.57744
50.20722	10.58019
50.20812	10.58230
50.20744	10.58425
50.20793	10.58471
50.20880	10.58607
50.20908	10.58646
50.20908	10.58668
50.21070	10.58761
50.21105	10.58791
50.21113	10.58771
50.21168	10.58817
50.21178	10.58855
50.21233	10.58889
50.21375	10.58976
50.21390	10.58951
50.21508	10.58986
50.21527	10.59029
50.21603	10.59031
50.21619	10.59178
50.21606	10.59178
50.21616	10.59383
50.21649	10.59525
50.21705	10.59524
50.21708	10.59580
50.21734	10.59591
50.21769	10.59429
50.21834	10.59375
50.22026	10.59178
50.22045	10.59162
50.22056	10.59178
50.22246	10.59550
50.22304	10.59646
50.22349	10.59727
50.22352	10.59740
50.22359	10.59775
50.22451	10.60112
50.22503	10.60262
50.22578	10.60545
50.22580	10.60676
50.22697	10.60903
50.22756	10.60992
50.22783	10.61017
50.22799	10.61032
50.22738	10.61074
50.22636	10.61126
50.22619	10.61172
50.22548	10.61193
50.22425	10.61229
50.22406	10.61382
50.22392	10.61494
50.22404	10.61785
50.22391	10.62240
50.22374	10.62348
50.22349	10.62501
50.22306	10.62805
50.22303	10.62998
50.22299	10.63207
50.22321	10.63363
50.22307	10.63451
50.22306	10.63562
50.22321	10.63681
50.22394	10.63894
50.22498	10.64029
50.22531	10.64105
50.22606	10.64311
50.22640	10.64376
50.22660	10.64452
50.22670	10.64644
50.22749	10.64866
50.22809	10.65002
50.22984	10.65542
50.23058	10.65718
50.23107	10.65860
50.23157	10.65973
50.23160	10.66005
50.23151	10.66019
50.23099	10.66018
50.23055	10.65987
50.23001	10.66061
50.22925	10.66183
50.22910	10.66199
50.22885	10.66202
50.22840	10.66185
50.22793	10.66250
50.22722	10.66252
50.22696	10.66261
50.22605	10.66171
50.22584	10.66110
50.22524	10.66044
50.22452	10.65958
50.22411	10.65844
50.22383	10.65799
50.22364	10.65809
50.22350	10.65834
50.22333	10.66018
50.22329	10.66097
50.22278	10.66211
50.22232	10.66278
50.22223	10.66292
50.22199	10.66335
50.22178	10.66415
50.22162	10.66461
50.22159	10.66542
50.22140	10.66615
50.22132	10.66640
50.22132	10.66661
50.22141	10.66699
50.22148	10.66755
50.22146	10.66775
50.22135	10.66823
50.22111	10.66902
50.22103	10.66936
50.22103	10.66958
50.22112	10.66985
50.22127	10.67008
50.22131	10.67028
50.22134	10.67075
50.22151	10.67194
50.22161	10.67246
50.22170	10.67269
50.22189	10.67303
50.22206	10.67307
50.22216	10.67318
50.22247	10.67365
50.22304	10.67422
50.22314	10.67439
50.22323	10.67473
50.22335	10.67653
50.22342	10.67703
50.22342	10.67737
50.22338	10.67807
50.22338	10.67845
50.22347	10.67921
50.22356	10.68068
50.22402	10.68151
50.22422	10.68205
50.22464	10.68318
50.22523	10.68493
50.22564	10.68601
50.22584	10.68680
50.22529	10.68628
50.22464	10.68586
50.22398	10.68554
50.22355	10.68546
50.22309	10.68542
50.22241	10.68544
50.22199	10.68558
50.22068	10.68639
50.22005	10.68673
50.21923	10.68712
50.21904	10.68719
50.21895	10.68753
50.21876	10.68798
50.21809	10.68900
50.21800	10.68913
50.21783	10.68947
50.21760	10.68983
50.21704	10.69053
50.21659	10.69103
50.21483	10.69244
50.21455	10.69273
50.21410	10.69341
50.21388	10.69366
50.21328	10.69384
50.21310	10.69393
50.21256	10.69465
50.21192	10.69536
50.21176	10.69546
50.21155	10.69558
50.21160	10.69572
50.21218	10.69905
50.21224	10.69959
50.21225	10.69999
50.21224	10.70021
50.21221	10.70053
50.21208	10.70092
50.21186	10.70124
50.21129	10.70169
50.21070	10.70232
50.21050	10.70256
50.21038	10.70271
50.21071	10.70419
50.21075	10.70469
50.21073	10.70521
50.21056	10.70663
50.21000	10.70940
50.20947	10.71114
50.20892	10.71252
50.20864	10.71313
50.20836	10.71344
50.20772	10.71383
50.20740	10.71410
50.20653	10.71498
50.20634	10.71523
50.20615	10.71557
50.20596	10.71584
50.20577	10.71600
50.20546	10.71609
50.20511	10.71625
50.20436	10.71675
50.20435	10.71700
50.20436	10.71720
50.20460	10.71828
50.20462	10.71851
50.20457	10.71871
50.20439	10.71925
50.20463	10.72002
50.20468	10.72044
50.20476	10.72213
50.20486	10.72278
50.20497	10.72321
50.20513	10.72353
50.20521	10.72365
50.20536	10.72387
50.20555	10.72405
50.20585	10.72420
50.20727	10.72465
50.20756	10.72478
50.20776	10.72494
50.20961	10.72707
50.20996	10.72757
50.21012	10.72781
50.21033	10.72835
50.21048	10.72889
50.21067	10.72923
50.21142	10.73015
50.21161	10.73033
50.21174	10.73039
50.21226	10.73060
50.21271	10.73102
50.21290	10.73111
50.21312	10.73111
50.21406	10.73093
50.21792	10.72987
50.22041	10.72923
50.22059	10.72919
50.22105	10.72909
50.22177	10.72873
50.22214	10.72866
50.22279	10.72877
50.22596	10.72905
50.22663	10.72906
50.22735	10.72907
50.22768	10.72895
50.22824	10.72884
50.22870	10.72884
50.22923	10.72892
50.22954	10.72904
50.23004	10.72935
50.23012	10.72988
50.22965	10.73176
50.22946	10.73263
50.22944	10.73278
50.22931	10.73335
50.22898	10.73528
50.22877	10.73613
50.22848	10.73694
50.22830	10.73765
50.22816	10.73894
50.22787	10.74027
50.22796	10.74046
50.22783	10.74107
50.22782	10.74196
50.22779	10.74226
50.22772	10.74281
50.22769	10.74307
50.22769	10.74337
50.22781	10.74401
50.22766	10.74577
50.22746	10.74579
50.22725	10.74588
50.22700	10.74620
50.22663	10.74679
50.22630	10.74736
50.22603	10.74805
50.22590	10.74846
50.22586	10.74859
50.22574	10.74875
50.22562	10.74903
50.22554	10.74927
50.22546	10.74944
50.22536	10.75093
50.22531	10.75199
50.22523	10.75221
50.22500	10.75260
50.22366	10.75433
50.22350	10.75457
50.22345	10.75472
50.22344	10.75508
50.22374	10.75535
50.22380	10.75757
50.22377	10.75807
50.22337	10.75982
50.22317	10.76072
50.22303	10.76122
50.22281	10.76172
50.22206	10.76268
50.22195	10.76245
50.22181	10.76209
50.22159	10.76156
50.22151	10.76118
50.22143	10.76053
50.22130	10.76037
50.22093	10.76013
50.22037	10.75965
50.21986	10.75902
50.21950	10.75844
50.21887	10.75727
50.21855	10.75682
50.21840	10.75667
50.21806	10.75658
50.21786	10.75649
50.21774	10.75638
50.21772	10.75611
50.21771	10.75595
50.21675	10.75582
50.21656	10.75591
50.21636	10.75622
50.21600	10.75668
50.21585	10.75677
50.21572	10.75675
50.21555	10.75663
50.21504	10.75596
50.21492	10.75581
50.21451	10.75533
50.21427	10.75515
50.21322	10.75473
50.21274	10.75463
50.21239	10.75455
50.21223	10.75543
50.21210	10.75593
50.21199	10.75624
50.21199	10.75651
50.21203	10.75687
50.21202	10.75708
50.21195	10.75726
50.21180	10.75742
50.21132	10.75807
50.21111	10.75846
50.21099	10.75877
50.21074	10.75976
50.21062	10.76004
50.21041	10.76033
50.21008	10.76008
50.20966	10.76126
50.20963	10.76159
50.20973	10.76188
50.20988	10.76205
50.20986	10.76220
50.20973	10.76247
50.20939	10.76304
50.20920	10.76340
50.20918	10.76374
50.20900	10.76417
50.20896	10.76439
50.20898	10.76468
50.20893	10.76489
50.20884	10.76498
50.20870	10.76498
50.20793	10.76480
50.20769	10.76483
50.20676	10.76519
50.20713	10.76575
50.20722	10.76604
50.20731	10.76708
50.20733	10.76732
50.20596	10.76533
50.20519	10.76661
50.20474	10.76734
50.20240	10.77071
50.20213	10.77098
50.20188	10.77116
50.20043	10.77182
50.20007	10.77211
50.19983	10.77218
50.19944	10.77223
50.19866	10.77216
50.19741	10.77230
50.19675	10.77246
50.19708	10.77433
50.19727	10.77600
50.19719	10.77607
50.19710	10.77615
50.19699	10.77618
50.19433	10.77691
50.19448	10.77858
50.19448	10.77890
50.19437	10.77903
50.19427	10.78020
50.19304	10.78000
50.19245	10.77999
50.19086	10.78044
50.19079	10.78010
50.19035	10.77996
50.18958	10.77991
50.18851	10.78009
50.18848	10.77983
50.18792	10.77979
50.18789	10.78036
50.18738	10.78027
50.18670	10.78011
50.18583	10.78008
50.18523	10.77999
50.18453	10.77981
50.18332	10.77939
50.18294	10.77925
50.18279	10.77966
50.18245	10.78013
50.18232	10.78156
50.18146	10.78148
50.18084	10.78150
50.18030	10.78162
50.18015	10.78162
50.17984	10.78146
50.17958	10.78142
50.17921	10.78146
50.17893	10.78162
50.17867	10.78188
50.17787	10.78142
50.17763	10.78131
50.17745	10.78131
50.17683	10.78179
50.17655	10.78110
50.17619	10.78076
50.17597	10.78016
50.17586	10.77954
50.17567	10.77829
50.17554	10.77788
50.17492	10.77685
50.17423	10.77558
50.17405	10.77532
50.17374	10.77512
50.17248	10.77451
50.17228	10.77442
50.17140	10.77439
50.17124	10.77432
50.17080	10.77363
50.17028	10.77354
50.17002	10.77364
50.16960	10.77396
50.16937	10.77393
50.16899	10.77376
50.16863	10.77371
50.16818	10.77373
50.16740	10.77318
50.16687	10.77298
50.16654	10.77296
50.16492	10.77320
50.16450	10.77347
50.16390	10.77408
50.16369	10.77417
50.16360	10.77386
50.16298	10.77390
50.16266	10.77373
50.16260	10.77326
50.16210	10.77323
50.16127	10.77298
50.16081	10.77313
50.16040	10.77346
50.15951	10.77429
50.15904	10.77435
50.15849	10.77453
50.15785	10.77489
50.15702	10.77505
50.15647	10.77540
50.15615	10.77551
50.15566	10.77559
50.15554	10.77561
50.15537	10.77569
50.15546	10.77616
50.15434	10.77669
50.15424	10.77630
50.15376	10.77651
50.15340	10.77661
50.15307	10.77663
50.15265	10.77654
50.15183	10.77612
50.15120	10.77605
50.15082	10.77613
50.14999	10.77650
50.14934	10.77697
50.14919	10.77718
50.14892	10.77786
50.14887	10.77822
50.14884	10.77846
50.14884	10.77869
50.14888	10.77887
50.14916	10.77913
50.14958	10.77945
50.14939	10.78001
50.14911	10.78062
50.14871	10.78135
50.14807	10.78241
50.14770	10.78296
50.14749	10.78317
50.14727	10.78325
50.14677	10.78318
50.14662	10.78316
50.14650	10.78372
50.14707	10.78443
50.14728	10.78458
50.14765	10.78469
50.14821	10.78468
50.14829	10.78528
50.14833	10.78586
50.14826	10.78658
50.14867	10.78633
50.14907	10.78621
50.14934	10.78621
50.14987	10.78630
50.15032	10.78524
50.15052	10.78549
50.15082	10.78469
50.15096	10.78507
50.15104	10.78544
50.15102	10.78625
50.15078	10.78702
50.15084	10.78749
50.15135	10.78825
50.15165	10.78889
50.15176	10.79005
50.15135	10.78972
50.14981	10.78917
50.14902	10.78882
50.14885	10.78894
50.14807	10.78923
50.14764	10.78927
50.14733	10.78961
50.14701	10.79063
50.14638	10.79170
50.14581	10.79235
50.14534	10.79277
50.14516	10.79302
50.14488	10.79364
50.14472	10.79405
50.14448	10.79413
50.14434	10.79455
50.14389	10.79440
50.14345	10.79411
50.14304	10.79377
50.14227	10.79289
50.14176	10.79228
50.14158	10.79236
50.14131	10.79340
50.14133	10.79382
50.14133	10.79647
50.14128	10.79800
50.14111	10.80009
50.14116	10.80220
50.14112	10.80390
50.14133	10.80389
50.14193	10.80361
50.14245	10.80354
50.14319	10.80350
50.14345	10.80355
50.14411	10.80311
50.14554	10.80246
50.14602	10.80232
50.14665	10.80224
50.14683	10.80336
50.14708	10.80535
50.14751	10.80685
50.14768	10.80720
50.14892	10.80817
50.14895	10.80912
50.14915	10.81015
50.14918	10.81090
50.14908	10.81186
50.14890	10.81222
50.14863	10.81211
50.14851	10.81161
50.14759	10.81162
50.14721	10.81168
50.14691	10.81181
50.14616	10.81229
50.14620	10.81284
50.14643	10.81398
50.14697	10.81555
50.14702	10.81596
50.14699	10.81671
50.14706	10.81791
50.14768	10.81826
50.14854	10.81839
50.14924	10.81853
50.14961	10.81869
50.14960	10.81886
50.14888	10.82007
50.14746	10.82227
50.14616	10.82435
50.14655	10.82554
50.14711	10.82843
50.14764	10.83024
50.14716	10.83111
50.14691	10.83204
50.14652	10.83323
50.14699	10.83395
50.14751	10.83493
50.14725	10.83571
50.14695	10.83655
50.14706	10.83714
50.14680	10.83823
50.14660	10.83902
50.14636	10.83949
50.14571	10.84000
50.14514	10.84073
50.14481	10.84128
50.14448	10.84155
50.14401	10.84179
50.14471	10.84315
50.14504	10.84408
50.14649	10.84621
50.14653	10.84627
50.14662	10.84639
50.14760	10.84726
50.14809	10.84597
50.14779	10.84527
50.14812	10.84473
50.14918	10.84576
50.14845	10.84758
50.14857	10.84779
50.14909	10.84706
50.14971	10.84625
50.14994	10.84576
50.15010	10.84527
50.15042	10.84368
50.15074	10.84313
50.15167	10.84201
50.15200	10.84203
50.15260	10.84369
50.15288	10.84419
50.15342	10.84279
50.15410	10.84396
50.15471	10.84384
50.15514	10.84489
50.15476	10.84588
50.15500	10.84627
50.15520	10.84657
50.15589	10.84740
50.15598	10.84787
50.15584	10.84843
50.15582	10.84873
50.15592	10.84925
50.15621	10.85000
50.15648	10.85045
50.15688	10.85095
50.15710	10.85133
50.15750	10.85112
50.15764	10.85108
50.15777	10.85108
50.15772	10.85212
50.15754	10.85353
50.15737	10.85353
50.15721	10.85351
50.15714	10.85429
50.15704	10.85482
50.15691	10.85530
50.15677	10.85558
50.15662	10.85582
50.15677	10.85613
50.15653	10.85644
50.15568	10.85690
50.15538	10.85719
50.15524	10.85673
50.15477	10.85719
50.15447	10.85736
50.15455	10.85775
50.15406	10.85808
50.15387	10.85806
50.15307	10.85844
50.15300	10.85811
50.15235	10.85847
50.15180	10.85899
50.15196	10.85932
50.15150	10.85999
50.15082	10.86108
50.15058	10.86164
50.15042	10.86232
50.15024	10.86325
50.15014	10.86321
50.15003	10.86310
50.14991	10.86310
50.14956	10.86402
50.14909	10.86518
50.14918	10.86531
50.14945	10.86548
50.14919	10.86618
50.14893	10.86696
50.14880	10.86748
50.14876	10.86764
50.14841	10.86753
50.14826	10.86910
50.14814	10.86970
50.14805	10.87029
50.14847	10.87032
50.14847	10.87061
50.14843	10.87095
50.14833	10.87163
50.14827	10.87234
50.14822	10.87285
50.14808	10.87367
50.14794	10.87426
50.14776	10.87472
50.14769	10.87482
50.14761	10.87496
50.14732	10.87539
50.14695	10.87585
50.14664	10.87611
50.14639	10.87627
50.14619	10.87642
50.14602	10.87662
50.14592	10.87675
50.14570	10.87656
50.14563	10.87676
50.14554	10.87695
50.14531	10.87730
50.14522	10.87743
50.14518	10.87785
50.14505	10.87788
50.14488	10.87792
50.14474	10.87799
50.14459	10.87825
50.14455	10.87871
50.14446	10.87926
50.14434	10.87936
50.14410	10.87953
50.14327	10.88010
50.14300	10.88021
50.14259	10.88035
50.14237	10.88037
50.14199	10.88022
50.14177	10.88008
50.14155	10.88051
50.14130	10.88028
50.14120	10.88009
50.14078	10.87879
50.14113	10.87857
50.14093	10.87712
50.14081	10.87711
50.14066	10.87720
50.14039	10.87727
50.14035	10.87683
50.14015	10.87623
50.14005	10.87608
50.13996	10.87584
50.13990	10.87564
50.13960	10.87544
50.13934	10.87538
50.13904	10.87543
50.13885	10.87560
50.13849	10.87602
50.13826	10.87561
50.13782	10.87478
50.13729	10.87360
50.13778	10.87315
50.13806	10.87290
50.13723	10.87184
50.13710	10.87173
50.13695	10.87152
50.13651	10.87101
50.13624	10.87087
50.13587	10.87085
50.13557	10.87085
50.13540	10.87085
50.13526	10.87077
50.13507	10.87072
50.13498	10.87057
50.13487	10.87039
50.13464	10.87035
50.13452	10.87031
50.13439	10.87033
50.13426	10.87044
50.13414	10.87063
50.13406	10.87087
50.13370	10.87090
50.13344	10.87088
50.13307	10.87080
50.13267	10.87054
50.13232	10.87059
50.13204	10.87060
50.13187	10.87060
50.13131	10.87046
50.13065	10.87028
50.13048	10.87027
50.13029	10.87030
50.13025	10.87039
50.13008	10.87121
50.13002	10.87148
50.12997	10.87178
50.12972	10.87163
50.12944	10.87163
50.12920	10.87168
50.12906	10.87170
50.12868	10.87170
50.12851	10.87165
50.12829	10.87154
50.12793	10.87125
50.12831	10.87067
50.12789	10.87001
50.12781	10.86990
50.12714	10.86925
50.12653	10.86953
50.12635	10.86942
50.12612	10.86927
50.12596	10.86904
50.12582	10.86886
50.12568	10.86854
50.12568	10.86804
50.12576	10.86788
50.12623	10.86786
50.12659	10.86807
50.12678	10.86822
50.12690	10.86846
50.12740	10.86850
50.12758	10.86839
50.12770	10.86822
50.12774	10.86787
50.12770	10.86761
50.12749	10.86726
50.12747	10.86698
50.12752	10.86667
50.12752	10.86648
50.12741	10.86624
50.12718	10.86622
50.12706	10.86644
50.12688	10.86681
50.12680	10.86687
50.12669	10.86687
50.12662	10.86701
50.12656	10.86709
50.12646	10.86707
50.12642	10.86700
50.12647	10.86661
50.12642	10.86648
50.12623	10.86633
50.12593	10.86626
50.12572	10.86622
50.12525	10.86605
50.12492	10.86582
50.12465	10.86560
50.12454	10.86551
50.12454	10.86502
50.12459	10.86456
50.12445	10.86361
50.12447	10.86314
50.12465	10.86168
50.12454	10.86164
50.12442	10.86157
50.12423	10.86153
50.12378	10.86145
50.12333	10.86145
50.12298	10.86152
50.12277	10.86172
50.12262	10.86150
50.12239	10.86174
50.12214	10.86215
50.12192	10.86257
50.12154	10.86373
50.12151	10.86381
50.12122	10.86431
50.12076	10.86388
50.12000	10.86318
50.11998	10.86253
50.11966	10.86211
50.11929	10.86178
50.11917	10.86178
50.11902	10.86183
50.11889	10.86200
50.11866	10.86207
50.11832	10.86209
50.11800	10.86220
50.11785	10.86223
50.11771	10.86216
50.11753	10.86186
50.11718	10.86211
50.11702	10.86172
50.11680	10.86138
50.11677	10.86129
50.11675	10.86118
50.11665	10.86051
50.11648	10.85997
50.11630	10.85962
50.11638	10.85938
50.11629	10.85886
50.11588	10.85864
50.11541	10.85859
50.11495	10.85867
50.11438	10.85885
50.11384	10.85878
50.11383	10.85937
50.11360	10.85953
50.11321	10.85961
50.11286	10.85947
50.11255	10.85923
50.11255	10.85866
50.11212	10.85852
50.11191	10.85854
50.11132	10.85861
50.11107	10.85844
50.11078	10.85875
50.11052	10.85844
50.11025	10.85832
50.11002	10.85832
50.10966	10.85836
50.10936	10.85836
50.10899	10.85808
50.10904	10.85745
50.10880	10.85732
50.10828	10.85734
50.10787	10.85748
50.10776	10.85752
50.10774	10.85818
50.10746	10.85824
50.10687	10.85798
50.10626	10.85763
50.10628	10.85729
50.10634	10.85692
50.10543	10.85618
50.10533	10.85688
50.10495	10.85660
50.10439	10.85643
50.10364	10.85631
50.10314	10.85632
50.10281	10.85637
50.10234	10.85635
50.10201	10.85638
50.10177	10.85642
50.10156	10.85657
50.10085	10.85745
50.10075	10.85724
50.10065	10.85707
50.10002	10.85748
50.09942	10.85781
50.09944	10.85803
50.09947	10.85820
50.09951	10.85830
50.09886	10.85850
50.09810	10.85916
50.09751	10.85952
50.09741	10.85952
50.09723	10.85948
50.09699	10.85930
50.09675	10.85892
50.09658	10.85889
50.09642	10.85884
50.09622	10.85900
50.09585	10.85969
50.09495	10.86055
50.09468	10.86092
50.09435	10.86128
50.09368	10.86204
50.09341	10.86220
50.09330	10.86220
50.09307	10.86203
50.09295	10.86185
50.09283	10.86112
50.09268	10.86098
50.09245	10.86089
50.09178	10.86069
50.09143	10.86056
50.09041	10.86058
50.08978	10.86069
50.08944	10.86083
50.08918	10.86081
50.08894	10.86070
50.08869	10.86044
50.08809	10.85953
50.08793	10.85951
50.08780	10.85958
50.08770	10.85978
50.08754	10.86026
50.08735	10.86051
50.08709	10.86063
50.08642	10.86078
50.08541	10.86086
50.08543	10.86224
50.08548	10.86259
50.08435	10.86257
50.08339	10.86237
50.08337	10.86286
50.08202	10.86329
50.08172	10.86195
50.08156	10.86167
50.08147	10.86152
50.08136	10.86128
50.08002	10.85996
50.07858	10.86177
50.07834	10.86173
50.07754	10.86062
50.07719	10.86025
50.07659	10.85976
50.07624	10.85961
50.07604	10.85957
50.07575	10.85965
50.07476	10.85944
50.07414	10.85925
50.07376	10.85901
50.07363	10.85944
50.07339	10.85929
50.07345	10.85828
50.07353	10.85760
50.07373	10.85706
50.07310	10.85622
50.07304	10.85615
50.07294	10.85605
50.07278	10.85587
50.07337	10.85541
50.07359	10.85507
50.07367	10.85482
50.07346	10.85410
50.07346	10.85365
50.07350	10.85336
50.07358	10.85306
50.07377	10.85265
50.07393	10.85231
50.07408	10.84997
50.07398	10.84941
50.07400	10.84921
50.07413	10.84916
50.07482	10.84908
50.07493	10.84892
50.07504	10.84852
50.07493	10.84847
50.07526	10.84685
50.07506	10.84669
50.07558	10.84538
50.07565	10.84484
50.07612	10.84393
50.07527	10.84267
50.07426	10.84170
50.07410	10.84136
50.07356	10.84125
50.07348	10.84001
50.07339	10.83871
50.07322	10.83753
50.07320	10.83739
50.07313	10.83726
50.07296	10.83699
50.07260	10.83695
50.07104	10.83760
50.07052	10.83782
50.06969	10.83788
50.06924	10.83711
50.06852	10.83622
50.06769	10.83565
50.06708	10.83557
50.06699	10.83556
50.06622	10.83514
50.06595	10.83490
50.06564	10.83428
50.06476	10.83214
50.06451	10.83253
50.06374	10.83389
50.06344	10.83460
50.06315	10.83512
50.06211	10.83693
50.06141	10.83810
50.06136	10.83791
50.06129	10.83782
50.06057	10.83699
50.06034	10.83673
50.05977	10.83627
50.05929	10.83567
50.05888	10.83501
50.05863	10.83436
50.05835	10.83391
50.05778	10.83337
50.05747	10.83301
50.05705	10.83275
50.05650	10.83258
50.05638	10.83254
50.05605	10.83249
50.05589	10.83246
50.05550	10.83245
50.05504	10.83261
50.05441	10.83294
50.05386	10.83345
50.05339	10.83283
50.05295	10.83248
50.05256	10.83235
50.05240	10.83249
50.05199	10.83327
50.05159	10.83422
50.05120	10.83544
50.05065	10.83731
50.05074	10.83785
50.05058	10.83822
50.05080	10.83868
50.05047	10.83880
50.05007	10.83901
50.05004	10.83918
50.04845	10.83514
50.04656	10.83781
50.04493	10.83630
50.04612	10.83412
50.04619	10.83210
50.04623	10.83103
50.04608	10.82955
50.04423	10.82555
50.04289	10.82327
50.04163	10.82523
50.04153	10.82516
50.04016	10.82417
50.04005	10.82415
50.04000	10.82404
50.03995	10.82394
50.03990	10.82384
50.03901	10.82171
50.03890	10.82143
50.03750	10.81608
50.03748	10.81538
50.03830	10.81517
50.03820	10.81357
50.03802	10.81087
50.03781	10.80759
50.03769	10.80575
50.03972	10.80445
50.04017	10.80212
50.04079	10.79888
50.04284	10.79799
50.04357	10.79911
50.04453	10.79792
50.04365	10.79530
50.04378	10.79518
50.04722	10.79204
50.04734	10.78767
50.04704	10.78612
50.04668	10.78431
50.04638	10.78278
50.04532	10.78211
50.04479	10.77969
50.04406	10.77846
50.04305	10.77820
50.04286	10.77815
50.04185	10.77759
50.04099	10.77664
50.04063	10.77677
50.03970	10.77756
50.03962	10.77763
50.03949	10.77774
50.03912	10.77724
50.03840	10.77778
50.03824	10.77614
50.03797	10.77467
50.03774	10.77358
50.03743	10.77283
50.03719	10.77252
50.03668	10.77273
50.03520	10.77374
50.03403	10.77164
50.03306	10.77275
50.03139	10.77468
50.03021	10.77503
50.02979	10.77156
50.02846	10.77196
50.02697	10.77062
50.02569	10.77196
50.02504	10.77264
50.02460	10.77260
50.02412	10.77195
50.02429	10.77134
50.02434	10.77069
50.02413	10.77051
50.02367	10.76892
50.02329	10.76804
50.02277	10.76795
50.02268	10.76773
50.02259	10.76762
50.02232	10.76746
50.02224	10.76731
50.02224	10.76708
50.02233	10.76692
50.02246	10.76690
50.02307	10.76705
50.02331	10.76726
50.02363	10.76741
50.02386	10.76746
50.02395	10.76737
50.02401	10.76680
50.02416	10.76575
50.02424	10.76496
50.02431	10.76317
50.02436	10.76265
50.02450	10.76200
50.02452	10.76168
50.02452	10.76159
50.02450	10.76060
50.02449	10.76023
50.02450	10.75939
50.02419	10.75821
50.02376	10.75771
50.02357	10.75743
50.02355	10.75731
50.02359	10.75716
50.02391	10.75677
50.02376	10.75648
50.02358	10.75590
50.02358	10.75558
50.02313	10.75383
50.02298	10.75361
50.02276	10.75343
50.02242	10.75334
50.02217	10.75301
50.02202	10.75296
50.02153	10.75299
50.02113	10.75283
50.02075	10.75263
50.02055	10.75173
50.02046	10.75107
50.01942	10.74978
50.01916	10.74972
50.01895	10.74974
50.01852	10.75010
50.01891	10.75113
50.01913	10.75218
50.01811	10.75219
50.01789	10.75226
50.01746	10.75264
50.01678	10.75262
50.01607	10.75265
50.01555	10.75251
50.01498	10.75220
50.01480	10.75220
50.01417	10.75245
50.01350	10.75257
50.01318	10.75257
50.01272	10.75306
50.01316	10.75356
50.01362	10.75416
50.01376	10.75445
50.01375	10.75526
50.01380	10.75573
50.01342	10.75744
50.01331	10.75816
50.01314	10.75879
50.01309	10.75928
50.01320	10.76022
50.01349	10.76125
50.01375	10.76329
50.01392	10.76399
50.01392	10.76413
50.01368	10.76453
50.01352	10.76498
50.01337	10.76523
50.01317	10.76534
50.01279	10.76548
50.01237	10.76559
50.01104	10.76571
50.01063	10.76616
50.01032	10.76643
50.01003	10.76659
50.00971	10.76666
50.00926	10.76637
50.00829	10.76603
50.00811	10.76590
50.00792	10.76567
50.00759	10.76563
50.00752	10.76597
50.00715	10.76573
50.00678	10.76548
50.00668	10.76540
50.00635	10.76514
50.00608	10.76501
50.00542	10.76479
50.00492	10.76454
50.00440	10.76414
50.00384	10.76385
50.00350	10.76376
50.00313	10.76374
50.00278	10.76379
50.00207	10.76381
50.00174	10.76394
50.00095	10.76440
50.00034	10.76483
50.00028	10.76449
49.99920	10.76189
49.99888	10.76207
49.99870	10.76222
49.99862	10.76217
49.99853	10.76196
49.99834	10.76165
49.99823	10.76131
49.99805	10.76022
49.99800	10.75998
49.99779	10.75957
49.99709	10.75901
49.99671	10.75845
49.99651	10.75830
49.99597	10.75827
49.99574	10.75797
49.99487	10.75654
49.99420	10.75474
49.99325	10.75233
49.99320	10.75219
49.99305	10.75175
49.99299	10.75149
49.99299	10.75122
49.99356	10.75008
49.99368	10.74958
49.99365	10.74919
49.99301	10.74701
49.99294	10.74676
49.99269	10.74556
49.99233	10.74402
49.99231	10.74388
49.99225	10.74331
49.99221	10.74291
49.99198	10.74176
49.99171	10.74037
49.99111	10.74170
49.99103	10.74205
49.99013	10.74348
49.98981	10.74384
49.98903	10.74452
49.98847	10.74565
49.98818	10.74623
49.98729	10.74794
49.98711	10.74808
49.98680	10.74819
49.98589	10.74827
49.98447	10.74804
49.98398	10.74838
49.98279	10.74850
49.98156	10.74900
49.98124	10.74937
49.98074	10.75016
49.98051	10.75051
49.97847	10.75213
49.97724	10.75273
49.97698	10.75289
49.97677	10.75320
49.97600	10.75510
49.97548	10.75594
49.97542	10.75688
49.97527	10.75764
49.97503	10.75819
49.97470	10.75865
49.97432	10.75889
49.97377	10.76029
49.97369	10.76047
49.97270	10.76109
49.97199	10.76017
49.97131	10.76033
49.97038	10.76045
49.97017	10.76052
49.97013	10.76110
49.96995	10.76117
49.96977	10.76115
49.96864	10.76126
49.96851	10.76128
49.96841	10.76117
49.96840	10.76108
49.96839	10.76082
49.96838	10.76021
49.96847	10.75977
49.96857	10.75908
49.96882	10.75822
49.96816	10.75808
49.96805	10.75695
49.96718	10.75740
49.96676	10.75762
49.96624	10.75767
49.96571	10.75759
49.96573	10.75615
49.96419	10.75591
49.96385	10.75435
49.96260	10.75428
49.96253	10.75428
49.96240	10.75378
49.96199	10.75341
49.96216	10.75104
49.96197	10.75089
49.96191	10.75074
49.96195	10.74934
49.96191	10.74695
49.96187	10.74669
49.96173	10.74562
49.96149	10.74547
49.96139	10.74526
49.96137	10.74492
49.96133	10.74410
49.96122	10.74377
49.96119	10.74356
49.96118	10.74160
49.96115	10.74132
49.96171	10.74129
49.96170	10.74055
49.96174	10.74002
49.96211	10.73987
49.96213	10.73969
49.96213	10.73948
49.96188	10.73871
49.96195	10.73654
49.96193	10.73634
49.96175	10.73588
49.96168	10.73543
49.96164	10.73412
49.96160	10.73404
49.96155	10.73367
49.96142	10.73324
49.96118	10.73280
49.96101	10.73256
49.96133	10.73175
49.96165	10.73116
49.96187	10.73092
49.96243	10.73008
49.96247	10.72997
49.96246	10.72982
49.96236	10.72967
49.96182	10.72895
49.96169	10.72857
49.96145	10.72825
49.96078	10.72893
49.95970	10.72762
49.95954	10.72719
49.95946	10.72664
49.95945	10.72499
49.95935	10.72466
49.95905	10.72412
49.95896	10.72402
49.95888	10.72387
49.95833	10.72346
49.95749	10.72296
49.95714	10.72301
49.95682	10.72313
49.95621	10.72126
49.95536	10.72251
49.95499	10.72311
49.95465	10.72371
49.95518	10.72382
49.95554	10.72419
49.95587	10.72445
49.95642	10.72487
49.95668	10.72511
49.95693	10.72546
49.95723	10.72629
49.95730	10.72679
49.95605	10.72725
49.95573	10.72772
49.95475	10.73002
49.95423	10.73072
49.95402	10.73090
49.95280	10.73190
49.95170	10.73299
49.95157	10.73345
49.95155	10.73439
49.95167	10.73585
49.95097	10.73683
49.95056	10.73687
49.95022	10.73670
49.94972	10.73635
49.94930	10.73636
49.94937	10.73712
49.94893	10.73889
49.94805	10.74097
49.94764	10.74176
49.94729	10.74185
49.94698	10.74167
49.94658	10.74110
49.94638	10.74066
49.94550	10.73886
49.94501	10.73842
49.94458	10.73809
49.94389	10.73713
49.94341	10.73676
49.94322	10.73667
49.94143	10.73631
49.94126	10.73615
49.94115	10.73563
49.94027	10.73561
49.94003	10.73570
49.93956	10.73610
49.93924	10.73634
49.93872	10.73697
49.93853	10.73637
49.93845	10.73600
49.93841	10.73546
49.93849	10.73441
49.93874	10.73369
49.93891	10.73334
49.93917	10.73296
49.93928	10.73257
49.93913	10.73216
49.93904	10.73216
49.93867	10.73297
49.93855	10.73306
49.93840	10.73308
49.93815	10.73302
49.93783	10.73276
49.93743	10.73255
49.93728	10.73253
49.93710	10.73251
49.93667	10.73271
49.93658	10.73267
49.93652	10.73254
49.93650	10.73230
49.93637	10.73129
49.93638	10.73079
49.93629	10.73033
49.93610	10.72970
49.93569	10.72895
49.93514	10.72839
49.93504	10.72829
49.93442	10.72739
49.93373	10.72610
49.93363	10.72559
49.93381	10.72483
49.93386	10.72424
49.93381	10.72382
49.93371	10.72279
49.93342	10.72151
49.93318	10.72071
49.93317	10.71988
49.93289	10.71814
49.93257	10.71681
49.93246	10.71659
49.93234	10.71662
49.93216	10.71611
49.93202	10.71590
49.93185	10.71576
49.93152	10.71594
49.93107	10.71625
49.93127	10.71803
49.93037	10.71824
49.93001	10.71794
49.92956	10.71720
49.92907	10.71719
49.92871	10.71728
49.92763	10.71860
49.92636	10.71879
49.92592	10.71708
49.92574	10.71654
49.92464	10.71381
49.92423	10.71305
49.92396	10.71305
49.92375	10.71312
49.92340	10.71335
49.92330	10.71337
49.92279	10.71370
49.92246	10.71396
49.92232	10.71407
49.92215	10.71420
49.92226	10.71377
49.92230	10.71362
49.92248	10.71310
49.92357	10.71093
49.92439	10.70911
49.92475	10.70839
49.92508	10.70743
49.92483	10.70730
49.92453	10.70722
49.92401	10.70720
49.92347	10.70736
49.92236	10.70801
49.92184	10.70532
49.92056	10.70653
49.91997	10.70489
49.91933	10.70337
49.91862	10.70146
49.91843	10.70014
49.91860	10.69766
49.91848	10.69685
49.91736	10.69785
49.91716	10.69683
49.91673	10.69712
49.91648	10.69605
49.91623	10.69573
49.91606	10.69402
49.91562	10.69402
49.91515	10.69381
49.91433	10.69321
49.91332	10.69223
49.91264	10.69171
49.91223	10.69163
49.91210	10.69165
49.91200	10.69166
49.91186	10.69179
49.91172	10.69225
49.91171	10.69262
49.91171	10.69287
49.91170	10.69332
49.91161	10.69338
49.91151	10.69344
49.91131	10.69360
49.91114	10.69382
49.91104	10.69454
49.91089	10.69487
49.91033	10.69475
49.91027	10.69421
49.90984	10.69432
49.90977	10.69439
49.90971	10.69467
49.90954	10.69489
49.90904	10.69544
49.90838	10.69645
49.90777	10.69539
49.90757	10.69555
49.90717	10.69605
49.90666	10.69621
49.90661	10.69634
49.90654	10.69687
49.90685	10.69734
49.90635	10.69831
49.90623	10.69924
49.90453	10.70590
49.90325	10.70529
49.90325	10.70372
49.90325	10.70364
49.90311	10.70242
49.90334	10.70120
49.90354	10.69922
49.90353	10.69818
49.90353	10.69750
49.90338	10.69614
49.90328	10.69599
49.90309	10.69568
49.90297	10.69548
49.90285	10.69496
49.90221	10.69506
49.90206	10.69499
49.90189	10.69482
49.90145	10.69485
49.90131	10.69490
49.90066	10.69480
49.90061	10.69449
49.90026	10.69456
49.90000	10.69311
49.89978	10.69170
49.89951	10.69089
49.89934	10.69038
49.89891	10.68940
49.89829	10.69006
49.89796	10.68888
49.89757	10.68906
49.89741	10.68825
49.89701	10.68719
49.89665	10.68658
49.89645	10.68649
49.89591	10.68684
49.89476	10.68691
49.89429	10.68698
49.89405	10.68724
49.89388	10.68722
49.89363	10.68702
49.89327	10.68683
49.89306	10.68661
49.89230	10.68526
49.89178	10.68953
49.89168	10.69071
49.89171	10.69217
49.89034	10.69422
49.88926	10.69237
49.88652	10.68754
49.88623	10.68690
49.88555	10.68539
49.88500	10.68430
49.88469	10.68397
49.88413	10.68378
49.88394	10.68380
49.88372	10.68397
49.88296	10.68507
49.88255	10.68406
49.88218	10.68307
49.88204	10.68271
49.88286	10.68182
49.88411	10.68064
49.88430	10.68040
49.88431	10.68022
49.88424	10.68003
49.88372	10.67918
49.88361	10.67889
49.88665	10.67823
49.88685	10.67821
49.88727	10.67843
49.88739	10.67836
49.88745	10.67816
49.88744	10.67627
49.88731	10.67490
49.88709	10.67313
49.88664	10.67062
49.88646	10.66945
49.88623	10.66893
49.88767	10.66860
49.88840	10.66846
49.88884	10.66848
49.88963	10.66868
49.89005	10.66887
49.89026	10.66791
49.89031	10.66745
49.89032	10.66662
49.89038	10.66531
49.89047	10.66430
49.89074	10.66371
49.89115	10.66321
49.89038	10.66195
49.89005	10.66119
49.89003	10.66041
49.88991	10.65876
49.89002	10.65785
49.89012	10.65697
49.88928	10.65683
49.88906	10.65629
49.88879	10.65535
49.88880	10.65466
49.88868	10.65398
49.88795	10.65443
49.88784	10.65450
49.88656	10.65504
49.88562	10.65514
49.88473	10.65530
49.88462	10.65615
49.88388	10.65622
