# GsakName=Ludwigsburg
48.90032	09.31378
48.90037	09.31324
48.90037	09.31305
48.90029	09.31287
48.90000	09.31279
48.89988	09.31276
48.89950	09.31212
48.89937	09.31202
48.89921	09.31202
48.89892	09.31202
48.89857	09.31196
48.89763	09.31179
48.89748	09.31176
48.89739	09.31164
48.89735	09.31152
48.89734	09.31054
48.89735	09.31032
48.89744	09.30978
48.89744	09.30951
48.89735	09.30893
48.89734	09.30831
48.89729	09.30785
48.89723	09.30765
48.89688	09.30686
48.89682	09.30668
48.89681	09.30652
48.89681	09.30622
48.89676	09.30590
48.89664	09.30548
48.89656	09.30519
48.89641	09.30487
48.89614	09.30451
48.89563	09.30411
48.89538	09.30401
48.89525	09.30389
48.89516	09.30377
48.89512	09.30367
48.89511	09.30340
48.89503	09.30308
48.89496	09.30302
48.89488	09.30302
48.89468	09.30324
48.89448	09.30357
48.89417	09.30439
48.89400	09.30493
48.89392	09.30505
48.89381	09.30513
48.89373	09.30513
48.89364	09.30503
48.89356	09.30490
48.89348	09.30477
48.89319	09.30449
48.89232	09.30344
48.89178	09.30278
48.89160	09.30270
48.89137	09.30268
48.89107	09.30270
48.89073	09.30274
48.89055	09.30271
48.88992	09.30255
48.88984	09.30247
48.88981	09.30237
48.88993	09.30115
48.89003	09.30018
48.89007	09.30000
48.89018	09.29980
48.89008	09.29808
48.88990	09.29810
48.88980	09.29815
48.88936	09.29872
48.88901	09.29894
48.88852	09.29912
48.88736	09.29940
48.88710	09.29946
48.88700	09.29949
48.88676	09.29959
48.88613	09.30002
48.88576	09.30034
48.88558	09.30042
48.88549	09.30040
48.88544	09.30027
48.88542	09.30000
48.88532	09.29754
48.88528	09.29743
48.88519	09.29739
48.88470	09.29770
48.88333	09.29838
48.88302	09.29850
48.88287	09.29854
48.88247	09.29864
48.88165	09.29897
48.88139	09.29907
48.88083	09.29922
48.88069	09.29931
48.87923	09.29990
48.87899	09.30000
48.87779	09.30054
48.87572	09.30147
48.87561	09.30159
48.87557	09.30171
48.87570	09.30348
48.87577	09.30428
48.87579	09.30453
48.87575	09.30473
48.87578	09.30489
48.87565	09.30510
48.87548	09.30534
48.87517	09.30554
48.87485	09.30570
48.87475	09.30570
48.87465	09.30562
48.87434	09.30446
48.87413	09.30379
48.87400	09.30337
48.87381	09.30345
48.87371	09.30349
48.87344	09.30359
48.87284	09.30243
48.87125	09.30000
48.87114	09.29983
48.87104	09.30000
48.87079	09.30039
48.87055	09.30000
48.87046	09.29982
48.87042	09.29975
48.87026	09.29955
48.86988	09.29929
48.86955	09.29907
48.86898	09.29858
48.86857	09.29810
48.86800	09.29714
48.86778	09.29696
48.86717	09.29663
48.86628	09.29651
48.86595	09.29643
48.86515	09.29591
48.86482	09.29572
48.86424	09.29556
48.86391	09.29538
48.86304	09.29466
48.86262	09.29407
48.86241	09.29367
48.86230	09.29319
48.86230	09.29295
48.86228	09.29275
48.86230	09.29245
48.86253	09.29128
48.86267	09.29082
48.86306	09.28986
48.86342	09.28926
48.86376	09.28890
48.86379	09.28882
48.86366	09.28773
48.86360	09.28759
48.86333	09.28719
48.86329	09.28705
48.86335	09.28672
48.86339	09.28620
48.86326	09.28600
48.86315	09.28584
48.86306	09.28563
48.86228	09.28395
48.86277	09.28322
48.86275	09.28314
48.86257	09.28247
48.86169	09.28066
48.86141	09.27997
48.86147	09.27981
48.86120	09.27883
48.86096	09.27829
48.86064	09.27800
48.86041	09.27790
48.85997	09.27769
48.85994	09.27743
48.85993	09.27598
48.86026	09.27596
48.85987	09.27351
48.85971	09.27246
48.85950	09.27098
48.85944	09.27060
48.85939	09.26988
48.85942	09.26878
48.85943	09.26822
48.85950	09.26764
48.85974	09.26665
48.86007	09.26518
48.86029	09.26515
48.86047	09.26475
48.86100	09.26368
48.86117	09.26333
48.86138	09.26297
48.86151	09.26282
48.86168	09.26216
48.86177	09.26189
48.86187	09.26162
48.86223	09.26087
48.86247	09.26034
48.86274	09.25968
48.86178	09.25872
48.86141	09.25840
48.86118	09.25823
48.86020	09.25710
48.85940	09.25611
48.85979	09.25610
48.86006	09.25602
48.86049	09.25572
48.86072	09.25483
48.86032	09.25455
48.85911	09.25401
48.85775	09.25339
48.85681	09.25289
48.85633	09.25260
48.85581	09.25227
48.85575	09.25224
48.85523	09.25193
48.85440	09.25126
48.85382	09.25080
48.85409	09.24977
48.85393	09.24965
48.85323	09.24911
48.85250	09.24862
48.85145	09.24791
48.84933	09.24656
48.84912	09.24642
48.84888	09.24625
48.84773	09.24517
48.84706	09.24445
48.84683	09.24414
48.84703	09.24416
48.84729	09.24421
48.84732	09.24373
48.84730	09.24150
48.84728	09.24117
48.84725	09.24088
48.84717	09.24057
48.84704	09.24030
48.84670	09.23969
48.84663	09.23951
48.84669	09.23926
48.84678	09.23904
48.84641	09.23841
48.84790	09.23699
48.84800	09.23685
48.84807	09.23667
48.84875	09.23509
48.84886	09.23487
48.84916	09.23430
48.84927	09.23408
48.84942	09.23380
48.85027	09.23411
48.85025	09.23390
48.85014	09.23297
48.85116	09.23336
48.85124	09.23291
48.85145	09.23304
48.85365	09.23382
48.85385	09.23377
48.85397	09.23369
48.85427	09.23229
48.85481	09.22999
48.85705	09.23082
48.85726	09.23009
48.85744	09.22961
48.85766	09.22982
48.85778	09.22973
48.85829	09.22862
48.86209	09.22997
48.86381	09.23031
48.86408	09.22897
48.86410	09.22860
48.86410	09.22844
48.86410	09.22833
48.86408	09.22779
48.86416	09.22674
48.86454	09.22518
48.86500	09.22305
48.86510	09.22293
48.86514	09.22279
48.86518	09.22262
48.86558	09.22128
48.86580	09.22050
48.86610	09.21964
48.86622	09.21901
48.86627	09.21861
48.86635	09.21694
48.86572	09.21688
48.86582	09.21550
48.86512	09.21600
48.86384	09.21556
48.86321	09.21518
48.86385	09.21407
48.86373	09.21388
48.86352	09.21354
48.86326	09.21300
48.86321	09.21290
48.86275	09.21215
48.86273	09.21133
48.86257	09.21139
48.86255	09.21128
48.86224	09.20954
48.86221	09.20938
48.86209	09.20883
48.86163	09.20681
48.86158	09.20666
48.86130	09.20593
48.86124	09.20587
48.86108	09.20590
48.86100	09.20592
48.86050	09.20603
48.85995	09.20616
48.85954	09.20647
48.85848	09.20637
48.85754	09.20628
48.85743	09.20627
48.85740	09.20686
48.85623	09.20666
48.85591	09.20737
48.85583	09.20733
48.85454	09.20525
48.85448	09.20535
48.85439	09.20549
48.85296	09.20778
48.85283	09.20791
48.85277	09.20760
48.85259	09.20705
48.85189	09.20485
48.85188	09.20477
48.85166	09.20301
48.85158	09.20206
48.85156	09.20181
48.85154	09.20167
48.85148	09.20086
48.85142	09.19995
48.85133	09.19876
48.85121	09.19836
48.85136	09.19692
48.85119	09.19689
48.85083	09.19680
48.85084	09.19671
48.85128	09.19406
48.85007	09.19290
48.85007	09.19276
48.84878	09.19154
48.84866	09.19142
48.84772	09.19023
48.84800	09.18981
48.84826	09.18936
48.84869	09.18843
48.84942	09.18684
48.84904	09.18646
48.84885	09.18618
48.84907	09.18556
48.84918	09.18528
48.84927	09.18498
48.84934	09.18477
48.84940	09.18457
48.84942	09.18438
48.84945	09.18425
48.84954	09.18403
48.84977	09.18345
48.84884	09.18279
48.84888	09.18269
48.84952	09.18066
48.84877	09.17998
48.84939	09.17790
48.84961	09.17729
48.84898	09.17682
48.84881	09.17681
48.84882	09.17669
48.84883	09.17654
48.84885	09.17641
48.84886	09.17626
48.84888	09.17608
48.84889	09.17593
48.84951	09.17437
48.84986	09.17456
48.85012	09.17382
48.84998	09.17372
48.84884	09.17319
48.84887	09.17300
48.84894	09.17256
48.84898	09.17226
48.84902	09.17200
48.84909	09.17159
48.84985	09.17096
48.85044	09.17056
48.85091	09.17030
48.85129	09.17015
48.85211	09.17000
48.85226	09.17000
48.85227	09.16946
48.85218	09.16920
48.85206	09.16887
48.85179	09.16823
48.85198	09.16790
48.85203	09.16783
48.85101	09.16610
48.85103	09.16606
48.85079	09.16601
48.85078	09.16573
48.85116	09.16520
48.85162	09.16469
48.85166	09.16454
48.85175	09.16429
48.85227	09.16291
48.85287	09.16123
48.85341	09.15964
48.85346	09.15936
48.85416	09.15837
48.85422	09.15828
48.85432	09.15841
48.85442	09.15849
48.85501	09.15896
48.85605	09.15989
48.85675	09.15814
48.85687	09.15591
48.85685	09.15573
48.85669	09.15557
48.85678	09.15541
48.85693	09.15524
48.85717	09.15512
48.85792	09.15462
48.85892	09.15418
48.85925	09.15403
48.85941	09.15404
48.85951	09.15400
48.86065	09.15379
48.86107	09.15384
48.86089	09.15362
48.86083	09.15347
48.86078	09.15287
48.86069	09.15209
48.86051	09.15078
48.86044	09.15017
48.86027	09.14840
48.86021	09.14782
48.86019	09.14715
48.86013	09.14704
48.86010	09.14698
48.86031	09.14665
48.86055	09.14618
48.86075	09.14569
48.86093	09.14516
48.86124	09.14393
48.86119	09.14388
48.86112	09.14385
48.86159	09.14213
48.86195	09.14128
48.86005	09.14143
48.86024	09.14057
48.86015	09.14057
48.85894	09.14066
48.85774	09.14069
48.85645	09.14083
48.85680	09.13889
48.85740	09.13602
48.85753	09.13538
48.85764	09.13465
48.85778	09.13382
48.85763	09.13369
48.85602	09.13384
48.85415	09.13394
48.85321	09.13399
48.85303	09.13509
48.85294	09.13680
48.85289	09.13714
48.85283	09.13733
48.85275	09.13756
48.85251	09.13793
48.85211	09.13844
48.85203	09.13864
48.85203	09.13870
48.85198	09.13890
48.85193	09.13909
48.85086	09.13933
48.84992	09.13962
48.84985	09.13965
48.84862	09.14034
48.84803	09.14081
48.84695	09.14152
48.84610	09.14213
48.84546	09.14274
48.84493	09.14310
48.84486	09.14315
48.84477	09.14321
48.84464	09.14328
48.84468	09.14316
48.84462	09.14302
48.84428	09.14217
48.84413	09.14188
48.84408	09.14177
48.84409	09.14111
48.84407	09.14097
48.84391	09.14051
48.84388	09.14043
48.84387	09.14026
48.84385	09.14003
48.84395	09.13899
48.84397	09.13847
48.84403	09.13703
48.84421	09.13630
48.84397	09.13592
48.84382	09.13574
48.84457	09.13435
48.84476	09.13400
48.84460	09.13389
48.84442	09.13381
48.84416	09.13371
48.84408	09.13365
48.84397	09.13357
48.84390	09.13354
48.84360	09.13390
48.84304	09.13467
48.84285	09.13484
48.84272	09.13496
48.84253	09.13514
48.84245	09.13521
48.84094	09.13624
48.84027	09.13668
48.83998	09.13704
48.83989	09.13774
48.83987	09.13792
48.83985	09.13803
48.83983	09.13818
48.83978	09.13852
48.83967	09.13879
48.83938	09.13843
48.83895	09.13926
48.83845	09.14013
48.83825	09.14010
48.83765	09.14011
48.83729	09.13953
48.83715	09.13931
48.83689	09.13905
48.83612	09.13851
48.83565	09.13813
48.83555	09.13809
48.83544	09.13813
48.83530	09.13826
48.83233	09.13886
48.83221	09.13883
48.83111	09.13678
48.83084	09.13699
48.83132	09.13882
48.83122	09.13882
48.83107	09.13881
48.83092	09.13881
48.83071	09.13871
48.83027	09.13843
48.83007	09.13842
48.82972	09.13848
48.82904	09.13843
48.82877	09.13833
48.82820	09.13826
48.82803	09.13709
48.82800	09.13690
48.82798	09.13675
48.82769	09.13438
48.82757	09.13341
48.82751	09.13290
48.82740	09.13193
48.82628	09.12768
48.82573	09.12599
48.82493	09.12322
48.82487	09.12294
48.82479	09.12249
48.82469	09.12194
48.82410	09.11840
48.82359	09.11403
48.82369	09.11396
48.82416	09.11357
48.82427	09.11348
48.82434	09.11341
48.82453	09.11324
48.82462	09.11320
48.82477	09.11347
48.82493	09.11356
48.82509	09.11292
48.82512	09.11281
48.82535	09.11232
48.82534	09.11221
48.82510	09.11047
48.82504	09.10986
48.82496	09.10878
48.82537	09.10881
48.82585	09.10878
48.82645	09.10872
48.82838	09.10857
48.82886	09.10845
48.82905	09.10841
48.82935	09.10834
48.82921	09.10773
48.82932	09.10752
48.82887	09.10569
48.82816	09.10284
48.82921	09.10188
48.82928	09.10182
48.82934	09.10176
48.82938	09.10160
48.82937	09.10143
48.82929	09.09994
48.82926	09.09948
48.83030	09.09940
48.83033	09.09907
48.83045	09.09894
48.83078	09.09873
48.83133	09.09838
48.83280	09.09745
48.83300	09.09726
48.83415	09.09715
48.83453	09.09710
48.83452	09.09703
48.83424	09.09523
48.83486	09.09467
48.83490	09.09461
48.83521	09.09425
48.83519	09.09416
48.83512	09.09401
48.83498	09.09370
48.83381	09.09096
48.83277	09.08900
48.83261	09.08869
48.83248	09.08842
48.83080	09.08627
48.83012	09.08650
48.82912	09.08663
48.82807	09.08679
48.82802	09.08668
48.82670	09.08681
48.82634	09.08681
48.82630	09.08524
48.82621	09.08512
48.82610	09.08513
48.82410	09.08531
48.82422	09.08433
48.82420	09.08423
48.82419	09.08414
48.82340	09.08396
48.82307	09.08389
48.82295	09.08387
48.82282	09.08387
48.82239	09.08386
48.82226	09.08389
48.82214	09.08389
48.82204	09.08388
48.82189	09.08385
48.82176	09.08384
48.82120	09.08377
48.81975	09.08359
48.81973	09.08342
48.81940	09.08169
48.81841	09.08208
48.81797	09.08225
48.81761	09.08253
48.81709	09.08047
48.81704	09.08028
48.81699	09.08011
48.81707	09.07997
48.81698	09.07955
48.81628	09.07991
48.81622	09.07971
48.81549	09.08017
48.81539	09.07988
48.81558	09.07973
48.81515	09.07824
48.81471	09.07667
48.81436	09.07689
48.81389	09.07735
48.81371	09.07760
48.81357	09.07778
48.81351	09.07792
48.81346	09.07798
48.81320	09.07827
48.81311	09.07834
48.81330	09.07880
48.81305	09.07903
48.81307	09.07912
48.81325	09.07929
48.81281	09.07969
48.81330	09.08051
48.81325	09.08060
48.81315	09.08063
48.81302	09.08066
48.81287	09.08077
48.81148	09.08187
48.81170	09.08332
48.81172	09.08345
48.81122	09.08372
48.81010	09.08412
48.80986	09.08418
48.80962	09.08418
48.80951	09.08422
48.80969	09.08601
48.80982	09.08743
48.80978	09.08751
48.80833	09.08677
48.80824	09.08673
48.80657	09.08599
48.80581	09.08594
48.80524	09.08600
48.80409	09.08635
48.80403	09.08626
48.80342	09.08585
48.80276	09.08545
48.80269	09.08536
48.80248	09.08525
48.80234	09.08517
48.80179	09.08504
48.80112	09.08507
48.80010	09.08498
48.79995	09.08494
48.79920	09.08477
48.79885	09.08459
48.79872	09.08448
48.79859	09.08450
48.79846	09.08457
48.79821	09.08468
48.79699	09.08419
48.79703	09.08318
48.79681	09.08314
48.79693	09.08255
48.79716	09.08224
48.79653	09.08140
48.79591	09.08076
48.79577	09.08070
48.79559	09.08055
48.79537	09.08033
48.79514	09.08003
48.79479	09.07990
48.79443	09.07981
48.79433	09.07966
48.79481	09.07957
48.79532	09.07974
48.79567	09.08016
48.79532	09.07935
48.79502	09.07871
48.79480	09.07827
48.79466	09.07818
48.79390	09.07776
48.79375	09.07773
48.79307	09.07757
48.79259	09.07737
48.79178	09.07702
48.79080	09.07640
48.79004	09.07606
48.78965	09.07550
48.78921	09.07549
48.78886	09.07526
48.78874	09.07523
48.78867	09.07520
48.78850	09.07526
48.78830	09.07531
48.78737	09.07514
48.78717	09.07513
48.78702	09.07557
48.78685	09.07601
48.78448	09.08212
48.78208	09.08840
48.78142	09.08710
48.78147	09.08633
48.78126	09.08606
48.78115	09.08582
48.78101	09.08576
48.78076	09.08579
48.78065	09.08581
48.78054	09.08582
48.78032	09.08594
48.78002	09.08627
48.77965	09.08675
48.77930	09.08688
48.77865	09.08677
48.77810	09.08578
48.77768	09.08523
48.77705	09.08498
48.77565	09.08353
48.77523	09.08350
48.77496	09.08443
48.77427	09.08507
48.77373	09.08582
48.77276	09.08508
48.77257	09.08516
48.77207	09.08536
48.77181	09.08513
48.77179	09.08452
48.77154	09.08397
48.77074	09.08354
48.76986	09.08255
48.76932	09.08286
48.76872	09.08332
48.76837	09.08191
48.76832	09.08178
48.76775	09.08041
48.76763	09.07941
48.76733	09.07579
48.76535	09.07701
48.76441	09.07759
48.76330	09.07770
48.76291	09.07744
48.76274	09.07733
48.76122	09.07659
48.76076	09.07640
48.75976	09.07615
48.75963	09.07612
48.75811	09.07652
48.75747	09.07730
48.75655	09.07714
48.75615	09.07740
48.75591	09.07722
48.75571	09.07714
48.75563	09.07710
48.75531	09.07658
48.75533	09.07581
48.75537	09.07559
48.75490	09.07521
48.75499	09.07464
48.75500	09.07454
48.75504	09.07428
48.75524	09.07405
48.75574	09.07347
48.75576	09.07325
48.75580	09.07291
48.75583	09.07258
48.75568	09.07182
48.75570	09.07069
48.75572	09.07006
48.75594	09.06943
48.75610	09.06899
48.75611	09.06879
48.75612	09.06867
48.75620	09.06739
48.75637	09.06833
48.75639	09.06842
48.75651	09.06905
48.75680	09.06908
48.75679	09.06771
48.75755	09.06763
48.75758	09.06743
48.75765	09.06706
48.75788	09.06659
48.75822	09.06591
48.75884	09.06510
48.75932	09.06448
48.75945	09.06433
48.76042	09.06256
48.76063	09.06200
48.76074	09.06165
48.76094	09.06081
48.76115	09.06009
48.76145	09.05934
48.76200	09.05827
48.76214	09.05781
48.76222	09.05713
48.76248	09.05645
48.76314	09.05538
48.76332	09.05457
48.76340	09.05319
48.76352	09.05279
48.76375	09.05239
48.76381	09.05234
48.76398	09.05219
48.76429	09.05209
48.76485	09.05205
48.76513	09.05204
48.76563	09.05203
48.76658	09.05157
48.76733	09.05103
48.76755	09.05072
48.76769	09.05009
48.76793	09.05012
48.76805	09.05014
48.76887	09.05021
48.76947	09.05027
48.77061	09.05047
48.77080	09.05050
48.77126	09.05049
48.77143	09.05009
48.77161	09.04964
48.77180	09.04950
48.77199	09.04932
48.77211	09.04921
48.77239	09.04894
48.77318	09.04849
48.77385	09.04812
48.77504	09.04745
48.77519	09.04718
48.77640	09.04625
48.77731	09.04552
48.77882	09.04483
48.77974	09.04452
48.78023	09.04434
48.78048	09.04419
48.78134	09.04364
48.78341	09.04216
48.78440	09.04241
48.78479	09.04244
48.78550	09.04232
48.78585	09.04229
48.78612	09.04261
48.78672	09.04289
48.78704	09.04292
48.78716	09.04298
48.78835	09.04330
48.78868	09.04334
48.78894	09.04337
48.78936	09.04331
48.78988	09.04323
48.79033	09.04289
48.79107	09.04216
48.79117	09.04205
48.79142	09.04185
48.79168	09.04164
48.79206	09.04105
48.79223	09.04078
48.79230	09.04069
48.79244	09.04037
48.79290	09.03927
48.79303	09.03940
48.79317	09.03951
48.79334	09.03974
48.79609	09.03340
48.79628	09.03315
48.79728	09.03220
48.79788	09.03212
48.79793	09.03200
48.79798	09.03185
48.79825	09.03120
48.79849	09.03100
48.79857	09.03100
48.79886	09.03120
48.80012	09.03234
48.80104	09.03294
48.80182	09.03376
48.80247	09.03457
48.80333	09.03583
48.80458	09.03820
48.80460	09.03835
48.80497	09.03823
48.80528	09.03822
48.80542	09.03866
48.80585	09.03820
48.80815	09.03710
48.80850	09.03917
48.80849	09.03942
48.80910	09.04246
48.80926	09.04235
48.80990	09.04180
48.81018	09.04163
48.81053	09.04146
48.81065	09.04140
48.81097	09.04095
48.81106	09.04095
48.81287	09.04054
48.81329	09.04045
48.81329	09.04087
48.81329	09.04157
48.81353	09.04153
48.81358	09.04118
48.81397	09.04138
48.81392	09.04224
48.81397	09.04251
48.81403	09.04293
48.81394	09.04327
48.81385	09.04432
48.81388	09.04499
48.81399	09.04541
48.81422	09.04539
48.81463	09.04545
48.81472	09.04557
48.81483	09.04559
48.81532	09.04594
48.81542	09.04552
48.81570	09.04479
48.81594	09.04471
48.81646	09.04434
48.81713	09.04397
48.81835	09.04337
48.81851	09.04329
48.81978	09.04367
48.82026	09.04351
48.82096	09.04333
48.82123	09.04322
48.82120	09.04270
48.82117	09.04181
48.82119	09.04127
48.82125	09.04057
48.82135	09.03957
48.82138	09.03907
48.82147	09.03874
48.82168	09.03787
48.82176	09.03746
48.82250	09.03791
48.82314	09.03832
48.82351	09.03850
48.82385	09.03732
48.82405	09.03659
48.82421	09.03657
48.82434	09.03639
48.82580	09.03667
48.82591	09.03677
48.82609	09.03500
48.82626	09.03344
48.82650	09.03136
48.82647	09.03120
48.82632	09.03091
48.82640	09.03062
48.82785	09.03060
48.82819	09.03028
48.82783	09.02890
48.82757	09.02802
48.82741	09.02604
48.82720	09.02366
48.82742	09.02407
48.82746	09.02414
48.82781	09.02464
48.82798	09.02484
48.82840	09.02471
48.82848	09.02465
48.82852	09.02457
48.82904	09.02405
48.82869	09.02281
48.82850	09.02157
48.82918	09.02119
48.82891	09.01889
48.82884	09.01752
48.82858	09.01372
48.82849	09.01240
48.82812	09.01055
48.82745	09.00738
48.82704	09.00525
48.82771	09.00406
48.82776	09.00387
48.82808	09.00321
48.82791	09.00012
48.82915	08.99882
48.82982	08.99796
48.83020	08.99748
48.83129	08.99636
48.83217	08.99556
48.83254	08.99531
48.83280	08.99492
48.83305	08.99419
48.83307	08.99377
48.83345	08.99200
48.83294	08.99039
48.83289	08.99014
48.83311	08.98887
48.83319	08.98833
48.83326	08.98791
48.83287	08.98709
48.83245	08.98635
48.83154	08.98475
48.83102	08.98375
48.83074	08.98232
48.83030	08.97989
48.83051	08.97860
48.83074	08.97761
48.83092	08.97555
48.83114	08.97486
48.83103	08.97445
48.83107	08.97389
48.83150	08.97233
48.83231	08.97119
48.83254	08.97019
48.83264	08.96970
48.83227	08.96955
48.83189	08.96922
48.83143	08.96884
48.83069	08.96825
48.83025	08.96790
48.83003	08.96771
48.82978	08.96761
48.82935	08.96744
48.82898	08.96730
48.82888	08.96722
48.82893	08.96700
48.82904	08.96693
48.82923	08.96685
48.82962	08.96585
48.83017	08.96521
48.83050	08.96494
48.83126	08.96446
48.83238	08.96407
48.83317	08.96371
48.83370	08.96364
48.83422	08.96362
48.83437	08.96372
48.83457	08.96385
48.83489	08.96364
48.83553	08.96310
48.83670	08.96204
48.83705	08.96178
48.83743	08.96118
48.83830	08.96069
48.83845	08.96060
48.83858	08.96049
48.83872	08.96039
48.83885	08.95864
48.83906	08.95877
48.83911	08.95868
48.83962	08.95826
48.84059	08.95774
48.84088	08.95759
48.84109	08.95755
48.84158	08.95795
48.84172	08.95798
48.84197	08.95807
48.84255	08.95882
48.84273	08.95885
48.84388	08.95933
48.84436	08.95970
48.84456	08.95994
48.84538	08.96046
48.84592	08.96079
48.84703	08.96156
48.84716	08.96164
48.84728	08.96178
48.84746	08.96200
48.84761	08.96211
48.84775	08.96215
48.84799	08.96192
48.84889	08.96072
48.84909	08.96049
48.84934	08.96027
48.84965	08.96021
48.85073	08.96025
48.85119	08.96005
48.85163	08.95978
48.85174	08.95961
48.85174	08.95939
48.85167	08.95922
48.85164	08.95888
48.85191	08.95867
48.85253	08.95858
48.85284	08.95833
48.85349	08.95810
48.85398	08.95794
48.85450	08.95794
48.85493	08.95798
48.85517	08.95791
48.85532	08.95781
48.85548	08.95758
48.85555	08.95740
48.85559	08.95702
48.85597	08.95533
48.85634	08.95332
48.85634	08.95278
48.85656	08.95227
48.85688	08.95167
48.85723	08.95124
48.85775	08.95073
48.85828	08.95013
48.85898	08.94907
48.85918	08.94919
48.85925	08.94919
48.85967	08.94855
48.85990	08.94821
48.86057	08.94720
48.86105	08.94637
48.86136	08.94567
48.86140	08.94552
48.86194	08.94350
48.86199	08.94331
48.86210	08.94251
48.86213	08.94231
48.86343	08.94213
48.86359	08.94190
48.86448	08.94060
48.86465	08.94023
48.86506	08.93983
48.86669	08.93663
48.86701	08.93576
48.86709	08.93556
48.86763	08.93424
48.86735	08.93300
48.86721	08.93162
48.86719	08.93103
48.86711	08.93054
48.86698	08.93018
48.86677	08.92975
48.86658	08.92918
48.86683	08.92835
48.86748	08.92707
48.86798	08.92651
48.86807	08.92657
48.86897	08.92710
48.86961	08.92755
48.86998	08.92781
48.87029	08.92803
48.87042	08.92812
48.87176	08.92411
48.87193	08.92413
48.87224	08.92408
48.87337	08.92387
48.87528	08.92365
48.87573	08.92321
48.87668	08.92246
48.87675	08.92095
48.87743	08.92076
48.87783	08.92065
48.87898	08.92005
48.87927	08.91987
48.88016	08.91935
48.88160	08.91838
48.88179	08.91825
48.88314	08.91733
48.88471	08.91696
48.88691	08.91695
48.88748	08.91695
48.88784	08.91721
48.88831	08.91742
48.88898	08.91750
48.89086	08.91642
48.89104	08.91613
48.89221	08.91562
48.89305	08.91531
48.89324	08.91523
48.89366	08.91491
48.89416	08.91421
48.89436	08.91368
48.89460	08.91323
48.89487	08.91282
48.89514	08.91254
48.89547	08.91235
48.89569	08.91229
48.89601	08.91233
48.89625	08.91246
48.89678	08.91296
48.89712	08.91252
48.89726	08.91260
48.89754	08.91251
48.89825	08.91415
48.89850	08.91532
48.89875	08.91600
48.89894	08.91620
48.89921	08.91635
48.89945	08.91639
48.90000	08.91568
48.90015	08.91547
48.90083	08.91496
48.90131	08.91485
48.90222	08.91498
48.90279	08.91512
48.90307	08.91493
48.90351	08.91416
48.90377	08.91358
48.90406	08.91336
48.90439	08.91311
48.90541	08.91251
48.90553	08.91272
48.90578	08.91255
48.90593	08.91231
48.90599	08.91214
48.90610	08.91211
48.90632	08.91203
48.90624	08.91146
48.90618	08.90942
48.90625	08.90895
48.90638	08.90878
48.90666	08.90850
48.90758	08.90734
48.90792	08.90792
48.90927	08.90695
48.90970	08.90680
48.91013	08.90684
48.91030	08.90692
48.91044	08.90699
48.91138	08.90813
48.91177	08.90872
48.91211	08.90954
48.91222	08.91020
48.91225	08.91123
48.91216	08.91314
48.91225	08.91444
48.91225	08.91515
48.91253	08.91519
48.91263	08.91453
48.91265	08.91410
48.91287	08.91408
48.91299	08.91356
48.91333	08.91366
48.91342	08.91369
48.91329	08.91468
48.91327	08.91536
48.91340	08.91616
48.91350	08.91673
48.91371	08.91733
48.91382	08.91724
48.91387	08.91716
48.91433	08.91838
48.91456	08.91920
48.91463	08.91990
48.91461	08.92026
48.91458	08.92082
48.91437	08.92079
48.91424	08.92131
48.91416	08.92189
48.91411	08.92239
48.91408	08.92268
48.91484	08.92257
48.91497	08.92255
48.91509	08.92254
48.91535	08.92251
48.91609	08.92251
48.91607	08.92261
48.91598	08.92379
48.91583	08.92465
48.91715	08.92512
48.91775	08.92540
48.91785	08.92553
48.91782	08.92579
48.91868	08.92641
48.91897	08.92634
48.91957	08.92625
48.91972	08.92407
48.91985	08.92398
48.92076	08.92400
48.92078	08.92154
48.92088	08.92034
48.92097	08.92023
48.92120	08.92015
48.92149	08.91867
48.92170	08.91800
48.92185	08.91749
48.92230	08.91646
48.92243	08.91603
48.92243	08.91592
48.92247	08.91517
48.92241	08.91331
48.92238	08.91305
48.92214	08.91163
48.92180	08.91056
48.92162	08.91014
48.92145	08.90984
48.92081	08.90882
48.92079	08.90812
48.92078	08.90791
48.92088	08.90770
48.92103	08.90760
48.92204	08.90727
48.92215	08.90690
48.92277	08.90487
48.92295	08.90403
48.92296	08.90361
48.92309	08.90315
48.92328	08.90251
48.92351	08.90208
48.92359	08.90145
48.92365	08.90061
48.92369	08.90007
48.92503	08.90226
48.92526	08.90263
48.92544	08.90293
48.92527	08.90338
48.92521	08.90352
48.92497	08.90439
48.92516	08.90453
48.92583	08.90504
48.92556	08.90613
48.92597	08.90632
48.92623	08.90589
48.92646	08.90551
48.92738	08.90566
48.92760	08.90570
48.92772	08.90572
48.92797	08.90525
48.92829	08.90483
48.92841	08.90469
48.92892	08.90428
48.92935	08.90413
48.93065	08.90389
48.93109	08.90376
48.93154	08.90372
48.93262	08.90344
48.93367	08.90296
48.93381	08.90289
48.93401	08.90279
48.93445	08.90256
48.93476	08.90246
48.93519	08.90233
48.93538	08.90236
48.93578	08.90250
48.93622	08.90273
48.93671	08.90306
48.93726	08.90340
48.93741	08.90340
48.93779	08.90324
48.93827	08.90297
48.93862	08.90298
48.93893	08.90311
48.93966	08.90343
48.94004	08.90366
48.94060	08.90402
48.94098	08.90420
48.94171	08.90456
48.94221	08.90474
48.94272	08.90481
48.94313	08.90476
48.94360	08.90471
48.94418	08.90462
48.94432	08.90485
48.94445	08.90539
48.94443	08.90609
48.94444	08.90682
48.94441	08.90690
48.94433	08.90717
48.94426	08.90729
48.94410	08.90731
48.94396	08.90725
48.94382	08.90710
48.94372	08.90686
48.94365	08.90656
48.94348	08.90639
48.94319	08.90639
48.94288	08.90648
48.94279	08.90683
48.94275	08.90695
48.94264	08.90717
48.94226	08.90717
48.94194	08.90732
48.94182	08.90733
48.94184	08.90852
48.94187	08.90905
48.94221	08.90909
48.94192	08.91002
48.94189	08.91085
48.94178	08.91167
48.94161	08.91415
48.94162	08.91484
48.94150	08.91576
48.94152	08.91722
48.94152	08.91754
48.94127	08.91767
48.94052	08.91794
48.94046	08.91787
48.94018	08.91783
48.93995	08.91794
48.94010	08.91889
48.94019	08.91974
48.94022	08.92079
48.94020	08.92154
48.94006	08.92154
48.94004	08.92212
48.94004	08.92229
48.93988	08.92279
48.94005	08.92279
48.94002	08.92317
48.93991	08.92369
48.93983	08.92392
48.93971	08.92381
48.93902	08.92538
48.93858	08.92615
48.93840	08.92662
48.93755	08.92711
48.93680	08.92742
48.93667	08.92759
48.93659	08.92770
48.93662	08.92804
48.93665	08.92838
48.93640	08.92987
48.93638	08.93009
48.93699	08.93008
48.93706	08.93061
48.93710	08.93126
48.93796	08.93106
48.93814	08.93185
48.93826	08.93180
48.93874	08.93162
48.93881	08.93159
48.93896	08.93205
48.93879	08.93334
48.93924	08.93325
48.93932	08.93346
48.93936	08.93362
48.93942	08.93386
48.93932	08.93443
48.93926	08.93485
48.93918	08.93735
48.93912	08.93739
48.93900	08.93746
48.93912	08.93813
48.93878	08.93886
48.93836	08.93993
48.93823	08.94051
48.93818	08.94153
48.93822	08.94194
48.93823	08.94213
48.93909	08.94256
48.93975	08.94327
48.94013	08.94386
48.94049	08.94455
48.94036	08.94536
48.94054	08.94564
48.94066	08.94559
48.94071	08.94578
48.94076	08.94597
48.94079	08.94609
48.94082	08.94621
48.94081	08.94634
48.94087	08.94644
48.94157	08.94735
48.94164	08.94736
48.94239	08.94718
48.94291	08.94721
48.94296	08.94730
48.94297	08.94771
48.94317	08.94754
48.94326	08.94747
48.94335	08.94742
48.94320	08.94707
48.94337	08.94692
48.94364	08.94690
48.94479	08.94712
48.94544	08.94732
48.94602	08.94729
48.94631	08.94707
48.94658	08.94664
48.94733	08.94645
48.94863	08.94595
48.94895	08.94592
48.95008	08.94573
48.95055	08.94565
48.95101	08.94576
48.95159	08.94588
48.95250	08.94608
48.95261	08.94610
48.95275	08.94614
48.95285	08.94617
48.95336	08.94628
48.95521	08.94647
48.95550	08.94644
48.95635	08.94637
48.95654	08.94634
48.95735	08.94607
48.95743	08.94604
48.95786	08.94594
48.95852	08.94578
48.95909	08.94553
48.95953	08.94526
48.96015	08.94472
48.96037	08.94457
48.96108	08.94415
48.96163	08.94392
48.96258	08.94337
48.96305	08.94281
48.96368	08.94219
48.96391	08.94196
48.96397	08.94190
48.96405	08.94183
48.96419	08.94177
48.96513	08.94135
48.96642	08.94026
48.96756	08.93979
48.96809	08.93948
48.96827	08.93925
48.96837	08.93912
48.96869	08.93829
48.96913	08.93688
48.96950	08.93567
48.96972	08.93502
48.97064	08.93252
48.97082	08.93200
48.97097	08.93128
48.97157	08.93044
48.97238	08.92986
48.97274	08.92961
48.97352	08.92924
48.97417	08.92878
48.97449	08.92862
48.97457	08.92857
48.97483	08.92842
48.97542	08.92784
48.97569	08.92745
48.97662	08.92514
48.97746	08.92471
48.97774	08.92452
48.97824	08.92419
48.97864	08.92553
48.97881	08.92561
48.97973	08.92582
48.98042	08.92578
48.98051	08.92532
48.98052	08.92457
48.98049	08.92403
48.98052	08.92376
48.98078	08.92295
48.98111	08.92169
48.98121	08.92146
48.98149	08.92111
48.98161	08.92104
48.98226	08.92040
48.98237	08.92039
48.98277	08.92110
48.98321	08.92212
48.98335	08.92281
48.98341	08.92388
48.98361	08.92385
48.98374	08.92382
48.98403	08.92363
48.98418	08.92354
48.98444	08.92346
48.98477	08.92358
48.98525	08.92386
48.98572	08.92454
48.98593	08.92484
48.98644	08.92595
48.98672	08.92586
48.98664	08.92542
48.98651	08.92443
48.98650	08.92375
48.98655	08.92313
48.98665	08.92261
48.98682	08.92223
48.98694	08.92154
48.98714	08.92109
48.98722	08.92089
48.98776	08.92053
48.98792	08.92070
48.98801	08.92107
48.98894	08.92193
48.98908	08.92211
48.98949	08.92338
48.99006	08.92549
48.99015	08.92577
48.99018	08.92612
48.99009	08.92682
48.98983	08.92740
48.99032	08.92742
48.99036	08.92766
48.99018	08.92822
48.99021	08.92843
48.99030	08.92882
48.99004	08.92882
48.99003	08.92948
48.99014	08.92950
48.99013	08.93000
48.98982	08.93000
48.98979	08.93062
48.99020	08.93062
48.99018	08.93098
48.99052	08.93106
48.99060	08.93162
48.99063	08.93323
48.99072	08.93323
48.99106	08.93320
48.99146	08.93310
48.99168	08.93300
48.99212	08.93305
48.99220	08.93273
48.99244	08.93286
48.99270	08.93292
48.99319	08.93277
48.99313	08.93192
48.99406	08.93134
48.99417	08.93185
48.99558	08.93046
48.99596	08.92977
48.99620	08.92915
48.99644	08.92878
48.99677	08.92842
48.99724	08.92760
48.99795	08.92653
48.99818	08.92610
48.99843	08.92541
48.99892	08.92451
48.99907	08.92390
48.99926	08.92363
48.99975	08.92349
48.99999	08.92325
49.00017	08.92294
49.00027	08.92260
49.00034	08.92245
49.00057	08.92238
49.00109	08.92232
49.00123	08.92225
49.00145	08.92192
49.00160	08.92174
49.00178	08.92171
49.00192	08.92165
49.00199	08.92151
49.00205	08.92122
49.00246	08.92042
49.00285	08.91993
49.00307	08.91973
49.00337	08.91959
49.00394	08.91888
49.00530	08.91654
49.00616	08.91733
49.00693	08.91805
49.00725	08.91837
49.00799	08.91915
49.00833	08.91901
49.00863	08.91880
49.00888	08.91838
49.00961	08.91652
49.00992	08.91603
49.01029	08.91551
49.01140	08.91435
49.01211	08.91350
49.01355	08.91154
49.01557	08.90891
49.01620	08.90779
49.01664	08.90743
49.01738	08.90696
49.01752	08.90662
49.01810	08.90593
49.01870	08.90510
49.01882	08.90534
49.01952	08.90469
49.01996	08.90464
49.02043	08.90463
49.02077	08.90473
49.02126	08.90462
49.02157	08.90432
49.02188	08.90403
49.02223	08.90361
49.02240	08.90314
49.02310	08.90075
49.02324	08.90000
49.02326	08.89958
49.02334	08.89883
49.02380	08.89775
49.02399	08.89693
49.02414	08.89640
49.02455	08.89562
49.02487	08.89489
49.02507	08.89458
49.02729	08.89196
49.02836	08.89031
49.02857	08.88989
49.02954	08.88837
49.02982	08.88764
49.02997	08.88690
49.02999	08.88595
49.02991	08.88470
49.02987	08.88362
49.02992	08.88261
49.03006	08.88177
49.03023	08.88121
49.03102	08.87969
49.03130	08.87880
49.03149	08.87831
49.03213	08.87751
49.03238	08.87733
49.03273	08.87714
49.03314	08.87683
49.03347	08.87662
49.03359	08.87673
49.03379	08.87677
49.03405	08.87668
49.03502	08.87613
49.03547	08.87599
49.03574	08.87728
49.03664	08.87641
49.03704	08.87613
49.03731	08.87674
49.03770	08.87738
49.03783	08.87770
49.03799	08.87825
49.03819	08.87873
49.03845	08.87916
49.03886	08.87972
49.03921	08.88027
49.03939	08.88064
49.03960	08.88173
49.03975	08.88267
49.03979	08.88368
49.03972	08.88439
49.03994	08.88443
49.03983	08.88513
49.04280	08.88551
49.04407	08.88586
49.04477	08.88609
49.04461	08.88688
49.04449	08.88788
49.04447	08.88873
49.04417	08.89241
49.04388	08.89382
49.04375	08.89484
49.04376	08.89572
49.04371	08.89629
49.04348	08.89702
49.04238	08.89946
49.04127	08.90331
49.04084	08.90494
49.04073	08.90618
49.04083	08.90728
49.04098	08.90795
49.04100	08.90830
49.04085	08.90927
49.04069	08.90983
49.04066	08.90994
49.04045	08.91036
49.03988	08.91099
49.03963	08.91152
49.03961	08.91165
49.03951	08.91222
49.03955	08.91330
49.03970	08.91526
49.03963	08.91592
49.03950	08.91652
49.03956	08.91785
49.03977	08.91904
49.03925	08.92140
49.03886	08.92350
49.03858	08.92451
49.03848	08.92535
49.03845	08.92592
49.03702	08.92657
49.03698	08.92703
49.03685	08.92751
49.03666	08.92789
49.03665	08.92813
49.03678	08.92835
49.03738	08.92893
49.03745	08.92917
49.03746	08.92942
49.03832	08.93039
49.03956	08.93021
49.03971	08.93023
49.03987	08.93031
49.04021	08.93094
49.04030	08.93121
49.04029	08.93200
49.04037	08.93292
49.04040	08.93355
49.04041	08.93367
49.04040	08.93419
49.04032	08.93472
49.04039	08.93518
49.04035	08.93593
49.04040	08.93787
49.03956	08.93766
49.03916	08.93822
49.03865	08.93915
49.03830	08.94037
49.03786	08.94121
49.03763	08.94148
49.03757	08.94183
49.03752	08.94346
49.03754	08.94454
49.03779	08.94667
49.03795	08.94778
49.03799	08.94871
49.03793	08.95001
49.03800	08.95069
49.03817	08.95139
49.03823	08.95195
49.03871	08.95311
49.03878	08.95384
49.03890	08.95455
49.03910	08.95545
49.03921	08.95598
49.03843	08.95582
49.03782	08.95520
49.03735	08.95589
49.03689	08.95537
49.03673	08.95528
49.03603	08.95576
49.03672	08.95727
49.03684	08.95752
49.03596	08.95981
49.03607	08.96027
49.03607	08.96071
49.03599	08.96102
49.03580	08.96144
49.03525	08.96235
49.03495	08.96315
49.03478	08.96462
49.03465	08.96520
49.03559	08.96516
49.03570	08.96514
49.03651	08.96498
49.03710	08.96484
49.03816	08.96447
49.03901	08.96401
49.03963	08.96356
49.04000	08.96346
49.04068	08.96349
49.04101	08.96514
49.04110	08.96575
49.04107	08.96632
49.04104	08.96669
49.04108	08.96698
49.04126	08.96733
49.04132	08.96803
49.04144	08.97025
49.04136	08.97155
49.04128	08.97302
49.04130	08.97425
49.04134	08.97517
49.04125	08.97588
49.04115	08.97685
49.04102	08.97723
49.04082	08.97714
49.04065	08.97767
49.04054	08.97829
49.04032	08.98019
49.04015	08.98107
49.03994	08.98173
49.03974	08.98204
49.03975	08.98319
49.03968	08.98455
49.03955	08.98537
49.03970	08.98614
49.03929	08.98621
49.03891	08.98637
49.03817	08.98687
49.03802	08.98689
49.03779	08.98811
49.03764	08.98941
49.03582	08.98824
49.03448	08.98725
49.03378	08.98742
49.03301	08.98739
49.03223	08.98721
49.03137	08.98716
49.03058	08.98733
49.02978	08.98730
49.02853	08.98746
49.02816	08.98762
49.02783	08.98793
49.02714	08.98850
49.02705	08.99096
49.02646	08.99295
49.02604	08.99406
49.02577	08.99503
49.02564	08.99608
49.02560	08.99642
49.02463	08.99750
49.02441	08.99902
49.02430	08.99963
49.02391	09.00189
49.02375	09.00252
49.02338	09.00399
49.02307	09.00497
49.02225	09.00613
49.02200	09.00634
49.02093	09.00969
49.02093	09.00979
49.02081	09.01234
49.02081	09.01275
49.02078	09.01418
49.02081	09.01525
49.02160	09.01633
49.02255	09.01779
49.02311	09.01908
49.02384	09.02023
49.02426	09.02075
49.02457	09.02066
49.02463	09.01942
49.02519	09.01766
49.02623	09.01707
49.02688	09.01724
49.02755	09.01685
49.02828	09.01600
49.02851	09.01643
49.02814	09.01775
49.02839	09.01917
49.02839	09.02024
49.02850	09.02165
49.02844	09.02530
49.02791	09.02748
49.02731	09.02851
49.02656	09.02911
49.02557	09.02842
49.02490	09.02782
49.02439	09.02812
49.02408	09.02833
49.02383	09.02962
49.02349	09.03184
49.02349	09.03394
49.02402	09.03532
49.02475	09.03647
49.02498	09.03712
49.02466	09.03909
49.02466	09.04072
49.02421	09.04260
49.02421	09.04470
49.02480	09.04659
49.02511	09.04714
49.02524	09.04890
49.02543	09.05451
49.02532	09.05597
49.02530	09.05623
49.02518	09.05781
49.02518	09.05995
49.02627	09.05961
49.02647	09.06081
49.02655	09.06150
49.02700	09.06184
49.02720	09.06167
49.02812	09.06112
49.02863	09.06082
49.02986	09.06095
49.03020	09.06099
49.03256	09.06134
49.03332	09.06096
49.03406	09.06037
49.03560	09.05916
49.03605	09.05869
49.03658	09.05831
49.03807	09.05685
49.03779	09.05900
49.03750	09.06152
49.03750	09.06178
49.04003	09.06101
49.04009	09.06175
49.04063	09.06200
49.04127	09.06235
49.04233	09.06252
49.04329	09.06291
49.04362	09.06385
49.04413	09.06402
49.04480	09.06385
49.04514	09.06394
49.04560	09.06699
49.04634	09.06934
49.04704	09.07222
49.04719	09.07308
49.04757	09.07526
49.04777	09.07689
49.04782	09.07761
49.04799	09.08165
49.04950	09.08131
49.04944	09.08611
49.04941	09.08872
49.04954	09.08974
49.04958	09.09003
49.04969	09.09030
49.04973	09.09053
49.04994	09.09167
49.05056	09.09921
49.05066	09.10046
49.05116	09.10719
49.05211	09.10612
49.05515	09.10343
49.05601	09.10243
49.05633	09.10206
49.05853	09.10104
49.05937	09.10079
49.06024	09.10070
49.06117	09.10135
49.06205	09.10216
49.06234	09.10242
49.06240	09.10298
49.06255	09.10567
49.06259	09.10645
49.06290	09.10787
49.06313	09.10902
49.06290	09.11108
49.06273	09.11292
49.06267	09.11412
49.06314	09.11560
49.06329	09.11605
49.06391	09.11665
49.06455	09.11742
49.06455	09.11871
49.06407	09.12038
49.06359	09.12222
49.06333	09.12462
49.06296	09.12684
49.06258	09.12729
49.06085	09.12928
49.05911	09.13077
49.05776	09.13227
49.05658	09.13376
49.05512	09.13615
49.05430	09.13791
49.05370	09.14009
49.05331	09.14278
49.05333	09.14493
49.05333	09.14535
49.05355	09.14681
49.05364	09.14750
49.05420	09.14964
49.05483	09.15135
49.05493	09.15161
49.05600	09.15341
49.05693	09.15445
49.05640	09.15530
49.05631	09.15545
49.05623	09.15560
49.05600	09.15607
49.05591	09.15868
49.05532	09.15932
49.05475	09.16112
49.05466	09.16338
49.05435	09.16514
49.05432	09.16614
49.05442	09.16689
49.05425	09.16706
49.05417	09.16749
49.05391	09.16745
49.05380	09.16793
49.05409	09.16819
49.05363	09.16932
49.05355	09.16939
49.05327	09.16928
49.05233	09.17246
49.05193	09.17258
49.05171	09.17386
49.05165	09.17410
49.05141	09.17402
49.05134	09.17448
49.04724	09.17267
49.04547	09.17175
49.04460	09.17121
49.04356	09.17033
49.04304	09.16979
49.04234	09.16878
49.04204	09.16831
49.04181	09.16783
49.04158	09.16717
49.04133	09.16634
49.04127	09.16605
49.04071	09.16611
49.04079	09.16673
49.04100	09.16744
49.04141	09.16854
49.04162	09.16901
49.04182	09.16939
49.04209	09.17006
49.04203	09.17024
49.04186	09.17057
49.04168	09.17087
49.04138	09.17135
49.04081	09.17206
49.03997	09.17293
49.03935	09.17345
49.03892	09.17365
49.03870	09.17570
49.03852	09.17579
49.03829	09.17590
49.03788	09.17600
49.03746	09.17625
49.03584	09.17742
49.03563	09.17757
49.03530	09.17786
49.03507	09.17810
49.03438	09.17876
49.03360	09.17953
49.03354	09.18020
49.03343	09.18062
49.03280	09.18177
49.03270	09.18204
49.03267	09.18232
49.03232	09.18279
49.03192	09.18332
49.03040	09.18585
49.03069	09.18638
49.03081	09.18670
49.03095	09.18694
49.03113	09.18714
49.03145	09.18738
49.03255	09.18793
49.03218	09.18827
49.03160	09.18889
49.03132	09.18927
49.03101	09.18985
49.03052	09.19102
49.03032	09.19164
49.02996	09.19375
49.03003	09.19465
49.03021	09.19544
49.03031	09.19621
49.03027	09.19680
49.03014	09.19755
49.03016	09.19797
49.03025	09.19890
49.03025	09.19958
49.03023	09.20022
49.03029	09.20048
49.03055	09.20120
49.03047	09.20505
49.02894	09.21094
49.02923	09.21100
49.02920	09.21144
49.02870	09.21301
49.02861	09.21392
49.02874	09.21449
49.02907	09.21524
49.03108	09.21982
49.03158	09.21875
49.03221	09.21967
49.03259	09.22025
49.03327	09.22086
49.03368	09.22134
49.03327	09.22183
49.03298	09.22219
49.03260	09.22254
49.03161	09.22353
49.03143	09.22384
49.03107	09.22426
49.03004	09.22643
49.02966	09.22701
49.02924	09.22752
49.02896	09.22781
49.02890	09.22787
49.02880	09.22800
49.02848	09.22841
49.02844	09.22856
49.02841	09.22881
49.02839	09.22956
49.02833	09.22995
49.02822	09.23033
49.02801	09.23077
49.02765	09.23117
49.02740	09.23137
49.02713	09.23153
49.02531	09.23189
49.02511	09.23200
49.02474	09.23234
49.02352	09.23385
49.02250	09.23481
49.02228	09.23505
49.02216	09.23534
49.02204	09.23579
49.02193	09.23609
49.02182	09.23632
49.02165	09.23649
49.02144	09.23654
49.02111	09.23646
49.02028	09.23603
49.02023	09.23656
49.02032	09.23726
49.02040	09.23764
49.02070	09.23858
49.02088	09.23945
49.02093	09.23983
49.02107	09.24110
49.02121	09.24189
49.02134	09.24268
49.02146	09.24353
49.02148	09.24382
49.02212	09.24540
49.02237	09.24618
49.02240	09.24647
49.02243	09.24748
49.02407	09.24985
49.02412	09.25049
49.02420	09.25074
49.02509	09.25208
49.02614	09.25378
49.02640	09.25453
49.02661	09.25472
49.02664	09.25491
49.02774	09.25582
49.02749	09.25671
49.02730	09.25783
49.02727	09.25842
49.02783	09.25886
49.02748	09.25989
49.02731	09.26031
49.02728	09.26075
49.02734	09.26132
49.02770	09.26262
49.02802	09.26266
49.02801	09.26293
49.02799	09.26362
49.02794	09.26393
49.02777	09.26444
49.02770	09.26475
49.02768	09.26510
49.02777	09.26585
49.02800	09.26600
49.02815	09.26611
49.02841	09.26634
49.02859	09.26661
49.02870	09.26685
49.02880	09.26708
49.02917	09.26796
49.02967	09.26894
49.02989	09.26920
49.03005	09.26924
49.03016	09.26922
49.03034	09.26906
49.03082	09.26875
49.03155	09.26843
49.03131	09.26799
49.03127	09.26773
49.03133	09.26681
49.03144	09.26529
49.03155	09.26463
49.03180	09.26401
49.03134	09.26333
49.03139	09.26239
49.03163	09.26054
49.03182	09.25998
49.03192	09.25980
49.03247	09.25944
49.03283	09.25962
49.03301	09.25975
49.03321	09.25976
49.03343	09.25987
49.03377	09.26035
49.03423	09.26118
49.03437	09.26122
49.03465	09.26108
49.03485	09.26090
49.03512	09.26050
49.03535	09.26024
49.03621	09.25981
49.03691	09.25962
49.03775	09.25954
49.03801	09.25941
49.03844	09.25874
49.03870	09.25858
49.03902	09.25864
49.03922	09.25899
49.03926	09.25920
49.03929	09.25972
49.03938	09.26167
49.03868	09.26439
49.03803	09.26506
49.03731	09.26531
49.03629	09.26535
49.03702	09.26703
49.03669	09.26699
49.03663	09.26710
49.03675	09.26741
49.03677	09.26774
49.03677	09.26818
49.03667	09.26853
49.03762	09.26999
49.03742	09.27075
49.03730	09.27118
49.03703	09.27244
49.03705	09.27266
49.03709	09.27303
49.03653	09.27443
49.03612	09.27584
49.03596	09.27696
49.03689	09.27768
49.03741	09.27800
49.03781	09.27819
49.03862	09.27842
49.03888	09.27855
49.03932	09.27883
49.03947	09.27904
49.03993	09.27946
49.04008	09.27967
49.04008	09.27976
49.03990	09.28027
49.04031	09.28088
49.04060	09.28140
49.04082	09.28186
49.04099	09.28241
49.04114	09.28320
49.04373	09.28252
49.04289	09.28627
49.04312	09.28655
49.04299	09.28733
49.04264	09.28861
49.04183	09.28873
49.04120	09.28871
49.04095	09.28863
49.04008	09.28783
49.03925	09.28718
49.03882	09.28697
49.03862	09.28697
49.03830	09.28715
49.03751	09.28796
49.03707	09.28829
49.03668	09.28834
49.03644	09.28824
49.03437	09.28669
49.03436	09.28695
49.03440	09.28734
49.03461	09.28787
49.03354	09.29031
49.03318	09.29112
49.03304	09.29143
49.03286	09.29183
49.03282	09.29238
49.03287	09.29443
49.03202	09.29496
49.03276	09.29610
49.03311	09.29691
49.03309	09.29717
49.03267	09.29806
49.03227	09.29995
49.03249	09.30092
49.03257	09.30140
49.03262	09.30208
49.03274	09.30292
49.03311	09.30390
49.03321	09.30390
49.03346	09.30396
49.03364	09.30416
49.03379	09.30440
49.03395	09.30479
49.03402	09.30510
49.03407	09.30554
49.03417	09.30603
49.03433	09.30661
49.03437	09.30674
49.03441	09.30702
49.03443	09.30738
49.03439	09.30834
49.03428	09.30975
49.03417	09.31079
49.03407	09.31284
49.03408	09.31347
49.03415	09.31415
49.03423	09.31467
49.03449	09.31634
49.03453	09.31654
49.03455	09.31672
49.03462	09.31711
49.03518	09.31944
49.03544	09.31932
49.03577	09.32002
49.03681	09.32227
49.03634	09.32257
49.03650	09.32325
49.03653	09.32347
49.03655	09.32467
49.03729	09.32460
49.03801	09.32412
49.03801	09.32439
49.03779	09.32558
49.03747	09.32554
49.03778	09.32884
49.03685	09.33045
49.03638	09.33151
49.03634	09.33172
49.03632	09.33189
49.03627	09.33224
49.03565	09.33376
49.03607	09.33413
49.03660	09.33453
49.03718	09.33490
49.03730	09.33498
49.03740	09.33505
49.03788	09.33498
49.03848	09.33464
49.03903	09.33428
49.03919	09.33433
49.03962	09.33457
49.04054	09.33577
49.04090	09.33645
49.04106	09.33704
49.04112	09.33761
49.04127	09.33831
49.04143	09.33895
49.04189	09.34205
49.04192	09.34239
49.04195	09.34261
49.04196	09.34275
49.04186	09.34306
49.04183	09.34357
49.04168	09.34463
49.04167	09.34537
49.04163	09.34599
49.04171	09.34694
49.04167	09.34713
49.04168	09.34887
49.04162	09.34933
49.04173	09.35006
49.04161	09.35050
49.04067	09.35213
49.04070	09.35277
49.04065	09.35317
49.04054	09.35339
49.04019	09.35379
49.03979	09.35384
49.03956	09.35390
49.03927	09.35410
49.03904	09.35419
49.03887	09.35419
49.03879	09.35431
49.03878	09.35455
49.03864	09.35466
49.03838	09.35472
49.03823	09.35481
49.03805	09.35508
49.03791	09.35511
49.03786	09.35500
49.03758	09.35459
49.03757	09.35451
49.03754	09.35429
49.03736	09.35421
49.03721	09.35426
49.03700	09.35430
49.03684	09.35447
49.03694	09.35509
49.03743	09.35742
49.03764	09.35810
49.03809	09.35935
49.03870	09.36084
49.03889	09.36152
49.03913	09.36224
49.03979	09.36371
49.03988	09.36433
49.04012	09.36494
49.04031	09.36558
49.04049	09.36566
49.04074	09.36674
49.04094	09.37006
49.04118	09.37096
49.04132	09.37171
49.04138	09.37276
49.04130	09.37470
49.04125	09.37507
49.04123	09.37516
49.04115	09.37547
49.04105	09.37558
49.04067	09.37565
49.04048	09.37578
49.04047	09.37611
49.04057	09.37668
49.04061	09.37721
49.04022	09.37735
49.03990	09.37737
49.03954	09.37753
49.03892	09.37786
49.03854	09.37802
49.03817	09.37807
49.03788	09.37818
49.03759	09.37851
49.03732	09.37919
49.03719	09.38021
49.03717	09.38071
49.03718	09.38137
49.03729	09.38201
49.03733	09.38291
49.03735	09.38383
49.03760	09.38570
49.03773	09.38671
49.03777	09.38843
49.03770	09.38935
49.03760	09.39026
49.03750	09.39057
49.03747	09.39094
49.03775	09.39182
49.03761	09.39206
49.03758	09.39270
49.03762	09.39375
49.03749	09.39554
49.03752	09.39683
49.03760	09.39767
49.03777	09.39828
49.03803	09.39872
49.03821	09.39916
49.03822	09.39925
49.03832	09.39948
49.03841	09.39966
49.05958	09.39735
49.05969	09.39760
49.05984	09.39826
49.05987	09.39873
49.06019	09.39943
49.06056	09.40006
49.06079	09.40092
49.06091	09.40151
49.06124	09.40241
49.06128	09.40555
49.06130	09.40630
49.06149	09.40711
49.06158	09.40782
49.06170	09.40826
49.06180	09.40850
49.06281	09.41032
49.06303	09.41047
49.06340	09.41064
49.06273	09.41166
49.06236	09.41232
49.06184	09.41305
49.06093	09.41365
49.06091	09.41405
49.06043	09.41407
49.05979	09.41419
49.05922	09.41448
49.05868	09.41459
49.05818	09.41486
49.05802	09.41499
49.05780	09.41500
49.05701	09.41478
49.05646	09.41479
49.05565	09.41457
49.05467	09.41408
49.05409	09.41386
49.05348	09.41343
49.05258	09.41260
49.05231	09.41247
49.05200	09.41243
49.05141	09.41260
49.05059	09.41296
49.04981	09.41321
49.04946	09.41332
49.04910	09.41359
49.04879	09.41392
49.04840	09.41485
49.04813	09.41527
49.04803	09.41578
49.04789	09.41633
49.04788	09.41648
49.04787	09.41670
49.04756	09.41662
49.04722	09.41616
49.04675	09.41559
49.04668	09.41545
49.04645	09.41525
49.04633	09.41497
49.04613	09.41473
49.04606	09.41465
49.04597	09.41454
49.04574	09.41432
49.04562	09.41402
49.04539	09.41385
49.04520	09.41358
49.04509	09.41336
49.04503	09.41309
49.04497	09.41299
49.04479	09.41274
49.04459	09.41258
49.04451	09.41233
49.04443	09.41209
49.04445	09.41186
49.04443	09.41159
49.04443	09.41148
49.04443	09.41130
49.04445	09.41101
49.04441	09.41074
49.04440	09.41027
49.04459	09.40968
49.04460	09.40905
49.04443	09.40835
49.04450	09.40784
49.04423	09.40728
49.04422	09.40571
49.04422	09.40545
49.04403	09.40383
49.04392	09.40309
49.04389	09.40269
49.04391	09.40124
49.04397	09.40061
49.04400	09.39960
49.04414	09.39957
49.04503	09.39937
49.04558	09.39952
49.04621	09.39980
49.04655	09.40002
49.04684	09.40043
49.04705	09.40063
49.04752	09.40091
49.04856	09.40145
49.04888	09.40143
49.04886	09.40059
49.04897	09.40042
49.04896	09.40017
49.04884	09.39996
49.04878	09.39958
49.04878	09.39930
49.04885	09.39899
49.04884	09.39873
49.04895	09.39800
49.04890	09.39782
49.04876	09.39776
49.04865	09.39723
49.04851	09.39712
49.04843	09.39692
49.04831	09.39607
49.04804	09.39503
49.04757	09.39438
49.04749	09.39407
49.04751	09.39308
49.04761	09.39244
49.04783	09.39202
49.04822	09.39151
49.04835	09.39118
49.04832	09.39085
49.04823	09.39013
49.04814	09.38978
49.04794	09.38923
49.04747	09.38771
49.04727	09.38670
49.04709	09.38554
49.04691	09.38429
49.04675	09.38336
49.04688	09.38321
49.04721	09.38297
49.04739	09.38277
49.04754	09.38261
49.04771	09.38241
49.04798	09.38226
49.04890	09.38242
49.04930	09.38240
49.04945	09.38246
49.04951	09.38270
49.04957	09.38319
49.04955	09.38369
49.04948	09.38420
49.04937	09.38471
49.04963	09.38561
49.04981	09.38603
49.04998	09.38607
49.05021	09.38600
49.05036	09.38666
49.05048	09.38778
49.05065	09.38899
49.05086	09.38894
49.05114	09.38879
49.05178	09.38827
49.05185	09.38726
49.05215	09.38576
49.05215	09.38532
49.05202	09.38370
49.05196	09.38319
49.05279	09.38272
49.05325	09.38309
49.05368	09.38338
49.05417	09.38364
49.05448	09.38407
49.05470	09.38434
49.05500	09.38460
49.05512	09.38497
49.05534	09.38547
49.05600	09.38751
49.05631	09.38791
49.05660	09.38777
49.05729	09.38737
49.05773	09.38719
49.05792	09.38679
49.05836	09.38615
49.05912	09.38485
49.05915	09.38553
49.05924	09.38606
49.05941	09.38656
49.05957	09.38685
49.05915	09.38934
49.05898	09.39020
49.05857	09.39064
49.05843	09.39088
49.05832	09.39192
49.05830	09.39284
49.05875	09.39513
49.05894	09.39565
49.05917	09.39600
49.05946	09.39708
49.05958	09.39735
49.03841	09.39966
49.03816	09.39964
49.03778	09.39970
49.03744	09.40007
49.03588	09.40009
49.03450	09.40003
49.03424	09.39991
49.03397	09.39961
49.03357	09.39918
49.03307	09.39880
49.03312	09.39845
49.03312	09.39796
49.03304	09.39742
49.03297	09.39712
49.03287	09.39685
49.03265	09.39531
49.03253	09.39374
49.03226	09.39245
49.03199	09.39026
49.03193	09.38784
49.03003	09.38790
49.02915	09.38654
49.02883	09.38590
49.02812	09.38470
49.02738	09.38269
49.02711	09.38161
49.02688	09.38040
49.02638	09.38067
49.02613	09.38097
49.02594	09.38117
49.02572	09.38134
49.02562	09.38147
49.02527	09.38164
49.02517	09.38178
49.02509	09.38197
49.02503	09.38204
49.02494	09.38208
49.02480	09.38212
49.02470	09.38223
49.02470	09.38230
49.02459	09.38258
49.02429	09.38287
49.02418	09.38307
49.02410	09.38337
49.02375	09.38361
49.02353	09.38363
49.02311	09.38364
49.02273	09.38369
49.02252	09.38395
49.02239	09.38395
49.02197	09.38403
49.02107	09.38423
49.02035	09.38476
49.01995	09.38495
49.01901	09.38441
49.01874	09.38432
49.01917	09.38297
49.01935	09.38240
49.01919	09.38194
49.01917	09.38134
49.01911	09.38067
49.01899	09.37964
49.01892	09.37900
49.01889	09.37883
49.01890	09.37707
49.01888	09.37590
49.01885	09.37503
49.01879	09.37402
49.01868	09.37340
49.01849	09.37288
49.01829	09.37246
49.01795	09.37176
49.01743	09.37081
49.01693	09.36998
49.01676	09.36968
49.01640	09.36879
49.01602	09.36806
49.01559	09.36732
49.01531	09.36690
49.01511	09.36662
49.01476	09.36606
49.01473	09.36587
49.01474	09.36556
49.01483	09.36506
49.01501	09.36415
49.01521	09.36368
49.01537	09.36311
49.01543	09.36274
49.01546	09.36210
49.01552	09.36137
49.01550	09.36092
49.01525	09.36044
49.01490	09.35987
49.01464	09.35954
49.01449	09.35940
49.01426	09.35918
49.01387	09.35883
49.01355	09.35856
49.01312	09.35804
49.01270	09.35724
49.01228	09.35639
49.01170	09.35549
49.01134	09.35501
49.01057	09.35389
49.01004	09.35313
49.00997	09.35284
49.00993	09.35247
49.00987	09.35125
49.00987	09.35008
49.00992	09.34969
49.01000	09.34922
49.00982	09.34921
49.00892	09.34912
49.00775	09.34939
49.00723	09.34941
49.00712	09.34849
49.00705	09.34823
49.00647	09.34692
49.00603	09.34590
49.00578	09.34552
49.00503	09.34455
49.00471	09.34412
49.00430	09.34468
49.00337	09.34605
49.00322	09.34606
49.00305	09.34604
49.00263	09.34570
49.00184	09.34500
49.00087	09.34409
49.00084	09.34293
49.00081	09.34190
49.00086	09.34095
49.00089	09.34064
49.00121	09.34067
49.00290	09.34090
49.00295	09.34073
49.00293	09.34065
49.00275	09.34000
49.00220	09.33797
49.00199	09.33744
49.00158	09.33691
49.00141	09.33669
49.00119	09.33630
49.00111	09.33585
49.00095	09.33475
49.00073	09.33420
49.00064	09.33372
49.00035	09.33232
49.00033	09.33216
49.00039	09.33086
49.00054	09.32908
49.00062	09.32820
49.00062	09.32759
49.00057	09.32708
49.00040	09.32644
49.00003	09.32558
48.99981	09.32569
48.99900	09.32588
48.99831	09.32565
48.99813	09.32557
48.99718	09.32514
48.99687	09.32569
48.99648	09.32675
48.99607	09.32804
48.99620	09.32875
48.99587	09.32935
48.99572	09.32993
48.99511	09.33214
48.99492	09.33254
48.99468	09.33305
48.99449	09.33366
48.99447	09.33391
48.99466	09.33504
48.99476	09.33576
48.99500	09.33743
48.99505	09.33858
48.99508	09.33984
48.99504	09.34028
48.99500	09.34049
48.99494	09.34077
48.99468	09.34235
48.99464	09.34261
48.99460	09.34325
48.99430	09.34478
48.99430	09.34499
48.99427	09.34729
48.99413	09.34742
48.99407	09.34807
48.99293	09.34766
48.99169	09.34729
48.99075	09.34706
48.99079	09.34742
48.99081	09.34774
48.99072	09.34848
48.99078	09.34886
48.99098	09.34974
48.99102	09.35056
48.99099	09.35076
48.99091	09.35079
48.99080	09.35085
48.99055	09.35079
48.99031	09.35083
48.99006	09.35114
48.98976	09.35142
48.98944	09.35170
48.98922	09.35182
48.98903	09.35190
48.98862	09.35192
48.98848	09.35206
48.98831	09.35264
48.98823	09.35335
48.98824	09.35432
48.98816	09.35479
48.98790	09.35491
48.98738	09.35556
48.98659	09.35644
48.98601	09.35709
48.98543	09.35774
48.98512	09.35804
48.98492	09.35836
48.98450	09.35922
48.98382	09.36063
48.98321	09.36191
48.98317	09.36260
48.98315	09.36276
48.98305	09.36290
48.98305	09.36308
48.98291	09.36312
48.98235	09.36273
48.98153	09.36252
48.98141	09.36255
48.98137	09.36266
48.98135	09.36279
48.98140	09.36304
48.98139	09.36326
48.98134	09.36375
48.98127	09.36440
48.98129	09.36505
48.97991	09.36499
48.97906	09.36499
48.97907	09.36548
48.97909	09.36710
48.97895	09.36712
48.97858	09.36722
48.97799	09.36738
48.97754	09.36755
48.97712	09.36784
48.97670	09.36812
48.97653	09.36828
48.97645	09.36845
48.97611	09.36903
48.97571	09.36975
48.97536	09.37007
48.97491	09.37038
48.97431	09.37082
48.97310	09.37141
48.97270	09.37156
48.97242	09.37158
48.97131	09.37137
48.97078	09.37115
48.97008	09.37080
48.96939	09.37021
48.96910	09.36997
48.96816	09.36900
48.96776	09.36861
48.96746	09.36835
48.96672	09.36770
48.96685	09.36566
48.96688	09.36522
48.96683	09.36352
48.96679	09.36286
48.96675	09.36206
48.96663	09.36140
48.96646	09.36006
48.96648	09.35991
48.96642	09.35934
48.96633	09.35849
48.96630	09.35821
48.96624	09.35781
48.96609	09.35680
48.96583	09.35567
48.96576	09.35526
48.96576	09.35510
48.96579	09.35499
48.96596	09.35480
48.96593	09.35459
48.96576	09.35413
48.96567	09.35390
48.96549	09.35355
48.96512	09.35285
48.96569	09.35224
48.96576	09.35211
48.96565	09.35103
48.96559	09.35045
48.96544	09.34890
48.96541	09.34862
48.96541	09.34835
48.96547	09.34830
48.96540	09.34792
48.96518	09.34675
48.96414	09.34622
48.96398	09.34615
48.96369	09.34705
48.96365	09.34684
48.96361	09.34660
48.96357	09.34597
48.96369	09.34497
48.96375	09.34455
48.96326	09.34411
48.96272	09.34340
48.96235	09.34303
48.96220	09.34289
48.96192	09.34261
48.96180	09.34256
48.96160	09.34261
48.96146	09.34254
48.96134	09.34236
48.96124	09.34204
48.96116	09.34153
48.96075	09.34100
48.96050	09.34062
48.96033	09.34036
48.96016	09.34019
48.95996	09.33997
48.95968	09.33978
48.95943	09.33966
48.95919	09.33957
48.95869	09.33911
48.95866	09.33963
48.95830	09.33926
48.95818	09.33907
48.95803	09.33881
48.95784	09.33864
48.95699	09.33828
48.95655	09.33807
48.95630	09.33795
48.95586	09.33791
48.95572	09.33779
48.95566	09.33751
48.95546	09.33693
48.95536	09.33671
48.95528	09.33652
48.95516	09.33631
48.95457	09.33596
48.95437	09.33584
48.95423	09.33548
48.95417	09.33510
48.95377	09.33457
48.95362	09.33431
48.95355	09.33417
48.95345	09.33402
48.95341	09.33394
48.95327	09.33370
48.95307	09.33356
48.95298	09.33346
48.95273	09.33315
48.95224	09.33239
48.95218	09.33228
48.95193	09.33189
48.95173	09.33159
48.95149	09.33099
48.95150	09.33039
48.95159	09.33017
48.95175	09.32984
48.95168	09.32966
48.95161	09.32950
48.95145	09.32919
48.95125	09.32879
48.95122	09.32865
48.95122	09.32857
48.95122	09.32829
48.95123	09.32810
48.95125	09.32803
48.95137	09.32763
48.95137	09.32750
48.95135	09.32737
48.95131	09.32718
48.95123	09.32689
48.95112	09.32655
48.95094	09.32626
48.95082	09.32605
48.95075	09.32588
48.95061	09.32556
48.95049	09.32527
48.95009	09.32458
48.95010	09.32449
48.95012	09.32420
48.95001	09.32379
48.95073	09.32359
48.95083	09.32352
48.95104	09.32331
48.95107	09.32298
48.95135	09.32287
48.95132	09.32173
48.95135	09.32163
48.95151	09.32093
48.95154	09.32081
48.95139	09.32034
48.95110	09.31973
48.95101	09.31957
48.95082	09.31934
48.95046	09.31915
48.95030	09.31886
48.95102	09.31893
48.95179	09.31894
48.95184	09.31847
48.95179	09.31775
48.95176	09.31751
48.95169	09.31707
48.95155	09.31628
48.95150	09.31587
48.95141	09.31521
48.95137	09.31512
48.95134	09.31504
48.95121	09.31468
48.95102	09.31449
48.95095	09.31445
48.95075	09.31436
48.95065	09.31410
48.95061	09.31397
48.95058	09.31368
48.95055	09.31336
48.95039	09.31331
48.95044	09.31290
48.95046	09.31274
48.95059	09.31210
48.95129	09.31233
48.95128	09.31163
48.95139	09.31080
48.95161	09.30998
48.95176	09.30941
48.95153	09.30902
48.95173	09.30856
48.95212	09.30765
48.95174	09.30731
48.95150	09.30715
48.95144	09.30711
48.95151	09.30679
48.95145	09.30674
48.95112	09.30649
48.95084	09.30627
48.95093	09.30563
48.95092	09.30549
48.95089	09.30511
48.95070	09.30448
48.95058	09.30407
48.95035	09.30378
48.95014	09.30372
48.94978	09.30354
48.94955	09.30335
48.94921	09.30323
48.94808	09.30294
48.94795	09.30317
48.94796	09.30367
48.94794	09.30416
48.94789	09.30479
48.94776	09.30539
48.94758	09.30578
48.94759	09.30641
48.94754	09.30665
48.94741	09.30737
48.94711	09.30818
48.94711	09.30819
48.94695	09.30798
48.94657	09.30775
48.94589	09.30885
48.94551	09.30963
48.94521	09.31034
48.94515	09.31049
48.94488	09.31129
48.94467	09.31198
48.94456	09.31191
48.94449	09.31202
48.94388	09.31336
48.94352	09.31439
48.94333	09.31495
48.94307	09.31476
48.94254	09.31448
48.94184	09.31437
48.94188	09.31363
48.94192	09.31264
48.94194	09.31233
48.94175	09.31242
48.94032	09.31319
48.94029	09.31424
48.94029	09.31460
48.94022	09.31482
48.93875	09.31614
48.93804	09.31603
48.93757	09.31542
48.93747	09.31530
48.93730	09.31512
48.93713	09.31666
48.93598	09.31582
48.93492	09.31503
48.93471	09.31532
48.93408	09.31616
48.93277	09.31793
48.93190	09.31927
48.93220	09.31951
48.93369	09.32054
48.93354	09.32142
48.93331	09.32277
48.93315	09.32373
48.93362	09.32390
48.93351	09.32543
48.93302	09.32550
48.93302	09.32566
48.93300	09.32640
48.93268	09.32632
48.93265	09.32667
48.93255	09.32761
48.93246	09.32854
48.93254	09.33018
48.93271	09.33204
48.93042	09.33300
48.93033	09.33501
48.92995	09.33495
48.92948	09.33473
48.92886	09.33441
48.92878	09.33474
48.92869	09.33514
48.92921	09.33583
48.92867	09.33675
48.92829	09.33739
48.92830	09.33792
48.92828	09.33808
48.92818	09.33853
48.92818	09.33873
48.92872	09.33893
48.92867	09.33939
48.92855	09.34027
48.92855	09.34079
48.92970	09.34058
48.93012	09.34079
48.93012	09.34128
48.93017	09.34259
48.93024	09.34315
48.93044	09.34396
48.93075	09.34439
48.93148	09.34524
48.93176	09.34544
48.93216	09.34613
48.93260	09.34634
48.93294	09.34642
48.93309	09.34636
48.93323	09.34644
48.93353	09.34682
48.93368	09.34712
48.93404	09.34794
48.93404	09.34904
48.93385	09.34956
48.93379	09.35003
48.93373	09.35042
48.93358	09.35089
48.93338	09.35132
48.93328	09.35141
48.93310	09.35161
48.93285	09.35175
48.93272	09.35183
48.93207	09.35225
48.93179	09.35263
48.93162	09.35273
48.93144	09.35273
48.93130	09.35266
48.93081	09.35240
48.93024	09.35249
48.92964	09.35268
48.92929	09.35300
48.92925	09.35309
48.92914	09.35362
48.92904	09.35378
48.92883	09.35458
48.92870	09.35491
48.92862	09.35493
48.92853	09.35499
48.92756	09.35472
48.92641	09.35475
48.92613	09.35544
48.92542	09.35759
48.92534	09.35808
48.92532	09.35862
48.92538	09.35900
48.92539	09.35938
48.92527	09.35976
48.92518	09.35994
48.92505	09.36021
48.92503	09.36081
48.92495	09.36112
48.92492	09.36208
48.92486	09.36215
48.92433	09.36251
48.92402	09.36252
48.92348	09.36231
48.92308	09.36225
48.92246	09.36190
48.92231	09.36172
48.92214	09.36152
48.92184	09.36101
48.92158	09.36056
48.92135	09.36019
48.92112	09.35974
48.92087	09.35931
48.92065	09.35881
48.92048	09.35846
48.92013	09.35798
48.92000	09.35767
48.91987	09.35744
48.91975	09.35732
48.91962	09.35716
48.91918	09.35695
48.91922	09.35753
48.91933	09.35856
48.91942	09.35904
48.91939	09.36121
48.91954	09.36160
48.91952	09.36278
48.91928	09.36275
48.91898	09.36180
48.91876	09.36173
48.91804	09.36142
48.91761	09.36103
48.91756	09.36087
48.91725	09.36032
48.91685	09.35970
48.91623	09.35924
48.91646	09.35812
48.91635	09.35825
48.91593	09.35889
48.91549	09.35967
48.91523	09.36008
48.91492	09.36048
48.91467	09.36079
48.91425	09.36115
48.91389	09.36137
48.91375	09.36188
48.91367	09.36230
48.91352	09.36272
48.91335	09.36305
48.91325	09.36310
48.91298	09.36309
48.91251	09.36272
48.91224	09.36250
48.91183	09.36225
48.91092	09.36222
48.91057	09.36254
48.91049	09.36268
48.91041	09.36283
48.91039	09.36297
48.91029	09.36371
48.91029	09.36404
48.91036	09.36418
48.91060	09.36467
48.91078	09.36504
48.91154	09.36634
48.91206	09.36705
48.91217	09.36718
48.91276	09.36793
48.91355	09.36934
48.91364	09.36938
48.91391	09.36959
48.91415	09.36984
48.91436	09.37026
48.91493	09.37269
48.91545	09.37537
48.91546	09.37598
48.91638	09.37605
48.91670	09.37735
48.91676	09.37781
48.91542	09.37938
48.91484	09.37676
48.91479	09.37593
48.91378	09.37602
48.91374	09.37568
48.91389	09.37458
48.91313	09.37461
48.91206	09.37465
48.91192	09.37482
48.91036	09.37500
48.91028	09.37457
48.90951	09.37459
48.90937	09.37205
48.90937	09.37170
48.90946	09.37114
48.90935	09.36913
48.90935	09.36912
48.90854	09.36917
48.90825	09.36904
48.90800	09.36886
48.90782	09.36827
48.90751	09.36758
48.90672	09.36644
48.90711	09.36576
48.90730	09.36562
48.90748	09.36548
48.90714	09.36365
48.90658	09.36305
48.90657	09.36291
48.90657	09.36281
48.90652	09.36256
48.90644	09.36221
48.90642	09.36213
48.90628	09.36206
48.90615	09.36206
48.90573	09.36265
48.90562	09.36249
48.90581	09.36106
48.90581	09.36037
48.90523	09.36062
48.90463	09.35943
48.90455	09.35927
48.90525	09.35793
48.90553	09.35740
48.90529	09.35699
48.90618	09.35513
48.90615	09.35502
48.90519	09.35098
48.90685	09.34912
48.90571	09.34501
48.90561	09.34436
48.90560	09.34307
48.90549	09.34011
48.90537	09.33959
48.90558	09.33931
48.90557	09.33738
48.90839	09.33657
48.90833	09.33627
48.90908	09.33603
48.90856	09.33353
48.90758	09.33359
48.90721	09.33236
48.90698	09.33130
48.90695	09.33083
48.90685	09.32797
48.90573	09.32777
48.90539	09.32770
48.90530	09.32586
48.90516	09.32491
48.90512	09.32417
48.90493	09.32367
48.90477	09.32307
48.90489	09.32218
48.90486	09.32130
48.90489	09.32003
48.90485	09.31800
48.90434	09.31702
48.90377	09.31530
48.90032	09.31615
48.90021	09.31617
48.90031	09.31391
48.90032	09.31378
