# GsakName=Neustadt (Aisch)-Bad Windsheim
49.44538	10.61519
49.44616	10.61472
49.44660	10.61617
49.44689	10.61570
49.44739	10.61641
49.44834	10.61361
49.44836	10.61316
49.44863	10.61276
49.44781	10.61190
49.44743	10.61163
49.44696	10.61155
49.44655	10.61126
49.44623	10.61093
49.44608	10.61059
49.44600	10.61033
49.44606	10.60995
49.44570	10.60806
49.44574	10.60782
49.44606	10.60767
49.44604	10.60751
49.44568	10.60474
49.44525	10.60256
49.44501	10.60001
49.44490	10.59968
49.44485	10.59828
49.44505	10.59706
49.44499	10.59610
49.44491	10.59530
49.44443	10.59330
49.44387	10.59093
49.44343	10.58807
49.44309	10.58730
49.44207	10.58494
49.44166	10.58366
49.44137	10.58297
49.44009	10.57809
49.43952	10.57722
49.43921	10.57709
49.43865	10.57650
49.43839	10.57508
49.43866	10.57472
49.43855	10.57383
49.43808	10.57315
49.43810	10.57266
49.43815	10.57208
49.43833	10.57188
49.43827	10.57123
49.43832	10.57052
49.43886	10.57052
49.43987	10.57114
49.44047	10.57063
49.44076	10.57012
49.44145	10.56970
49.44214	10.56841
49.44214	10.56725
49.44181	10.56558
49.44168	10.56490
49.44174	10.56268
49.44191	10.56206
49.44278	10.56093
49.44360	10.56035
49.44398	10.55946
49.44423	10.55784
49.44463	10.55747
49.44477	10.55735
49.44445	10.55617
49.44375	10.55515
49.44311	10.55484
49.44291	10.55477
49.44274	10.55471
49.44137	10.55371
49.44102	10.55360
49.44000	10.55414
49.43901	10.55425
49.43830	10.55465
49.43780	10.55523
49.43745	10.55481
49.43731	10.55466
49.43719	10.55477
49.43707	10.55466
49.43847	10.55001
49.43711	10.54852
49.43715	10.54824
49.43714	10.54717
49.43725	10.54713
49.43773	10.54794
49.43847	10.54764
49.43885	10.54717
49.43929	10.54664
49.43934	10.54597
49.43924	10.54443
49.43903	10.54392
49.43841	10.54284
49.43858	10.54227
49.43789	10.54187
49.43802	10.54141
49.43845	10.54048
49.43820	10.53805
49.43844	10.53800
49.43905	10.53829
49.43961	10.53757
49.44069	10.53655
49.44133	10.53889
49.44192	10.53893
49.44266	10.53736
49.44289	10.53614
49.44370	10.53370
49.44388	10.53150
49.44345	10.53069
49.44343	10.53044
49.44399	10.52931
49.44496	10.52895
49.44521	10.52842
49.44583	10.52917
49.44716	10.52896
49.44781	10.52953
49.44823	10.53042
49.44798	10.53075
49.44869	10.53218
49.44936	10.53109
49.44920	10.53094
49.44950	10.53010
49.44931	10.52972
49.44965	10.52897
49.44926	10.52806
49.44847	10.52627
49.44846	10.52580
49.44771	10.52454
49.44787	10.52396
49.44771	10.52359
49.44804	10.52345
49.44761	10.52246
49.44872	10.52133
49.44835	10.51995
49.44828	10.51931
49.44826	10.51760
49.44835	10.51647
49.44852	10.51554
49.44871	10.51510
49.44933	10.51470
49.44924	10.51385
49.44904	10.51156
49.44838	10.51136
49.44834	10.50939
49.44917	10.50903
49.44946	10.50903
49.45016	10.50916
49.45022	10.50757
49.45013	10.50751
49.44994	10.50757
49.44960	10.50771
49.44898	10.50832
49.44875	10.50850
49.44806	10.50866
49.44806	10.50773
49.44797	10.50744
49.44775	10.50742
49.44723	10.50780
49.44704	10.50795
49.44703	10.50802
49.44678	10.50832
49.44702	10.50878
49.44682	10.50969
49.44673	10.50988
49.44653	10.51033
49.44621	10.51066
49.44613	10.51128
49.44585	10.51177
49.44550	10.51060
49.44531	10.51020
49.44461	10.51026
49.44442	10.50993
49.44399	10.50969
49.44356	10.50949
49.44336	10.50925
49.44316	10.50908
49.44286	10.50901
49.44214	10.50884
49.44137	10.50789
49.44126	10.50782
49.44109	10.50789
49.44079	10.50799
49.44049	10.50819
49.44023	10.50795
49.43950	10.50894
49.43847	10.50903
49.43858	10.50967
49.43849	10.51064
49.43855	10.51148
49.43860	10.51256
49.43853	10.51356
49.43909	10.51535
49.43870	10.51579
49.43817	10.51529
49.43820	10.51500
49.43802	10.51489
49.43762	10.51442
49.43722	10.51498
49.43604	10.51240
49.43574	10.51179
49.43538	10.51105
49.43535	10.50981
49.43580	10.50857
49.43541	10.50724
49.43564	10.50630
49.43557	10.50573
49.43619	10.50533
49.43679	10.50515
49.43722	10.50502
49.43670	10.50343
49.43633	10.50110
49.43579	10.49787
49.43598	10.49581
49.43556	10.49592
49.43438	10.49641
49.43321	10.49686
49.43290	10.49712
49.43268	10.49706
49.43244	10.49679
49.43216	10.49603
49.43162	10.49483
49.43194	10.49432
49.43176	10.49375
49.43163	10.49302
49.43154	10.49187
49.43158	10.49139
49.43175	10.49062
49.43193	10.49033
49.43232	10.49002
49.43283	10.48963
49.43308	10.48941
49.43329	10.48905
49.43336	10.48889
49.43298	10.48785
49.43206	10.48552
49.43102	10.48287
49.43073	10.48331
49.42986	10.48556
49.42928	10.48499
49.42898	10.48449
49.42836	10.48307
49.42791	10.48179
49.42746	10.47996
49.42735	10.47906
49.42708	10.47846
49.42656	10.47767
49.42495	10.47864
49.42363	10.47892
49.42113	10.48102
49.42115	10.48016
49.42147	10.47883
49.42197	10.47733
49.42215	10.47655
49.42245	10.47494
49.42258	10.47450
49.42277	10.47406
49.42372	10.47224
49.42398	10.47175
49.42379	10.47156
49.42359	10.47158
49.42341	10.47165
49.42292	10.47249
49.42261	10.47306
49.42197	10.47439
49.42178	10.47477
49.42107	10.47517
49.42063	10.47604
49.42013	10.47685
49.41992	10.47748
49.41965	10.47808
49.41910	10.47835
49.41879	10.47863
49.41858	10.47875
49.41846	10.47910
49.41815	10.47996
49.41802	10.48007
49.41774	10.48023
49.41749	10.48027
49.41696	10.48021
49.41692	10.48042
49.41680	10.48082
49.41667	10.48104
49.41645	10.48122
49.41625	10.48129
49.41587	10.48126
49.41578	10.48011
49.41552	10.48017
49.41529	10.48022
49.41443	10.48053
49.41441	10.47991
49.41442	10.47964
49.41437	10.47940
49.41376	10.47862
49.41322	10.47776
49.41310	10.47738
49.41306	10.47698
49.41316	10.47658
49.41312	10.47642
49.41258	10.47691
49.41236	10.47662
49.41192	10.47594
49.41200	10.47585
49.41249	10.47554
49.41327	10.47493
49.41374	10.47469
49.41397	10.47565
49.41419	10.47562
49.41433	10.47554
49.41456	10.47523
49.41456	10.47498
49.41447	10.47451
49.41480	10.47453
49.41497	10.47451
49.41509	10.47436
49.41540	10.47429
49.41540	10.47420
49.41509	10.47300
49.41503	10.47265
49.41501	10.47196
49.41493	10.47185
49.41466	10.47167
49.41420	10.47122
49.41396	10.47065
49.41377	10.46970
49.41361	10.46927
49.41349	10.46816
49.41356	10.46812
49.41369	10.46814
49.41408	10.46836
49.41469	10.46896
49.41499	10.46894
49.41539	10.46878
49.41597	10.46843
49.41666	10.46783
49.41704	10.46765
49.41741	10.46769
49.41809	10.46738
49.41879	10.46754
49.41933	10.46734
49.42012	10.46671
49.42053	10.46665
49.42045	10.46629
49.42100	10.46582
49.42196	10.46618
49.42245	10.46569
49.42275	10.46544
49.42297	10.46536
49.42371	10.46538
49.42413	10.46558
49.42420	10.46551
49.42426	10.46538
49.42433	10.46509
49.42434	10.46482
49.42433	10.46455
49.42433	10.46447
49.42419	10.46313
49.42408	10.46247
49.42358	10.46182
49.42347	10.46158
49.42320	10.46123
49.42303	10.46118
49.42274	10.46118
49.42246	10.46125
49.42213	10.46147
49.42183	10.46160
49.42160	10.46160
49.42138	10.46149
49.42106	10.46125
49.42090	10.46103
49.42034	10.46058
49.41947	10.46023
49.41899	10.45998
49.41871	10.45998
49.41805	10.46027
49.41759	10.46061
49.41694	10.46079
49.41634	10.46110
49.41630	10.46084
49.41621	10.46032
49.41607	10.45972
49.41589	10.45916
49.41582	10.45845
49.41570	10.45806
49.41548	10.45786
49.41528	10.45752
49.41486	10.45739
49.41469	10.45714
49.41456	10.45657
49.41433	10.45577
49.41418	10.45495
49.41422	10.45444
49.41420	10.45388
49.41412	10.45328
49.41414	10.45284
49.41412	10.45197
49.41395	10.45079
49.41382	10.44993
49.41369	10.44948
49.41347	10.44906
49.41328	10.44882
49.41311	10.44873
49.41298	10.44875
49.41269	10.44898
49.41262	10.44782
49.41264	10.44655
49.41301	10.44611
49.41350	10.44566
49.41402	10.44533
49.41398	10.44489
49.41435	10.44484
49.41488	10.44491
49.41583	10.44511
49.41628	10.44539
49.41660	10.44582
49.41694	10.44655
49.41709	10.44762
49.41732	10.44868
49.41773	10.44870
49.41790	10.44753
49.41831	10.44633
49.41865	10.44548
49.41902	10.44513
49.41945	10.44453
49.42021	10.44322
49.42098	10.44228
49.42148	10.44184
49.42230	10.44102
49.42319	10.44037
49.42428	10.43948
49.42438	10.43939
49.42618	10.43786
49.42651	10.43752
49.42683	10.43697
49.42721	10.43653
49.42764	10.43610
49.42835	10.43597
49.42829	10.43564
49.42824	10.43508
49.42806	10.43084
49.42800	10.43044
49.42803	10.43028
49.42826	10.42964
49.42844	10.42937
49.42851	10.42900
49.42868	10.42769
49.42901	10.42564
49.42954	10.42362
49.42969	10.42295
49.42983	10.42235
49.42985	10.42116
49.42979	10.42058
49.42981	10.42031
49.43001	10.41905
49.43029	10.41776
49.43047	10.41702
49.43060	10.41593
49.43086	10.41292
49.43114	10.41178
49.43128	10.41096
49.43152	10.40976
49.43201	10.40781
49.43243	10.40678
49.43236	10.40652
49.43245	10.40592
49.43254	10.40496
49.43257	10.40396
49.43271	10.40294
49.43274	10.40212
49.43212	10.40201
49.43082	10.40088
49.43040	10.40015
49.42996	10.39952
49.42963	10.39875
49.42949	10.39815
49.42899	10.39724
49.42874	10.39693
49.42843	10.39655
49.42820	10.39639
49.42795	10.39742
49.42769	10.39828
49.42749	10.39906
49.42681	10.40041
49.42656	10.40099
49.42641	10.40148
49.42610	10.40210
49.42600	10.40301
49.42595	10.40312
49.42579	10.40348
49.42561	10.40350
49.42542	10.40348
49.42533	10.40370
49.42484	10.40426
49.42455	10.40435
49.42426	10.40426
49.42374	10.40415
49.42294	10.40473
49.42273	10.40515
49.42258	10.40524
49.42235	10.40528
49.42212	10.40499
49.42183	10.40444
49.42181	10.40415
49.42179	10.40368
49.42180	10.40288
49.42191	10.40262
49.42204	10.40197
49.42210	10.40139
49.42210	10.40066
49.42199	10.39995
49.42206	10.39906
49.42214	10.39853
49.42217	10.39793
49.42210	10.39751
49.42206	10.39689
49.42206	10.39627
49.42212	10.39593
49.42203	10.39585
49.42191	10.39574
49.42183	10.39507
49.42171	10.39462
49.42159	10.39462
49.42123	10.39476
49.42101	10.39480
49.42096	10.39474
49.42079	10.39420
49.42063	10.39391
49.42026	10.39296
49.41997	10.39160
49.41986	10.39147
49.41938	10.39163
49.41925	10.39147
49.41902	10.39105
49.41893	10.39092
49.41883	10.39076
49.41857	10.39052
49.41770	10.39021
49.41683	10.38983
49.41632	10.38954
49.41573	10.38903
49.41501	10.38872
49.41425	10.38874
49.41403	10.38872
49.41389	10.38865
49.41342	10.38817
49.41257	10.38746
49.41241	10.38721
49.41240	10.38701
49.41253	10.38668
49.41286	10.38621
49.41296	10.38590
49.41315	10.38437
49.41342	10.38270
49.41358	10.38228
49.41391	10.38121
49.41418	10.38050
49.41425	10.38019
49.41424	10.37995
49.41426	10.37944
49.41435	10.37826
49.41444	10.37750
49.41446	10.37671
49.41438	10.37466
49.41430	10.37404
49.41403	10.37133
49.41393	10.36980
49.41397	10.36911
49.41424	10.36811
49.41485	10.36669
49.41483	10.36662
49.41467	10.36658
49.41407	10.36656
49.41344	10.36629
49.41329	10.36616
49.41324	10.36607
49.41299	10.36567
49.41279	10.36524
49.41274	10.36514
49.41255	10.36442
49.41229	10.36345
49.41206	10.36232
49.41179	10.36069
49.41141	10.35728
49.41139	10.35681
49.41102	10.35657
49.41078	10.35628
49.41057	10.35592
49.41050	10.35559
49.41051	10.35537
49.41087	10.35319
49.41086	10.35275
49.41061	10.35153
49.41023	10.34953
49.41304	10.34908
49.41323	10.34904
49.41327	10.34864
49.41337	10.34830
49.41369	10.34824
49.41530	10.34810
49.41631	10.34806
49.41630	10.34837
49.41634	10.34894
49.41640	10.34905
49.41660	10.34905
49.41802	10.34870
49.41892	10.34843
49.41907	10.34839
49.41961	10.34811
49.42093	10.34745
49.42250	10.34656
49.42256	10.34696
49.42318	10.34661
49.42383	10.34612
49.42404	10.34603
49.42410	10.34569
49.42439	10.34447
49.42499	10.34496
49.42515	10.34425
49.42532	10.34323
49.42568	10.34238
49.42587	10.34201
49.42613	10.34161
49.42682	10.34132
49.42748	10.34118
49.42795	10.34101
49.42814	10.34129
49.42851	10.34233
49.42889	10.34294
49.42904	10.34316
49.42930	10.34356
49.42953	10.34385
49.42977	10.34407
49.43036	10.34416
49.43094	10.34447
49.43154	10.34433
49.43247	10.34453
49.43317	10.34449
49.43366	10.34353
49.43366	10.34324
49.43354	10.34289
49.43315	10.34191
49.43298	10.34127
49.43288	10.34076
49.43294	10.33954
49.43297	10.33862
49.43278	10.33811
49.43198	10.33691
49.43105	10.33612
49.43054	10.33581
49.43011	10.33561
49.42931	10.33396
49.42880	10.33299
49.42841	10.33212
49.42840	10.33176
49.42818	10.33080
49.42813	10.32961
49.42791	10.32909
49.42731	10.32820
49.42685	10.32722
49.42660	10.32651
49.42591	10.32544
49.42560	10.32473
49.42522	10.32376
49.42429	10.32164
49.42406	10.32112
49.42377	10.32036
49.42350	10.31958
49.42297	10.31760
49.42277	10.31700
49.42250	10.31642
49.42222	10.31597
49.42215	10.31586
49.42149	10.31466
49.42087	10.31341
49.42065	10.31312
49.42030	10.31274
49.41903	10.31167
49.41881	10.31145
49.41869	10.31127
49.41859	10.31098
49.41846	10.31018
49.41792	10.30844
49.41769	10.30748
49.41757	10.30675
49.41742	10.30604
49.41710	10.30546
49.41665	10.30501
49.41612	10.30436
49.41598	10.30396
49.41560	10.30203
49.41560	10.30136
49.41558	10.30063
49.41538	10.30052
49.41515	10.30034
49.41497	10.30007
49.41469	10.29945
49.41447	10.29913
49.41394	10.29824
49.41340	10.29720
49.41251	10.29566
49.41265	10.29510
49.41283	10.29457
49.41305	10.29424
49.41336	10.29395
49.41379	10.29366
49.41402	10.29342
49.41415	10.29311
49.41420	10.29269
49.41416	10.29240
49.41400	10.29186
49.41385	10.29113
49.41381	10.29026
49.41387	10.28964
49.41400	10.28913
49.41422	10.28864
49.41430	10.28854
49.41458	10.28818
49.41548	10.28699
49.41627	10.28577
49.41680	10.28512
49.41719	10.28477
49.41755	10.28455
49.41832	10.28424
49.41863	10.28402
49.41890	10.28367
49.41921	10.28320
49.41958	10.28276
49.41985	10.28232
49.42024	10.28106
49.42047	10.28057
49.42083	10.28001
49.42117	10.27968
49.42137	10.27957
49.42159	10.27968
49.42211	10.28024
49.42250	10.28080
49.42287	10.28120
49.42333	10.28154
49.42388	10.28205
49.42425	10.28259
49.42441	10.28252
49.42501	10.28241
49.42557	10.28217
49.42560	10.28097
49.42565	10.28055
49.42621	10.27922
49.42643	10.27837
49.42661	10.27809
49.42697	10.27758
49.42740	10.27709
49.42749	10.27636
49.42777	10.27640
49.42819	10.27656
49.42859	10.27681
49.42891	10.27694
49.42914	10.27699
49.42933	10.27692
49.43040	10.27591
49.43104	10.27551
49.43160	10.27525
49.43176	10.27578
49.43176	10.27643
49.43235	10.27643
49.43300	10.27650
49.43335	10.27552
49.43406	10.27444
49.43444	10.27375
49.43471	10.27342
49.43496	10.27331
49.43523	10.27331
49.43563	10.27344
49.43561	10.27311
49.43556	10.27265
49.43545	10.27205
49.43540	10.27116
49.43529	10.27053
49.43513	10.27025
49.43498	10.27000
49.43467	10.26889
49.43448	10.26840
49.43411	10.26788
49.43362	10.26679
49.43340	10.26643
49.43314	10.26637
49.43284	10.26619
49.43315	10.26588
49.43358	10.26573
49.43376	10.26539
49.43406	10.26524
49.43467	10.26517
49.43542	10.26498
49.43594	10.26474
49.43635	10.26443
49.43698	10.26361
49.43740	10.26321
49.43780	10.26292
49.43863	10.26277
49.43907	10.26262
49.43925	10.26253
49.43953	10.26240
49.43988	10.26216
49.44105	10.26059
49.44126	10.25932
49.44085	10.25830
49.44019	10.25741
49.44002	10.25715
49.43986	10.25672
49.43981	10.25657
49.43969	10.25620
49.43909	10.25511
49.43753	10.25241
49.43778	10.25216
49.43794	10.25199
49.43828	10.25248
49.43872	10.25302
49.43948	10.25358
49.43993	10.25391
49.44042	10.25412
49.44196	10.25459
49.44250	10.25460
49.44260	10.25468
49.44266	10.25480
49.44270	10.25489
49.44309	10.25493
49.44443	10.25536
49.44479	10.25554
49.44563	10.25692
49.44669	10.25686
49.44663	10.25383
49.44662	10.25350
49.44662	10.25324
49.44682	10.25317
49.44816	10.25269
49.44826	10.25264
49.44834	10.25260
49.44828	10.25040
49.45213	10.24965
49.45428	10.24958
49.45453	10.24957
49.45568	10.25102
49.45629	10.25189
49.45676	10.25263
49.45873	10.25809
49.45889	10.25830
49.46034	10.25676
49.46084	10.26062
49.46092	10.26062
49.46159	10.26056
49.46229	10.26067
49.46253	10.26070
49.46316	10.26170
49.46328	10.26190
49.46415	10.26169
49.46417	10.26258
49.46422	10.26282
49.46430	10.26305
49.46526	10.26298
49.46547	10.26310
49.46557	10.26325
49.46596	10.26507
49.46512	10.26620
49.46528	10.26676
49.46570	10.26763
49.46636	10.26768
49.46709	10.26908
49.46753	10.26886
49.46789	10.26900
49.46867	10.26822
49.46877	10.26811
49.46884	10.26807
49.46922	10.26788
49.46974	10.26763
49.47019	10.26903
49.47064	10.27041
49.47111	10.26999
49.47078	10.26881
49.47119	10.26835
49.47101	10.26610
49.47110	10.26517
49.47114	10.26493
49.47117	10.26412
49.47121	10.26368
49.47125	10.26337
49.47192	10.26284
49.47318	10.26267
49.47329	10.25949
49.47343	10.25847
49.47353	10.25829
49.47421	10.25836
49.47345	10.25474
49.47347	10.25438
49.47491	10.25312
49.47444	10.25070
49.47377	10.24809
49.47525	10.24737
49.47468	10.24348
49.47770	10.24123
49.47792	10.24107
49.47840	10.24095
49.48039	10.24046
49.48081	10.24044
49.48099	10.24065
49.48152	10.24096
49.48191	10.24103
49.48256	10.24057
49.48220	10.23965
49.48226	10.23956
49.48236	10.23950
49.48249	10.23956
49.48366	10.24084
49.48457	10.24046
49.48486	10.24020
49.48585	10.23796
49.48667	10.23694
49.48702	10.23621
49.48799	10.23493
49.48846	10.23464
49.48853	10.23453
49.48868	10.23355
49.48858	10.23284
49.48866	10.23175
49.48873	10.23093
49.48881	10.22949
49.48869	10.22657
49.48887	10.22522
49.48892	10.22484
49.48891	10.22444
49.48889	10.22379
49.48889	10.22364
49.48875	10.22246
49.49003	10.22199
49.49043	10.22185
49.49073	10.22054
49.49071	10.21950
49.49098	10.21886
49.49126	10.21605
49.49127	10.21592
49.49091	10.21556
49.49086	10.21512
49.49090	10.21477
49.49098	10.21397
49.49104	10.21377
49.49138	10.21259
49.49148	10.21181
49.49158	10.21099
49.49166	10.20999
49.49184	10.20986
49.49212	10.20504
49.49108	10.20396
49.49101	10.20375
49.49094	10.20355
49.49089	10.20338
49.49075	10.20297
49.49137	10.20237
49.49139	10.20195
49.49163	10.19781
49.49151	10.19774
49.49105	10.19770
49.49081	10.19692
49.48988	10.19636
49.48955	10.19498
49.48979	10.19451
49.48979	10.19429
49.48974	10.19396
49.48882	10.19131
49.48860	10.19022
49.48883	10.18878
49.48875	10.18844
49.48856	10.18802
49.48847	10.18745
49.48852	10.18719
49.49159	10.18614
49.49160	10.18605
49.49173	10.18519
49.49138	10.18526
49.49136	10.18508
49.49069	10.18509
49.49068	10.18472
49.48997	10.18463
49.48994	10.18416
49.48982	10.18231
49.48925	10.18247
49.48922	10.18224
49.48851	10.17997
49.48799	10.17904
49.48762	10.17870
49.48749	10.17856
49.48506	10.17576
49.48482	10.17473
49.48459	10.17409
49.48435	10.17337
49.48349	10.17352
49.48240	10.17221
49.48203	10.17229
49.48268	10.17519
49.47926	10.17648
49.47854	10.17699
49.47847	10.17694
49.47742	10.17240
49.47728	10.17220
49.47631	10.17158
49.47581	10.17153
49.47521	10.17190
49.47440	10.16852
49.47478	10.16831
49.47391	10.16580
49.47561	10.16480
49.47579	10.16462
49.47582	10.16440
49.47583	10.16363
49.47752	10.16252
49.47728	10.16169
49.47718	10.16072
49.47690	10.15962
49.47745	10.16024
49.47771	10.16040
49.47785	10.16042
49.47799	10.16024
49.47800	10.15989
49.47794	10.15939
49.47776	10.15800
49.47773	10.15738
49.47849	10.15655
49.47889	10.15629
49.48009	10.15579
49.48073	10.15563
49.48039	10.15382
49.47994	10.15133
49.47990	10.14706
49.47959	10.14569
49.47907	10.14320
49.47862	10.14142
49.47784	10.13959
49.47886	10.13772
49.47758	10.13818
49.47656	10.13831
49.47594	10.13833
49.47582	10.13815
49.47581	10.13557
49.47547	10.13376
49.47405	10.13437
49.47397	10.13409
49.47353	10.13440
49.47339	10.13419
49.47243	10.13459
49.47207	10.13333
49.47165	10.13245
49.47138	10.13191
49.47126	10.13158
49.47106	10.13060
49.47089	10.12993
49.47089	10.12931
49.47102	10.12845
49.47119	10.12770
49.47126	10.12677
49.47080	10.12673
49.47135	10.12386
49.47166	10.12381
49.47165	10.12350
49.47180	10.12267
49.47230	10.11997
49.47239	10.11830
49.47240	10.11815
49.47243	10.11707
49.47255	10.11678
49.47265	10.11647
49.47285	10.11612
49.47397	10.11474
49.47419	10.11516
49.47525	10.11592
49.47562	10.11641
49.47611	10.11656
49.47616	10.11604
49.47756	10.11618
49.47869	10.11633
49.47861	10.11483
49.47827	10.11315
49.47785	10.11140
49.47986	10.10958
49.48186	10.10853
49.48277	10.10826
49.48268	10.10680
49.48257	10.10503
49.48353	10.10545
49.48417	10.10331
49.48474	10.10327
49.48486	10.10315
49.48568	10.10109
49.48651	10.10142
49.48740	10.10097
49.48916	10.10216
49.48950	10.10224
49.48976	10.10220
49.49008	10.10200
49.49032	10.10158
49.49049	10.10075
49.49068	10.10053
49.49098	10.10029
49.49146	10.10022
49.49168	10.10022
49.49292	10.10093
49.49376	10.10101
49.49401	10.10108
49.49433	10.10141
49.49472	10.10201
49.49509	10.10283
49.49553	10.10405
49.49567	10.10501
49.49585	10.10500
49.49627	10.10458
49.49645	10.10482
49.49673	10.10491
49.49702	10.10512
49.49706	10.10552
49.49727	10.10618
49.49761	10.10583
49.49779	10.10546
49.49788	10.10497
49.49791	10.10451
49.49794	10.10417
49.49804	10.10411
49.49819	10.10418
49.49819	10.10330
49.49877	10.10343
49.49894	10.10564
49.49900	10.10609
49.49934	10.10702
49.49994	10.10637
49.50000	10.10840
49.50050	10.10845
49.50058	10.10896
49.50079	10.10927
49.50108	10.10928
49.50126	10.10923
49.50151	10.10945
49.50184	10.10997
49.50192	10.11109
49.50234	10.11119
49.50257	10.11320
49.50276	10.11478
49.50280	10.11597
49.50323	10.11744
49.50392	10.11718
49.50421	10.11775
49.50442	10.11818
49.50478	10.11800
49.50554	10.11757
49.50561	10.11794
49.50570	10.11806
49.50584	10.11812
49.50649	10.11783
49.50769	10.11756
49.50794	10.11765
49.50806	10.11790
49.50806	10.11838
49.50799	10.11884
49.50764	10.12023
49.50809	10.12081
49.50815	10.12121
49.50918	10.12153
49.50935	10.12141
49.50960	10.12115
49.51119	10.11965
49.51117	10.11950
49.51065	10.11948
49.51031	10.11623
49.51103	10.11582
49.51205	10.11538
49.51198	10.11366
49.51125	10.10874
49.51365	10.10731
49.51387	10.10656
49.51502	10.10542
49.51470	10.10378
49.51489	10.10362
49.51470	10.10285
49.51519	10.10248
49.51509	10.10192
49.51479	10.10126
49.51424	10.10006
49.51446	10.09986
49.51450	10.09903
49.51391	10.09539
49.51367	10.09461
49.51376	10.09384
49.51308	10.09102
49.51297	10.09036
49.51300	10.08958
49.51300	10.08892
49.51275	10.08771
49.51242	10.08659
49.51221	10.08597
49.51202	10.08556
49.51178	10.08504
49.51154	10.08392
49.51150	10.08325
49.51425	10.08240
49.51467	10.08337
49.51508	10.08301
49.51497	10.08242
49.51576	10.08170
49.51535	10.08048
49.51696	10.07908
49.51707	10.07880
49.51691	10.07838
49.51720	10.07810
49.51737	10.07819
49.51764	10.07852
49.51829	10.07945
49.51891	10.07856
49.51935	10.07793
49.51922	10.07769
49.51944	10.07745
49.52033	10.07917
49.52087	10.08081
49.52124	10.08057
49.52107	10.08027
49.52206	10.07957
49.52396	10.07850
49.52410	10.07879
49.52521	10.07794
49.52554	10.07928
49.52589	10.07927
49.52607	10.08073
49.52745	10.08000
49.52773	10.08067
49.52784	10.08085
49.52820	10.08083
49.52846	10.08634
49.52849	10.08680
49.52930	10.08667
49.52940	10.08833
49.52867	10.08850
49.52873	10.08918
49.53050	10.08876
49.53006	10.08960
49.53023	10.09010
49.53180	10.08972
49.53213	10.09236
49.53225	10.09333
49.53373	10.09251
49.53432	10.09188
49.53463	10.09151
49.53508	10.09111
49.53555	10.09074
49.53601	10.09040
49.53710	10.08967
49.53724	10.08956
49.53740	10.08932
49.53789	10.08902
49.53883	10.08840
49.54013	10.08755
49.54118	10.08742
49.54114	10.08689
49.54125	10.08675
49.54128	10.08609
49.54122	10.08539
49.54206	10.08528
49.54202	10.08412
49.54237	10.08396
49.54260	10.08403
49.54315	10.08395
49.54335	10.08391
49.54415	10.08400
49.54532	10.08423
49.54542	10.08425
49.54577	10.08442
49.54623	10.08446
49.54635	10.08436
49.54725	10.08448
49.54721	10.08318
49.54980	10.08273
49.55186	10.08254
49.55184	10.08334
49.55390	10.08329
49.55415	10.08324
49.55469	10.08298
49.55467	10.08378
49.55582	10.08260
49.55596	10.08294
49.55636	10.08197
49.55676	10.08112
49.55710	10.08073
49.55725	10.08062
49.55739	10.08062
49.55808	10.08088
49.55818	10.08085
49.55839	10.08070
49.55850	10.08068
49.55859	10.08081
49.55884	10.08162
49.55901	10.08147
49.55991	10.08049
49.56015	10.08047
49.56041	10.08058
49.56045	10.08006
49.56053	10.07984
49.56064	10.07969
49.56112	10.07936
49.56131	10.07895
49.56141	10.07880
49.56158	10.07886
49.56169	10.07884
49.56255	10.07820
49.56347	10.07666
49.56356	10.07659
49.56367	10.07664
49.56509	10.07860
49.56576	10.07645
49.56580	10.07617
49.56572	10.07595
49.56513	10.07520
49.56481	10.07477
49.56601	10.07340
49.56615	10.07368
49.56703	10.07298
49.56744	10.07293
49.56777	10.07419
49.56827	10.07398
49.56838	10.07427
49.56941	10.07370
49.56960	10.07343
49.57081	10.07289
49.57096	10.07299
49.57213	10.07260
49.57220	10.07312
49.57265	10.07302
49.57344	10.07315
49.57441	10.07340
49.57495	10.07368
49.57601	10.07419
49.57720	10.07427
49.57737	10.07446
49.57748	10.07464
49.57751	10.07472
49.57750	10.07524
49.58026	10.07507
49.58039	10.07506
49.58059	10.07505
49.58053	10.07312
49.58133	10.07305
49.58133	10.07266
49.58374	10.07293
49.58379	10.07234
49.58655	10.07204
49.58655	10.07143
49.58752	10.07149
49.58816	10.07153
49.58823	10.07080
49.59014	10.07158
49.59007	10.07185
49.59096	10.07283
49.59255	10.06945
49.59266	10.06960
49.59368	10.07104
49.59361	10.07137
49.59355	10.07210
49.59353	10.07318
49.59367	10.07316
49.59452	10.07499
49.59486	10.07594
49.59632	10.07470
49.59646	10.07509
49.59739	10.07822
49.59785	10.07997
49.59826	10.08194
49.59843	10.08315
49.59894	10.08304
49.60000	10.08280
49.60142	10.08247
49.60255	10.08221
49.60270	10.08502
49.60272	10.08535
49.60278	10.08602
49.60289	10.08640
49.60528	10.08593
49.60534	10.08737
49.60537	10.08757
49.60544	10.08768
49.60753	10.08727
49.60770	10.08720
49.60786	10.08724
49.60788	10.08737
49.60761	10.09080
49.60773	10.09086
49.61099	10.08980
49.61140	10.09301
49.61165	10.09463
49.61218	10.09713
49.61260	10.09933
49.61717	10.09753
49.61762	10.10000
49.61767	10.10027
49.61832	10.10000
49.61918	10.09964
49.61923	10.10000
49.61955	10.10251
49.62006	10.10230
49.62036	10.10496
49.62049	10.10585
49.62133	10.11039
49.62101	10.11060
49.62166	10.11270
49.62089	10.11337
49.62081	10.11349
49.62080	10.11368
49.62124	10.11614
49.62127	10.11627
49.62131	10.11640
49.62012	10.11763
49.62007	10.11771
49.62001	10.11782
49.62043	10.11820
49.62062	10.11850
49.62063	10.11858
49.62061	10.11873
49.61769	10.12189
49.61720	10.12100
49.61711	10.12104
49.61409	10.12429
49.61451	10.12689
49.61275	10.12846
49.61320	10.13069
49.61319	10.13088
49.61313	10.13101
49.61191	10.13191
49.61145	10.13234
49.61183	10.13441
49.61140	10.13449
49.61164	10.13584
49.61176	10.13638
49.61077	10.13641
49.61154	10.13975
49.61129	10.14025
49.61125	10.14060
49.61125	10.14164
49.61221	10.14194
49.61186	10.14344
49.61254	10.14566
49.61139	10.14636
49.61180	10.14836
49.61172	10.14856
49.61070	10.14915
49.61061	10.14881
49.60939	10.14988
49.60883	10.14791
49.60841	10.14816
49.60858	10.14865
49.60652	10.14992
49.60625	10.14956
49.60576	10.14990
49.60570	10.15033
49.60483	10.15094
49.60497	10.15161
49.60347	10.15178
49.60343	10.15402
49.60000	10.15510
49.59915	10.15537
49.59921	10.15694
49.59896	10.15715
49.59675	10.15716
49.59673	10.15742
49.59676	10.15773
49.59499	10.15783
49.59413	10.15798
49.59398	10.15805
49.59388	10.15824
49.59371	10.15870
49.59351	10.15868
49.59339	10.15870
49.59238	10.15890
49.59204	10.15893
49.59179	10.15891
49.59150	10.15880
49.59135	10.15880
49.59117	10.15896
49.59097	10.15904
49.59060	10.15881
49.59049	10.15881
49.59047	10.15896
49.59033	10.16011
49.59093	10.15965
49.59134	10.16043
49.59195	10.16138
49.59199	10.16163
49.59191	10.16189
49.59031	10.16580
49.58869	10.16956
49.58856	10.16980
49.58845	10.17000
49.58730	10.17208
49.58745	10.17219
49.58801	10.17235
49.58925	10.17270
49.59036	10.17230
49.59063	10.17308
49.59211	10.17360
49.59217	10.17396
49.59215	10.17413
49.59224	10.17533
49.59315	10.17519
49.59401	10.17494
49.59390	10.17583
49.59412	10.17572
49.59582	10.17525
49.59663	10.17845
49.59782	10.17792
49.59812	10.17880
49.59821	10.17906
49.59896	10.18145
49.59981	10.18523
49.60000	10.18507
49.60011	10.18497
49.60091	10.18766
49.60115	10.18812
49.60148	10.18842
49.60178	10.18873
49.60171	10.18958
49.60152	10.19020
49.60122	10.19092
49.60131	10.19147
49.60135	10.19174
49.60060	10.19209
49.60000	10.19340
49.59962	10.19421
49.59998	10.19538
49.60090	10.19489
49.60066	10.19758
49.60108	10.19754
49.60280	10.19735
49.60268	10.19958
49.60266	10.19987
49.60343	10.20000
49.60488	10.20025
49.60490	10.20000
49.60505	10.19862
49.60986	10.19845
49.61178	10.19866
49.61183	10.20000
49.61188	10.20144
49.61298	10.20177
49.61346	10.20180
49.61366	10.20182
49.61395	10.20191
49.61456	10.20195
49.61561	10.20191
49.61728	10.20162
49.61767	10.20145
49.61787	10.20132
49.61807	10.20111
49.61841	10.20063
49.61858	10.20043
49.61881	10.20031
49.61967	10.20000
49.62045	10.19979
49.62128	10.19971
49.62193	10.19968
49.62410	10.19956
49.62416	10.19988
49.62428	10.20000
49.62441	10.20012
49.62487	10.20030
49.62517	10.20032
49.62549	10.20030
49.62586	10.20015
49.62605	10.20124
49.62626	10.20204
49.62742	10.20509
49.62813	10.20680
49.62837	10.20769
49.62930	10.20740
49.62956	10.20863
49.63033	10.20829
49.63061	10.20968
49.63004	10.20968
49.62967	10.20987
49.62985	10.21130
49.63119	10.21155
49.63153	10.21275
49.63160	10.21644
49.63156	10.21741
49.63142	10.21884
49.63302	10.21874
49.63283	10.22133
49.63253	10.22126
49.63252	10.22155
49.63252	10.22165
49.63251	10.22173
49.63250	10.22252
49.63247	10.22275
49.63231	10.22304
49.63124	10.22433
49.63103	10.22466
49.63010	10.22786
49.62968	10.22756
49.62986	10.23244
49.62982	10.23345
49.62937	10.23712
49.62924	10.23840
49.62962	10.23870
49.62806	10.24152
49.62665	10.24374
49.62692	10.24442
49.62640	10.24548
49.62611	10.24606
49.62595	10.24641
49.62581	10.24728
49.62578	10.24788
49.62570	10.24819
49.62532	10.24907
49.62526	10.24936
49.62526	10.24971
49.62532	10.25031
49.62559	10.25237
49.62559	10.25300
49.62554	10.25357
49.62541	10.25394
49.62501	10.25465
49.62491	10.25499
49.62488	10.25552
49.62494	10.25801
49.62484	10.26055
49.62480	10.26200
49.62481	10.26326
49.62486	10.26404
49.62473	10.26500
49.62468	10.26578
49.62459	10.26607
49.62424	10.26727
49.62490	10.26832
49.62526	10.26915
49.62529	10.26923
49.62521	10.26947
49.62499	10.27008
49.62432	10.27132
49.62397	10.27198
49.62363	10.27254
49.62305	10.27319
49.62270	10.27379
49.62235	10.27470
49.62222	10.27529
49.62185	10.27602
49.62156	10.27730
49.62126	10.27830
49.62101	10.27882
49.62053	10.27938
49.61934	10.28143
49.61923	10.28191
49.61918	10.28245
49.61929	10.28302
49.61981	10.28445
49.62037	10.28576
49.62069	10.28680
49.62083	10.28747
49.62085	10.28784
49.62441	10.29179
49.62557	10.29285
49.62574	10.29301
49.62525	10.29476
49.62490	10.29571
49.62440	10.29669
49.62491	10.29723
49.62537	10.29798
49.62624	10.29968
49.62667	10.30027
49.62719	10.30100
49.62720	10.30158
49.62706	10.30193
49.62686	10.30219
49.62625	10.30254
49.62510	10.30295
49.62449	10.30317
49.62372	10.30354
49.62310	10.30404
49.62223	10.30531
49.62155	10.30631
49.62137	10.30645
49.62127	10.30690
49.62116	10.30810
49.62208	10.30795
49.62325	10.30842
49.62362	10.30886
49.62443	10.30950
49.62459	10.30963
49.62487	10.31024
49.62500	10.31059
49.62500	10.31253
49.62517	10.31357
49.62520	10.31437
49.62500	10.31600
49.62500	10.31780
49.62540	10.32023
49.62530	10.32211
49.62537	10.32412
49.62530	10.32474
49.62514	10.32496
49.62503	10.32497
49.62425	10.32500
49.62365	10.32503
49.62331	10.32519
49.62308	10.32539
49.62289	10.32560
49.62275	10.32576
49.62308	10.32668
49.62313	10.32695
49.62318	10.32730
49.62319	10.32820
49.62330	10.32853
49.62360	10.32887
49.62376	10.32939
49.62382	10.32984
49.62375	10.33118
49.62329	10.33277
49.62329	10.33343
49.62288	10.33424
49.62282	10.33581
49.62310	10.33672
49.62298	10.33827
49.62326	10.34049
49.62320	10.34268
49.62314	10.34304
49.62257	10.34626
49.62237	10.34667
49.62213	10.34718
49.62203	10.34779
49.62208	10.34845
49.62221	10.34883
49.62239	10.34912
49.62265	10.35068
49.62281	10.35096
49.62321	10.35148
49.62354	10.35210
49.62385	10.35265
49.62400	10.35292
49.62436	10.35539
49.62540	10.35886
49.62581	10.35953
49.62612	10.36034
49.62749	10.36112
49.62758	10.36112
49.62784	10.36123
49.62895	10.36121
49.62904	10.36121
49.62955	10.36143
49.62999	10.36176
49.63106	10.36394
49.63190	10.36505
49.63201	10.36536
49.63201	10.36572
49.63174	10.36728
49.63157	10.36970
49.63140	10.37167
49.63145	10.37328
49.63143	10.37424
49.63186	10.37588
49.63208	10.37677
49.63216	10.37809
49.63278	10.38096
49.63289	10.38154
49.63290	10.38186
49.63297	10.38210
49.63323	10.38277
49.63355	10.38345
49.63389	10.38474
49.63411	10.38620
49.63420	10.38753
49.63423	10.38793
49.63445	10.38785
49.63459	10.38769
49.63589	10.38571
49.63603	10.38536
49.63620	10.38481
49.63694	10.38494
49.63782	10.38435
49.63934	10.38303
49.64063	10.38239
49.64139	10.38194
49.64179	10.38186
49.64242	10.38195
49.64301	10.38226
49.64362	10.38225
49.64465	10.38172
49.64549	10.38113
49.64625	10.38043
49.64668	10.38024
49.64701	10.38033
49.64708	10.38035
49.64769	10.38027
49.64902	10.38025
49.64953	10.38006
49.65014	10.37945
49.65031	10.37918
49.65135	10.37734
49.65174	10.37667
49.65278	10.37529
49.65306	10.37500
49.65329	10.37483
49.65360	10.37447
49.65418	10.37349
49.65428	10.37333
49.65440	10.37323
49.65508	10.37272
49.65550	10.37234
49.65653	10.37126
49.65677	10.37093
49.65740	10.36990
49.65806	10.36953
49.65874	10.36942
49.65960	10.36840
49.66051	10.36783
49.66083	10.36755
49.66161	10.36654
49.66174	10.36647
49.66182	10.36647
49.66223	10.36735
49.66243	10.36757
49.66311	10.36803
49.66348	10.36702
49.66406	10.36534
49.66438	10.36390
49.66476	10.36304
49.66533	10.36267
49.66589	10.36284
49.66594	10.36372
49.66641	10.36413
49.66700	10.36528
49.66706	10.36554
49.66686	10.36730
49.66692	10.36797
49.66720	10.36855
49.66744	10.36888
49.66772	10.36907
49.66822	10.36844
49.66867	10.36802
49.66955	10.36772
49.67024	10.36766
49.67094	10.36767
49.67204	10.36815
49.67233	10.36829
49.67241	10.36826
49.67269	10.36809
49.67346	10.36692
49.67502	10.36448
49.67498	10.36388
49.67553	10.36299
49.67577	10.36270
49.67639	10.36202
49.67690	10.36158
49.67777	10.36107
49.67787	10.36059
49.67790	10.35912
49.67792	10.35904
49.67790	10.35886
49.67865	10.35877
49.67903	10.35885
49.67991	10.35948
49.68071	10.35999
49.68078	10.36023
49.68061	10.36234
49.68054	10.36250
49.68026	10.36278
49.67962	10.36311
49.67962	10.36324
49.67983	10.36388
49.68026	10.36525
49.68111	10.36726
49.68130	10.36761
49.68170	10.36796
49.68229	10.36801
49.68256	10.36777
49.68300	10.36724
49.68323	10.36725
49.68353	10.36786
49.68404	10.36896
49.68432	10.36886
49.68465	10.36968
49.68478	10.36988
49.68560	10.37004
49.68647	10.37019
49.68657	10.37030
49.68685	10.37347
49.68705	10.37363
49.68730	10.37366
49.68802	10.37351
49.68853	10.37337
49.68865	10.37434
49.68892	10.37520
49.68900	10.37559
49.68858	10.37605
49.68845	10.37645
49.68849	10.37682
49.68838	10.37709
49.68785	10.37772
49.68762	10.37768
49.68699	10.37684
49.68657	10.37618
49.68622	10.37581
49.68545	10.37545
49.68500	10.37543
49.68455	10.37563
49.68376	10.37656
49.68407	10.37706
49.68455	10.37757
49.68468	10.37773
49.68468	10.37790
49.68500	10.37926
49.68503	10.37946
49.68509	10.38017
49.68513	10.38078
49.68521	10.38174
49.68524	10.38286
49.68521	10.38381
49.68489	10.38515
49.68494	10.38532
49.68585	10.38557
49.68652	10.38625
49.68779	10.38703
49.68805	10.38703
49.68815	10.38693
49.68857	10.38673
49.68883	10.38673
49.68957	10.38713
49.68994	10.38710
49.69037	10.38719
49.69072	10.38721
49.69074	10.38481
49.69078	10.38381
49.69088	10.38339
49.69096	10.38305
49.69182	10.38096
49.69239	10.38209
49.69251	10.38227
49.69263	10.38229
49.69298	10.38227
49.69317	10.38236
49.69350	10.38274
49.69403	10.38270
49.69359	10.38233
49.69335	10.38185
49.69315	10.38154
49.69257	10.38018
49.69210	10.37905
49.69211	10.37861
49.69180	10.37769
49.69153	10.37685
49.69100	10.37629
49.69099	10.37618
49.69103	10.37605
49.69150	10.37563
49.69085	10.37403
49.69074	10.37333
49.69054	10.37140
49.69034	10.36797
49.69085	10.36769
49.69084	10.36730
49.69164	10.36685
49.69341	10.36584
49.69294	10.36359
49.69227	10.36388
49.69210	10.36351
49.69126	10.36387
49.69095	10.36190
49.69136	10.36110
49.69166	10.36065
49.69230	10.35964
49.69227	10.35900
49.69239	10.35871
49.69246	10.35860
49.69251	10.35851
49.69267	10.35743
49.69277	10.35684
49.69292	10.35648
49.69295	10.35620
49.69295	10.35591
49.69288	10.35531
49.69287	10.35442
49.69290	10.35374
49.69315	10.35364
49.69356	10.35362
49.69375	10.35371
49.69412	10.35560
49.69424	10.35580
49.69440	10.35571
49.69452	10.35548
49.69467	10.35496
49.69473	10.35433
49.69473	10.35359
49.69461	10.35229
49.69457	10.35140
49.69461	10.34995
49.69460	10.34947
49.69462	10.34895
49.69475	10.34789
49.69474	10.34726
49.69467	10.34654
49.69469	10.34628
49.69562	10.34169
49.69573	10.34128
49.69588	10.34100
49.69675	10.33994
49.69683	10.33984
49.69749	10.33957
49.69769	10.33736
49.69742	10.33687
49.69738	10.33653
49.69834	10.33302
49.69892	10.33434
49.70000	10.33619
49.70005	10.33628
49.70018	10.33640
49.70032	10.33649
49.70059	10.33672
49.70130	10.33714
49.70142	10.33721
49.70168	10.33745
49.70265	10.33869
49.70285	10.33886
49.70323	10.33905
49.70349	10.33905
49.70377	10.33898
49.70417	10.33888
49.70457	10.34181
49.70465	10.34317
49.70063	10.34426
49.70068	10.34681
49.70088	10.34852
49.70075	10.34889
49.70042	10.34939
49.70015	10.34983
49.70001	10.35023
49.70007	10.35080
49.70020	10.35100
49.70018	10.35130
49.70001	10.35174
49.69999	10.35254
49.70090	10.35412
49.70158	10.35164
49.70191	10.35111
49.70232	10.35080
49.70344	10.35369
49.70410	10.35311
49.70438	10.35386
49.70537	10.35281
49.70557	10.35261
49.70663	10.35653
49.70681	10.35737
49.70782	10.35964
49.70873	10.36293
49.70905	10.36397
49.70942	10.36459
49.70968	10.36531
49.70991	10.36637
49.71004	10.36676
49.71077	10.36832
49.71102	10.36879
49.71128	10.36955
49.71145	10.37035
49.71201	10.37017
49.71208	10.37051
49.71234	10.37088
49.71254	10.37107
49.71258	10.37066
49.71286	10.37081
49.71395	10.37175
49.71345	10.37269
49.71441	10.37341
49.71477	10.37360
49.71511	10.37368
49.71657	10.37447
49.71675	10.37448
49.71692	10.37440
49.71713	10.37417
49.71722	10.37394
49.71741	10.37367
49.71826	10.37229
49.71968	10.37316
49.72021	10.37332
49.72072	10.37395
49.72089	10.37414
49.72098	10.37433
49.72117	10.37496
49.72140	10.37554
49.72150	10.37570
49.72163	10.37576
49.72220	10.37571
49.72234	10.37575
49.72300	10.37661
49.72307	10.37680
49.72317	10.37706
49.72346	10.37845
49.72391	10.37998
49.72483	10.38221
49.72546	10.38400
49.72609	10.38558
49.72626	10.38613
49.72646	10.38679
49.72689	10.38785
49.72714	10.38818
49.72718	10.38824
49.72743	10.38851
49.72769	10.38892
49.72806	10.38970
49.72872	10.39128
49.72900	10.39205
49.72910	10.39249
49.72914	10.39281
49.73114	10.39402
49.73138	10.39408
49.73177	10.39410
49.73182	10.39438
49.73218	10.39641
49.73271	10.39522
49.73315	10.39601
49.73284	10.39645
49.73241	10.39720
49.73267	10.39749
49.73277	10.39760
49.73287	10.39771
49.73305	10.39784
49.73405	10.39824
49.73460	10.39857
49.73507	10.39896
49.73483	10.39972
49.73476	10.40000
49.73472	10.40016
49.73464	10.40059
49.73463	10.40116
49.73474	10.40190
49.73478	10.40211
49.73492	10.40283
49.73517	10.40378
49.73571	10.40500
49.73644	10.40702
49.73671	10.40728
49.73704	10.40747
49.73729	10.40747
49.73802	10.40726
49.73827	10.40765
49.73841	10.40738
49.73875	10.40779
49.73949	10.40852
49.74027	10.40896
49.74055	10.41002
49.74090	10.41074
49.74193	10.41228
49.74215	10.41122
49.74224	10.41109
49.74240	10.41102
49.74261	10.41106
49.74295	10.41136
49.74304	10.41153
49.74308	10.41177
49.74308	10.41201
49.74280	10.41334
49.74254	10.41438
49.74247	10.41484
49.74237	10.41528
49.74224	10.41563
49.74170	10.41635
49.74148	10.41675
49.74124	10.41701
49.74082	10.41728
49.74044	10.41741
49.74013	10.41738
49.74012	10.41775
49.74035	10.41781
49.74056	10.41831
49.74153	10.41912
49.74220	10.41976
49.74244	10.41988
49.74265	10.42005
49.74281	10.42010
49.74361	10.41967
49.74382	10.41969
49.74410	10.41984
49.74457	10.42018
49.74512	10.42069
49.74526	10.42091
49.74534	10.42112
49.74525	10.42130
49.74514	10.42169
49.74481	10.42152
49.74437	10.42135
49.74396	10.42127
49.74401	10.42032
49.74392	10.41990
49.74367	10.42032
49.74338	10.42061
49.74305	10.42083
49.74283	10.42092
49.74257	10.42090
49.74215	10.42069
49.74029	10.41942
49.74010	10.41933
49.73977	10.41942
49.73910	10.41926
49.73835	10.41888
49.73782	10.41884
49.73734	10.41837
49.73707	10.41823
49.73671	10.41812
49.73579	10.41811
49.73522	10.41800
49.73486	10.41794
49.73437	10.41770
49.73356	10.41722
49.73303	10.41683
49.73277	10.41667
49.73233	10.41640
49.73178	10.41620
49.73125	10.41612
49.73091	10.41790
49.73126	10.41810
49.73174	10.41848
49.73194	10.41878
49.73199	10.41902
49.73196	10.41932
49.73135	10.42170
49.73133	10.42203
49.73136	10.42218
49.73215	10.42260
49.73226	10.42262
49.73251	10.42245
49.73336	10.42198
49.73366	10.42186
49.73383	10.42184
49.73430	10.42200
49.73479	10.42228
49.73553	10.42253
49.73586	10.42274
49.73605	10.42293
49.73615	10.42317
49.73615	10.42361
49.73621	10.42378
49.73689	10.42436
49.73799	10.42514
49.73779	10.42667
49.73784	10.42693
49.73801	10.42714
49.73831	10.42738
49.73866	10.42755
49.73903	10.42765
49.73938	10.42769
49.73986	10.42766
49.74041	10.42748
49.74062	10.42745
49.74086	10.42749
49.74104	10.42768
49.74118	10.42725
49.74148	10.42774
49.74192	10.42865
49.74218	10.42938
49.74240	10.43049
49.74396	10.43025
49.74411	10.43053
49.74448	10.43096
49.74461	10.43117
49.74475	10.43160
49.74482	10.43212
49.74577	10.43374
49.74636	10.43434
49.74657	10.43462
49.74764	10.43528
49.74796	10.43538
49.74855	10.43535
49.74911	10.43528
49.74898	10.43489
49.74941	10.43488
49.74979	10.43518
49.74996	10.43536
49.75019	10.43559
49.75022	10.43571
49.75021	10.43583
49.75030	10.43636
49.75036	10.43686
49.75034	10.43765
49.75021	10.43803
49.75007	10.43880
49.74994	10.43925
49.74972	10.44011
49.74944	10.44003
49.74924	10.44158
49.74905	10.44274
49.74878	10.44376
49.74867	10.44490
49.74849	10.44581
49.74832	10.44627
49.74801	10.44706
49.74765	10.44778
49.74702	10.44828
49.74655	10.44857
49.74601	10.44933
49.74559	10.44997
49.74541	10.45084
49.74532	10.45244
49.74528	10.45386
49.74466	10.45523
49.74492	10.45564
49.74466	10.45599
49.74382	10.45689
49.74355	10.45757
49.74321	10.45863
49.74297	10.45923
49.74260	10.46018
49.74237	10.46068
49.74169	10.46186
49.74124	10.46263
49.74090	10.46338
49.74095	10.46355
49.74100	10.46368
49.74113	10.46404
49.74117	10.46414
49.74131	10.46472
49.74206	10.46791
49.74237	10.46921
49.74253	10.46973
49.74343	10.47279
49.74367	10.47373
49.74396	10.47499
49.74442	10.47716
49.74455	10.47809
49.74465	10.47956
49.74462	10.48037
49.74443	10.48157
49.74435	10.48259
49.74415	10.48371
49.74383	10.48512
49.74374	10.48583
49.74348	10.48786
49.74345	10.48872
49.74344	10.48969
49.74327	10.49036
49.74275	10.49124
49.74376	10.49207
49.74447	10.49272
49.74551	10.49386
49.74648	10.49410
49.74653	10.49467
49.74738	10.49478
49.74741	10.49429
49.74737	10.49326
49.74729	10.49256
49.74689	10.49136
49.74698	10.49120
49.74769	10.49099
49.74791	10.49136
49.74867	10.49196
49.74875	10.49216
49.74863	10.49321
49.74878	10.49356
49.75013	10.49403
49.75055	10.49419
49.75128	10.49478
49.75201	10.49530
49.75317	10.49599
49.75328	10.49614
49.75317	10.49673
49.75314	10.49755
49.75301	10.49881
49.75245	10.50195
49.75199	10.50495
49.75194	10.50617
49.75178	10.50819
49.75187	10.50876
49.75202	10.50970
49.75235	10.51133
49.75249	10.51256
49.75292	10.51465
49.75315	10.51575
49.75331	10.51652
49.75380	10.51900
49.75443	10.52117
49.75485	10.52238
49.75525	10.52379
49.75541	10.52480
49.75547	10.52655
49.75334	10.52710
49.75309	10.52929
49.75292	10.53124
49.75281	10.53203
49.75293	10.53346
49.75317	10.53451
49.75365	10.53616
49.75379	10.53672
49.75337	10.53679
49.75326	10.53692
49.75318	10.53766
49.75303	10.53876
49.75303	10.53902
49.75303	10.53975
49.75308	10.54016
49.75329	10.54124
49.75382	10.54365
49.75556	10.54361
49.75565	10.54453
49.75583	10.54547
49.75556	10.54565
49.75633	10.54719
49.75585	10.54778
49.75604	10.54813
49.75630	10.54783
49.75598	10.54969
49.75565	10.55116
49.75561	10.55129
49.75531	10.55215
49.75462	10.55346
49.75392	10.55482
49.75312	10.55678
49.75265	10.55894
49.75236	10.56051
49.75240	10.56122
49.75241	10.56199
49.75236	10.56287
49.75231	10.56407
49.75223	10.56497
49.75213	10.56605
49.75194	10.56690
49.75163	10.56839
49.75143	10.56990
49.75140	10.57058
49.75139	10.57189
49.75137	10.57339
49.75131	10.57448
49.75116	10.57569
49.75115	10.57641
49.75004	10.57650
49.74908	10.57837
49.74892	10.57865
49.74888	10.57872
49.74803	10.58021
49.74815	10.58068
49.74858	10.58229
49.74885	10.58344
49.74882	10.58390
49.74879	10.58506
49.74833	10.58531
49.74756	10.58573
49.74693	10.58628
49.74662	10.58670
49.74595	10.58766
49.74545	10.58801
49.74499	10.58839
49.74473	10.58872
49.74465	10.58901
49.74480	10.58982
49.74490	10.59039
49.74494	10.59183
49.74480	10.59246
49.74447	10.59315
49.74435	10.59402
49.74431	10.59523
49.74443	10.59604
49.74443	10.59659
49.74440	10.59788
49.74441	10.59955
49.74420	10.60029
49.74398	10.60123
49.74372	10.60196
49.74352	10.60284
49.74327	10.60357
49.74280	10.60405
49.74230	10.60412
49.74173	10.60434
49.74152	10.60464
49.74146	10.60552
49.74138	10.60631
49.74109	10.60804
49.74115	10.60898
49.74037	10.61183
49.74005	10.61315
49.73962	10.61495
49.73960	10.61519
49.73955	10.61571
49.73923	10.61699
49.73909	10.61771
49.73905	10.61931
49.73913	10.61971
49.73927	10.62089
49.73934	10.62214
49.73936	10.62349
49.73939	10.62501
49.73946	10.62683
49.73900	10.62699
49.73895	10.62718
49.73894	10.62778
49.73932	10.62878
49.73983	10.62992
49.73970	10.63016
49.73965	10.63026
49.73990	10.63080
49.73985	10.63104
49.73955	10.63161
49.73937	10.63194
49.73960	10.63220
49.73904	10.63334
49.73925	10.63363
49.73971	10.63374
49.73990	10.63374
49.74014	10.63354
49.74029	10.63353
49.74031	10.63384
49.74028	10.63396
49.74023	10.63415
49.74006	10.63434
49.74008	10.63470
49.74093	10.63456
49.74088	10.63518
49.74088	10.63553
49.74169	10.63715
49.74130	10.63724
49.74148	10.63755
49.74144	10.63792
49.74163	10.63819
49.74176	10.63865
49.74175	10.63899
49.74138	10.63926
49.74126	10.63924
49.74128	10.63876
49.74108	10.63873
49.74041	10.63931
49.74061	10.64023
49.73991	10.64076
49.73983	10.64022
49.73979	10.63980
49.73963	10.63976
49.73899	10.64025
49.73845	10.64073
49.73808	10.64106
49.73811	10.64132
49.73809	10.64148
49.73798	10.64157
49.73790	10.64152
49.73761	10.64108
49.73744	10.64082
49.73726	10.64091
49.73690	10.64118
49.73667	10.64126
49.73636	10.64137
49.73625	10.64148
49.73594	10.64197
49.73585	10.64211
49.73544	10.64280
49.73528	10.64293
49.73475	10.64264
49.73377	10.64212
49.73304	10.64194
49.73268	10.64203
49.73236	10.64252
49.73193	10.64343
49.73155	10.64424
49.73134	10.64433
49.73049	10.64462
49.73017	10.64480
49.72984	10.64533
49.72947	10.64592
49.72909	10.64647
49.72855	10.64707
49.72810	10.64761
49.72773	10.64805
49.72689	10.64935
49.72639	10.64988
49.72589	10.65053
49.72546	10.65095
49.72527	10.65098
49.72477	10.65064
49.72428	10.65193
49.72407	10.65242
49.72385	10.65262
49.72341	10.65280
49.72302	10.65300
49.72292	10.65311
49.72281	10.65372
49.72183	10.65399
49.72113	10.65420
49.72097	10.65236
49.72082	10.65012
49.72072	10.64886
49.72069	10.64777
49.72074	10.64671
49.72082	10.64548
49.72083	10.64501
49.72077	10.64428
49.72073	10.64387
49.72073	10.64294
49.72078	10.64222
49.72085	10.64152
49.72087	10.64117
49.72083	10.63979
49.72078	10.63797
49.72069	10.63645
49.72069	10.63591
49.72077	10.63501
49.72084	10.63442
49.72084	10.63407
49.72074	10.63293
49.72060	10.63231
49.72060	10.63194
49.72062	10.63107
49.72063	10.62996
49.72068	10.62870
49.72067	10.62737
49.72060	10.62568
49.72052	10.62424
49.72029	10.62347
49.72005	10.62301
49.71918	10.62244
49.71901	10.62233
49.71879	10.62209
49.71785	10.62059
49.71776	10.62048
49.71725	10.61991
49.71445	10.62021
49.71343	10.61991
49.71338	10.61898
49.71335	10.61762
49.71229	10.61798
49.71121	10.61840
49.71141	10.61748
49.71127	10.61737
49.71013	10.61654
49.70864	10.61545
49.70860	10.61535
49.70884	10.61480
49.70891	10.61432
49.70896	10.61361
49.70896	10.61272
49.70895	10.61183
49.70895	10.61117
49.70894	10.61100
49.70761	10.61100
49.70758	10.60934
49.70750	10.60858
49.70741	10.60779
49.70742	10.60667
49.70751	10.60603
49.70783	10.60614
49.70816	10.60428
49.70835	10.60311
49.70844	10.60230
49.70768	10.60153
49.70727	10.60079
49.70658	10.59905
49.70676	10.59891
49.70950	10.59851
49.70984	10.59664
49.70987	10.59654
49.70932	10.59657
49.70925	10.59505
49.70862	10.59510
49.70860	10.59488
49.70860	10.59461
49.70613	10.59517
49.70581	10.59368
49.70567	10.59377
49.70552	10.59387
49.70468	10.59442
49.70445	10.59371
49.70402	10.59324
49.70341	10.59245
49.70307	10.59189
49.70079	10.59311
49.69998	10.59384
49.69883	10.59476
49.69798	10.59541
49.69781	10.59554
49.69773	10.59591
49.69692	10.59568
49.69694	10.59520
49.69618	10.59509
49.69620	10.59402
49.69499	10.59413
49.69482	10.59416
49.69388	10.59430
49.69323	10.59459
49.69169	10.59421
49.69166	10.59553
49.68971	10.59493
49.69040	10.59926
49.69052	10.60092
49.69058	10.60167
49.69041	10.60249
49.69046	10.60347
49.69047	10.60417
49.69101	10.60737
49.69047	10.60733
49.69035	10.60915
49.69012	10.61061
49.68934	10.61345
49.68988	10.61381
49.69013	10.61404
49.68953	10.61822
49.68946	10.61831
49.68932	10.61828
49.68853	10.61814
49.68804	10.61805
49.68797	10.61801
49.68790	10.61786
49.68771	10.61643
49.68740	10.61546
49.68690	10.61388
49.68679	10.61382
49.68571	10.61420
49.68536	10.61436
49.68516	10.61209
49.68473	10.60960
49.68455	10.60856
49.68443	10.60785
49.68424	10.60666
49.68408	10.60674
49.68397	10.60679
49.68365	10.60473
49.68352	10.60432
49.68334	10.60409
49.68308	10.60398
49.68262	10.60390
49.68125	10.60388
49.67932	10.60276
49.67890	10.60633
49.67875	10.60766
49.67874	10.60820
49.67873	10.60865
49.67862	10.60968
49.67763	10.61310
49.67777	10.61413
49.67849	10.61942
49.67853	10.62003
49.67850	10.62048
49.67787	10.62418
49.67782	10.62447
49.67832	10.63040
49.67831	10.63257
49.67836	10.63275
49.67843	10.63444
49.67842	10.63481
49.67851	10.63743
49.67868	10.63810
49.67868	10.64023
49.67919	10.64425
49.67889	10.64454
49.67931	10.64534
49.67962	10.64631
49.67952	10.64646
49.67959	10.64678
49.67961	10.64687
49.67965	10.64706
49.67991	10.64765
49.68022	10.64884
49.68042	10.65005
49.68073	10.65469
49.68133	10.65479
49.68126	10.65631
49.68140	10.65797
49.68172	10.66465
49.68080	10.66488
49.67992	10.66503
49.67995	10.66540
49.68003	10.66627
49.68083	10.66615
49.68095	10.66679
49.68098	10.66764
49.68229	10.66825
49.68252	10.66937
49.68281	10.67070
49.68402	10.67030
49.68436	10.67159
49.68442	10.67188
49.68476	10.67374
49.68491	10.67368
49.68505	10.67366
49.68512	10.67448
49.68521	10.67556
49.68533	10.67657
49.68547	10.67733
49.68546	10.67780
49.68535	10.67878
49.68521	10.67957
49.68519	10.67967
49.68518	10.67981
49.68517	10.67995
49.68516	10.68028
49.68522	10.68124
49.68527	10.68312
49.68533	10.68357
49.68521	10.68526
49.68519	10.68641
49.68523	10.68808
49.68606	10.68794
49.68630	10.68719
49.68662	10.68657
49.68690	10.68628
49.68726	10.68697
49.68780	10.68769
49.68829	10.68816
49.68893	10.68863
49.68948	10.68803
49.68995	10.68876
49.69013	10.68934
49.69030	10.68972
49.69068	10.69036
49.69085	10.69074
49.69099	10.69123
49.69121	10.69326
49.69133	10.69353
49.69150	10.69381
49.69179	10.69412
49.69160	10.69469
49.69156	10.69509
49.69149	10.69606
49.69128	10.69683
49.69155	10.69686
49.69153	10.69765
49.69103	10.69812
49.69059	10.69859
49.69007	10.69931
49.68968	10.69970
49.68945	10.69986
49.68914	10.69996
49.68813	10.70003
49.68800	10.70072
49.68794	10.70142
49.68791	10.70276
49.68785	10.70325
49.68795	10.70580
49.68810	10.70789
49.68837	10.70788
49.68838	10.70879
49.68831	10.70936
49.68836	10.71011
49.68832	10.71105
49.68818	10.71192
49.68802	10.71253
49.68765	10.71309
49.68729	10.71369
49.68704	10.71403
49.68669	10.71421
49.68633	10.71440
49.68640	10.71714
49.68614	10.71715
49.68608	10.72062
49.68594	10.72205
49.68620	10.72208
49.68615	10.72258
49.68602	10.72374
49.68579	10.72375
49.68569	10.72486
49.68594	10.72489
49.68591	10.72608
49.68567	10.72610
49.68572	10.72839
49.68567	10.72941
49.68560	10.72993
49.68546	10.73033
49.68522	10.73075
49.68460	10.73156
49.68384	10.73246
49.68317	10.73316
49.68273	10.73357
49.68222	10.73392
49.68149	10.73429
49.68201	10.73702
49.67882	10.73795
49.67931	10.74081
49.67919	10.74137
49.67909	10.74152
49.67881	10.74189
49.67852	10.74221
49.67840	10.74227
49.67827	10.74228
49.67810	10.74216
49.67784	10.74241
49.67765	10.74253
49.67710	10.74290
49.67696	10.74370
49.67496	10.74453
49.67487	10.74417
49.67471	10.74428
49.67423	10.74461
49.67419	10.74495
49.67351	10.74522
49.67293	10.74334
49.67279	10.74350
49.67270	10.74363
49.67137	10.74586
49.67025	10.74519
49.67065	10.74351
49.67041	10.74367
49.67025	10.74385
49.67012	10.74407
49.66975	10.74502
49.66951	10.74574
49.66930	10.74656
49.66927	10.74684
49.66931	10.74911
49.66867	10.74920
49.66858	10.74999
49.66863	10.75046
49.66871	10.75063
49.66922	10.75070
49.66946	10.75077
49.66926	10.75132
49.66914	10.75179
49.66920	10.75321
49.66879	10.75330
49.66862	10.75346
49.66785	10.75473
49.66776	10.75492
49.66735	10.75684
49.66711	10.75801
49.66690	10.75875
49.66677	10.75911
49.66665	10.75933
49.66650	10.75949
49.66641	10.75954
49.66627	10.75962
49.66600	10.75966
49.66538	10.75984
49.66482	10.75995
49.66383	10.76003
49.66365	10.76005
49.66334	10.76010
49.66308	10.76020
49.66224	10.76065
49.66190	10.76075
49.66177	10.76080
49.66179	10.76234
49.66177	10.76260
49.66174	10.76266
49.66172	10.76303
49.66160	10.76341
49.66112	10.76436
49.66080	10.76448
49.66055	10.76462
49.65951	10.76543
49.65905	10.76560
49.65900	10.76675
49.65896	10.76701
49.65891	10.76721
49.65874	10.76743
49.65865	10.76761
49.65861	10.76781
49.65861	10.76807
49.65885	10.76990
49.65890	10.77048
49.65891	10.77117
49.65888	10.77150
49.65852	10.77139
49.65817	10.77134
49.65793	10.77137
49.65780	10.77148
49.65771	10.77170
49.65765	10.77218
49.65757	10.77357
49.65755	10.77400
49.65729	10.77801
49.65675	10.77825
49.65640	10.77826
49.65704	10.78086
49.65708	10.78103
49.65719	10.78141
49.65722	10.78163
49.65722	10.78178
49.65718	10.78196
49.65708	10.78209
49.65666	10.78244
49.65646	10.78279
49.65625	10.78338
49.65617	10.78378
49.65611	10.78411
49.65603	10.78435
49.65592	10.78450
49.65541	10.78477
49.65476	10.78510
49.65460	10.78523
49.65421	10.78581
49.65377	10.78601
49.65356	10.78619
49.65266	10.78729
49.65256	10.78773
49.65249	10.78788
49.65239	10.78802
49.65220	10.78807
49.65196	10.78807
49.65164	10.78807
49.65119	10.78816
49.65089	10.78817
49.65074	10.78811
49.65056	10.78793
49.64988	10.78681
49.64964	10.78647
49.64942	10.78624
49.64900	10.78600
49.64887	10.78588
49.64863	10.78547
49.64796	10.78464
49.64683	10.78389
49.64618	10.78328
49.64579	10.78259
49.64568	10.78242
49.64553	10.78230
49.64523	10.78222
49.64474	10.78218
49.64424	10.78224
49.64387	10.78237
49.64334	10.78244
49.64311	10.78240
49.64273	10.78216
49.64241	10.78178
49.64200	10.78102
49.64195	10.78115
49.64191	10.78168
49.64158	10.78333
49.64155	10.78368
49.64155	10.78416
49.64171	10.78645
49.64162	10.78645
49.64075	10.78649
49.64034	10.78571
49.63992	10.78464
49.63991	10.78443
49.63995	10.78419
49.63995	10.78404
49.63989	10.78391
49.63969	10.78361
49.63965	10.78340
49.63967	10.78316
49.63960	10.78292
49.63952	10.78280
49.63940	10.78274
49.63889	10.78263
49.63873	10.78266
49.63865	10.78279
49.63856	10.78304
49.63840	10.78330
49.63824	10.78344
49.63809	10.78349
49.63739	10.78356
49.63680	10.78368
49.63649	10.78376
49.63633	10.78376
49.63576	10.78353
49.63562	10.78351
49.63540	10.78356
49.63411	10.78410
49.63402	10.78376
49.63375	10.78307
49.63370	10.78264
49.63359	10.78221
49.63333	10.78227
49.63339	10.78118
49.63336	10.78084
49.63331	10.78062
49.63192	10.77698
49.63137	10.77735
49.63096	10.77583
49.63001	10.77650
49.62954	10.77598
49.62909	10.77533
49.62882	10.77477
49.62865	10.77430
49.62858	10.77396
49.62865	10.77316
49.62865	10.77268
49.62859	10.77240
49.62858	10.77205
49.62860	10.77186
49.62877	10.77120
49.62887	10.77020
49.62887	10.76962
49.62879	10.76788
49.62860	10.76798
49.62845	10.76801
49.62822	10.76795
49.62809	10.76783
49.62809	10.76761
49.62794	10.76699
49.62809	10.76687
49.62797	10.76651
49.62779	10.76659
49.62760	10.76590
49.62744	10.76547
49.62671	10.76421
49.62660	10.76393
49.62658	10.76376
49.62659	10.76348
49.62664	10.76315
49.62677	10.76260
49.62693	10.76209
49.62725	10.76136
49.62735	10.76114
49.62739	10.76097
49.62697	10.76112
49.62661	10.76120
49.62604	10.76127
49.62542	10.76121
49.62505	10.76103
49.62476	10.76093
49.62454	10.76092
49.62402	10.76107
49.62385	10.76104
49.62364	10.76092
49.62314	10.76053
49.62294	10.76045
49.62244	10.76041
49.62228	10.76035
49.62223	10.76027
49.62220	10.76001
49.62219	10.75897
49.62203	10.75908
49.62175	10.75931
49.62164	10.75934
49.62147	10.75932
49.62127	10.75918
49.62105	10.75893
49.62084	10.75874
49.62074	10.75875
49.62070	10.75881
49.62068	10.75903
49.62069	10.75929
49.62015	10.75904
49.61992	10.75893
49.61979	10.75886
49.61957	10.75873
49.61950	10.75883
49.61944	10.75906
49.61917	10.76044
49.61873	10.76022
49.61844	10.76017
49.61776	10.76035
49.61710	10.76034
49.61682	10.76029
49.61640	10.76011
49.61621	10.75997
49.61558	10.75952
49.61507	10.75922
49.61483	10.75899
49.61476	10.75882
49.61474	10.75858
49.61474	10.75799
49.61479	10.75691
49.61475	10.75680
49.61443	10.75697
49.61433	10.75697
49.61416	10.75691
49.61405	10.75681
49.61394	10.75662
49.61389	10.75638
49.61385	10.75608
49.61384	10.75571
49.61395	10.75499
49.61358	10.75499
49.61344	10.75493
49.61325	10.75477
49.61307	10.75451
49.61314	10.75432
49.61318	10.75407
49.61314	10.75364
49.61272	10.75414
49.61227	10.75452
49.61209	10.75462
49.61181	10.75472
49.61108	10.75469
49.61092	10.75452
49.61066	10.75403
49.61061	10.75369
49.61051	10.75380
49.61039	10.75407
49.61032	10.75388
49.61022	10.75381
49.60951	10.75376
49.60949	10.75419
49.60950	10.75467
49.60958	10.75594
49.61004	10.75584
49.61014	10.75642
49.60951	10.75662
49.60957	10.75766
49.60870	10.75830
49.60890	10.75875
49.60750	10.75903
49.60747	10.75920
49.60735	10.75923
49.60745	10.76167
49.60578	10.76298
49.60609	10.76494
49.60625	10.76615
49.60650	10.76876
49.60656	10.77071
49.60639	10.77120
49.60631	10.77213
49.60637	10.77245
49.60642	10.77290
49.60625	10.77292
49.60554	10.77302
49.60524	10.77306
49.60524	10.77245
49.60513	10.77099
49.60483	10.76900
49.60460	10.76808
49.60455	10.76778
49.60451	10.76713
49.60436	10.76606
49.60434	10.76476
49.60428	10.76454
49.60419	10.76444
49.60390	10.76437
49.60351	10.76429
49.60340	10.76423
49.60333	10.76413
49.60318	10.76370
49.60288	10.76317
49.60267	10.76294
49.60253	10.76289
49.60240	10.76291
49.60229	10.76274
49.60217	10.76236
49.60186	10.76109
49.60169	10.76073
49.60135	10.76019
49.60114	10.75976
49.60108	10.75948
49.60106	10.75905
49.60109	10.75862
49.60116	10.75816
49.60143	10.75721
49.60152	10.75677
49.60164	10.75577
49.60168	10.75527
49.60000	10.75543
49.59971	10.75551
49.59956	10.75567
49.59940	10.75570
49.59905	10.75570
49.59884	10.75570
49.59876	10.75505
49.59781	10.75511
49.59757	10.75520
49.59762	10.75572
49.59631	10.75581
49.59571	10.75577
49.59538	10.75567
49.59456	10.75527
49.59402	10.75506
49.59345	10.75494
49.59292	10.75489
49.59209	10.75494
49.59184	10.75495
49.59166	10.75497
49.59149	10.75435
49.59089	10.75457
49.58949	10.75550
49.58912	10.75560
49.58858	10.75560
49.58816	10.75557
49.58687	10.75570
49.58566	10.75600
49.58549	10.75607
49.58538	10.75544
49.58503	10.75555
49.58414	10.75583
49.58310	10.75624
49.58174	10.75663
49.58147	10.75678
49.58142	10.75702
49.58136	10.75750
49.58127	10.75763
49.58086	10.75787
49.58052	10.75807
49.58077	10.75904
49.58104	10.75889
49.58262	10.75800
49.58216	10.75874
49.58201	10.75907
49.58188	10.75952
49.58167	10.76093
49.58161	10.76167
49.58155	10.76334
49.58154	10.76386
49.58154	10.76407
49.58158	10.76494
49.58159	10.76522
49.58166	10.76604
49.58188	10.76751
49.58201	10.76952
49.58220	10.77168
49.58238	10.77234
49.58261	10.77284
49.58297	10.77332
49.58349	10.77400
49.58423	10.77520
49.58452	10.77554
49.58500	10.77590
49.58574	10.77645
49.58629	10.77712
49.58582	10.77786
49.58571	10.77812
49.58567	10.77871
49.58615	10.77915
49.58684	10.77921
49.58594	10.78115
49.58577	10.78160
49.58565	10.78230
49.58543	10.78393
49.58517	10.78538
49.58503	10.78588
49.58489	10.78605
49.58461	10.78621
49.58400	10.78633
49.58333	10.78660
49.58313	10.78678
49.58231	10.78809
49.58223	10.78831
49.58218	10.78871
49.58215	10.78895
49.58212	10.78917
49.58220	10.78999
49.58237	10.79090
49.58129	10.79113
49.57935	10.79147
49.57939	10.79415
49.57939	10.79541
49.57762	10.79547
49.57658	10.79552
49.57556	10.79497
49.57441	10.79473
49.57402	10.79460
49.57367	10.79435
49.57308	10.79375
49.57223	10.79379
49.57157	10.79382
49.57049	10.79375
49.57004	10.79419
49.56968	10.79480
49.56964	10.79519
49.56966	10.79601
49.56718	10.79592
49.56692	10.79744
49.56667	10.79839
49.56628	10.79937
49.56598	10.80332
49.56561	10.80287
49.56556	10.80274
49.56547	10.80287
49.56521	10.80307
49.56481	10.80284
49.56470	10.80314
49.56466	10.80324
49.56461	10.80340
49.56432	10.80336
49.56385	10.80296
49.56366	10.80316
49.56338	10.80277
49.56248	10.80378
49.56196	10.80444
49.56168	10.80457
49.56147	10.80462
49.56171	10.80613
49.56254	10.80586
49.56240	10.80634
49.56236	10.80703
49.56237	10.80811
49.56233	10.80846
49.56220	10.80870
49.56183	10.80890
49.56046	10.80958
49.55968	10.80997
49.55803	10.81060
49.55802	10.81138
49.55794	10.81212
49.55754	10.81518
49.55489	10.81467
49.55392	10.81428
49.55372	10.81450
49.55422	10.81531
49.55369	10.81608
49.55163	10.81912
49.55231	10.82030
49.55159	10.82133
49.55148	10.82145
49.55101	10.82046
49.55057	10.81915
49.55040	10.81840
49.55035	10.81789
49.55028	10.81690
49.55020	10.81463
49.55015	10.81420
49.55006	10.81394
49.54953	10.81185
49.54773	10.81244
49.54717	10.81254
49.54626	10.81290
49.54484	10.81397
49.54477	10.81367
49.54517	10.81276
49.54503	10.81042
49.54401	10.81085
49.54398	10.81025
49.54333	10.81104
49.54215	10.81184
49.54107	10.81276
49.54100	10.81309
49.53877	10.81533
49.53808	10.81531
49.53779	10.81595
49.53568	10.81577
49.53642	10.81378
49.53618	10.81329
49.53595	10.81306
49.53581	10.81297
49.53533	10.81289
49.53498	10.81279
49.53381	10.81209
49.53357	10.81201
49.53257	10.81190
49.53222	10.81177
49.53196	10.81165
49.53091	10.81098
49.53084	10.81091
49.53076	10.81084
49.52985	10.80997
49.52989	10.80752
49.52995	10.80692
49.53005	10.80644
49.53022	10.80582
49.53039	10.80531
49.53064	10.80489
49.53133	10.80409
49.53141	10.80296
49.53026	10.80306
49.52948	10.80327
49.52941	10.80303
49.52935	10.80213
49.52923	10.80184
49.52924	10.80054
49.52917	10.79946
49.52839	10.79978
49.52790	10.80024
49.52777	10.80002
49.52771	10.79973
49.52756	10.79914
49.52733	10.79914
49.52724	10.79879
49.52714	10.79857
49.52693	10.79824
49.52674	10.79820
49.52655	10.79827
49.52564	10.79908
49.52504	10.79820
49.52427	10.79746
49.52440	10.79726
49.52452	10.79681
49.52470	10.79661
49.52506	10.79635
49.52519	10.79621
49.52544	10.79562
49.52578	10.79502
49.52609	10.79457
49.52624	10.79428
49.52626	10.79406
49.52616	10.79385
49.52600	10.79385
49.52533	10.79509
49.52517	10.79511
49.52506	10.79504
49.52490	10.79489
49.52473	10.79461
49.52466	10.79434
49.52467	10.79409
49.52478	10.79357
49.52543	10.79298
49.52514	10.79254
49.52502	10.79205
49.52498	10.79170
49.52472	10.79170
49.52461	10.79118
49.52490	10.79117
49.52465	10.78890
49.52527	10.78847
49.52578	10.78744
49.52545	10.78744
49.52535	10.78741
49.52416	10.78741
49.52364	10.78736
49.52367	10.78809
49.52294	10.78823
49.52246	10.78828
49.52183	10.78862
49.52082	10.78909
49.51996	10.78932
49.51996	10.78862
49.51940	10.78859
49.51936	10.78893
49.51828	10.78908
49.51716	10.78923
49.51634	10.78922
49.51615	10.78918
49.51604	10.78899
49.51599	10.78873
49.51597	10.78843
49.51539	10.78858
49.51425	10.78835
49.51427	10.78763
49.51400	10.78761
49.51395	10.78828
49.51142	10.78920
49.51027	10.78962
49.51017	10.78966
49.50991	10.78733
49.50980	10.78532
49.50955	10.78262
49.51019	10.78244
49.51014	10.78091
49.51019	10.77900
49.51047	10.77876
49.51074	10.77683
49.51077	10.77631
49.51071	10.77554
49.51061	10.77468
49.51072	10.77353
49.51079	10.77325
49.51085	10.77306
49.51089	10.77296
49.51101	10.77240
49.51106	10.77162
49.51113	10.77123
49.51159	10.77055
49.51201	10.76995
49.51232	10.76950
49.51288	10.76923
49.51344	10.76927
49.51394	10.76876
49.51412	10.76864
49.51467	10.76832
49.51490	10.76804
49.51507	10.76783
49.51528	10.76772
49.51546	10.76777
49.51568	10.76796
49.51619	10.76886
49.51631	10.76749
49.51634	10.76704
49.51639	10.76628
49.51638	10.76572
49.51632	10.76511
49.51618	10.76432
49.51725	10.76408
49.51776	10.76397
49.51782	10.76404
49.51809	10.76439
49.51827	10.76452
49.51854	10.76456
49.51876	10.76443
49.51893	10.76412
49.51942	10.76282
49.51993	10.76311
49.52014	10.76250
49.52059	10.76116
49.52070	10.76109
49.52083	10.76093
49.52095	10.76061
49.52114	10.75931
49.52083	10.75955
49.52084	10.75830
49.52080	10.75817
49.52063	10.75845
49.52046	10.75887
49.51812	10.75813
49.51830	10.75760
49.51786	10.75766
49.51784	10.75749
49.51775	10.75666
49.51734	10.75658
49.51740	10.75587
49.51707	10.75585
49.51620	10.75595
49.51615	10.75668
49.51557	10.75667
49.51482	10.75664
49.51442	10.75654
49.51375	10.75636
49.51257	10.75624
49.51240	10.75623
49.51206	10.75615
49.51150	10.75585
49.51193	10.75570
49.51206	10.75552
49.51221	10.75524
49.51240	10.75504
49.51274	10.75497
49.51340	10.75502
49.51390	10.75190
49.51412	10.74725
49.51409	10.74464
49.51479	10.74402
49.51473	10.74359
49.51456	10.74182
49.51357	10.74141
49.51353	10.74081
49.51284	10.74077
49.51232	10.74062
49.51157	10.74034
49.51126	10.74014
49.51076	10.73994
49.50971	10.73981
49.50724	10.73950
49.50696	10.73961
49.50666	10.73968
49.50593	10.74009
49.50524	10.74044
49.50472	10.74058
49.50339	10.74065
49.50361	10.73922
49.50410	10.73725
49.50327	10.73620
49.50329	10.73558
49.50320	10.73495
49.50300	10.73417
49.50281	10.73349
49.50260	10.73235
49.50239	10.73073
49.50241	10.72912
49.50248	10.72785
49.50244	10.72705
49.50213	10.72556
49.50200	10.72470
49.50205	10.72242
49.50213	10.72126
49.50320	10.72030
49.50334	10.72018
49.50416	10.71952
49.50458	10.71736
49.50473	10.71656
49.50467	10.71345
49.50502	10.71132
49.50473	10.71101
49.50441	10.71049
49.50402	10.70870
49.50284	10.70877
49.50150	10.70883
49.50069	10.70844
49.50020	10.70789
49.50004	10.70723
49.49993	10.70549
49.49920	10.70588
49.49843	10.70612
49.49719	10.70688
49.49706	10.70655
49.49681	10.70617
49.49656	10.70530
49.49634	10.70463
49.49564	10.70261
49.49537	10.70131
49.49494	10.70043
49.49510	10.69992
49.49486	10.69796
49.49602	10.69741
49.49654	10.69692
49.49834	10.69851
49.49956	10.69885
49.49961	10.69616
49.49945	10.69610
49.49865	10.69577
49.49685	10.69482
49.49693	10.69364
49.49657	10.69254
49.49646	10.69147
49.49939	10.68909
49.49957	10.68840
49.49840	10.68817
49.49745	10.68839
49.49743	10.68647
49.49601	10.68563
49.49649	10.68404
49.49610	10.68364
49.49631	10.68202
49.49657	10.68048
49.49582	10.68070
49.49565	10.68058
49.49479	10.68002
49.49471	10.68021
49.49467	10.68032
49.49450	10.68075
49.49427	10.68133
49.49397	10.68113
49.49266	10.68039
49.49257	10.68033
49.49176	10.68457
49.49130	10.68650
49.49035	10.68639
49.48998	10.68588
49.48958	10.68461
49.48916	10.68367
49.48812	10.68297
49.48777	10.68337
49.48611	10.68261
49.48442	10.68262
49.48280	10.68242
49.48229	10.68412
49.48156	10.68359
49.48132	10.68472
49.48086	10.68507
49.48039	10.68778
49.48012	10.69165
49.47984	10.69168
49.47986	10.69190
49.47938	10.69218
49.47827	10.69302
49.47768	10.69355
49.47761	10.69548
49.47776	10.69826
49.47737	10.69836
49.47665	10.69854
49.47649	10.69871
49.47701	10.70001
49.47664	10.70016
49.47622	10.69901
49.47562	10.69864
49.47529	10.69860
49.47492	10.69750
49.47483	10.69756
49.47476	10.69762
49.47466	10.69769
49.47388	10.69829
49.47288	10.69900
49.47236	10.69936
49.47258	10.70019
49.47250	10.70023
49.47234	10.70029
49.47183	10.70050
49.47157	10.69944
49.47056	10.69537
49.46977	10.69639
49.46929	10.69624
49.46907	10.69651
49.46847	10.69643
49.46889	10.69499
49.46650	10.69552
49.46640	10.69465
49.46404	10.69529
49.46424	10.69590
49.46195	10.69757
49.46101	10.69674
49.45986	10.69594
49.46033	10.69491
49.46013	10.69318
49.46000	10.69202
49.45986	10.69077
49.45946	10.69092
49.45933	10.69153
49.45904	10.69168
49.45871	10.69157
49.45846	10.69290
49.45839	10.69314
49.45797	10.69453
49.45769	10.69480
49.45625	10.69442
49.45596	10.69450
49.45543	10.69464
49.45522	10.69460
49.45427	10.69445
49.45376	10.69354
49.45293	10.69107
49.45219	10.69028
49.44958	10.69085
49.44920	10.69028
49.44893	10.69037
49.44844	10.69055
49.44775	10.69079
49.44753	10.69035
49.44465	10.69053
49.44445	10.69055
49.44422	10.69084
49.44405	10.69229
49.44330	10.69225
49.44308	10.69324
49.44271	10.69457
49.44246	10.69510
49.44226	10.69586
49.44219	10.69659
49.44216	10.69688
49.44219	10.69791
49.44333	10.69776
49.44328	10.69812
49.44323	10.69848
49.43948	10.69916
49.43918	10.69829
49.43880	10.69815
49.43848	10.69802
49.43711	10.69681
49.43622	10.69746
49.43584	10.69711
49.43559	10.69683
49.43543	10.69656
49.43513	10.69586
49.43488	10.69539
49.43478	10.69510
49.43466	10.69453
49.43455	10.69415
49.43432	10.69375
49.43394	10.69331
49.43319	10.69261
49.43304	10.69232
49.43278	10.69139
49.43260	10.69042
49.43263	10.68944
49.43261	10.68906
49.43249	10.68847
49.43238	10.68826
49.43170	10.68741
49.43150	10.68694
49.43138	10.68645
49.43134	10.68610
49.43136	10.68415
49.43135	10.68377
49.43130	10.68346
49.43107	10.68246
49.43091	10.68158
49.43073	10.68078
49.43047	10.67925
49.43043	10.67874
49.43041	10.67792
49.43028	10.67759
49.43008	10.67726
49.42999	10.67706
49.42997	10.67684
49.42999	10.67662
49.43009	10.67611
49.43009	10.67517
49.42983	10.67367
49.42975	10.67258
49.42893	10.67230
49.42771	10.67180
49.42635	10.67158
49.42594	10.67136
49.42550	10.67042
49.42522	10.66973
49.42520	10.66946
49.42524	10.66866
49.42519	10.66804
49.42522	10.66722
49.42537	10.66560
49.42532	10.66236
49.42526	10.66203
49.42555	10.66176
49.42583	10.66136
49.42583	10.66079
49.42583	10.65992
49.42593	10.65910
49.42602	10.65837
49.42566	10.65654
49.42556	10.65484
49.42564	10.65364
49.42536	10.65250
49.42466	10.65273
49.42452	10.65224
49.42427	10.65096
49.42393	10.65002
49.42309	10.64861
49.42262	10.64692
49.42230	10.64495
49.42212	10.64392
49.42210	10.64322
49.42198	10.64001
49.42198	10.63986
49.42235	10.63817
49.42371	10.63840
49.42405	10.63837
49.42452	10.63824
49.42495	10.63795
49.42517	10.63784
49.42520	10.63770
49.42494	10.63695
49.42469	10.63644
49.42412	10.63659
49.42384	10.63506
49.42248	10.63481
49.42375	10.63020
49.42518	10.62871
49.42651	10.62755
49.42583	10.62651
49.42599	10.62570
49.42649	10.62321
49.42691	10.62225
49.42766	10.62129
49.42847	10.62138
49.42892	10.62014
49.42900	10.61991
49.42945	10.61896
49.42964	10.61816
49.42942	10.61811
49.42952	10.61731
49.42917	10.61705
49.42927	10.61674
49.42940	10.61667
49.42952	10.61552
49.42997	10.61341
49.42977	10.61336
49.42880	10.61317
49.42882	10.61261
49.42690	10.61248
49.42671	10.61357
49.42613	10.61275
49.42606	10.61268
49.42591	10.61260
49.42542	10.61235
49.42566	10.61088
49.42484	10.61089
49.42395	10.61089
49.42395	10.60887
49.42328	10.60896
49.42321	10.61145
49.42248	10.61127
49.42268	10.60945
49.42310	10.60759
49.42320	10.60703
49.42337	10.60607
49.42338	10.60570
49.42336	10.60563
49.42321	10.60558
49.42276	10.60543
49.42278	10.60485
49.42290	10.60354
49.42305	10.60201
49.42240	10.60159
49.42228	10.60151
49.42189	10.60126
49.42237	10.59820
49.42278	10.59826
49.42314	10.59817
49.42344	10.59706
49.42462	10.59731
49.42408	10.59826
49.42395	10.59839
49.42397	10.59855
49.42408	10.59875
49.42488	10.59914
49.42552	10.59919
49.42575	10.59890
49.42711	10.59772
49.42904	10.59772
49.42900	10.59894
49.43032	10.59807
49.43033	10.59785
49.43101	10.59789
49.43142	10.59631
49.43167	10.59631
49.43194	10.59638
49.43205	10.59655
49.43247	10.59773
49.43266	10.59864
49.43285	10.59982
49.43282	10.60177
49.43275	10.60303
49.43258	10.60445
49.43183	10.60759
49.43139	10.60917
49.43126	10.61014
49.43148	10.61058
49.43189	10.61205
49.43199	10.61200
49.43477	10.61004
49.43491	10.61017
49.43646	10.61148
49.43679	10.61177
49.43731	10.61221
49.43783	10.61287
49.43809	10.61321
49.43845	10.61416
49.43855	10.61425
49.43890	10.61352
49.43895	10.61299
49.43908	10.61236
49.43952	10.61248
49.43987	10.61241
49.44018	10.61256
49.44026	10.61281
49.44031	10.61365
49.44045	10.61411
49.44043	10.61494
49.44041	10.61578
49.44066	10.61831
49.44079	10.61866
49.44096	10.61893
49.44120	10.61873
49.44139	10.61840
49.44150	10.61747
49.44159	10.61671
49.44265	10.61489
49.44282	10.61458
49.44350	10.61377
49.44444	10.61302
49.44476	10.61299
49.44491	10.61321
49.44551	10.61410
49.44528	10.61515
49.44538	10.61519
