# GsakName=Regen
49.05614	12.80584
49.05623	12.80580
49.05636	12.80573
49.05674	12.80512
49.05696	12.80466
49.05710	12.80418
49.05728	12.80383
49.05740	12.80367
49.05774	12.80339
49.05812	12.80315
49.05848	12.80286
49.05874	12.80252
49.05904	12.80193
49.05917	12.80162
49.05993	12.79980
49.06021	12.79904
49.06055	12.79870
49.06081	12.79836
49.06108	12.79777
49.06141	12.79689
49.06157	12.79634
49.06163	12.79609
49.06177	12.79572
49.06189	12.79542
49.06226	12.79578
49.06240	12.79593
49.06308	12.79665
49.06344	12.79698
49.06374	12.79734
49.06394	12.79767
49.06419	12.79836
49.06427	12.79854
49.06445	12.79854
49.06459	12.79837
49.06476	12.79799
49.06487	12.79753
49.06497	12.79698
49.06502	12.79657
49.06503	12.79615
49.06500	12.79560
49.06583	12.79555
49.06614	12.79544
49.06701	12.79490
49.06722	12.79482
49.06747	12.79477
49.06779	12.79466
49.06805	12.79447
49.06831	12.79480
49.06964	12.79610
49.06971	12.79633
49.06986	12.79666
49.07010	12.79704
49.07015	12.79712
49.07025	12.79720
49.07063	12.79728
49.07072	12.79709
49.07114	12.79746
49.07136	12.79733
49.07175	12.79716
49.07199	12.79699
49.07218	12.79675
49.07223	12.79657
49.07220	12.79585
49.07224	12.79548
49.07231	12.79523
49.07262	12.79461
49.07276	12.79428
49.07289	12.79365
49.07307	12.79327
49.07402	12.79185
49.07462	12.79124
49.07478	12.79100
49.07497	12.79054
49.07505	12.79025
49.07515	12.78930
49.07520	12.78918
49.07533	12.78907
49.07550	12.78903
49.07569	12.78902
49.07591	12.78906
49.07746	12.78956
49.07764	12.78960
49.07929	12.78999
49.07924	12.79100
49.07963	12.79158
49.07968	12.79198
49.07974	12.79217
49.07999	12.79256
49.07975	12.79315
49.07964	12.79340
49.07928	12.79466
49.07916	12.79508
49.07899	12.79576
49.07932	12.79592
49.07966	12.79618
49.07981	12.79642
49.08007	12.79693
49.08022	12.79710
49.08043	12.79718
49.08057	12.79718
49.08073	12.79709
49.08148	12.79641
49.08189	12.79615
49.08250	12.79592
49.08319	12.79565
49.08445	12.79511
49.08464	12.79507
49.08503	12.79510
49.08509	12.79506
49.08521	12.79508
49.08522	12.79496
49.08490	12.79261
49.08493	12.79245
49.08552	12.79125
49.08565	12.79105
49.08610	12.79094
49.08675	12.79051
49.08784	12.78966
49.08899	12.78904
49.08937	12.78889
49.08994	12.78877
49.09064	12.78868
49.09101	12.78853
49.09166	12.78814
49.09285	12.78775
49.09424	12.78754
49.09501	12.78749
49.09553	12.78723
49.09576	12.78722
49.09631	12.78732
49.09645	12.78724
49.09655	12.78709
49.09663	12.78688
49.09671	12.78632
49.09675	12.78600
49.09694	12.78543
49.09723	12.78480
49.09739	12.78454
49.09754	12.78444
49.09786	12.78441
49.09855	12.78424
49.09852	12.78415
49.09854	12.78407
49.09850	12.78335
49.09858	12.78306
49.09871	12.78277
49.09903	12.78249
49.09960	12.78209
49.10028	12.78250
49.10038	12.78243
49.10044	12.78234
49.10046	12.78176
49.10102	12.77961
49.10137	12.77951
49.10123	12.77890
49.10105	12.77850
49.10111	12.77824
49.10180	12.77789
49.10173	12.77690
49.10184	12.77668
49.10346	12.77560
49.10464	12.77520
49.10548	12.77544
49.10574	12.77561
49.10619	12.77578
49.10662	12.77637
49.10818	12.77788
49.10835	12.77779
49.10844	12.77769
49.10890	12.77773
49.10914	12.77756
49.11076	12.77715
49.11121	12.77671
49.11129	12.77663
49.11142	12.77628
49.11269	12.77455
49.11315	12.77330
49.11336	12.77230
49.11344	12.77056
49.11358	12.77003
49.11398	12.76942
49.11398	12.76898
49.11415	12.76893
49.11393	12.76832
49.11408	12.76807
49.11427	12.76822
49.11441	12.76811
49.11464	12.76781
49.11473	12.76750
49.11486	12.76761
49.11513	12.76745
49.11520	12.76714
49.11551	12.76718
49.11550	12.76661
49.11607	12.76562
49.11644	12.76519
49.11693	12.76488
49.11716	12.76473
49.11735	12.76456
49.11751	12.76439
49.11909	12.76363
49.11920	12.76371
49.11927	12.76382
49.11953	12.76435
49.11967	12.76464
49.11979	12.76487
49.12014	12.76486
49.12064	12.76521
49.12150	12.76467
49.12247	12.76390
49.12271	12.76379
49.12345	12.76358
49.12359	12.76355
49.12367	12.76368
49.12445	12.76454
49.12545	12.76573
49.12554	12.76585
49.12626	12.76682
49.12602	12.76742
49.12650	12.76796
49.12655	12.76851
49.12658	12.76939
49.12662	12.77025
49.12663	12.77261
49.12641	12.77398
49.12619	12.77518
49.12660	12.77671
49.12709	12.77679
49.12719	12.77791
49.12712	12.77820
49.12735	12.77868
49.12849	12.77952
49.12899	12.78026
49.13026	12.78195
49.13140	12.78294
49.13192	12.78319
49.13273	12.78425
49.13308	12.78420
49.13314	12.78395
49.13345	12.78390
49.13365	12.78383
49.13417	12.78419
49.13447	12.78478
49.13464	12.78498
49.13460	12.78529
49.13441	12.78529
49.13437	12.78547
49.13396	12.78568
49.13369	12.78677
49.13388	12.78694
49.13347	12.78754
49.13282	12.78804
49.13252	12.78877
49.13243	12.78900
49.13224	12.78969
49.13203	12.78998
49.13123	12.79055
49.13114	12.79088
49.13031	12.79141
49.13010	12.79091
49.12990	12.79100
49.12989	12.79127
49.12969	12.79066
49.12955	12.79072
49.12944	12.79090
49.12942	12.79161
49.12930	12.79188
49.12883	12.79213
49.12873	12.79235
49.12848	12.79342
49.12811	12.79414
49.12787	12.79447
49.12760	12.79470
49.12724	12.79486
49.12699	12.79486
49.12677	12.79485
49.12602	12.79430
49.12526	12.79357
49.12320	12.79514
49.12310	12.79521
49.12278	12.79596
49.12259	12.79621
49.12228	12.79632
49.12191	12.79741
49.12189	12.79777
49.12256	12.79859
49.12280	12.79918
49.12286	12.79962
49.12375	12.80072
49.12426	12.80155
49.12453	12.80210
49.12442	12.80241
49.12445	12.80303
49.12478	12.80337
49.12486	12.80336
49.12489	12.80352
49.12476	12.80390
49.12482	12.80469
49.12502	12.80480
49.12535	12.80603
49.12576	12.80683
49.12487	12.80701
49.12415	12.80771
49.12375	12.80856
49.12344	12.80951
49.12338	12.80987
49.12341	12.80998
49.12370	12.80995
49.12445	12.80971
49.12552	12.80907
49.12615	12.80905
49.12636	12.80900
49.12642	12.80913
49.12645	12.80944
49.12639	12.81001
49.12629	12.81097
49.12660	12.81253
49.12719	12.81424
49.12726	12.81442
49.12740	12.81481
49.12820	12.81635
49.12864	12.81698
49.12858	12.81736
49.12862	12.81824
49.12906	12.81838
49.12908	12.81938
49.12919	12.81982
49.12858	12.82131
49.12844	12.82222
49.12848	12.82310
49.12842	12.82320
49.12831	12.82341
49.12801	12.82371
49.12733	12.82372
49.12696	12.82335
49.12685	12.82325
49.12621	12.82317
49.12560	12.82328
49.12495	12.82296
49.12498	12.82248
49.12427	12.82267
49.12398	12.82301
49.12363	12.82359
49.12375	12.82442
49.12379	12.82544
49.12391	12.82554
49.12414	12.82567
49.12431	12.82642
49.12430	12.82690
49.12470	12.82771
49.12490	12.82788
49.12507	12.82810
49.12526	12.82900
49.12558	12.82903
49.12558	12.83003
49.12587	12.83013
49.12612	12.83015
49.12619	12.82960
49.12624	12.82917
49.12699	12.82916
49.12765	12.82979
49.12856	12.82998
49.12872	12.83013
49.12923	12.83016
49.12953	12.83040
49.12973	12.83037
49.13029	12.83073
49.13076	12.83123
49.13118	12.83177
49.13131	12.83206
49.13139	12.83259
49.13148	12.83276
49.13189	12.83298
49.13213	12.83307
49.13231	12.83320
49.13237	12.83342
49.13238	12.83382
49.13261	12.83437
49.13305	12.83549
49.13312	12.83561
49.13317	12.83570
49.13345	12.83619
49.13353	12.83650
49.13378	12.83677
49.13387	12.83687
49.13393	12.83751
49.13389	12.83802
49.13389	12.83855
49.13395	12.83888
49.13407	12.83919
49.13470	12.83874
49.13479	12.83912
49.13495	12.83978
49.13501	12.83998
49.13425	12.84053
49.13391	12.84078
49.13336	12.84129
49.13291	12.84180
49.13256	12.84235
49.13230	12.84293
49.13219	12.84343
49.13208	12.84403
49.13202	12.84484
49.13200	12.84602
49.13226	12.84831
49.13228	12.84855
49.13269	12.85093
49.13275	12.85203
49.13267	12.85323
49.13250	12.85490
49.13233	12.85585
49.13204	12.85702
49.13186	12.85730
49.13126	12.85795
49.13084	12.85850
49.13041	12.85923
49.12997	12.86027
49.12968	12.86127
49.12953	12.86199
49.12936	12.86283
49.12928	12.86315
49.12937	12.86352
49.12943	12.86383
49.12962	12.86411
49.12995	12.86420
49.13054	12.86422
49.13070	12.86427
49.13074	12.86435
49.13081	12.86471
49.13079	12.86523
49.13081	12.86570
49.13117	12.86662
49.13159	12.86863
49.13175	12.86902
49.13192	12.86926
49.13221	12.86944
49.13250	12.86977
49.13286	12.87094
49.13308	12.87138
49.13337	12.87173
49.13373	12.87276
49.13406	12.87334
49.13424	12.87384
49.13431	12.87422
49.13438	12.87457
49.13444	12.87534
49.13462	12.87596
49.13479	12.87642
49.13514	12.87693
49.13531	12.87732
49.13548	12.87750
49.13610	12.87750
49.13619	12.87816
49.13649	12.87913
49.13687	12.87908
49.13749	12.87930
49.13728	12.88000
49.13716	12.88051
49.13693	12.88097
49.13613	12.88206
49.13591	12.88228
49.13572	12.88233
49.13491	12.88222
49.13469	12.88227
49.13448	12.88244
49.13439	12.88260
49.13461	12.88273
49.13479	12.88293
49.13482	12.88332
49.13480	12.88385
49.13466	12.88443
49.13441	12.88496
49.13407	12.88525
49.13374	12.88547
49.13342	12.88552
49.13331	12.88629
49.13324	12.88701
49.13275	12.88730
49.13253	12.88817
49.13228	12.88836
49.13144	12.88854
49.13093	12.88864
49.13082	12.88888
49.13075	12.88945
49.13071	12.89016
49.13049	12.89071
49.13025	12.89115
49.12996	12.89089
49.12939	12.89078
49.12915	12.89061
49.12888	12.89032
49.12853	12.89013
49.12821	12.88999
49.12813	12.89123
49.12803	12.89180
49.12774	12.89244
49.12744	12.89331
49.12735	12.89370
49.12735	12.89406
49.12742	12.89427
49.12763	12.89456
49.12769	12.89480
49.12764	12.89516
49.12753	12.89558
49.12778	12.89582
49.12769	12.89650
49.12752	12.89752
49.12747	12.89834
49.12743	12.89891
49.12748	12.89933
49.12772	12.90010
49.12805	12.90096
49.12841	12.90166
49.12859	12.90215
49.12870	12.90272
49.12894	12.90433
49.12913	12.90459
49.12949	12.90530
49.12957	12.90558
49.12951	12.90616
49.12939	12.90644
49.12944	12.90733
49.12957	12.90819
49.12982	12.90887
49.13043	12.91001
49.13063	12.91049
49.13091	12.91100
49.13134	12.91162
49.13179	12.91217
49.13129	12.91332
49.13172	12.91376
49.13221	12.91420
49.13235	12.91437
49.13221	12.91512
49.13206	12.91620
49.13200	12.91720
49.13155	12.91885
49.13107	12.91967
49.13141	12.91996
49.13147	12.92035
49.13227	12.92179
49.13254	12.92226
49.13328	12.92396
49.13348	12.92433
49.13421	12.92305
49.13487	12.92203
49.13515	12.92131
49.13541	12.92042
49.13564	12.91989
49.13645	12.91894
49.13678	12.91821
49.13715	12.91748
49.13786	12.91624
49.13900	12.91454
49.14026	12.91521
49.14091	12.91545
49.14117	12.91550
49.14127	12.91545
49.14189	12.91450
49.14232	12.91401
49.14280	12.91375
49.14303	12.91366
49.14319	12.91408
49.14349	12.91414
49.14375	12.91456
49.14405	12.91480
49.14421	12.91480
49.14476	12.91341
49.14608	12.91442
49.14650	12.91479
49.14706	12.91551
49.14761	12.91618
49.14800	12.91666
49.14860	12.91731
49.14870	12.91742
49.14881	12.91754
49.14898	12.91784
49.14908	12.91828
49.14905	12.91851
49.14893	12.91860
49.14858	12.91849
49.14823	12.91877
49.14793	12.91887
49.14771	12.91913
49.14754	12.91959
49.14756	12.91986
49.14772	12.92019
49.14772	12.92043
49.14801	12.92074
49.14805	12.92096
49.14808	12.92133
49.14817	12.92140
49.14831	12.92144
49.14846	12.92160
49.14858	12.92193
49.14860	12.92228
49.14849	12.92307
49.14831	12.92362
49.14813	12.92391
49.14794	12.92405
49.14778	12.92400
49.14766	12.92389
49.14749	12.92389
49.14726	12.92416
49.14715	12.92438
49.14697	12.92451
49.14690	12.92491
49.14658	12.92584
49.14634	12.92644
49.14626	12.92719
49.14613	12.92763
49.14592	12.92789
49.14574	12.92792
49.14544	12.92774
49.14525	12.92757
49.14503	12.92781
49.14415	12.92841
49.14394	12.92865
49.14385	12.92894
49.14379	12.92940
49.14365	12.92976
49.14336	12.93027
49.14318	12.93089
49.14303	12.93126
49.14291	12.93250
49.14266	12.93343
49.14253	12.93356
49.14232	12.93362
49.14211	12.93363
49.14197	12.93374
49.14180	12.93427
49.14157	12.93515
49.14127	12.93586
49.14124	12.93612
49.14129	12.93639
49.14146	12.93669
49.14151	12.93698
49.14150	12.93764
49.14131	12.93855
49.14107	12.93934
49.14104	12.93976
49.14093	12.94027
49.14018	12.94175
49.14010	12.94199
49.14020	12.94259
49.14033	12.94290
49.14059	12.94316
49.14055	12.94329
49.14035	12.94323
49.14011	12.94332
49.13997	12.94354
49.13981	12.94402
49.13974	12.94462
49.13905	12.94515
49.13904	12.94528
49.13910	12.94535
49.13923	12.94537
49.13962	12.94524
49.13999	12.94482
49.14012	12.94479
49.14034	12.94491
49.14141	12.94567
49.14112	12.94669
49.14127	12.94682
49.14224	12.94748
49.14278	12.94807
49.14386	12.94880
49.14435	12.94923
49.14529	12.94995
49.14636	12.95083
49.14642	12.95143
49.14780	12.95257
49.14896	12.95241
49.14958	12.95432
49.14958	12.95472
49.14956	12.95496
49.15076	12.95632
49.15089	12.95654
49.15095	12.95690
49.15095	12.95723
49.15124	12.95725
49.15160	12.95811
49.15171	12.95864
49.15228	12.95916
49.15800	12.96430
49.15855	12.96478
49.15897	12.96507
49.16017	12.96561
49.16109	12.96616
49.16142	12.96640
49.16154	12.96658
49.16122	12.96768
49.16127	12.96788
49.16141	12.96808
49.16264	12.96871
49.16428	12.96950
49.16485	12.96987
49.16561	12.97059
49.16642	12.97119
49.16599	12.97256
49.16582	12.97320
49.16578	12.97377
49.16579	12.97434
49.16594	12.97478
49.16618	12.97529
49.16652	12.97657
49.16661	12.97716
49.16644	12.97705
49.16607	12.97663
49.16542	12.97567
49.16501	12.97527
49.16367	12.97433
49.16297	12.97392
49.16260	12.97379
49.16222	12.97374
49.16180	12.97374
49.16158	12.97388
49.16119	12.97465
49.16105	12.97529
49.16092	12.97703
49.16074	12.97847
49.16064	12.97990
49.16056	12.98207
49.16050	12.98240
49.16033	12.98279
49.15970	12.98372
49.15904	12.98560
49.15898	12.98602
49.15897	12.98648
49.15900	12.98673
49.15897	12.98739
49.15842	12.99207
49.15807	12.99328
49.15781	12.99434
49.15771	12.99465
49.15760	12.99498
49.15763	12.99508
49.15767	12.99522
49.15778	12.99560
49.15807	12.99619
49.15811	12.99665
49.15810	12.99745
49.15821	12.99813
49.15934	13.00100
49.15995	13.00231
49.16110	13.00408
49.16124	13.00441
49.16124	13.00472
49.16107	13.00548
49.16051	13.00716
49.16035	13.00792
49.16031	13.00852
49.16034	13.00916
49.16048	13.00991
49.16054	13.01012
49.16031	13.01059
49.15989	13.01157
49.15934	13.01253
49.15882	13.01322
49.15808	13.01361
49.15683	13.01484
49.15681	13.01498
49.15722	13.01623
49.15748	13.01735
49.15755	13.01814
49.15751	13.01929
49.15761	13.02053
49.15770	13.02135
49.15783	13.02181
49.15802	13.02220
49.15812	13.02264
49.15815	13.02317
49.15823	13.02388
49.15842	13.02456
49.15867	13.02562
49.15873	13.02617
49.15874	13.02661
49.15865	13.02703
49.15848	13.02748
49.15791	13.02832
49.15776	13.02868
49.15760	13.02936
49.15735	13.03076
49.15680	13.03340
49.15641	13.03471
49.15579	13.03640
49.15498	13.03891
49.15485	13.03937
49.15477	13.03994
49.15471	13.04079
49.15472	13.04178
49.15479	13.04374
49.15492	13.04514
49.15514	13.04741
49.15518	13.04780
49.15513	13.04805
49.15494	13.04845
49.15396	13.04986
49.15302	13.05133
49.15256	13.05219
49.15222	13.05311
49.15165	13.05433
49.15096	13.05556
49.15064	13.05591
49.14952	13.05688
49.14930	13.05713
49.14907	13.05753
49.14882	13.05824
49.14825	13.06050
49.14796	13.06229
49.14773	13.06307
49.14745	13.06369
49.14669	13.06461
49.14638	13.06508
49.14615	13.06528
49.14497	13.06568
49.14439	13.06582
49.14411	13.06580
49.14252	13.06530
49.14230	13.06530
49.14201	13.06539
49.14151	13.06564
49.14084	13.06643
49.13939	13.06791
49.13901	13.06833
49.13867	13.06854
49.13838	13.06863
49.13782	13.06864
49.13679	13.06863
49.13598	13.06873
49.13565	13.06841
49.13401	13.06888
49.13403	13.06925
49.13345	13.06935
49.13316	13.06933
49.13233	13.06908
49.13240	13.06866
49.13112	13.06808
49.13077	13.06806
49.13082	13.06841
49.12970	13.06856
49.12943	13.06868
49.12923	13.06903
49.12873	13.07066
49.12825	13.07203
49.12771	13.07348
49.12725	13.07424
49.12680	13.07513
49.12585	13.07731
49.12510	13.08010
49.12497	13.08041
49.12468	13.08077
49.12426	13.08173
49.12393	13.08281
49.12374	13.08328
49.12367	13.08339
49.12332	13.08393
49.12296	13.08442
49.12282	13.08480
49.12244	13.08622
49.12209	13.08735
49.12156	13.08930
49.12108	13.09139
49.12080	13.09441
49.12069	13.09526
49.12056	13.09731
49.12049	13.09782
49.12031	13.09847
49.12001	13.09922
49.11965	13.10000
49.11856	13.10163
49.11698	13.10344
49.11459	13.10626
49.11447	13.10677
49.11431	13.10733
49.11396	13.10813
49.11361	13.10919
49.11340	13.10993
49.11323	13.11077
49.11313	13.11159
49.11306	13.11243
49.11308	13.11345
49.11314	13.11455
49.11300	13.11559
49.11279	13.11654
49.11235	13.11758
49.11166	13.11987
49.11150	13.12065
49.11138	13.12220
49.11119	13.12383
49.11085	13.12708
49.11080	13.12834
49.11086	13.12894
49.11144	13.13151
49.11152	13.13214
49.11167	13.13332
49.11175	13.13336
49.11192	13.13343
49.11240	13.13344
49.11262	13.13351
49.11282	13.13375
49.11293	13.13397
49.11316	13.13370
49.11362	13.13325
49.11386	13.13314
49.11408	13.13304
49.11456	13.13290
49.11506	13.13281
49.11550	13.13278
49.11598	13.13286
49.11669	13.13316
49.11790	13.13382
49.11870	13.13401
49.11996	13.13392
49.12077	13.13383
49.12112	13.13380
49.12210	13.13398
49.12333	13.13442
49.12417	13.13468
49.12456	13.13476
49.12508	13.13480
49.12580	13.13485
49.12615	13.13493
49.12627	13.13493
49.12636	13.13484
49.12642	13.13453
49.12653	13.13426
49.12667	13.13424
49.12687	13.13428
49.12703	13.13441
49.12717	13.13461
49.12734	13.13509
49.12740	13.13540
49.12751	13.13564
49.12769	13.13586
49.12809	13.13609
49.12864	13.13657
49.12921	13.13720
49.13004	13.13801
49.13032	13.13834
49.13057	13.13869
49.13139	13.14020
49.13171	13.14061
49.13240	13.14124
49.13269	13.14160
49.13306	13.14205
49.13326	13.14209
49.13358	13.14186
49.13387	13.14172
49.13478	13.14151
49.13504	13.14155
49.13520	13.14173
49.13559	13.14391
49.13564	13.14417
49.13596	13.14704
49.13649	13.14694
49.13681	13.14698
49.13779	13.14754
49.13802	13.14787
49.13858	13.14994
49.13869	13.15062
49.13887	13.15128
49.13901	13.15159
49.13905	13.15229
49.13906	13.15269
49.13920	13.15346
49.13949	13.15346
49.13948	13.15469
49.13962	13.15723
49.13942	13.15726
49.13950	13.15774
49.13965	13.15825
49.13989	13.15875
49.14024	13.15919
49.14053	13.15945
49.14087	13.15964
49.14098	13.15924
49.14267	13.16006
49.14259	13.16044
49.14417	13.16134
49.14429	13.16107
49.14453	13.16122
49.14504	13.16172
49.14544	13.16218
49.14594	13.16290
49.14575	13.16310
49.14587	13.16337
49.14610	13.16367
49.14632	13.16389
49.14711	13.16441
49.14722	13.16407
49.14822	13.16446
49.14856	13.16447
49.14884	13.16438
49.14898	13.16471
49.14948	13.16455
49.14996	13.16430
49.15054	13.16380
49.15045	13.16340
49.15168	13.16250
49.15208	13.16221
49.15218	13.16254
49.15384	13.16163
49.15375	13.16123
49.15570	13.16041
49.15584	13.16085
49.15734	13.16014
49.15772	13.16007
49.15810	13.16004
49.15875	13.16007
49.15932	13.16016
49.15957	13.16026
49.15977	13.16052
49.16056	13.16192
49.16132	13.16313
49.16178	13.16367
49.16208	13.16384
49.16252	13.16401
49.16313	13.16418
49.16361	13.16426
49.16439	13.16412
49.16473	13.16424
49.16580	13.16498
49.16615	13.16548
49.16631	13.16563
49.16672	13.16573
49.16805	13.16693
49.16956	13.16813
49.17005	13.16878
49.17085	13.16923
49.17151	13.17001
49.17299	13.17074
49.17342	13.17095
49.17040	13.17396
49.16971	13.17438
49.16430	13.17666
49.16395	13.17676
49.16169	13.17668
49.15597	13.17410
49.15156	13.17325
49.14989	13.17298
49.14858	13.17233
49.14771	13.17222
49.14606	13.17104
49.14538	13.17101
49.14382	13.16953
49.14368	13.17041
49.14357	13.17090
49.14205	13.17352
49.14154	13.17424
49.14123	13.17402
49.14095	13.17449
49.13925	13.17659
49.13915	13.17674
49.13907	13.17692
49.13922	13.17712
49.13831	13.17822
49.13563	13.18126
49.13526	13.18193
49.13449	13.18274
49.13430	13.18330
49.13408	13.18372
49.13223	13.18721
49.13223	13.18774
49.13036	13.19171
49.13022	13.19162
49.12821	13.19531
49.12825	13.19548
49.12799	13.19598
49.12719	13.19745
49.12665	13.19839
49.12650	13.19824
49.12541	13.20000
49.12479	13.20099
49.12497	13.20127
49.12283	13.20448
49.12246	13.20510
49.12224	13.20564
49.12181	13.20898
49.12161	13.20984
49.12129	13.21130
49.12113	13.21204
49.12062	13.21377
49.12056	13.21384
49.11947	13.21713
49.11800	13.22233
49.11692	13.22590
49.11396	13.23550
49.11377	13.23605
49.11372	13.23619
49.11446	13.24105
49.11498	13.24375
49.11588	13.24786
49.11606	13.24845
49.11680	13.25139
49.11719	13.25315
49.11758	13.25442
49.11783	13.25545
49.11787	13.25582
49.11843	13.25912
49.11905	13.26412
49.11911	13.26504
49.11907	13.26667
49.11995	13.27266
49.12035	13.27526
49.12052	13.28026
49.12050	13.28235
49.12035	13.28295
49.11850	13.28926
49.11816	13.28982
49.11684	13.29177
49.11200	13.29975
49.11186	13.30000
49.10453	13.31247
49.10443	13.31265
49.10446	13.31391
49.10441	13.31535
49.10434	13.31616
49.10415	13.31681
49.10367	13.31757
49.10286	13.31829
49.10200	13.31917
49.10188	13.31937
49.10171	13.31973
49.10102	13.32169
49.10049	13.32393
49.10034	13.32426
49.10001	13.32475
49.09963	13.32507
49.09900	13.32555
49.09863	13.32576
49.09824	13.32593
49.09713	13.32626
49.09680	13.32633
49.09676	13.32690
49.09650	13.32692
49.09634	13.32699
49.09613	13.32730
49.09583	13.32789
49.09577	13.32823
49.09578	13.32878
49.09565	13.32920
49.09540	13.32983
49.09536	13.33018
49.09548	13.33054
49.09531	13.33060
49.09521	13.33075
49.09507	13.33155
49.09501	13.33189
49.09489	13.33221
49.09477	13.33238
49.09480	13.33257
49.09482	13.33280
49.09468	13.33339
49.09468	13.33380
49.09462	13.33391
49.09441	13.33408
49.09422	13.33416
49.09409	13.33433
49.09390	13.33471
49.09384	13.33534
49.09355	13.33597
49.09346	13.33614
49.09336	13.33623
49.09324	13.33625
49.09316	13.33636
49.09272	13.33745
49.09263	13.33762
49.09248	13.33779
49.09217	13.33796
49.09187	13.33819
49.09167	13.33828
49.09150	13.33828
49.09141	13.33834
49.09130	13.33851
49.09108	13.33895
49.09094	13.33891
49.09074	13.33892
49.09040	13.33907
49.09021	13.33924
49.08998	13.33970
49.08987	13.34142
49.08966	13.34178
49.08927	13.34272
49.08923	13.34293
49.08917	13.34392
49.08911	13.34411
49.08881	13.34440
49.08870	13.34461
49.08858	13.34474
49.08833	13.34485
49.08701	13.34583
49.08641	13.34634
49.08606	13.34628
49.08557	13.34662
49.08448	13.34665
49.08384	13.34637
49.08347	13.34627
49.08313	13.34608
49.08251	13.34634
49.08240	13.34645
49.08204	13.34637
49.08192	13.34674
49.08184	13.34714
49.08168	13.34740
49.08144	13.34767
49.08118	13.34776
49.08114	13.34788
49.08085	13.34874
49.08073	13.34927
49.08026	13.35011
49.08015	13.35039
49.08006	13.35083
49.07964	13.35173
49.07958	13.35192
49.07950	13.35249
49.07943	13.35268
49.07933	13.35285
49.07902	13.35316
49.07875	13.35352
49.07861	13.35386
49.07835	13.35474
49.07824	13.35483
49.07789	13.35500
49.07721	13.35521
49.07634	13.35564
49.07601	13.35592
49.07566	13.35628
49.07522	13.35670
49.07470	13.35709
49.07391	13.35785
49.07370	13.35811
49.07360	13.35823
49.07329	13.35873
49.07232	13.36063
49.07195	13.36124
49.07151	13.36188
49.07086	13.36262
49.07003	13.36325
49.06964	13.36351
49.06900	13.36385
49.06920	13.36418
49.06934	13.36452
49.06938	13.36479
49.06941	13.36521
49.06931	13.36668
49.06928	13.36682
49.06854	13.36758
49.06836	13.36773
49.06818	13.36782
49.06816	13.36817
49.06812	13.36834
49.06800	13.36853
49.06793	13.36874
49.06790	13.36902
49.06791	13.36979
49.06786	13.36998
49.06769	13.37025
49.06747	13.37011
49.06739	13.37032
49.06729	13.37045
49.06666	13.37093
49.06655	13.37109
49.06629	13.37146
49.06606	13.37174
49.06611	13.37207
49.06495	13.37257
49.06469	13.37236
49.06413	13.37272
49.06364	13.37317
49.06372	13.37348
49.06347	13.37397
49.06313	13.37424
49.06220	13.37482
49.06197	13.37482
49.06163	13.37468
49.06103	13.37468
49.06107	13.37429
49.06007	13.37430
49.05982	13.37438
49.05991	13.37470
49.05882	13.37569
49.05853	13.37557
49.05827	13.37585
49.05822	13.37601
49.05822	13.37637
49.05813	13.37675
49.05790	13.37726
49.05724	13.37816
49.05695	13.37823
49.05675	13.37900
49.05696	13.37946
49.05703	13.38032
49.05687	13.38078
49.05703	13.38149
49.05732	13.38159
49.05744	13.38231
49.05726	13.38272
49.05728	13.38308
49.05721	13.38338
49.05660	13.38435
49.05664	13.38470
49.05623	13.38492
49.05543	13.38520
49.05279	13.38642
49.05257	13.38644
49.05257	13.38724
49.05280	13.38768
49.05280	13.38839
49.05286	13.38879
49.05308	13.38949
49.05326	13.38991
49.05394	13.39106
49.05414	13.39152
49.05428	13.39187
49.05428	13.39221
49.05403	13.39258
49.05324	13.39343
49.05288	13.39394
49.05250	13.39461
49.05221	13.39518
49.05201	13.39495
49.05150	13.39590
49.05128	13.39620
49.05068	13.39727
49.05037	13.39759
49.05024	13.39765
49.04987	13.39740
49.04913	13.39762
49.04863	13.39792
49.04858	13.39830
49.04669	13.39828
49.04657	13.39788
49.04599	13.39778
49.04561	13.39808
49.04407	13.39734
49.04333	13.39553
49.04353	13.39528
49.04324	13.39405
49.04301	13.39355
49.04292	13.39330
49.04285	13.39240
49.04280	13.39225
49.04268	13.39206
49.04243	13.39190
49.04213	13.39182
49.04191	13.39182
49.04163	13.39189
49.04122	13.39214
49.04085	13.39248
49.04059	13.39282
49.04029	13.39337
49.03972	13.39425
49.03971	13.39501
49.03966	13.39580
49.03958	13.39612
49.03946	13.39637
49.03921	13.39673
49.03810	13.39810
49.03739	13.39895
49.03714	13.39929
49.03691	13.39981
49.03577	13.39960
49.03542	13.39956
49.03527	13.39958
49.03509	13.39975
49.03488	13.40000
49.03438	13.40057
49.03386	13.40087
49.03316	13.40122
49.03246	13.40148
49.03142	13.40197
49.03046	13.40234
49.02983	13.40232
49.02894	13.40221
49.02845	13.40236
49.02791	13.40268
49.02726	13.40315
49.02701	13.40326
49.02640	13.40322
49.02620	13.40329
49.02567	13.40373
49.02482	13.40456
49.02457	13.40485
49.02408	13.40555
49.02383	13.40580
49.02371	13.40587
49.02340	13.40589
49.02280	13.40586
49.02245	13.40576
49.02213	13.40559
49.02191	13.40539
49.02181	13.40524
49.02168	13.40447
49.02161	13.40372
49.02141	13.40290
49.02130	13.40250
49.02112	13.40213
49.02094	13.40188
49.02062	13.40167
49.01991	13.40143
49.01974	13.40145
49.01948	13.40160
49.01924	13.40162
49.01858	13.40145
49.01811	13.40109
49.01789	13.40101
49.01760	13.40083
49.01662	13.40038
49.01643	13.40032
49.01619	13.40024
49.01588	13.40020
49.01552	13.40026
49.01456	13.40080
49.01419	13.40095
49.01391	13.40097
49.01320	13.40086
49.01286	13.40096
49.01256	13.40120
49.01125	13.40251
49.01070	13.40279
49.01052	13.40294
49.01033	13.40321
49.01011	13.40370
49.00966	13.40448
49.00947	13.40486
49.00930	13.40532
49.00919	13.40572
49.00904	13.40612
49.00847	13.40711
49.00801	13.40776
49.00773	13.40808
49.00746	13.40833
49.00716	13.40853
49.00586	13.40883
49.00306	13.40939
49.00047	13.40737
49.00000	13.40697
48.99900	13.40615
48.99435	13.40236
48.99235	13.40237
48.99165	13.40252
48.99051	13.40248
48.98892	13.40271
48.98731	13.40291
48.98581	13.40556
48.98300	13.41069
48.97955	13.41738
48.97962	13.41694
48.97985	13.41533
48.97998	13.41456
48.97997	13.41438
48.98006	13.41310
48.98020	13.41125
48.98027	13.40990
48.98044	13.40744
48.98057	13.40549
48.98078	13.40416
48.98113	13.40186
48.98129	13.40087
48.98128	13.39928
48.98128	13.39701
48.98128	13.39632
48.98113	13.39582
48.98088	13.39470
48.98088	13.39363
48.98089	13.39278
48.98084	13.39156
48.97901	13.38958
48.97842	13.38896
48.97845	13.38880
48.97889	13.38732
48.97961	13.38487
48.98008	13.38336
48.98069	13.38114
48.98103	13.37995
48.98111	13.37939
48.98156	13.37774
48.98226	13.37526
48.98291	13.37281
48.98319	13.37175
48.98287	13.37075
48.98212	13.36853
48.98134	13.36621
48.98095	13.36511
48.98041	13.36506
48.98020	13.36496
48.97900	13.36490
48.97770	13.36476
48.97734	13.36474
48.97703	13.36472
48.97662	13.36434
48.97644	13.36433
48.97612	13.36430
48.97515	13.36415
48.97400	13.36403
48.97322	13.36396
48.97262	13.36390
48.97228	13.36384
48.97199	13.36388
48.97184	13.36387
48.97165	13.36386
48.97127	13.36331
48.97087	13.36272
48.97057	13.36236
48.97045	13.36217
48.97013	13.36195
48.96973	13.36173
48.96928	13.36145
48.96877	13.36121
48.96851	13.36089
48.96823	13.36058
48.96806	13.36023
48.96777	13.35969
48.96762	13.35899
48.96754	13.35861
48.96745	13.35849
48.96717	13.35833
48.96683	13.35831
48.96644	13.35828
48.96605	13.35828
48.96582	13.35819
48.96563	13.35794
48.96542	13.35742
48.96515	13.35672
48.96473	13.35554
48.96436	13.35518
48.96405	13.35498
48.96378	13.35486
48.96368	13.35476
48.96346	13.35444
48.96315	13.35412
48.96274	13.35369
48.96240	13.35337
48.96211	13.35306
48.96190	13.35274
48.96168	13.35220
48.96167	13.35139
48.96182	13.35084
48.96189	13.35014
48.96194	13.34916
48.96182	13.34889
48.96165	13.34868
48.96172	13.34827
48.96177	13.34784
48.96173	13.34753
48.96160	13.34732
48.96152	13.34727
48.96136	13.34717
48.96117	13.34692
48.96106	13.34657
48.96097	13.34629
48.96070	13.34543
48.96064	13.34521
48.96057	13.34466
48.96050	13.34440
48.96039	13.34418
48.96015	13.34398
48.95976	13.34391
48.95917	13.34379
48.95871	13.34376
48.95850	13.34361
48.95787	13.34310
48.95766	13.34296
48.95760	13.34270
48.95739	13.34219
48.95716	13.34168
48.95680	13.34131
48.95597	13.34041
48.95543	13.33989
48.95515	13.33969
48.95491	13.33973
48.95464	13.33963
48.95451	13.33944
48.95428	13.33901
48.95406	13.33841
48.95383	13.33762
48.95372	13.33730
48.95348	13.33613
48.95335	13.33544
48.95313	13.33468
48.95290	13.33436
48.95269	13.33416
48.95237	13.33411
48.95156	13.33404
48.95070	13.33399
48.95051	13.33396
48.95002	13.33362
48.94946	13.33332
48.94918	13.33326
48.94890	13.33324
48.94844	13.33338
48.94828	13.33348
48.94809	13.33325
48.94770	13.33258
48.94728	13.33212
48.94683	13.33169
48.94673	13.33131
48.94670	13.33064
48.94665	13.33029
48.94652	13.32983
48.94653	13.32949
48.94660	13.32932
48.94676	13.32928
48.94691	13.32945
48.94706	13.32952
48.94722	13.32945
48.94772	13.32892
48.94807	13.32887
48.94824	13.32866
48.94841	13.32808
48.94862	13.32761
48.94928	13.32684
48.94954	13.32613
48.94968	13.32598
48.95000	13.32590
48.95018	13.32581
48.95030	13.32553
48.95038	13.32511
48.95041	13.32494
48.95055	13.32468
48.95079	13.32434
48.95100	13.32365
48.95115	13.32293
48.95118	13.32261
48.95108	13.32222
48.95083	13.32152
48.95073	13.32101
48.95074	13.32062
48.95096	13.32011
48.95094	13.31989
48.95078	13.31968
48.95039	13.31936
48.95008	13.31902
48.94985	13.31862
48.94942	13.31815
48.94909	13.31770
48.94879	13.31723
48.94842	13.31689
48.94829	13.31664
48.94823	13.31634
48.94832	13.31595
48.94846	13.31570
48.94849	13.31512
48.94857	13.31465
48.94872	13.31437
48.94896	13.31409
48.94903	13.31392
48.94904	13.31341
48.94900	13.31223
48.94872	13.31168
48.94870	13.31153
48.94891	13.31098
48.94904	13.31008
48.94917	13.30982
48.94964	13.30933
48.95019	13.30871
48.95067	13.30794
48.95226	13.30556
48.95260	13.30505
48.95398	13.30261
48.95427	13.30218
48.95462	13.30184
48.95521	13.30141
48.95538	13.30107
48.95579	13.30115
48.95655	13.30104
48.95675	13.30090
48.95696	13.30076
48.95727	13.30051
48.95776	13.30031
48.95802	13.30021
48.95812	13.30012
48.95802	13.29961
48.95800	13.29938
48.95794	13.29875
48.95772	13.29773
48.95775	13.29724
48.95768	13.29675
48.95769	13.29645
48.95777	13.29604
48.95777	13.29583
48.95773	13.29564
48.95757	13.29536
48.95753	13.29519
48.95739	13.29493
48.95711	13.29457
48.95635	13.29380
48.95614	13.29338
48.95605	13.29301
48.95605	13.29269
48.95614	13.29216
48.95632	13.29163
48.95659	13.29092
48.95684	13.29060
48.95706	13.29021
48.95718	13.28976
48.95722	13.28944
48.95718	13.28897
48.95723	13.28829
48.95723	13.28797
48.95727	13.28754
48.95739	13.28701
48.95742	13.28667
48.95764	13.28571
48.95767	13.28524
48.95776	13.28477
48.95795	13.28425
48.95795	13.28366
48.95798	13.28321
48.95786	13.28289
48.95750	13.28254
48.95731	13.28244
48.95677	13.28236
48.95620	13.28189
48.95586	13.28170
48.95533	13.28161
48.95514	13.28153
48.95492	13.28129
48.95436	13.28130
48.95312	13.28076
48.95255	13.28068
48.95224	13.28060
48.95191	13.27975
48.95166	13.27932
48.95145	13.27916
48.95125	13.27906
48.95110	13.27906
48.95059	13.27941
48.95024	13.28009
48.94907	13.28174
48.94832	13.28240
48.94790	13.28292
48.94669	13.28457
48.94614	13.28545
48.94597	13.28547
48.94544	13.28536
48.94503	13.28536
48.94418	13.28575
48.94365	13.28592
48.94351	13.28605
48.94333	13.28644
48.94311	13.28661
48.94270	13.28670
48.94236	13.28668
48.94214	13.28653
48.94163	13.28602
48.94125	13.28570
48.94114	13.28523
48.94101	13.28454
48.94086	13.28399
48.94083	13.28358
48.94075	13.28307
48.94063	13.28275
48.94048	13.28255
48.94037	13.28248
48.94021	13.28239
48.93951	13.28233
48.93930	13.28224
48.93913	13.28205
48.93888	13.28169
48.93860	13.28167
48.93801	13.28174
48.93752	13.28193
48.93683	13.28242
48.93662	13.28249
48.93628	13.28249
48.93595	13.28257
48.93566	13.28275
48.93507	13.28300
48.93474	13.28309
48.93441	13.28303
48.93418	13.28307
48.93394	13.28326
48.93378	13.28344
48.93383	13.28391
48.93376	13.28472
48.93373	13.28572
48.93375	13.28642
48.93386	13.28694
48.93385	13.28730
48.93372	13.28777
48.93357	13.28811
48.93309	13.28955
48.93276	13.29023
48.93248	13.29064
48.93231	13.29085
48.93208	13.29085
48.93179	13.29092
48.93159	13.29102
48.93147	13.29126
48.93145	13.29156
48.93141	13.29175
48.93129	13.29201
48.93052	13.29265
48.93028	13.29297
48.93001	13.29310
48.92945	13.29421
48.92924	13.29436
48.92906	13.29464
48.92891	13.29498
48.92875	13.29513
48.92833	13.29535
48.92781	13.29554
48.92766	13.29569
48.92753	13.29593
48.92736	13.29606
48.92682	13.29621
48.92659	13.29623
48.92631	13.29613
48.92612	13.29597
48.92599	13.29576
48.92585	13.29564
48.92537	13.29547
48.92526	13.29538
48.92508	13.29491
48.92498	13.29440
48.92477	13.29382
48.92461	13.29357
48.92426	13.29355
48.92410	13.29338
48.92392	13.29335
48.92339	13.29351
48.92318	13.29341
48.92289	13.29327
48.92241	13.29321
48.92219	13.29328
48.92171	13.29326
48.92157	13.29317
48.92146	13.29300
48.92120	13.29281
48.92092	13.29249
48.92014	13.29172
48.91974	13.29151
48.91955	13.29130
48.91925	13.29132
48.91899	13.29124
48.91879	13.29100
48.91867	13.29075
48.91851	13.29055
48.91831	13.29049
48.91822	13.29019
48.91810	13.28985
48.91801	13.28975
48.91789	13.28968
48.91786	13.28951
48.91777	13.28938
48.91766	13.28938
48.91758	13.28926
48.91754	13.28891
48.91747	13.28862
48.91737	13.28834
48.91696	13.28753
48.91696	13.28725
48.91676	13.28663
48.91684	13.28629
48.91662	13.28591
48.91634	13.28574
48.91607	13.28570
48.91555	13.28514
48.91536	13.28529
48.91516	13.28521
48.91502	13.28489
48.91467	13.28457
48.91443	13.28403
48.91436	13.28372
48.91446	13.28288
48.91436	13.28252
48.91412	13.28207
48.91396	13.28190
48.91368	13.28180
48.91336	13.28173
48.91318	13.28163
48.91299	13.28120
48.91285	13.28105
48.91271	13.28103
48.91240	13.28114
48.91222	13.28114
48.91207	13.28108
48.91207	13.28080
48.91186	13.28024
48.91139	13.27990
48.91128	13.27995
48.91120	13.28012
48.91111	13.28044
48.91113	13.28063
48.91097	13.28091
48.91089	13.28119
48.91089	13.28134
48.91078	13.28140
48.91065	13.28140
48.91060	13.28157
48.91044	13.28172
48.91032	13.28198
48.91018	13.28202
48.90990	13.28202
48.90946	13.28279
48.90927	13.28301
48.90892	13.28299
48.90857	13.28314
48.90840	13.28329
48.90821	13.28312
48.90796	13.28316
48.90755	13.28346
48.90737	13.28363
48.90718	13.28372
48.90677	13.28364
48.90667	13.28366
48.90651	13.28411
48.90642	13.28443
48.90630	13.28443
48.90620	13.28428
48.90599	13.28441
48.90576	13.28443
48.90564	13.28441
48.90540	13.28460
48.90470	13.28439
48.90448	13.28428
48.90431	13.28437
48.90405	13.28467
48.90367	13.28467
48.90349	13.28473
48.90327	13.28516
48.90308	13.28527
48.90290	13.28523
48.90279	13.28510
48.90254	13.28512
48.90243	13.28534
48.90241	13.28572
48.90236	13.28589
48.90222	13.28591
48.90199	13.28579
48.90178	13.28572
48.90161	13.28574
48.90119	13.28506
48.90105	13.28496
48.90080	13.28494
48.90054	13.28487
48.90028	13.28494
48.90015	13.28504
48.90004	13.28494
48.89978	13.28430
48.89987	13.28409
48.89975	13.28387
48.89962	13.28372
48.89942	13.28396
48.89923	13.28392
48.89915	13.28380
48.89898	13.28355
48.89882	13.28331
48.89862	13.28317
48.89866	13.28238
48.89841	13.28247
48.89832	13.28233
48.89807	13.28254
48.89790	13.28233
48.89784	13.28282
48.89774	13.28300
48.89754	13.28308
48.89735	13.28306
48.89716	13.28318
48.89700	13.28315
48.89693	13.28314
48.89674	13.28301
48.89667	13.28282
48.89665	13.28181
48.89674	13.28155
48.89706	13.28139
48.89711	13.28125
48.89706	13.28097
48.89671	13.28062
48.89669	13.28047
48.89682	13.28038
48.89700	13.28036
48.89704	13.28021
48.89698	13.28008
48.89670	13.28002
48.89659	13.27988
48.89655	13.27954
48.89642	13.27931
48.89625	13.27927
48.89594	13.27930
48.89562	13.27916
48.89532	13.27880
48.89505	13.27870
48.89487	13.27851
48.89460	13.27789
48.89452	13.27780
48.89431	13.27775
48.89409	13.27782
48.89386	13.27802
48.89381	13.27833
48.89372	13.27851
48.89354	13.27847
48.89344	13.27822
48.89331	13.27845
48.89327	13.27949
48.89315	13.27960
48.89294	13.27954
48.89299	13.27924
48.89268	13.27933
48.89259	13.27954
48.89269	13.27988
48.89269	13.28014
48.89257	13.28033
48.89227	13.28051
48.89231	13.28067
48.89252	13.28078
48.89259	13.28097
48.89275	13.28107
48.89288	13.28121
48.89310	13.28134
48.89318	13.28148
48.89312	13.28164
48.89294	13.28170
48.89304	13.28187
48.89301	13.28200
48.89286	13.28202
48.89250	13.28201
48.89225	13.28242
48.89230	13.28260
48.89183	13.28310
48.89174	13.28310
48.89173	13.28327
48.89152	13.28344
48.89139	13.28347
48.89134	13.28368
48.89131	13.28393
48.89124	13.28400
48.89119	13.28381
48.89100	13.28375
48.89075	13.28384
48.89064	13.28395
48.89056	13.28396
48.89046	13.28386
48.89034	13.28361
48.89020	13.28357
48.89005	13.28374
48.89001	13.28392
48.89004	13.28413
48.89026	13.28429
48.89032	13.28448
48.89029	13.28511
48.89020	13.28513
48.88995	13.28449
48.88981	13.28447
48.88955	13.28481
48.88933	13.28480
48.88914	13.28457
48.88890	13.28449
48.88853	13.28462
48.88836	13.28462
48.88815	13.28451
48.88768	13.28387
48.88749	13.28373
48.88692	13.28341
48.88680	13.28334
48.88656	13.28327
48.88582	13.28361
48.88568	13.28384
48.88566	13.28448
48.88552	13.28480
48.88532	13.28516
48.88523	13.28520
48.88516	13.28523
48.88503	13.28536
48.88483	13.28590
48.88414	13.28656
48.88408	13.28652
48.88398	13.28691
48.88404	13.28708
48.88390	13.28720
48.88372	13.28751
48.88364	13.28770
48.88343	13.28787
48.88327	13.28790
48.88312	13.28781
48.88282	13.28727
48.88268	13.28679
48.88241	13.28590
48.88205	13.28509
48.88200	13.28486
48.88197	13.28444
48.88186	13.28402
48.88151	13.28354
48.88121	13.28324
48.88090	13.28310
48.88031	13.28305
48.87987	13.28331
48.87940	13.28383
48.87775	13.28580
48.87772	13.28542
48.87735	13.28446
48.87737	13.28380
48.87732	13.28312
48.87723	13.28271
48.87667	13.28199
48.87643	13.28191
48.87627	13.28150
48.87616	13.28082
48.87600	13.28074
48.87574	13.28081
48.87561	13.28098
48.87550	13.28132
48.87414	13.28161
48.87391	13.28151
48.87376	13.28117
48.87349	13.28096
48.87328	13.28041
48.87322	13.28026
48.87312	13.27919
48.87291	13.27870
48.87289	13.27793
48.87275	13.27759
48.87260	13.27740
48.87290	13.27719
48.87295	13.27686
48.87305	13.27678
48.87309	13.27605
48.87293	13.27539
48.87297	13.27465
48.87289	13.27358
48.87260	13.27330
48.87258	13.27313
48.87268	13.27303
48.87291	13.27294
48.87302	13.27257
48.87303	13.27236
48.87288	13.27221
48.87296	13.27215
48.87303	13.27195
48.87297	13.27178
48.87352	13.27105
48.87353	13.27084
48.87365	13.27071
48.87367	13.27026
48.87391	13.27021
48.87386	13.27004
48.87395	13.26997
48.87414	13.26999
48.87426	13.26977
48.87441	13.26969
48.87466	13.26932
48.87503	13.26912
48.87521	13.26873
48.87546	13.26845
48.87559	13.26802
48.87562	13.26772
48.87570	13.26742
48.87564	13.26712
48.87559	13.26667
48.87559	13.26631
48.87564	13.26593
48.87592	13.26517
48.87589	13.26468
48.87579	13.26437
48.87578	13.26385
48.87588	13.26362
48.87589	13.26334
48.87577	13.26317
48.87570	13.26272
48.87570	13.26236
48.87564	13.26198
48.87563	13.26175
48.87584	13.26134
48.87595	13.26020
48.87614	13.25971
48.87618	13.25932
48.87610	13.25898
48.87611	13.25856
48.87628	13.25806
48.87637	13.25751
48.87672	13.25664
48.87667	13.25635
48.87672	13.25564
48.87686	13.25513
48.87697	13.25489
48.87719	13.25476
48.87728	13.25454
48.87727	13.25410
48.87755	13.25358
48.87804	13.25205
48.87806	13.25168
48.87777	13.25139
48.87737	13.25089
48.87709	13.25070
48.87684	13.25071
48.87646	13.25061
48.87630	13.25081
48.87622	13.25082
48.87561	13.25088
48.87528	13.25068
48.87494	13.25062
48.87479	13.25071
48.87479	13.25096
48.87461	13.25112
48.87441	13.25121
48.87418	13.25119
48.87383	13.25090
48.87356	13.25071
48.87332	13.25055
48.87308	13.25051
48.87277	13.25034
48.87268	13.25013
48.87238	13.24999
48.87236	13.24988
48.87177	13.24934
48.87097	13.24936
48.87064	13.24932
48.87036	13.24914
48.86966	13.24951
48.86881	13.24955
48.86856	13.24962
48.86834	13.24976
48.86815	13.24974
48.86787	13.24964
48.86777	13.24966
48.86776	13.24990
48.86772	13.24996
48.86752	13.24975
48.86701	13.24961
48.86660	13.24958
48.86647	13.24969
48.86624	13.24957
48.86597	13.24961
48.86501	13.24969
48.86436	13.24961
48.86419	13.24940
48.86397	13.24920
48.86368	13.24903
48.86295	13.24883
48.86241	13.24854
48.86207	13.24796
48.86188	13.24779
48.86154	13.24771
48.86114	13.24772
48.86092	13.24734
48.86086	13.24721
48.86091	13.24670
48.86063	13.24611
48.86057	13.24561
48.86059	13.24531
48.86056	13.24476
48.86064	13.24421
48.86070	13.24404
48.86075	13.24391
48.86077	13.24348
48.86060	13.24306
48.86043	13.24273
48.86043	13.24230
48.86031	13.24171
48.86025	13.24116
48.86039	13.24039
48.86041	13.23976
48.86039	13.23840
48.86047	13.23763
48.86044	13.23691
48.86027	13.23645
48.86010	13.23578
48.85951	13.23472
48.85930	13.23435
48.85912	13.23367
48.85917	13.23270
48.85931	13.23197
48.85942	13.23150
48.85941	13.23129
48.85921	13.23087
48.85913	13.23040
48.85909	13.22990
48.85886	13.22956
48.85861	13.22893
48.85849	13.22893
48.85841	13.22872
48.85846	13.22830
48.85840	13.22779
48.85839	13.22707
48.85825	13.22682
48.85805	13.22661
48.85802	13.22610
48.85804	13.22504
48.85787	13.22475
48.85771	13.22455
48.85744	13.22382
48.85719	13.22344
48.85716	13.22294
48.85716	13.22285
48.85718	13.22238
48.85715	13.22205
48.85731	13.22119
48.85745	13.22094
48.85753	13.22051
48.85747	13.22005
48.85772	13.21983
48.85803	13.21995
48.85811	13.21957
48.85794	13.21932
48.85813	13.21872
48.85813	13.21825
48.85818	13.21778
48.85829	13.21757
48.85838	13.21723
48.85815	13.21689
48.85822	13.21581
48.85824	13.21551
48.85824	13.21541
48.85830	13.21503
48.85838	13.21439
48.85883	13.21374
48.85927	13.21344
48.85958	13.21335
48.85981	13.21332
48.85997	13.21330
48.86039	13.21329
48.86121	13.21277
48.86174	13.21251
48.86196	13.21225
48.86229	13.21160
48.86259	13.21111
48.86268	13.21096
48.86282	13.21058
48.86290	13.20965
48.86303	13.20922
48.86311	13.20910
48.86326	13.20887
48.86328	13.20832
48.86372	13.20721
48.86383	13.20712
48.86397	13.20691
48.86485	13.20431
48.86482	13.20405
48.86459	13.20368
48.86436	13.20360
48.86408	13.20335
48.86402	13.20301
48.86385	13.20249
48.86371	13.20208
48.86357	13.20208
48.86340	13.20170
48.86333	13.20107
48.86305	13.20090
48.86288	13.20057
48.86288	13.20040
48.86282	13.19989
48.86270	13.19947
48.86268	13.19926
48.86272	13.19875
48.86264	13.19866
48.86261	13.19833
48.86264	13.19798
48.86272	13.19773
48.86272	13.19743
48.86266	13.19714
48.86274	13.19692
48.86276	13.19646
48.86270	13.19523
48.86281	13.19531
48.86290	13.19532
48.86393	13.19538
48.86411	13.19558
48.86411	13.19596
48.86408	13.19631
48.86414	13.19707
48.86429	13.19753
48.86443	13.19779
48.86444	13.19842
48.86450	13.19906
48.86464	13.19943
48.86467	13.19986
48.86468	13.20054
48.86460	13.20084
48.86455	13.20164
48.86463	13.20181
48.86480	13.20206
48.86511	13.20222
48.86574	13.20323
48.86599	13.20331
48.86633	13.20365
48.86667	13.20385
48.86689	13.20368
48.86706	13.20329
48.86737	13.20295
48.86708	13.20172
48.86727	13.20121
48.86738	13.20112
48.86825	13.20068
48.86839	13.20043
48.86863	13.19966
48.86852	13.19932
48.86854	13.19877
48.86832	13.19882
48.86807	13.19870
48.86710	13.19731
48.86723	13.19345
48.86735	13.19319
48.86739	13.19171
48.86863	13.19211
48.86870	13.19364
48.86982	13.19421
48.87017	13.19463
48.87031	13.19475
48.87062	13.19488
48.87076	13.19483
48.87146	13.19431
48.87199	13.19400
48.87221	13.19400
48.87241	13.19412
48.87252	13.19433
48.87269	13.19450
48.87317	13.19441
48.87322	13.19394
48.87319	13.19373
48.87305	13.19365
48.87300	13.19377
48.87289	13.19382
48.87257	13.19314
48.87226	13.19294
48.87209	13.19264
48.87206	13.19243
48.87217	13.19218
48.87239	13.19209
48.87262	13.19187
48.87281	13.19140
48.87278	13.19119
48.87246	13.19001
48.87232	13.18976
48.87218	13.18963
48.87198	13.18972
48.87170	13.18977
48.87145	13.18964
48.87120	13.18999
48.87097	13.19016
48.87058	13.18991
48.87066	13.18962
48.87069	13.18923
48.87079	13.18885
48.87099	13.18868
48.87127	13.18850
48.87127	13.18825
48.87236	13.18814
48.87233	13.18772
48.87176	13.18680
48.87173	13.18650
48.87221	13.18620
48.87249	13.18606
48.87256	13.18470
48.87236	13.18454
48.87250	13.18416
48.87312	13.18427
48.87323	13.18359
48.87331	13.18195
48.87331	13.18184
48.87332	13.18172
48.87250	13.18089
48.87174	13.18035
48.87061	13.17974
48.86900	13.17921
48.86785	13.17910
48.86783	13.17851
48.86795	13.17703
48.86803	13.17698
48.86896	13.17739
48.86944	13.17776
48.86969	13.17708
48.87174	13.17709
48.87222	13.17712
48.87275	13.17724
48.87344	13.17490
48.87371	13.17400
48.87329	13.17379
48.87309	13.17426
48.87203	13.17428
48.87231	13.17466
48.87192	13.17530
48.87113	13.17443
48.87110	13.17421
48.87112	13.17387
48.87118	13.17366
48.87162	13.17293
48.87165	13.17272
48.87153	13.17242
48.87165	13.17221
48.87215	13.17190
48.87203	13.17165
48.87194	13.17110
48.87144	13.17119
48.87141	13.17064
48.87145	13.16988
48.87087	13.16959
48.87105	13.17133
48.87094	13.17163
48.87072	13.17184
48.87024	13.17219
48.86988	13.17237
48.86949	13.17276
48.86876	13.17336
48.86874	13.17472
48.86858	13.17477
48.86835	13.17545
48.86819	13.17575
48.86794	13.17592
48.86771	13.17584
48.86760	13.17563
48.86743	13.17521
48.86675	13.17509
48.86866	13.16743
48.87001	13.16774
48.86981	13.16745
48.86972	13.16707
48.86972	13.16669
48.87044	13.16544
48.87055	13.16540
48.87091	13.16535
48.87134	13.16534
48.87179	13.16572
48.87195	13.16476
48.87199	13.16418
48.87213	13.16378
48.87217	13.16341
48.87227	13.16303
48.87230	13.16267
48.87225	13.16218
48.87241	13.16160
48.87238	13.16143
48.87238	13.16072
48.87250	13.16044
48.87247	13.16021
48.87257	13.15987
48.87261	13.15942
48.87263	13.15880
48.87257	13.15842
48.87240	13.15822
48.87266	13.15807
48.87285	13.15805
48.87279	13.15781
48.87273	13.15737
48.87285	13.15718
48.87302	13.15720
48.87314	13.15705
48.87306	13.15687
48.87313	13.15670
48.87313	13.15643
48.87324	13.15572
48.87340	13.15544
48.87351	13.15518
48.87369	13.15503
48.87380	13.15493
48.87408	13.15474
48.87433	13.15435
48.87465	13.15369
48.87454	13.15337
48.87450	13.15294
48.87441	13.15262
48.87441	13.15232
48.87447	13.15187
48.87446	13.15151
48.87477	13.15068
48.87780	13.14406
48.87807	13.14338
48.87787	13.14336
48.87732	13.14362
48.87707	13.14368
48.87653	13.14334
48.87642	13.14311
48.87644	13.14292
48.87691	13.14268
48.87720	13.14242
48.87736	13.14240
48.87768	13.14268
48.87798	13.14205
48.87813	13.14214
48.87834	13.14167
48.87881	13.14179
48.87923	13.14183
48.87933	13.14200
48.87935	13.14230
48.87946	13.14224
48.87965	13.14213
48.87979	13.14205
48.88074	13.14108
48.88064	13.14085
48.88084	13.14063
48.88102	13.14029
48.88142	13.13890
48.88170	13.13804
48.88194	13.13764
48.88245	13.13665
48.88258	13.13616
48.88293	13.13720
48.88372	13.13639
48.88360	13.13492
48.88359	13.13293
48.88366	13.13201
48.88377	13.13112
48.88392	13.13013
48.88402	13.12973
48.88417	13.12951
48.88438	13.12938
48.88492	13.12936
48.88518	13.12914
48.88557	13.12852
48.88607	13.12770
48.88662	13.12689
48.88690	13.12689
48.88701	13.12614
48.88674	13.12604
48.88679	13.12561
48.88696	13.12561
48.88725	13.12525
48.88768	13.12448
48.88792	13.12416
48.88792	13.12373
48.88805	13.12304
48.88805	13.12257
48.88800	13.12185
48.88787	13.12114
48.88782	13.12067
48.88789	13.12031
48.88659	13.12045
48.88618	13.12034
48.88592	13.12024
48.88569	13.12000
48.88554	13.11973
48.88543	13.11945
48.88524	13.11881
48.88519	13.11830
48.88517	13.11770
48.88469	13.11649
48.88451	13.11613
48.88400	13.11581
48.88324	13.11669
48.88286	13.11611
48.88241	13.11565
48.88161	13.11514
48.88234	13.11321
48.88250	13.11261
48.88267	13.11176
48.88290	13.10988
48.88295	13.10969
48.88304	13.10934
48.88316	13.10871
48.88277	13.10828
48.88234	13.10792
48.88208	13.10762
48.88159	13.10747
48.88100	13.10741
48.88099	13.10724
48.88104	13.10705
48.88120	13.10675
48.88137	13.10651
48.88172	13.10656
48.88143	13.10579
48.88135	13.10581
48.88113	13.10611
48.88099	13.10581
48.88099	13.10566
48.88124	13.10493
48.88147	13.10451
48.88193	13.10402
48.88218	13.10369
48.88233	13.10320
48.88240	13.10286
48.88193	13.10250
48.88178	13.10231
48.88166	13.10203
48.88132	13.10163
48.88095	13.10129
48.88064	13.10093
48.88036	13.10071
48.87985	13.10050
48.87980	13.10031
48.87979	13.10005
48.87986	13.09971
48.88018	13.09903
48.88048	13.09854
48.88076	13.09832
48.88133	13.09811
48.88157	13.09810
48.88171	13.09827
48.88264	13.09846
48.88291	13.09844
48.88309	13.09831
48.88324	13.09805
48.88336	13.09766
48.88347	13.09756
48.88369	13.09749
48.88328	13.09613
48.88318	13.09553
48.88277	13.09489
48.88255	13.09443
48.88228	13.09338
48.88195	13.09238
48.88184	13.09207
48.88175	13.09180
48.88166	13.09155
48.88102	13.08970
48.88063	13.08829
48.88032	13.08708
48.88018	13.08656
48.88001	13.08539
48.88017	13.08483
48.88023	13.08441
48.87997	13.08409
48.88001	13.08387
48.88019	13.08368
48.88018	13.08338
48.88023	13.08304
48.88026	13.08263
48.88027	13.08178
48.88031	13.08097
48.88035	13.08065
48.88056	13.08030
48.88056	13.08007
48.88045	13.07977
48.88034	13.07973
48.88032	13.07943
48.88039	13.07930
48.88032	13.07910
48.88028	13.07896
48.88040	13.07868
48.88064	13.07830
48.88074	13.07785
48.88075	13.07744
48.88072	13.07717
48.88048	13.07706
48.88054	13.07687
48.88068	13.07670
48.88067	13.07657
48.88073	13.07627
48.88097	13.07556
48.88156	13.07437
48.88157	13.07407
48.88184	13.07364
48.88187	13.07325
48.88199	13.07308
48.88198	13.07283
48.88203	13.07259
48.88209	13.07218
48.88211	13.07197
48.88202	13.07191
48.88200	13.07176
48.88207	13.07154
48.88221	13.07124
48.88224	13.07084
48.88234	13.07039
48.88217	13.07037
48.88208	13.07026
48.88207	13.06999
48.88200	13.06945
48.88191	13.06915
48.88200	13.06883
48.88197	13.06824
48.88202	13.06813
48.88206	13.06760
48.88203	13.06691
48.88182	13.06563
48.88192	13.06510
48.88182	13.06480
48.88193	13.06356
48.88190	13.06288
48.88182	13.06213
48.88182	13.06168
48.88213	13.06162
48.88234	13.06100
48.88247	13.06087
48.88269	13.06076
48.88286	13.06059
48.88301	13.06048
48.88307	13.06014
48.88314	13.05997
48.88346	13.05964
48.88363	13.05941
48.88367	13.05905
48.88380	13.05858
48.88402	13.05853
48.88433	13.05840
48.88533	13.05831
48.88560	13.05820
48.88582	13.05797
48.88603	13.05780
48.88616	13.05752
48.88643	13.05720
48.88682	13.05685
48.88694	13.05664
48.88728	13.05632
48.88742	13.05604
48.88743	13.05580
48.88755	13.05540
48.88797	13.05501
48.88903	13.05383
48.89019	13.05271
48.89067	13.05237
48.89147	13.05166
48.89190	13.05134
48.89225	13.05097
48.89284	13.05022
48.89322	13.04962
48.89365	13.04877
48.89466	13.04652
48.89523	13.04560
48.89563	13.04508
48.89577	13.04491
48.89900	13.04177
48.90040	13.04195
48.90071	13.04195
48.90129	13.04184
48.90150	13.04186
48.90175	13.04199
48.90189	13.04118
48.90199	13.04041
48.90199	13.03979
48.90183	13.03791
48.90176	13.03638
48.90257	13.03569
48.90279	13.03535
48.90305	13.03501
48.90335	13.03484
48.90383	13.03467
48.90435	13.03456
48.90491	13.03454
48.90535	13.03456
48.90617	13.03484
48.90648	13.03484
48.90697	13.03475
48.90770	13.03469
48.90802	13.03462
48.90830	13.03441
48.90854	13.03407
48.90643	13.02941
48.90585	13.02814
48.91032	13.02380
48.91083	13.02333
48.91157	13.02273
48.91221	13.02211
48.91303	13.02120
48.91420	13.02023
48.91439	13.01972
48.91608	13.01812
48.91742	13.01692
48.91781	13.01675
48.91817	13.01647
48.91855	13.01598
48.92067	13.01393
48.91871	13.00851
48.91938	13.00804
48.91964	13.00774
48.91986	13.00739
48.92061	13.00667
48.92097	13.00639
48.92107	13.00665
48.92126	13.00688
48.92146	13.00697
48.92185	13.00705
48.92221	13.00707
48.92256	13.00697
48.92280	13.00684
48.92405	13.00975
48.92429	13.01032
48.92440	13.01026
48.92594	13.01440
48.92625	13.01523
48.92120	13.02079
48.92108	13.02100
48.92106	13.02124
48.92225	13.02580
48.92303	13.02852
48.92327	13.02815
48.92354	13.02792
48.92416	13.02747
48.92454	13.02726
48.92464	13.02756
48.92482	13.02768
48.92499	13.02768
48.92515	13.02760
48.92532	13.02726
48.92566	13.02657
48.92590	13.02679
48.92552	13.02756
48.92604	13.02798
48.92633	13.02813
48.92663	13.02815
48.92712	13.02807
48.92727	13.02800
48.92782	13.02766
48.92829	13.02762
48.92876	13.02764
48.92967	13.02787
48.93082	13.02779
48.93163	13.02783
48.93304	13.02768
48.93517	13.02755
48.93573	13.02762
48.93612	13.02757
48.93661	13.02747
48.93699	13.02732
48.93750	13.02695
48.93792	13.02672
48.93889	13.02586
48.93966	13.02512
48.93993	13.02490
48.94044	13.02490
48.94086	13.02486
48.94124	13.02499
48.94187	13.02531
48.94217	13.02440
48.94342	13.02067
48.94377	13.01980
48.94390	13.01700
48.94432	13.01640
48.94453	13.01657
48.94558	13.01573
48.94572	13.01524
48.94611	13.01452
48.94777	13.01184
48.94857	13.01060
48.94892	13.01001
48.94909	13.00947
48.94924	13.00924
48.94936	13.00898
48.94949	13.00823
48.94949	13.00793
48.94913	13.00633
48.94905	13.00582
48.94888	13.00498
48.94876	13.00413
48.94873	13.00334
48.94876	13.00261
48.94885	13.00186
48.94891	13.00150
48.94897	13.00118
48.94903	13.00066
48.94906	13.00041
48.94907	12.99987
48.94904	12.99834
48.94859	12.99693
48.94892	12.99588
48.94889	12.99565
48.94852	12.99469
48.94841	12.99449
48.94809	12.99392
48.94807	12.99364
48.94805	12.99323
48.94826	12.99268
48.94824	12.99249
48.94835	12.99215
48.94831	12.99178
48.94835	12.99121
48.94828	12.99069
48.94847	12.98920
48.94856	12.98888
48.94867	12.98873
48.94888	12.98894
48.94919	12.98853
48.94924	12.98813
48.94959	12.98761
48.94959	12.98693
48.94982	12.98642
48.95011	12.98494
48.95014	12.98434
48.95022	12.98407
48.95031	12.98394
48.95090	12.98398
48.95123	12.98383
48.95160	12.98349
48.95134	12.98342
48.95120	12.98328
48.95151	12.98317
48.95161	12.98310
48.95165	12.98300
48.95165	12.98289
48.95147	12.98278
48.95171	12.98263
48.95199	12.98231
48.95224	12.98171
48.95237	12.98171
48.95279	12.98114
48.95306	12.98094
48.95334	12.98045
48.95318	12.98000
48.95343	12.98011
48.95360	12.98024
48.95364	12.98017
48.95364	12.98007
48.95348	12.97962
48.95370	12.97956
48.95377	12.97883
48.95365	12.97866
48.95398	12.97859
48.95401	12.97810
48.95426	12.97827
48.95466	12.97812
48.95516	12.97810
48.95516	12.97767
48.95538	12.97782
48.95555	12.97733
48.95547	12.97701
48.95565	12.97713
48.95580	12.97749
48.95600	12.97760
48.95634	12.97696
48.95673	12.97730
48.95741	12.97734
48.95749	12.97700
48.95721	12.97670
48.95690	12.97640
48.95681	12.97610
48.95678	12.97538
48.95342	12.97705
48.95290	12.97770
48.95279	12.97767
48.95253	12.97808
48.95237	12.97862
48.95217	12.97870
48.95200	12.97860
48.95186	12.97857
48.95172	12.97862
48.95127	12.97853
48.95107	12.97832
48.95104	12.97817
48.95094	12.97787
48.95049	12.97708
48.95047	12.97668
48.95034	12.97653
48.94994	12.97580
48.94987	12.97493
48.94963	12.97444
48.94949	12.97423
48.94910	12.97412
48.94903	12.97395
48.94915	12.97307
48.94910	12.97273
48.94856	12.97132
48.94862	12.96985
48.94856	12.96891
48.94915	12.96816
48.94896	12.96756
48.94903	12.96599
48.94893	12.96522
48.94889	12.96490
48.94879	12.96438
48.94821	12.96441
48.94785	12.96426
48.94768	12.96411
48.94708	12.96315
48.94743	12.96266
48.94736	12.96221
48.94675	12.96226
48.94651	12.96168
48.94640	12.96123
48.94642	12.96083
48.94595	12.96074
48.94551	12.96057
48.94522	12.96032
48.94509	12.96004
48.94468	12.96013
48.94422	12.96058
48.94386	12.96058
48.94357	12.96041
48.94248	12.96000
48.94197	12.95999
48.94189	12.96009
48.94161	12.96073
48.94008	12.96068
48.93916	12.96034
48.93849	12.96034
48.93806	12.95918
48.93692	12.95774
48.93593	12.95765
48.93545	12.95792
48.93503	12.95815
48.93382	12.95811
48.93361	12.95813
48.93177	12.95850
48.93128	12.95876
48.93001	12.95902
48.92992	12.95835
48.92989	12.95814
48.92995	12.95667
48.92995	12.95507
48.92956	12.95488
48.92935	12.95466
48.92878	12.95392
48.92871	12.95362
48.92868	12.95285
48.92839	12.95163
48.92820	12.95146
48.92814	12.95136
48.92828	12.95037
48.92826	12.94927
48.92825	12.94890
48.92829	12.94807
48.92837	12.94798
48.92849	12.94786
48.92916	12.94734
48.93023	12.94580
48.93138	12.94498
48.93206	12.94571
48.93243	12.94575
48.93312	12.94711
48.93358	12.94711
48.93367	12.94686
48.93436	12.94656
48.93430	12.94600
48.93472	12.94563
48.93527	12.94506
48.93558	12.94640
48.93527	12.94685
48.93476	12.94737
48.93388	12.94773
48.93398	12.94848
48.93430	12.94829
48.93436	12.94895
48.93483	12.94899
48.93475	12.94967
48.93436	12.94991
48.93504	12.95142
48.93543	12.95101
48.93637	12.95221
48.93717	12.95235
48.93802	12.95180
48.93838	12.95164
48.93884	12.95156
48.93985	12.95151
48.94050	12.95147
48.94022	12.95074
48.94079	12.94987
48.94122	12.94974
48.94116	12.94931
48.94076	12.94859
48.94107	12.94835
48.94109	12.94792
48.94128	12.94777
48.94124	12.94707
48.94130	12.94660
48.94127	12.94587
48.94146	12.94510
48.94129	12.94455
48.94100	12.94423
48.94078	12.94417
48.94042	12.94438
48.94029	12.94408
48.93986	12.94440
48.93946	12.94383
48.93913	12.94432
48.93865	12.94345
48.93918	12.94293
48.93927	12.94225
48.93924	12.94182
48.93921	12.94169
48.93895	12.94110
48.93879	12.94026
48.93870	12.93971
48.93910	12.93907
48.93910	12.93896
48.93899	12.93868
48.93881	12.93840
48.93856	12.93791
48.93878	12.93644
48.93819	12.93649
48.93770	12.93529
48.93746	12.93461
48.93679	12.93237
48.93670	12.93205
48.93643	12.93098
48.93629	12.92904
48.93631	12.92769
48.93650	12.92598
48.93648	12.92575
48.93631	12.92402
48.93623	12.92199
48.93642	12.92128
48.93637	12.92078
48.93632	12.92069
48.93615	12.92009
48.93551	12.91930
48.93547	12.91864
48.93565	12.91832
48.93572	12.91836
48.93578	12.91807
48.93570	12.91728
48.93597	12.91672
48.93603	12.91650
48.93604	12.91619
48.93586	12.91595
48.93608	12.91559
48.93632	12.91597
48.93637	12.91578
48.93632	12.91563
48.93617	12.91533
48.93625	12.91490
48.93623	12.91433
48.93586	12.91328
48.93590	12.91319
48.93599	12.91300
48.93673	12.91210
48.93703	12.91163
48.93724	12.91129
48.93802	12.91054
48.93799	12.91016
48.93838	12.90964
48.93898	12.90817
48.93935	12.90798
48.93935	12.90772
48.94074	12.90663
48.94109	12.90618
48.94141	12.90558
48.94152	12.90564
48.94275	12.90399
48.94311	12.90312
48.94374	12.90258
48.94419	12.90207
48.94461	12.90145
48.94530	12.90061
48.94590	12.90029
48.94669	12.89977
48.94714	12.89973
48.94762	12.90024
48.94797	12.90033
48.94835	12.90028
48.94852	12.90009
48.94895	12.89947
48.94915	12.89900
48.94926	12.89759
48.94965	12.89701
48.95095	12.89667
48.95136	12.89634
48.95157	12.89592
48.95184	12.89553
48.95212	12.89536
48.95219	12.89504
48.95235	12.89465
48.95285	12.89420
48.95286	12.89408
48.95295	12.89382
48.95297	12.89350
48.95311	12.89331
48.95326	12.89324
48.95394	12.89277
48.95411	12.89224
48.95449	12.89130
48.95466	12.89108
48.95541	12.89057
48.95598	12.88995
48.95668	12.88943
48.95694	12.88902
48.95712	12.88892
48.95768	12.88872
48.95789	12.88849
48.95825	12.88832
48.95864	12.88746
48.95942	12.88632
48.96177	12.88504
48.96245	12.88401
48.96346	12.88266
48.96412	12.88123
48.96424	12.88072
48.96469	12.87950
48.96568	12.87903
48.96643	12.87875
48.96706	12.87827
48.96730	12.87806
48.96778	12.87744
48.96840	12.87806
48.96972	12.87884
48.96988	12.87904
48.97099	12.87980
48.97239	12.87967
48.97287	12.87966
48.97329	12.87984
48.97391	12.87983
48.97562	12.88055
48.97633	12.88047
48.97702	12.88034
48.97781	12.88001
48.97892	12.87935
48.97967	12.87909
48.98066	12.87798
48.98141	12.87691
48.98207	12.87639
48.98294	12.87579
48.98604	12.87471
48.99001	12.87308
48.99265	12.86893
48.99486	12.86559
48.99599	12.86230
48.99682	12.86102
48.99746	12.85941
48.99830	12.85811
48.99905	12.85711
48.99960	12.85650
48.99986	12.85633
49.00049	12.85619
49.00083	12.85600
49.00122	12.85570
49.00151	12.85542
49.00176	12.85515
49.00247	12.85420
49.00356	12.85257
49.00411	12.85183
49.00441	12.85136
49.00478	12.85069
49.00555	12.84913
49.00588	12.84841
49.00620	12.84853
49.00638	12.84790
49.00660	12.84733
49.00675	12.84685
49.00687	12.84685
49.00709	12.84691
49.00753	12.84717
49.00814	12.84744
49.00878	12.84784
49.00937	12.84723
49.00962	12.84700
49.00995	12.84681
49.01020	12.84661
49.01069	12.84613
49.01166	12.84509
49.01143	12.84463
49.01166	12.84425
49.01192	12.84381
49.01082	12.84219
49.01050	12.84165
49.01027	12.84115
49.01006	12.84031
49.00978	12.83877
49.00971	12.83848
49.00967	12.83831
49.00915	12.83714
49.00930	12.83702
49.00945	12.83689
49.00988	12.83653
49.01067	12.83576
49.01130	12.83521
49.01205	12.83415
49.01341	12.83183
49.01397	12.83119
49.01439	12.83077
49.01535	12.83004
49.01615	12.82951
49.01658	12.82931
49.01777	12.82898
49.01827	12.82879
49.01864	12.82857
49.01909	12.82823
49.02073	12.82628
49.02162	12.82535
49.02197	12.82486
49.02242	12.82406
49.02275	12.82364
49.02289	12.82347
49.02318	12.82317
49.02328	12.82308
49.02432	12.82223
49.02465	12.82204
49.02494	12.82193
49.02566	12.82177
49.02627	12.82156
49.02725	12.82108
49.02760	12.82099
49.02778	12.82097
49.02869	12.82085
49.02941	12.82228
49.02957	12.82264
49.02966	12.82274
49.02990	12.82288
49.03085	12.82306
49.03096	12.82316
49.03123	12.82362
49.03140	12.82374
49.03160	12.82380
49.03178	12.82378
49.03195	12.82367
49.03212	12.82344
49.03226	12.82310
49.03243	12.82230
49.03253	12.82218
49.03269	12.82209
49.03288	12.82192
49.03298	12.82171
49.03307	12.82108
49.03310	12.82068
49.03315	12.82014
49.03331	12.81923
49.03368	12.81927
49.03384	12.81920
49.03395	12.81908
49.03413	12.81872
49.03428	12.81826
49.03435	12.81813
49.03480	12.81798
49.03587	12.81733
49.03630	12.81703
49.03643	12.81691
49.03660	12.81676
49.03728	12.81589
49.03765	12.81549
49.03779	12.81523
49.03788	12.81498
49.03800	12.81437
49.03804	12.81391
49.03804	12.81353
49.03798	12.81291
49.03797	12.81184
49.03807	12.81131
49.03841	12.80878
49.03849	12.80871
49.03860	12.80871
49.03972	12.80901
49.04003	12.80903
49.04143	12.80907
49.04170	12.80902
49.04205	12.80889
49.04230	12.80885
49.04281	12.80894
49.04291	12.80907
49.04324	12.80967
49.04339	12.80990
49.04346	12.80996
49.04400	12.81018
49.04429	12.81037
49.04505	12.81115
49.04518	12.81123
49.04534	12.81123
49.04576	12.81106
49.04592	12.81106
49.04605	12.81110
49.04621	12.81120
49.04682	12.81188
49.04677	12.81138
49.04660	12.81067
49.04681	12.81067
49.04717	12.81070
49.04750	12.81091
49.04772	12.81096
49.04798	12.81090
49.04838	12.81068
49.04869	12.81043
49.04912	12.80992
49.04937	12.80950
49.04948	12.80906
49.04960	12.80901
49.05031	12.80919
49.05055	12.80925
49.05069	12.80935
49.05118	12.81024
49.05130	12.81045
49.05254	12.81065
49.05279	12.81062
49.05306	12.81051
49.05337	12.81028
49.05351	12.81007
49.05388	12.80918
49.05388	12.80906
49.05376	12.80870
49.05371	12.80847
49.05364	12.80768
49.05363	12.80739
49.05373	12.80724
49.05406	12.80692
49.05429	12.80675
49.05450	12.80668
49.05468	12.80653
49.05507	12.80598
49.05476	12.80557
49.05478	12.80546
49.05512	12.80496
49.05523	12.80489
49.05531	12.80491
49.05570	12.80551
49.05614	12.80584
