# GsakName=Rendsburg-Eckernfde
54.33656	10.10605
54.33620	10.10536
54.33614	10.10522
54.33585	10.10476
54.33531	10.10383
54.33520	10.10388
54.33504	10.10392
54.33483	10.10395
54.33454	10.10385
54.33444	10.10370
54.33421	10.10346
54.33408	10.10336
54.33376	10.10316
54.33363	10.10284
54.33345	10.10243
54.33304	10.10150
54.33293	10.10126
54.33283	10.10112
54.33270	10.10089
54.33227	10.10077
54.33209	10.10072
54.33179	10.10054
54.33154	10.10032
54.33140	10.10003
54.33136	10.09981
54.33145	10.09932
54.33069	10.09847
54.33032	10.09803
54.33045	10.09775
54.33050	10.09758
54.33033	10.09731
54.33003	10.09707
54.32988	10.09685
54.32945	10.09612
54.32936	10.09597
54.32887	10.09509
54.32876	10.09491
54.32823	10.09473
54.32812	10.09459
54.32807	10.09442
54.32795	10.09403
54.32773	10.09292
54.32748	10.09253
54.32744	10.09204
54.32741	10.09162
54.32734	10.09136
54.32720	10.09117
54.32649	10.08841
54.32618	10.08722
54.32652	10.08694
54.32739	10.08624
54.32752	10.08613
54.32831	10.08553
54.32868	10.08524
54.32854	10.08447
54.32824	10.08290
54.32752	10.07907
54.32686	10.07554
54.32642	10.07556
54.32617	10.07514
54.32604	10.07503
54.32581	10.07484
54.32558	10.07431
54.32547	10.07407
54.32545	10.07386
54.32540	10.07340
54.32529	10.07251
54.32525	10.07218
54.32522	10.06960
54.32615	10.06926
54.32767	10.06783
54.32810	10.06760
54.32841	10.06726
54.32845	10.06671
54.32868	10.06668
54.32879	10.06660
54.32894	10.06617
54.32893	10.06596
54.32881	10.06574
54.32875	10.06557
54.32867	10.06501
54.32873	10.06452
54.32878	10.06421
54.32894	10.06358
54.32897	10.06322
54.32895	10.06267
54.32887	10.06181
54.32899	10.06106
54.32905	10.06080
54.32935	10.06012
54.32958	10.05978
54.32970	10.05948
54.33002	10.05907
54.33032	10.05902
54.33037	10.05886
54.33043	10.05846
54.33090	10.05883
54.33124	10.05844
54.33162	10.05823
54.33219	10.05831
54.33317	10.05846
54.33334	10.05826
54.33348	10.05736
54.33350	10.05725
54.33412	10.05335
54.33425	10.05301
54.33068	10.05128
54.33055	10.05108
54.32877	10.05040
54.32900	10.04924
54.32861	10.04924
54.32814	10.04864
54.32797	10.04782
54.32738	10.04712
54.32678	10.04650
54.32632	10.04618
54.32562	10.04577
54.32550	10.04560
54.32541	10.04529
54.32505	10.04480
54.32501	10.04424
54.32498	10.04412
54.32456	10.04403
54.32321	10.04375
54.32321	10.04318
54.32264	10.04314
54.32189	10.04333
54.32126	10.04338
54.32118	10.04340
54.32003	10.04350
54.31854	10.04347
54.31764	10.04358
54.31694	10.04357
54.31572	10.04348
54.31515	10.04342
54.31464	10.04327
54.31381	10.04301
54.31265	10.04258
54.31173	10.04212
54.31153	10.04376
54.31128	10.04578
54.31069	10.05068
54.31048	10.05245
54.31017	10.05460
54.31005	10.05458
54.30977	10.05438
54.30966	10.05430
54.30963	10.05379
54.30948	10.05341
54.30959	10.05166
54.30986	10.05093
54.30989	10.05034
54.30951	10.04939
54.30955	10.04839
54.30944	10.04809
54.30919	10.04776
54.30898	10.04758
54.30854	10.04728
54.30852	10.04714
54.30866	10.04639
54.30859	10.04604
54.30832	10.04568
54.30797	10.04523
54.30775	10.04527
54.30755	10.04539
54.30737	10.04558
54.30668	10.04534
54.30605	10.04515
54.30560	10.04519
54.30480	10.04623
54.30483	10.04663
54.30475	10.04679
54.30444	10.04719
54.30389	10.04785
54.30358	10.04823
54.30234	10.04819
54.30206	10.04830
54.30066	10.04911
54.30021	10.04897
54.29967	10.04875
54.29854	10.04827
54.29843	10.04823
54.29828	10.04838
54.29772	10.04936
54.29742	10.04990
54.29723	10.05089
54.29734	10.05129
54.29739	10.05170
54.29737	10.05341
54.29730	10.05526
54.29725	10.05680
54.29728	10.05733
54.29736	10.05755
54.29747	10.05820
54.29694	10.05809
54.29668	10.05898
54.29633	10.05927
54.29524	10.05950
54.29492	10.05971
54.29419	10.05965
54.29365	10.05956
54.29344	10.05919
54.29262	10.05831
54.29233	10.05800
54.29203	10.05790
54.29017	10.05846
54.28817	10.05801
54.28761	10.06011
54.28754	10.06185
54.28740	10.06394
54.28734	10.06445
54.28725	10.06467
54.28570	10.06599
54.28490	10.06660
54.28469	10.06738
54.28473	10.06797
54.28500	10.06947
54.28529	10.07099
54.28545	10.07176
54.28597	10.07300
54.28612	10.07387
54.28646	10.07541
54.28666	10.07575
54.28736	10.07546
54.28758	10.07550
54.28773	10.07564
54.28807	10.07651
54.28852	10.08052
54.28853	10.08144
54.28849	10.08195
54.28858	10.08239
54.28917	10.08322
54.28950	10.08360
54.28960	10.08391
54.28962	10.08427
54.28948	10.08515
54.28954	10.08563
54.28962	10.08589
54.28986	10.08626
54.28983	10.08699
54.28985	10.08735
54.28991	10.08762
54.28984	10.08821
54.28946	10.08949
54.28943	10.08963
54.28932	10.09018
54.28910	10.09087
54.28738	10.09354
54.28684	10.09437
54.28587	10.09401
54.28402	10.09326
54.28328	10.09294
54.28225	10.09246
54.28111	10.09235
54.28085	10.09211
54.28055	10.09171
54.28040	10.09165
54.28018	10.09167
54.27981	10.09171
54.27927	10.09156
54.27851	10.09164
54.27801	10.09200
54.27778	10.09216
54.27729	10.09251
54.27696	10.09294
54.27681	10.09298
54.27661	10.09294
54.27635	10.09266
54.27608	10.09242
54.27556	10.09186
54.27519	10.09210
54.27494	10.09196
54.27453	10.09170
54.27416	10.09126
54.27401	10.09071
54.27397	10.09027
54.27369	10.08909
54.27352	10.08830
54.27346	10.08788
54.27352	10.08749
54.27349	10.08726
54.27332	10.08698
54.27302	10.08684
54.27265	10.08681
54.27249	10.08644
54.27224	10.08614
54.27195	10.08618
54.27144	10.08635
54.27059	10.08577
54.27022	10.08584
54.26938	10.08599
54.26883	10.08510
54.26878	10.08423
54.26830	10.08348
54.26820	10.08385
54.26779	10.08530
54.26742	10.08657
54.26706	10.08834
54.26705	10.08893
54.26683	10.08942
54.26643	10.08987
54.26610	10.09024
54.26570	10.09089
54.26529	10.09142
54.26412	10.09296
54.26422	10.09310
54.26351	10.09410
54.26317	10.09463
54.26304	10.09546
54.26318	10.09660
54.26317	10.09705
54.26306	10.09768
54.26304	10.09824
54.26283	10.09924
54.26245	10.10178
54.26210	10.10337
54.26176	10.10420
54.26153	10.10520
54.26127	10.10713
54.26111	10.10827
54.26105	10.11080
54.26100	10.11123
54.26094	10.11188
54.26103	10.11224
54.26094	10.11320
54.26049	10.11507
54.26031	10.11544
54.25988	10.11554
54.25938	10.11575
54.25878	10.11590
54.25876	10.11661
54.25874	10.11716
54.25865	10.11909
54.25867	10.12034
54.25849	10.12081
54.25841	10.12110
54.25827	10.12179
54.25818	10.12272
54.25804	10.12356
54.25695	10.12364
54.25630	10.12369
54.25581	10.12400
54.25515	10.12401
54.25456	10.12381
54.25388	10.12385
54.25324	10.12390
54.25260	10.12372
54.25238	10.12336
54.25201	10.12314
54.25155	10.12225
54.25147	10.12213
54.25127	10.12187
54.25075	10.12153
54.25059	10.12125
54.25046	10.12050
54.25034	10.11969
54.25021	10.11893
54.25017	10.11877
54.24994	10.11821
54.24995	10.11721
54.24996	10.11699
54.24989	10.11675
54.24973	10.11642
54.24956	10.11620
54.24937	10.11600
54.24902	10.11562
54.24883	10.11524
54.24881	10.11463
54.24868	10.11380
54.24856	10.11317
54.24841	10.11274
54.24806	10.11226
54.24769	10.11176
54.24748	10.11123
54.24748	10.11097
54.24753	10.11072
54.24765	10.11060
54.24797	10.11056
54.24809	10.11043
54.24817	10.11011
54.24756	10.10888
54.24759	10.10835
54.24702	10.10805
54.24664	10.10775
54.24627	10.10742
54.24620	10.10736
54.24592	10.10703
54.24570	10.10670
54.24515	10.10588
54.24491	10.10558
54.24472	10.10519
54.24457	10.10475
54.24393	10.10319
54.24324	10.10214
54.24282	10.10154
54.24216	10.10106
54.24156	10.10076
54.24167	10.09999
54.24162	10.09972
54.24152	10.09946
54.24117	10.09909
54.24034	10.09895
54.24021	10.09886
54.23992	10.09845
54.23977	10.09803
54.23955	10.09738
54.23941	10.09723
54.23886	10.09701
54.23834	10.09717
54.23819	10.09722
54.23821	10.09743
54.23821	10.09808
54.23796	10.09865
54.23721	10.10042
54.23691	10.10129
54.23714	10.10275
54.23719	10.10405
54.23690	10.10462
54.23674	10.10533
54.23645	10.10629
54.23639	10.10689
54.23615	10.10727
54.23584	10.10752
54.23548	10.10795
54.23539	10.10818
54.23535	10.10891
54.23533	10.10982
54.23512	10.11046
54.23479	10.11185
54.23458	10.11285
54.23429	10.11379
54.23408	10.11460
54.23382	10.11603
54.23351	10.11761
54.23315	10.11893
54.23297	10.11951
54.23290	10.12218
54.23311	10.12248
54.23305	10.12331
54.23287	10.12380
54.23238	10.12518
54.23245	10.12580
54.23240	10.12606
54.23190	10.12717
54.23203	10.12822
54.23197	10.12864
54.23103	10.13013
54.22969	10.12937
54.22939	10.12911
54.22861	10.12893
54.22854	10.12872
54.22719	10.12505
54.22691	10.12584
54.22675	10.12584
54.22638	10.12541
54.22558	10.12435
54.22523	10.12399
54.22465	10.12366
54.22420	10.12346
54.22350	10.12297
54.22331	10.12294
54.22284	10.12319
54.22266	10.12313
54.22247	10.12276
54.22236	10.12264
54.22227	10.12261
54.22216	10.12266
54.22198	10.12298
54.22189	10.12323
54.22155	10.12363
54.22141	10.12385
54.22130	10.12414
54.22126	10.12457
54.22101	10.12457
54.22009	10.12439
54.21974	10.12436
54.21895	10.12447
54.21861	10.12444
54.21745	10.12458
54.21713	10.12471
54.21666	10.12496
54.21655	10.12489
54.21630	10.12493
54.21615	10.12476
54.21595	10.12461
54.21578	10.12454
54.21527	10.12458
54.21527	10.12486
54.21520	10.12512
54.21491	10.12588
54.21487	10.12614
54.21499	10.12710
54.21482	10.12731
54.21457	10.12753
54.21436	10.12782
54.21425	10.12804
54.21411	10.12833
54.21399	10.12833
54.21342	10.12794
54.21265	10.12849
54.21241	10.12883
54.21203	10.12947
54.21190	10.12979
54.21185	10.13047
54.21179	10.13075
54.21168	10.13094
54.21151	10.13100
54.21103	10.13095
54.21090	10.13087
54.21067	10.13078
54.21034	10.13076
54.21015	10.13082
54.20974	10.13114
54.20962	10.13130
54.20953	10.13137
54.20941	10.13135
54.20935	10.13122
54.20937	10.13017
54.20934	10.12983
54.20931	10.12959
54.20922	10.12933
54.20912	10.12916
54.20920	10.12906
54.20927	10.12887
54.20930	10.12865
54.20927	10.12805
54.20933	10.12788
54.20967	10.12754
54.20932	10.12701
54.20924	10.12696
54.20857	10.12711
54.20865	10.12736
54.20832	10.12732
54.20825	10.12721
54.20826	10.12704
54.20823	10.12687
54.20772	10.12650
54.20758	10.12646
54.20738	10.12646
54.20706	10.12654
54.20637	10.12681
54.20601	10.12676
54.20588	10.12666
54.20586	10.12619
54.20582	10.12606
54.20568	10.12588
54.20547	10.12584
54.20512	10.12584
54.20481	10.12577
54.20387	10.12542
54.20342	10.12514
54.20344	10.12480
54.20342	10.12461
54.20333	10.12445
54.20308	10.12428
54.20284	10.12419
54.20247	10.12393
54.20238	10.12381
54.20231	10.12363
54.20227	10.12329
54.20184	10.12376
54.20150	10.12405
54.20104	10.12458
54.20040	10.12560
54.19927	10.12542
54.19881	10.12520
54.19848	10.12511
54.19829	10.12509
54.19806	10.12513
54.19750	10.12503
54.19691	10.12533
54.19667	10.12536
54.19568	10.12525
54.19556	10.12519
54.19547	10.12502
54.19543	10.12467
54.19534	10.12426
54.19502	10.12358
54.19496	10.12339
54.19473	10.12321
54.19458	10.12263
54.19374	10.12255
54.19359	10.12243
54.19347	10.12215
54.19337	10.12176
54.19307	10.12124
54.19301	10.12094
54.19290	10.11965
54.19279	10.11909
54.19266	10.11861
54.19252	10.11833
54.19221	10.11783
54.19203	10.11713
54.19194	10.11692
54.19132	10.11629
54.19113	10.11620
54.19031	10.11614
54.19013	10.11612
54.18962	10.11689
54.18911	10.11774
54.18897	10.11804
54.18873	10.11887
54.18873	10.11909
54.18879	10.11924
54.18895	10.11940
54.18887	10.11957
54.18858	10.11983
54.18830	10.12084
54.18831	10.12114
54.18819	10.12151
54.18794	10.12140
54.18787	10.12159
54.18777	10.12182
54.18759	10.12140
54.18746	10.12108
54.18723	10.12112
54.18706	10.12126
54.18649	10.12200
54.18608	10.12239
54.18583	10.12251
54.18564	10.12253
54.18549	10.12246
54.18491	10.12188
54.18456	10.12142
54.18418	10.12082
54.18394	10.12054
54.18367	10.12025
54.18326	10.12002
54.18299	10.11995
54.18276	10.11999
54.18186	10.12011
54.18168	10.12007
54.18140	10.11990
54.18117	10.11981
54.18102	10.11983
54.18080	10.11992
54.18024	10.12025
54.17919	10.12091
54.17920	10.12112
54.17923	10.12141
54.17777	10.12190
54.17732	10.12199
54.17692	10.12212
54.17652	10.12219
54.17648	10.12191
54.17646	10.12165
54.17586	10.12146
54.17508	10.12111
54.17461	10.12107
54.17458	10.12129
54.17452	10.12166
54.17351	10.12171
54.17337	10.12191
54.17330	10.12193
54.17304	10.12182
54.17283	10.12161
54.17287	10.12132
54.17289	10.12108
54.17241	10.12069
54.17187	10.12015
54.17175	10.12006
54.17163	10.12004
54.17171	10.12015
54.17175	10.12035
54.17170	10.12048
54.17163	10.12052
54.17061	10.12046
54.17047	10.12051
54.17023	10.12071
54.16986	10.12115
54.16974	10.12090
54.16949	10.12088
54.16940	10.12108
54.16941	10.12152
54.16949	10.12206
54.16952	10.12245
54.16949	10.12267
54.16940	10.12300
54.16916	10.12341
54.16879	10.12389
54.16865	10.12398
54.16845	10.12403
54.16773	10.12403
54.16737	10.12410
54.16685	10.12391
54.16652	10.12389
54.16647	10.12371
54.16616	10.12352
54.16606	10.12354
54.16592	10.12380
54.16582	10.12393
54.16555	10.12398
54.16551	10.12389
54.16548	10.12363
54.16531	10.12274
54.16523	10.12248
54.16511	10.12233
54.16500	10.12233
54.16491	10.12244
54.16481	10.12248
54.16445	10.12216
54.16434	10.12209
54.16424	10.12209
54.16416	10.12216
54.16408	10.12229
54.16400	10.12229
54.16387	10.12203
54.16387	10.12179
54.16389	10.12159
54.16383	10.12144
54.16377	10.12138
54.16368	10.12138
54.16358	10.12158
54.16350	10.12171
54.16343	10.12175
54.16334	10.12173
54.16327	10.12156
54.16326	10.12136
54.16324	10.12103
54.16307	10.12099
54.16298	10.12110
54.16288	10.12127
54.16281	10.12123
54.16275	10.12086
54.16253	10.12034
54.16256	10.11986
54.16262	10.11962
54.16271	10.11942
54.16272	10.11925
54.16269	10.11912
54.16262	10.11901
54.16239	10.11901
54.16226	10.11897
54.16216	10.11886
54.16183	10.11841
54.16170	10.11845
54.16158	10.11867
54.16148	10.11880
54.16137	10.11882
54.16126	10.11878
54.16094	10.11821
54.16078	10.11804
54.16065	10.11793
54.16031	10.11789
54.16012	10.11794
54.16001	10.11789
54.15983	10.11750
54.15980	10.11737
54.15973	10.11729
54.15959	10.11729
54.15899	10.11757
54.15894	10.11771
54.15897	10.11838
54.15894	10.11860
54.15881	10.11890
54.15867	10.11958
54.15840	10.12056
54.15827	10.12135
54.15818	10.12152
54.15780	10.12189
54.15763	10.12165
54.15738	10.12190
54.15717	10.12201
54.15650	10.12216
54.15649	10.12266
54.15626	10.12277
54.15606	10.12295
54.15567	10.12354
54.15531	10.12269
54.15526	10.12245
54.15526	10.12224
54.15522	10.12206
54.15509	10.12187
54.15481	10.12176
54.15456	10.12174
54.15425	10.12187
54.15391	10.12216
54.15344	10.12262
54.15330	10.12281
54.15308	10.12338
54.15296	10.12349
54.15275	10.12351
54.15248	10.12362
54.15232	10.12380
54.15214	10.12360
54.15195	10.12382
54.15178	10.12393
54.15164	10.12398
54.15145	10.12398
54.15125	10.12389
54.15107	10.12376
54.15104	10.12352
54.15096	10.12329
54.15088	10.12315
54.15066	10.12309
54.15058	10.12303
54.15056	10.12285
54.15045	10.12272
54.15017	10.12266
54.14999	10.12249
54.14982	10.12240
54.14972	10.12242
54.14961	10.12275
54.14934	10.12325
54.14883	10.12389
54.14846	10.12415
54.14802	10.12431
54.14762	10.12437
54.14747	10.12453
54.14739	10.12470
54.14722	10.12529
54.14681	10.12645
54.14661	10.12699
54.14644	10.12734
54.14638	10.12747
54.14580	10.12817
54.14568	10.12848
54.14557	10.12889
54.14501	10.12924
54.14476	10.12927
54.14436	10.12932
54.14401	10.12895
54.14364	10.12840
54.14296	10.12732
54.14296	10.12662
54.14292	10.12651
54.14269	10.12564
54.14258	10.12511
54.14253	10.12486
54.14243	10.12414
54.14225	10.12285
54.14203	10.12130
54.14192	10.12047
54.14171	10.11960
54.14076	10.11596
54.14040	10.11446
54.14021	10.11448
54.13962	10.11451
54.13880	10.11447
54.13817	10.11409
54.13800	10.11407
54.13785	10.11409
54.13713	10.11438
54.13676	10.11442
54.13703	10.11492
54.13712	10.11527
54.13712	10.11549
54.13707	10.11577
54.13687	10.11610
54.13666	10.11621
54.13641	10.11647
54.13598	10.11654
54.13576	10.11685
54.13553	10.11704
54.13530	10.11713
54.13515	10.11730
54.13501	10.11765
54.13488	10.11772
54.13451	10.11818
54.13427	10.11827
54.13394	10.11821
54.13355	10.11799
54.13341	10.11801
54.13310	10.11832
54.13296	10.11856
54.13284	10.11865
54.13267	10.11863
54.13219	10.11839
54.13201	10.11837
54.13179	10.11844
54.13170	10.11839
54.13139	10.11798
54.13100	10.11735
54.13065	10.11692
54.13038	10.11670
54.13013	10.11658
54.12938	10.11643
54.12922	10.11584
54.12939	10.11549
54.12950	10.11444
54.12954	10.11351
54.12962	10.11316
54.13009	10.11309
54.13014	10.11265
54.13009	10.11218
54.13001	10.11194
54.12989	10.11178
54.12983	10.11154
54.12984	10.11128
54.12994	10.11089
54.13007	10.11052
54.13012	10.11024
54.13011	10.10961
54.13005	10.10945
54.12992	10.10922
54.12950	10.10852
54.12941	10.10830
54.12924	10.10772
54.12895	10.10730
54.12922	10.10680
54.12923	10.10660
54.12913	10.10582
54.12914	10.10565
54.12919	10.10549
54.12948	10.10510
54.12959	10.10475
54.12968	10.10414
54.12977	10.10381
54.13004	10.10333
54.13022	10.10320
54.13016	10.10299
54.12998	10.10268
54.12993	10.10251
54.13024	10.10153
54.13020	10.10118
54.13015	10.10094
54.13053	10.10041
54.13080	10.09997
54.13096	10.09956
54.13103	10.09925
54.13105	10.09893
54.13105	10.09806
54.13173	10.09827
54.13191	10.09823
54.13212	10.09805
54.13243	10.09770
54.13268	10.09726
54.13295	10.09661
54.13304	10.09628
54.13308	10.09580
54.13301	10.09539
54.13304	10.09522
54.13330	10.09497
54.13357	10.09460
54.13368	10.09395
54.13380	10.09353
54.13376	10.09290
54.13401	10.09240
54.13399	10.09192
54.13375	10.09001
54.13373	10.08961
54.13361	10.08909
54.13352	10.08890
54.13344	10.08883
54.13337	10.08885
54.13315	10.08918
54.13305	10.08925
54.13292	10.08925
54.13274	10.08912
54.13265	10.08956
54.13238	10.08956
54.13231	10.08967
54.13224	10.08991
54.13211	10.09004
54.13189	10.09006
54.13168	10.09000
54.13156	10.08985
54.13136	10.08939
54.13040	10.08578
54.13030	10.08532
54.13023	10.08419
54.13020	10.08249
54.13022	10.08187
54.13029	10.08020
54.12978	10.07882
54.12908	10.07891
54.12778	10.07907
54.12763	10.07905
54.12716	10.07848
54.12707	10.07831
54.12658	10.07613
54.12718	10.07524
54.12541	10.07159
54.12577	10.07085
54.12599	10.07026
54.12693	10.06696
54.12690	10.06655
54.12784	10.06426
54.12760	10.06380
54.12907	10.05970
54.12908	10.05955
54.13038	10.06063
54.13081	10.05971
54.13115	10.05908
54.13137	10.05849
54.13146	10.05822
54.13166	10.05707
54.13189	10.05722
54.13203	10.05691
54.13209	10.05604
54.13207	10.05548
54.13201	10.05485
54.13161	10.05252
54.13157	10.05206
54.13159	10.05049
54.13143	10.05052
54.13129	10.05058
54.13121	10.05054
54.12987	10.04933
54.12969	10.04909
54.12960	10.04891
54.12953	10.04820
54.12966	10.04773
54.13226	10.03757
54.13212	10.03748
54.12887	10.03516
54.12928	10.03347
54.12972	10.03167
54.12984	10.03117
54.13128	10.02521
54.13136	10.02487
54.13344	10.01631
54.13524	10.01759
54.13539	10.01674
54.13698	10.01771
54.13689	10.01795
54.13660	10.01830
54.13652	10.01856
54.13662	10.01862
54.13934	10.02039
54.13989	10.02074
54.14006	10.02085
54.13977	10.02224
54.13960	10.02292
54.14014	10.02304
54.14027	10.02306
54.14224	10.01526
54.14197	10.01493
54.14158	10.01445
54.14109	10.01421
54.14124	10.01354
54.14129	10.01334
54.14142	10.01249
54.14145	10.01208
54.14158	10.01116
54.14182	10.01008
54.14200	10.00870
54.14366	10.00534
54.14547	10.00167
54.14638	09.99983
54.14671	09.99920
54.14750	09.99821
54.14791	09.99753
54.14793	09.99740
54.14780	09.99716
54.14779	09.99703
54.14820	09.99658
54.14887	09.99632
54.14901	09.99590
54.14917	09.99586
54.14952	09.99571
54.14958	09.99547
54.14958	09.99521
54.14949	09.99492
54.14936	09.99473
54.14935	09.99444
54.14941	09.99420
54.14955	09.99324
54.14973	09.99307
54.14980	09.99211
54.14968	09.99177
54.14963	09.99163
54.14957	09.99131
54.14964	09.99074
54.14969	09.99032
54.14966	09.98971
54.14956	09.98949
54.14932	09.98919
54.14925	09.98921
54.14905	09.98965
54.14891	09.98972
54.14856	09.98944
54.14849	09.98926
54.14846	09.98835
54.14845	09.98723
54.14842	09.98636
54.14820	09.98529
54.14816	09.98520
54.14792	09.98394
54.14782	09.98307
54.14776	09.98237
54.14770	09.98131
54.14765	09.98050
54.14759	09.98028
54.14742	09.98017
54.14663	09.98043
54.14649	09.98039
54.14543	09.97969
54.14424	09.97892
54.14335	09.97834
54.14284	09.97786
54.14192	09.97758
54.14135	09.97740
54.13949	09.97838
54.13934	09.97832
54.13897	09.97836
54.13860	09.97892
54.13838	09.97897
54.13791	09.97888
54.13665	09.97912
54.13573	09.97890
54.13532	09.97838
54.13520	09.97803
54.13501	09.97768
54.13479	09.97722
54.13517	09.97485
54.13522	09.97326
54.13519	09.97295
54.13584	09.97265
54.13577	09.97210
54.13579	09.97149
54.13590	09.97095
54.13571	09.97030
54.13551	09.96977
54.13532	09.96955
54.13492	09.96951
54.13456	09.96966
54.13448	09.96927
54.13432	09.96851
54.13431	09.96796
54.13422	09.96757
54.13405	09.96713
54.13407	09.96672
54.13391	09.96602
54.13370	09.96467
54.13361	09.96457
54.13349	09.96467
54.13325	09.96474
54.13297	09.96439
54.13275	09.96385
54.13224	09.96404
54.13211	09.96402
54.13209	09.96378
54.13211	09.96332
54.13217	09.96326
54.13279	09.96334
54.13303	09.96326
54.13332	09.96308
54.13337	09.96295
54.13334	09.96247
54.13326	09.96210
54.13323	09.96134
54.13320	09.96114
54.13274	09.96134
54.13258	09.96136
54.13251	09.96130
54.13242	09.96106
54.13231	09.96086
54.13220	09.96092
54.13212	09.96081
54.13184	09.96069
54.13119	09.96062
54.13108	09.96087
54.12937	09.96053
54.12770	09.96024
54.12699	09.96006
54.12688	09.95975
54.12678	09.95909
54.12673	09.95829
54.12667	09.95756
54.12644	09.95663
54.12617	09.95571
54.12591	09.95516
54.12555	09.95501
54.12502	09.95414
54.12463	09.95389
54.12430	09.95384
54.12387	09.95346
54.12366	09.95346
54.12323	09.95343
54.12306	09.95327
54.12288	09.95303
54.12274	09.95273
54.12231	09.95174
54.12183	09.95126
54.12149	09.95100
54.12107	09.95068
54.12069	09.95051
54.12036	09.95007
54.12029	09.95000
54.12008	09.94977
54.11992	09.94941
54.11967	09.94909
54.11935	09.94869
54.11868	09.94823
54.11863	09.94787
54.11848	09.94757
54.11779	09.94689
54.11762	09.94701
54.11659	09.94591
54.11601	09.94529
54.11480	09.94446
54.11453	09.94448
54.11418	09.94422
54.11362	09.94389
54.11341	09.94351
54.11222	09.94334
54.11198	09.94342
54.11072	09.94308
54.10993	09.94288
54.10938	09.94275
54.10831	09.94262
54.10741	09.94263
54.10642	09.94273
54.10568	09.94296
54.10453	09.94364
54.10419	09.94314
54.10276	09.93990
54.10300	09.93968
54.10328	09.93925
54.10332	09.93905
54.10317	09.93842
54.10304	09.93798
54.10296	09.93773
54.10277	09.93720
54.10258	09.93699
54.10222	09.93651
54.10207	09.93585
54.10206	09.93524
54.10212	09.93468
54.10225	09.93446
54.10236	09.93204
54.10217	09.93169
54.10185	09.93080
54.10185	09.93069
54.10245	09.92973
54.10193	09.92935
54.10132	09.92885
54.10120	09.92886
54.10066	09.92884
54.10043	09.92945
54.09980	09.92978
54.09927	09.93042
54.09914	09.93084
54.09887	09.93087
54.09858	09.93041
54.09828	09.93003
54.09679	09.92816
54.09638	09.92789
54.09568	09.92703
54.09530	09.92699
54.09435	09.92666
54.09293	09.92799
54.09135	09.92834
54.09083	09.92881
54.09033	09.92925
54.08968	09.92984
54.08796	09.93160
54.08771	09.93192
54.08666	09.93321
54.08615	09.93374
54.08552	09.93411
54.08502	09.93432
54.08425	09.93444
54.08330	09.93449
54.08214	09.93418
54.08200	09.93417
54.08028	09.93486
54.07986	09.93484
54.07928	09.93520
54.07858	09.93525
54.07780	09.93526
54.07724	09.93526
54.07642	09.93548
54.07612	09.93556
54.07556	09.93557
54.07555	09.93504
54.07504	09.93489
54.07302	09.93498
54.07201	09.93501
54.07163	09.93516
54.07111	09.93553
54.07053	09.93567
54.07012	09.93542
54.06959	09.93433
54.06954	09.93401
54.06932	09.93377
54.06863	09.93352
54.06777	09.93334
54.06772	09.93355
54.06761	09.93351
54.06727	09.93321
54.06697	09.93309
54.06689	09.93251
54.06682	09.93241
54.06686	09.93190
54.06672	09.93132
54.06642	09.93114
54.06632	09.93106
54.06618	09.93078
54.06594	09.93068
54.06579	09.93058
54.06575	09.93034
54.06526	09.93014
54.06501	09.92994
54.06483	09.93001
54.06475	09.93005
54.06458	09.92983
54.06443	09.92991
54.06378	09.92986
54.06326	09.92991
54.06264	09.93036
54.06228	09.93059
54.06212	09.93081
54.06212	09.93130
54.06214	09.93150
54.06198	09.93235
54.06184	09.93277
54.06166	09.93310
54.06142	09.93302
54.06130	09.93278
54.06114	09.93213
54.06097	09.93175
54.06089	09.93163
54.06029	09.93139
54.05954	09.93129
54.05900	09.93116
54.05843	09.93114
54.05786	09.93137
54.05747	09.93154
54.05676	09.93183
54.05647	09.93208
54.05625	09.93204
54.05528	09.93159
54.05490	09.93149
54.05451	09.93140
54.05432	09.93110
54.05425	09.93074
54.05405	09.93003
54.05387	09.92951
54.05322	09.92852
54.05303	09.92788
54.05261	09.92769
54.05257	09.92831
54.05268	09.92835
54.05284	09.92910
54.05304	09.93006
54.05315	09.93031
54.05313	09.93041
54.05277	09.93059
54.05277	09.93096
54.05320	09.93150
54.05319	09.93176
54.05311	09.93182
54.05280	09.93164
54.05273	09.93227
54.05260	09.93263
54.05239	09.93288
54.05245	09.93304
54.05280	09.93348
54.05305	09.93356
54.05338	09.93349
54.05362	09.93359
54.05377	09.93393
54.05361	09.93446
54.05334	09.93479
54.05316	09.93527
54.05302	09.93548
54.05281	09.93582
54.05270	09.93627
54.05249	09.93641
54.05240	09.93664
54.05282	09.93649
54.05322	09.93665
54.05348	09.93719
54.05353	09.93763
54.05343	09.93905
54.05342	09.93916
54.05337	09.93955
54.05311	09.94065
54.05308	09.94170
54.05290	09.94255
54.05288	09.94287
54.05298	09.94295
54.05316	09.94277
54.05325	09.94280
54.05304	09.94384
54.05295	09.94398
54.05279	09.94384
54.05207	09.94377
54.05213	09.94450
54.05193	09.94476
54.05190	09.94510
54.05192	09.94561
54.05205	09.94594
54.05260	09.94625
54.05262	09.94649
54.05247	09.94681
54.05269	09.94707
54.05261	09.94752
54.05234	09.94830
54.05211	09.94942
54.05230	09.94942
54.05278	09.94923
54.05296	09.94955
54.05292	09.95014
54.05282	09.95046
54.05329	09.95050
54.05332	09.95101
54.05346	09.95155
54.05335	09.95170
54.05317	09.95191
54.05318	09.95259
54.05302	09.95263
54.05308	09.95318
54.05295	09.95349
54.05269	09.95363
54.05258	09.95387
54.05288	09.95409
54.05290	09.95447
54.05282	09.95462
54.05275	09.95498
54.05273	09.95532
54.05267	09.95567
54.05142	09.95591
54.05027	09.95643
54.04919	09.95688
54.04835	09.95639
54.04805	09.95615
54.04782	09.95613
54.04765	09.95622
54.04735	09.95606
54.04689	09.95599
54.04597	09.95598
54.04571	09.95549
54.04540	09.95488
54.04520	09.95429
54.04505	09.95366
54.04493	09.95277
54.04489	09.95191
54.04493	09.95114
54.04505	09.95066
54.04479	09.95038
54.04463	09.95047
54.04439	09.95074
54.04408	09.95081
54.04384	09.95082
54.04355	09.95117
54.04296	09.95127
54.04267	09.95128
54.04243	09.95137
54.04169	09.95187
54.04147	09.95159
54.04125	09.95144
54.04038	09.95025
54.04017	09.94999
54.03982	09.94982
54.03948	09.94977
54.03898	09.94991
54.03762	09.95068
54.03748	09.95066
54.03683	09.94992
54.03618	09.94906
54.03609	09.94878
54.03597	09.94774
54.03589	09.94619
54.03456	09.94581
54.03314	09.94589
54.03309	09.94619
54.03235	09.94606
54.03018	09.94520
54.02977	09.94486
54.02950	09.94478
54.02896	09.94477
54.02892	09.94510
54.02865	09.94554
54.02769	09.94565
54.02704	09.94583
54.02686	09.94575
54.02653	09.94532
54.02636	09.94524
54.02614	09.94524
54.02539	09.94559
54.02518	09.94561
54.02463	09.94506
54.02417	09.94434
54.02389	09.94488
54.02339	09.94548
54.02309	09.94567
54.02267	09.94578
54.02253	09.94572
54.02195	09.94465
54.02176	09.94446
54.02168	09.94398
54.02120	09.93883
54.02074	09.93874
54.02052	09.93879
54.02027	09.93916
54.01984	09.94028
54.01960	09.94077
54.01935	09.94103
54.01914	09.94112
54.01893	09.94113
54.01785	09.94067
54.01769	09.94013
54.01760	09.93933
54.01759	09.93877
54.01767	09.93820
54.01803	09.93647
54.01783	09.93626
54.01817	09.93473
54.01829	09.93401
54.01833	09.93342
54.01831	09.93277
54.01820	09.93197
54.01816	09.93175
54.01800	09.93141
54.01773	09.93096
54.01740	09.93055
54.01677	09.92995
54.01682	09.92965
54.01661	09.92944
54.01642	09.92914
54.01625	09.92871
54.01613	09.92825
54.01609	09.92766
54.01598	09.92506
54.01569	09.92511
54.01551	09.92398
54.01539	09.92327
54.01479	09.91954
54.01498	09.91880
54.01587	09.91438
54.01714	09.90902
54.01704	09.90740
54.01703	09.90663
54.01693	09.90648
54.01664	09.90630
54.01616	09.90609
54.01575	09.90601
54.01479	09.90608
54.01479	09.90566
54.01467	09.90488
54.01448	09.90432
54.01416	09.90370
54.01390	09.90333
54.01354	09.90234
54.01299	09.90059
54.01280	09.89973
54.01096	09.90029
54.00948	09.90098
54.01004	09.89973
54.01024	09.89913
54.01040	09.89835
54.01050	09.89756
54.01050	09.89695
54.01030	09.89557
54.01011	09.89418
54.01007	09.89380
54.00986	09.89142
54.00947	09.88602
54.00932	09.88434
54.00907	09.88398
54.00895	09.88233
54.00861	09.87814
54.00869	09.87766
54.00875	09.87714
54.00879	09.87675
54.00879	09.87607
54.00887	09.87544
54.00904	09.87476
54.00960	09.87284
54.00986	09.87215
54.01031	09.87062
54.01052	09.87051
54.01079	09.86939
54.01065	09.86913
54.01080	09.86841
54.01110	09.86706
54.01129	09.86712
54.01151	09.86598
54.01135	09.86566
54.01144	09.86537
54.01152	09.86514
54.01193	09.86338
54.01206	09.86358
54.01226	09.86285
54.01248	09.86193
54.01285	09.86028
54.01297	09.85977
54.01350	09.85708
54.01357	09.85697
54.01910	09.85680
54.01937	09.85678
54.01945	09.85658
54.02144	09.83205
54.02157	09.82884
54.02182	09.82885
54.02207	09.82310
54.02216	09.82267
54.02191	09.81918
54.02173	09.81909
54.02161	09.81673
54.02168	09.81649
54.02179	09.81641
54.02213	09.81645
54.02226	09.81591
54.02248	09.81563
54.02290	09.81412
54.02301	09.81378
54.02349	09.81427
54.02350	09.81466
54.02355	09.81503
54.02372	09.81538
54.02391	09.81558
54.02410	09.81569
54.02447	09.81576
54.02448	09.81613
54.02607	09.81638
54.02833	09.81709
54.02844	09.81705
54.02862	09.81636
54.02881	09.81586
54.02899	09.81495
54.02911	09.81496
54.02931	09.81497
54.02962	09.81488
54.02980	09.81504
54.03040	09.81532
54.03067	09.81535
54.03175	09.81516
54.03217	09.81519
54.03318	09.81533
54.03320	09.81461
54.03311	09.81437
54.03312	09.81382
54.03332	09.81378
54.03334	09.81333
54.03348	09.81330
54.03381	09.81302
54.03396	09.81304
54.03455	09.81390
54.03454	09.81547
54.03449	09.81630
54.03586	09.81785
54.03612	09.81812
54.03643	09.81832
54.03730	09.81878
54.03803	09.81900
54.03844	09.81809
54.03865	09.81772
54.03869	09.81744
54.03866	09.81720
54.03858	09.81690
54.03859	09.81666
54.03864	09.81642
54.03876	09.81629
54.03900	09.81627
54.03925	09.81636
54.03938	09.81655
54.03939	09.81675
54.03934	09.81699
54.03920	09.81727
54.03934	09.81747
54.03941	09.81764
54.03943	09.81841
54.03951	09.81860
54.03990	09.81902
54.04017	09.81922
54.04038	09.81926
54.04068	09.81920
54.04083	09.81949
54.04089	09.81970
54.04148	09.81923
54.04175	09.81893
54.04202	09.81875
54.04251	09.81858
54.04272	09.81841
54.04298	09.81809
54.04319	09.81798
54.04384	09.81799
54.04378	09.81772
54.04368	09.81742
54.04364	09.81720
54.04367	09.81694
54.04377	09.81676
54.04435	09.81651
54.04502	09.81634
54.04501	09.81601
54.04560	09.81611
54.04579	09.81606
54.04595	09.81585
54.04609	09.81556
54.04626	09.81541
54.04658	09.81528
54.04670	09.81511
54.04691	09.81455
54.04709	09.81392
54.04721	09.81333
54.04748	09.81159
54.04723	09.81135
54.04732	09.81093
54.04952	09.80766
54.05012	09.80497
54.05017	09.80455
54.04971	09.79484
54.04970	09.79459
54.04952	09.79444
54.04981	09.79344
54.04969	09.79318
54.04983	09.79259
54.04987	09.79231
54.04986	09.79198
54.04980	09.79163
54.04981	09.79120
54.05007	09.79024
54.04971	09.78948
54.04959	09.78910
54.04955	09.78876
54.04955	09.78843
54.04932	09.78843
54.04915	09.78784
54.04915	09.78749
54.04922	09.78716
54.04918	09.78701
54.04913	09.78657
54.04917	09.78607
54.04928	09.78560
54.04916	09.78535
54.04911	09.78511
54.04913	09.78490
54.04924	09.78442
54.04903	09.78394
54.04892	09.78355
54.04890	09.78327
54.04889	09.78317
54.04891	09.78300
54.04907	09.78243
54.04887	09.78219
54.04899	09.78175
54.04913	09.78126
54.04928	09.78080
54.04935	09.78066
54.04954	09.78030
54.04974	09.78065
54.05082	09.77909
54.05068	09.77879
54.05106	09.77813
54.05119	09.77790
54.05141	09.77675
54.05164	09.77684
54.05176	09.77621
54.05161	09.77596
54.05193	09.77374
54.05217	09.77384
54.05240	09.77223
54.05219	09.77209
54.05240	09.77051
54.05263	09.77051
54.05304	09.76748
54.05318	09.76705
54.05336	09.76668
54.05286	09.76487
54.05258	09.76486
54.05132	09.76039
54.05198	09.75928
54.05155	09.75836
54.05180	09.75669
54.05191	09.75606
54.05155	09.75512
54.05137	09.75527
54.05054	09.75363
54.05104	09.75298
54.05088	09.75045
54.05088	09.75014
54.05088	09.74996
54.05085	09.74899
54.05048	09.74895
54.05035	09.74657
54.05073	09.74664
54.05079	09.74623
54.05102	09.74557
54.05174	09.74375
54.05195	09.74349
54.05172	09.74307
54.05097	09.74304
54.05081	09.74294
54.05045	09.74236
54.05029	09.74271
54.04878	09.74085
54.04917	09.73920
54.04865	09.73834
54.04848	09.73819
54.04830	09.73819
54.04802	09.73827
54.04787	09.73818
54.04741	09.73740
54.04705	09.73659
54.04643	09.73534
54.04629	09.73553
54.04601	09.73503
54.04586	09.73468
54.04574	09.73424
54.04534	09.73189
54.04519	09.73114
54.04484	09.72947
54.04507	09.72936
54.04455	09.72737
54.04425	09.72630
54.04394	09.72606
54.04352	09.72525
54.04318	09.72468
54.04315	09.72435
54.04318	09.72361
54.04316	09.72309
54.04257	09.71908
54.04254	09.71849
54.04270	09.71708
54.04298	09.71699
54.04307	09.71551
54.04307	09.71431
54.04320	09.71376
54.04330	09.71331
54.04360	09.71245
54.04408	09.71142
54.04434	09.71077
54.04466	09.70964
54.04526	09.70788
54.04815	09.70792
54.04841	09.70767
54.04852	09.70717
54.04863	09.70711
54.04888	09.70717
54.04883	09.70449
54.04905	09.70443
54.04929	09.70378
54.04956	09.70293
54.04972	09.70258
54.04995	09.70226
54.05064	09.70183
54.05074	09.70033
54.05100	09.69933
54.05137	09.69842
54.05149	09.69789
54.05153	09.69726
54.05152	09.69641
54.05157	09.69576
54.05166	09.69504
54.05114	09.69519
54.05097	09.69514
54.05084	09.69497
54.05074	09.69460
54.05072	09.69403
54.05074	09.69366
54.05089	09.69321
54.05117	09.69260
54.05074	09.69146
54.05085	09.69129
54.05069	09.69061
54.05033	09.68797
54.05022	09.68777
54.04953	09.68736
54.04945	09.68711
54.04985	09.68614
54.05016	09.68603
54.05067	09.68566
54.05089	09.68549
54.05029	09.68445
54.05041	09.68429
54.05027	09.68394
54.05065	09.68384
54.05065	09.68360
54.05071	09.68316
54.05082	09.68275
54.05098	09.68251
54.05225	09.68126
54.05249	09.68198
54.05366	09.68066
54.05358	09.68016
54.05899	09.68155
54.05900	09.68199
54.06207	09.68295
54.06339	09.68078
54.06352	09.68063
54.06256	09.67775
54.06231	09.67735
54.06223	09.67764
54.06214	09.67794
54.06082	09.67643
54.06061	09.67656
54.06034	09.67697
54.06019	09.67708
54.05997	09.67705
54.05974	09.67694
54.05947	09.67672
54.05932	09.67652
54.05817	09.67608
54.05633	09.67513
54.05565	09.67468
54.05507	09.67409
54.05500	09.67429
54.05370	09.67317
54.05326	09.67266
54.05261	09.67194
54.05233	09.67154
54.05182	09.67065
54.05080	09.66872
54.05036	09.66752
54.04986	09.66636
54.05007	09.66606
54.04796	09.66156
54.04664	09.65839
54.04665	09.65663
54.04698	09.65656
54.04708	09.64965
54.04710	09.64687
54.04710	09.64674
54.04740	09.64471
54.04767	09.64253
54.04774	09.64203
54.04812	09.63893
54.04826	09.63900
54.04832	09.63860
54.04892	09.63527
54.04905	09.63431
54.04910	09.63396
54.04912	09.63302
54.04912	09.63268
54.04908	09.62811
54.04905	09.62501
54.04859	09.62449
54.04869	09.62360
54.04860	09.62292
54.04934	09.61519
54.04952	09.61346
54.04952	09.61274
54.04950	09.61236
54.04944	09.61124
54.04931	09.60989
54.04933	09.60924
54.04894	09.60613
54.04874	09.60524
54.04873	09.60502
54.04884	09.60491
54.04908	09.60484
54.05050	09.60444
54.05137	09.60419
54.05168	09.60395
54.05480	09.60321
54.05616	09.60289
54.05680	09.60274
54.05917	09.60219
54.05971	09.60206
54.06125	09.60169
54.06288	09.60135
54.06302	09.60187
54.06341	09.60261
54.06368	09.60365
54.06363	09.60376
54.06359	09.60398
54.06360	09.60424
54.06368	09.60455
54.06354	09.60468
54.06378	09.60537
54.06455	09.60702
54.06492	09.60685
54.06514	09.60680
54.06526	09.60684
54.06560	09.60725
54.06581	09.60730
54.06603	09.60701
54.06744	09.60767
54.06790	09.60728
54.06804	09.60715
54.06775	09.60628
54.06712	09.60469
54.06668	09.60380
54.06664	09.60343
54.06692	09.60149
54.06709	09.60086
54.06728	09.60038
54.06788	09.59942
54.06768	09.59918
54.06788	09.59857
54.06800	09.59863
54.06817	09.59785
54.06824	09.59717
54.06831	09.59554
54.06841	09.59458
54.06854	09.59386
54.06871	09.59312
54.06897	09.59244
54.06920	09.59194
54.06935	09.59222
54.06981	09.59178
54.07021	09.59149
54.07128	09.59044
54.07124	09.59011
54.07144	09.59002
54.07211	09.59010
54.07286	09.58966
54.07299	09.59005
54.07363	09.58985
54.07415	09.58989
54.07461	09.58910
54.07494	09.58864
54.07603	09.58907
54.07585	09.58731
54.07644	09.58652
54.07660	09.58673
54.07739	09.58560
54.07728	09.58531
54.07779	09.58480
54.07860	09.58389
54.07881	09.58419
54.07964	09.58338
54.07953	09.58312
54.07993	09.58266
54.08008	09.58248
54.08019	09.58261
54.08037	09.58255
54.08054	09.58241
54.08128	09.58147
54.08143	09.58134
54.08158	09.58129
54.08169	09.58136
54.08171	09.58149
54.08167	09.58169
54.08166	09.58197
54.08171	09.58210
54.08212	09.58218
54.08231	09.58211
54.08245	09.58190
54.08259	09.58155
54.08264	09.58118
54.08264	09.58072
54.08313	09.58052
54.08335	09.58047
54.08360	09.58049
54.08373	09.58058
54.08379	09.58071
54.08386	09.58097
54.08407	09.58252
54.08458	09.58251
54.08488	09.58268
54.08521	09.58279
54.08563	09.58285
54.08576	09.58257
54.08603	09.58272
54.08617	09.58289
54.08630	09.58315
54.08678	09.58456
54.08757	09.58397
54.08739	09.58290
54.08724	09.58247
54.08725	09.58201
54.08722	09.58153
54.08758	09.58148
54.08764	09.58089
54.08828	09.58080
54.08830	09.58034
54.08855	09.58032
54.08908	09.58019
54.08909	09.57979
54.08899	09.57947
54.08880	09.57869
54.08874	09.57792
54.08881	09.57749
54.08900	09.57681
54.08930	09.57611
54.08942	09.57585
54.08971	09.57574
54.09043	09.57556
54.09045	09.57516
54.09022	09.57456
54.09059	09.57333
54.09088	09.57333
54.09110	09.57324
54.09120	09.57311
54.09125	09.57296
54.09128	09.57250
54.09134	09.57222
54.09144	09.57196
54.09186	09.57143
54.09232	09.57095
54.09232	09.57025
54.09227	09.56971
54.09216	09.56790
54.09205	09.56718
54.09190	09.56640
54.09211	09.56631
54.09180	09.56475
54.09166	09.56431
54.09141	09.56375
54.09113	09.56299
54.09084	09.56183
54.09063	09.56053
54.09055	09.56020
54.09030	09.55960
54.09042	09.55931
54.09048	09.55922
54.09075	09.55920
54.09092	09.55835
54.09112	09.55759
54.09137	09.55689
54.09150	09.55636
54.09153	09.55588
54.09230	09.55596
54.09266	09.55593
54.09291	09.55592
54.09293	09.55543
54.09295	09.55526
54.09292	09.55385
54.09273	09.55195
54.09271	09.55093
54.09263	09.54991
54.09264	09.54965
54.09284	09.54921
54.09292	09.54899
54.09300	09.54827
54.09300	09.54797
54.09273	09.54662
54.09267	09.54605
54.09267	09.54551
54.09275	09.54496
54.09293	09.54444
54.09254	09.54372
54.09251	09.54335
54.09263	09.54270
54.09304	09.54124
54.09313	09.54076
54.09316	09.54034
54.09312	09.53989
54.09300	09.53910
54.09285	09.53849
54.09275	09.53828
54.09263	09.53823
54.09226	09.53821
54.09209	09.53809
54.09124	09.53690
54.09126	09.53507
54.09254	09.53523
54.09278	09.53303
54.09320	09.53324
54.09325	09.53272
54.09384	09.53293
54.09419	09.53060
54.09463	09.52816
54.09456	09.52749
54.09456	09.52711
54.09476	09.52406
54.09492	09.52384
54.09513	09.52369
54.09536	09.52367
54.09656	09.52575
54.09690	09.52590
54.09706	09.52605
54.09733	09.52623
54.09741	09.52668
54.09743	09.52698
54.09757	09.52722
54.09761	09.52739
54.09753	09.52768
54.09753	09.52796
54.09765	09.52844
54.09797	09.52913
54.09822	09.52979
54.09820	09.53005
54.09818	09.53029
54.09822	09.53094
54.09777	09.53114
54.09750	09.53133
54.09748	09.53290
54.09829	09.53333
54.09830	09.53410
54.09849	09.53467
54.09874	09.53484
54.09879	09.53536
54.09892	09.53547
54.09920	09.53581
54.09938	09.53575
54.09952	09.53557
54.09960	09.53531
54.09960	09.53476
54.09920	09.53420
54.09904	09.53338
54.09906	09.53259
54.09904	09.53211
54.09905	09.53168
54.09910	09.53120
54.09908	09.53102
54.09879	09.53100
54.09835	09.53088
54.09834	09.53040
54.09834	09.53012
54.09861	09.53013
54.09876	09.52998
54.09887	09.52939
54.09883	09.52919
54.09866	09.52896
54.09864	09.52876
54.09870	09.52822
54.09882	09.52759
54.09896	09.52728
54.09913	09.52699
54.09940	09.52664
54.09899	09.52656
54.09888	09.52639
54.09835	09.52731
54.09817	09.52748
54.09807	09.52743
54.09789	09.52720
54.09765	09.52669
54.09752	09.52607
54.09717	09.52509
54.09678	09.52415
54.09674	09.52383
54.09675	09.52320
54.09680	09.52272
54.09698	09.52189
54.09712	09.52195
54.09720	09.52145
54.09717	09.52008
54.09710	09.51973
54.09688	09.51888
54.09697	09.51840
54.09698	09.51795
54.09693	09.51655
54.09691	09.51631
54.09617	09.51682
54.09613	09.51628
54.09587	09.51624
54.09564	09.51613
54.09532	09.51583
54.09511	09.51554
54.09490	09.51513
54.09465	09.51444
54.09438	09.51337
54.09424	09.51296
54.09407	09.51261
54.09417	09.51211
54.09345	09.51112
54.09344	09.51090
54.09331	09.51059
54.09309	09.51038
54.09293	09.51027
54.09240	09.51001
54.09221	09.50982
54.09205	09.50958
54.09192	09.50934
54.09185	09.50906
54.09168	09.50780
54.09152	09.50705
54.09147	09.50686
54.09183	09.50642
54.09199	09.50607
54.09221	09.50529
54.09231	09.50477
54.09240	09.50402
54.09249	09.50298
54.09085	09.50288
54.09026	09.50154
54.09027	09.50126
54.09020	09.50095
54.09004	09.50056
54.08989	09.50030
54.08970	09.50019
54.08932	09.50015
54.08907	09.50007
54.08863	09.49972
54.08854	09.49909
54.08853	09.49845
54.08849	09.49791
54.08838	09.49778
54.08820	09.49750
54.08792	09.49739
54.08790	09.49702
54.08785	09.49691
54.08812	09.49600
54.08809	09.49589
54.08794	09.49570
54.08761	09.49541
54.08694	09.49505
54.08673	09.49451
54.08662	09.49434
54.08633	09.49405
54.08603	09.49367
54.08588	09.49358
54.08574	09.49356
54.08552	09.49365
54.08529	09.49319
54.08511	09.49298
54.08511	09.49265
54.08549	09.49206
54.08570	09.49165
54.08581	09.49126
54.08587	09.49080
54.08606	09.49058
54.08637	09.48988
54.08647	09.48949
54.08648	09.48836
54.08650	09.48821
54.08667	09.48801
54.08693	09.48695
54.08702	09.48668
54.08720	09.48651
54.08727	09.48631
54.08781	09.48390
54.08822	09.48244
54.08954	09.47824
54.09011	09.47624
54.09040	09.47537
54.09073	09.47441
54.09083	09.47410
54.09085	09.47378
54.09077	09.47305
54.09062	09.47180
54.09077	09.47165
54.09036	09.46867
54.09014	09.46861
54.08966	09.46568
54.08934	09.46381
54.08954	09.46368
54.08915	09.46140
54.08904	09.46105
54.08884	09.46101
54.08847	09.45923
54.08835	09.45841
54.08846	09.45799
54.08805	09.45543
54.08778	09.45533
54.08755	09.45380
54.08746	09.45359
54.08697	09.45327
54.08656	09.45307
54.08633	09.45300
54.08592	09.45288
54.08487	09.45239
54.08372	09.45203
54.08276	09.45179
54.08277	09.45136
54.08169	09.45117
54.08163	09.45156
54.08046	09.45124
54.08054	09.45087
54.08030	09.45074
54.08022	09.45105
54.07977	09.45073
54.08022	09.44940
54.08041	09.44953
54.08106	09.44750
54.08124	09.44765
54.08129	09.44730
54.08129	09.44704
54.08125	09.44685
54.08114	09.44670
54.08099	09.44659
54.08086	09.44644
54.08083	09.44615
54.08077	09.44585
54.07925	09.44251
54.07940	09.44206
54.07845	09.44024
54.07822	09.43972
54.07804	09.43918
54.07793	09.43863
54.07786	09.43814
54.07782	09.43746
54.07688	09.43747
54.07700	09.43875
54.07612	09.44045
54.07623	09.44078
54.07604	09.44123
54.07359	09.43966
54.07339	09.43958
54.07008	09.43934
54.06994	09.43933
54.06975	09.43932
54.07041	09.43483
54.07043	09.43453
54.07047	09.43408
54.07160	09.43355
54.07223	09.43309
54.07197	09.43289
54.07156	09.43229
54.07003	09.43332
54.06981	09.43267
54.06792	09.42720
54.06812	09.42690
54.06829	09.42650
54.06841	09.42607
54.06850	09.42563
54.06854	09.42509
54.06850	09.42479
54.06844	09.42450
54.06933	09.42302
54.06953	09.42267
54.06971	09.42293
54.07131	09.42019
54.07111	09.41997
54.07066	09.41947
54.07032	09.41902
54.06979	09.41993
54.06957	09.41967
54.06834	09.42183
54.06848	09.42216
54.06784	09.42310
54.06776	09.42360
54.06719	09.42471
54.06684	09.42519
54.06667	09.42523
54.06654	09.42515
54.06643	09.42554
54.06615	09.42526
54.06405	09.42673
54.06372	09.42534
54.06350	09.42540
54.06279	09.42245
54.06301	09.42230
54.06233	09.41924
54.06359	09.41873
54.06364	09.41906
54.06589	09.41828
54.06586	09.41792
54.06697	09.41749
54.06819	09.41701
54.06822	09.41729
54.06978	09.41674
54.06952	09.41207
54.06845	09.41214
54.06812	09.41130
54.06836	09.41121
54.06822	09.41064
54.06811	09.40984
54.06791	09.40899
54.06787	09.40867
54.06792	09.40832
54.06783	09.40806
54.06835	09.40756
54.06848	09.40736
54.06858	09.40703
54.06861	09.40671
54.06858	09.40608
54.07030	09.40583
54.06985	09.40455
54.06947	09.40323
54.06748	09.40315
54.06723	09.40311
54.06702	09.40302
54.06688	09.40285
54.06677	09.40255
54.06676	09.40240
54.06658	09.40090
54.06633	09.39827
54.06657	09.39814
54.06653	09.39727
54.06633	09.39575
54.06604	09.39416
54.06578	09.39399
54.06513	09.39019
54.06546	09.39000
54.06491	09.38624
54.06448	09.38629
54.06408	09.38346
54.06393	09.38251
54.06429	09.38231
54.06374	09.37879
54.06559	09.37789
54.06559	09.37761
54.06643	09.37719
54.06657	09.37756
54.06813	09.37681
54.06811	09.37638
54.06903	09.37602
54.06898	09.37522
54.06951	09.37509
54.06952	09.37393
54.06950	09.37359
54.06925	09.37263
54.06922	09.37228
54.06923	09.37200
54.06933	09.37161
54.06935	09.37133
54.06937	09.37087
54.06931	09.36983
54.06922	09.36900
54.06908	09.36829
54.06886	09.36766
54.06878	09.36749
54.06858	09.36668
54.06849	09.36609
54.06850	09.36575
54.06845	09.36436
54.06829	09.36423
54.06829	09.36304
54.06818	09.36299
54.06819	09.36212
54.06814	09.36182
54.06788	09.36125
54.06783	09.36102
54.06778	09.36010
54.06770	09.35984
54.06756	09.35954
54.06779	09.35902
54.06789	09.35865
54.06793	09.35821
54.06824	09.35767
54.06814	09.35741
54.06827	09.35699
54.06834	09.35665
54.06834	09.35630
54.06821	09.35534
54.06844	09.35532
54.06889	09.35454
54.06915	09.35395
54.06976	09.35327
54.06997	09.35316
54.07035	09.35307
54.07037	09.35133
54.07041	09.35077
54.07028	09.35064
54.07041	09.34992
54.07054	09.34935
54.07069	09.34887
54.07094	09.34887
54.07102	09.34876
54.07105	09.34857
54.07102	09.34835
54.07076	09.34746
54.07065	09.34724
54.07052	09.34713
54.07035	09.34709
54.07040	09.34640
54.07017	09.34623
54.07018	09.34601
54.06999	09.34560
54.06932	09.34560
54.06933	09.34530
54.06928	09.34503
54.06919	09.34493
54.06884	09.34471
54.06880	09.34458
54.06884	09.34421
54.06874	09.34408
54.06841	09.34404
54.06842	09.34341
54.06826	09.34289
54.06811	09.34293
54.06797	09.34289
54.06778	09.34268
54.06788	09.34233
54.06777	09.34211
54.06805	09.34165
54.06803	09.34137
54.06800	09.34115
54.06782	09.34096
54.06754	09.34087
54.06752	09.34053
54.06741	09.34027
54.06720	09.34016
54.06666	09.34027
54.06619	09.33962
54.06622	09.33912
54.06610	09.33897
54.06586	09.33902
54.06566	09.33862
54.06551	09.33824
54.06601	09.33595
54.06609	09.33574
54.06606	09.33558
54.06611	09.33537
54.06616	09.33517
54.06643	09.33512
54.06647	09.33495
54.06641	09.33475
54.06656	09.33386
54.06662	09.33349
54.06680	09.33247
54.06683	09.33221
54.06665	09.33212
54.06653	09.33202
54.06618	09.33150
54.06611	09.33137
54.06613	09.33105
54.06604	09.33083
54.06601	09.33053
54.06598	09.32926
54.06595	09.32770
54.06597	09.32744
54.06622	09.32707
54.06623	09.32690
54.06620	09.32648
54.06615	09.32605
54.06615	09.32553
54.06602	09.32526
54.06600	09.32492
54.06603	09.32461
54.06609	09.32448
54.06613	09.32431
54.06610	09.32415
54.06602	09.32403
54.06591	09.32376
54.06587	09.32357
54.06572	09.32330
54.06569	09.32309
54.06576	09.32285
54.06594	09.32239
54.06614	09.32159
54.06616	09.32127
54.06612	09.32111
54.06606	09.32107
54.06592	09.32109
54.06576	09.32067
54.06566	09.32059
54.06547	09.32061
54.06534	09.32165
54.06476	09.32102
54.06459	09.31930
54.06435	09.31899
54.06421	09.31867
54.06416	09.31834
54.06416	09.31780
54.06411	09.31736
54.06332	09.31427
54.06307	09.31334
54.06300	09.31294
54.06298	09.31244
54.06343	09.31250
54.06374	09.31258
54.06398	09.31271
54.06412	09.31295
54.06424	09.31336
54.06427	09.31364
54.06437	09.31360
54.06452	09.31339
54.06468	09.31347
54.06479	09.31339
54.06502	09.31330
54.06522	09.31330
54.06544	09.31314
54.06573	09.31292
54.06660	09.31220
54.06706	09.31177
54.06749	09.31147
54.06808	09.31159
54.06841	09.31182
54.06939	09.31267
54.06966	09.31291
54.06976	09.31297
54.07001	09.31311
54.07012	09.31317
54.07025	09.31321
54.07056	09.31325
54.07144	09.31368
54.07168	09.31384
54.07206	09.31399
54.07228	09.31401
54.07250	09.31393
54.07264	09.31328
54.07294	09.31354
54.07316	09.31361
54.07343	09.31363
54.07357	09.31258
54.07365	09.31228
54.07375	09.31219
54.07574	09.31231
54.07638	09.31234
54.07662	09.31245
54.07699	09.31269
54.07721	09.31275
54.07822	09.31272
54.07822	09.31224
54.08061	09.31119
54.08067	09.31160
54.08312	09.31042
54.08405	09.31005
54.08746	09.30893
54.08763	09.30887
54.08837	09.31314
54.08877	09.31361
54.08954	09.31450
54.08958	09.31453
54.09195	09.31729
54.09545	09.31620
54.09839	09.31529
54.09854	09.31525
54.10280	09.31402
54.10960	09.31339
54.11114	09.31325
54.11212	09.31316
54.11275	09.31313
54.11376	09.31308
54.11431	09.31315
54.11461	09.31322
54.11577	09.31351
54.11778	09.31400
54.11854	09.31419
54.11876	09.31419
54.11921	09.31371
54.12043	09.31185
54.12092	09.31115
54.12247	09.30894
54.12390	09.30689
54.12502	09.30527
54.12525	09.30489
54.12540	09.30458
54.12565	09.30430
54.12620	09.30641
54.12634	09.30695
54.12682	09.30845
54.12709	09.30927
54.12735	09.31006
54.12797	09.31219
54.12806	09.31239
54.12865	09.31236
54.12879	09.31234
54.12882	09.31250
54.12884	09.31297
54.12893	09.31345
54.12914	09.31428
54.12930	09.31511
54.12915	09.31534
54.12908	09.31568
54.12910	09.31605
54.12922	09.31638
54.12952	09.31657
54.12998	09.31643
54.13024	09.31624
54.13041	09.31711
54.13063	09.31779
54.13096	09.31926
54.13103	09.32009
54.13109	09.32061
54.13161	09.32201
54.13177	09.32198
54.13188	09.32194
54.13194	09.32209
54.13282	09.32342
54.13285	09.32366
54.13281	09.32391
54.13276	09.32418
54.13266	09.32433
54.13243	09.32457
54.13242	09.32473
54.13258	09.32509
54.13304	09.32581
54.13315	09.32581
54.13347	09.32553
54.13359	09.32494
54.13384	09.32471
54.13426	09.32449
54.13446	09.32447
54.13475	09.32460
54.13531	09.32503
54.13543	09.32531
54.13556	09.32575
54.13639	09.32765
54.13651	09.32771
54.13662	09.32769
54.13673	09.32758
54.13701	09.32806
54.13719	09.32823
54.13746	09.32888
54.13767	09.32927
54.13782	09.32949
54.13784	09.32964
54.13782	09.32995
54.13767	09.33014
54.13739	09.33025
54.13725	09.33056
54.13717	09.33099
54.13721	09.33117
54.13768	09.33228
54.13791	09.33235
54.13827	09.33267
54.13883	09.33341
54.13904	09.33380
54.13913	09.33411
54.13915	09.33450
54.13923	09.33474
54.13936	09.33491
54.13944	09.33513
54.13944	09.33548
54.13947	09.33581
54.14004	09.33728
54.14017	09.33750
54.14037	09.33761
54.14054	09.33778
54.14063	09.33809
54.14065	09.33828
54.14063	09.33852
54.14042	09.33887
54.14032	09.33898
54.14028	09.33911
54.14031	09.33926
54.14046	09.33944
54.14069	09.33951
54.14083	09.33959
54.14089	09.33985
54.14100	09.34037
54.14118	09.34107
54.14111	09.34138
54.14097	09.34203
54.14090	09.34222
54.14133	09.34303
54.14166	09.34384
54.14178	09.34396
54.14220	09.34396
54.14255	09.34383
54.14272	09.34385
54.14285	09.34398
54.14300	09.34440
54.14308	09.34485
54.14311	09.34557
54.14325	09.34677
54.14331	09.34690
54.14348	09.34703
54.14371	09.34714
54.14386	09.34729
54.14399	09.34748
54.14412	09.34781
54.14417	09.34818
54.14421	09.34870
54.14427	09.34899
54.14451	09.34942
54.14454	09.34962
54.14446	09.35003
54.14457	09.35036
54.14459	09.35060
54.14457	09.35088
54.14462	09.35112
54.14489	09.35138
54.14503	09.35171
54.14505	09.35201
54.14526	09.35219
54.14531	09.35260
54.14544	09.35281
54.14568	09.35303
54.14575	09.35318
54.14582	09.35340
54.14595	09.35362
54.14631	09.35399
54.14674	09.35468
54.14676	09.35516
54.14701	09.35525
54.14704	09.35562
54.14707	09.35584
54.14717	09.35599
54.14743	09.35605
54.14756	09.35616
54.14767	09.35642
54.14767	09.35666
54.14757	09.35708
54.14753	09.35760
54.14767	09.35782
54.14773	09.35797
54.14781	09.35817
54.14782	09.35836
54.14771	09.35878
54.14773	09.35910
54.14778	09.35936
54.14788	09.35954
54.14802	09.35962
54.14822	09.35962
54.14830	09.35995
54.14859	09.35997
54.14854	09.36060
54.14860	09.36075
54.14875	09.36078
54.14885	09.36090
54.14900	09.36123
54.14904	09.36156
54.14894	09.36221
54.14895	09.36239
54.14905	09.36254
54.14924	09.36265
54.14936	09.36280
54.14959	09.36354
54.14962	09.36387
54.14987	09.36428
54.14998	09.36476
54.14997	09.36539
54.14993	09.36574
54.14997	09.36593
54.15008	09.36611
54.15008	09.36633
54.14997	09.36665
54.15017	09.36718
54.15012	09.36739
54.15006	09.36772
54.15032	09.36833
54.15036	09.36876
54.15049	09.36918
54.15064	09.36937
54.15070	09.36964
54.15070	09.37040
54.15077	09.37053
54.15111	09.37053
54.15131	09.37061
54.15154	09.37061
54.15175	09.37063
54.15190	09.37072
54.15206	09.37098
54.15218	09.37107
54.15232	09.37109
54.15241	09.37122
54.15233	09.37181
54.15237	09.37209
54.15248	09.37220
54.15266	09.37215
54.15289	09.37220
54.15301	09.37226
54.15313	09.37237
54.15325	09.37261
54.15346	09.37307
54.15360	09.37359
54.15391	09.37337
54.15412	09.37345
54.15422	09.37363
54.15428	09.37389
54.15437	09.37409
54.15473	09.37441
54.15478	09.37461
54.15476	09.37511
54.15480	09.37528
54.15491	09.37541
54.15499	09.37559
54.15498	09.37583
54.15472	09.37629
54.15455	09.37663
54.15452	09.37687
54.15456	09.37724
54.15453	09.37749
54.15443	09.37775
54.15441	09.37794
54.15446	09.37812
54.15455	09.37820
54.15472	09.37823
54.15481	09.37833
54.15486	09.37861
54.15487	09.37883
54.15493	09.37901
54.15506	09.37914
54.15527	09.37918
54.15548	09.37929
54.15568	09.37953
54.15578	09.37970
54.15581	09.37990
54.15580	09.38005
54.15558	09.38018
54.15554	09.38031
54.15558	09.38049
54.15571	09.38064
54.15609	09.38090
54.15615	09.38101
54.15618	09.38118
54.15613	09.38144
54.15613	09.38164
54.15619	09.38179
54.15640	09.38188
54.15650	09.38196
54.15654	09.38216
54.15641	09.38279
54.15644	09.38299
54.15660	09.38325
54.15672	09.38331
54.15686	09.38333
54.15698	09.38325
54.15738	09.38296
54.15756	09.38292
54.15796	09.38292
54.15823	09.38274
54.15833	09.38278
54.15839	09.38291
54.15832	09.38309
54.15802	09.38353
54.15801	09.38370
54.15803	09.38387
54.15814	09.38394
54.15888	09.38392
54.15904	09.38402
54.15914	09.38422
54.15913	09.38446
54.15904	09.38468
54.15904	09.38494
54.15909	09.38531
54.15905	09.38544
54.15882	09.38544
54.15875	09.38553
54.15867	09.38581
54.15867	09.38644
54.15871	09.38681
54.15879	09.38701
54.15907	09.38731
54.15916	09.38749
54.15921	09.38864
54.15897	09.38864
54.15915	09.38943
54.15868	09.38969
54.15822	09.38991
54.15811	09.39000
54.15810	09.39019
54.15833	09.39058
54.15838	09.39087
54.15836	09.39174
54.15837	09.39198
54.15868	09.39241
54.15873	09.39272
54.15877	09.39313
54.15874	09.39420
54.15869	09.39505
54.15863	09.39549
54.15863	09.39575
54.15868	09.39594
54.15883	09.39614
54.15925	09.39646
54.15940	09.39644
54.15984	09.39616
54.16017	09.39604
54.16040	09.39607
54.16073	09.39582
54.16082	09.39585
54.16087	09.39600
54.16090	09.39646
54.16095	09.39676
54.16104	09.39700
54.16147	09.39767
54.16196	09.39815
54.16212	09.39835
54.16222	09.39861
54.16223	09.39889
54.16219	09.39913
54.16210	09.39926
54.16164	09.39946
54.16157	09.39957
54.16147	09.39981
54.16145	09.40018
54.16149	09.40070
54.16157	09.40103
54.16167	09.40120
54.16195	09.40148
54.16202	09.40177
54.16202	09.40214
54.16197	09.40229
54.16185	09.40242
54.16162	09.40257
54.16129	09.40240
54.16061	09.40236
54.16055	09.40304
54.16037	09.40293
54.16037	09.40365
54.16040	09.40421
54.16044	09.40473
54.16068	09.40484
54.16074	09.40522
54.16083	09.40554
54.16099	09.40589
54.16108	09.40617
54.16110	09.40641
54.16106	09.40672
54.16095	09.40698
54.15992	09.40840
54.15968	09.40879
54.15966	09.40905
54.15996	09.40953
54.16013	09.41033
54.16028	09.41070
54.16058	09.41131
54.16083	09.41168
54.16104	09.41194
54.16122	09.41203
54.16178	09.41212
54.16217	09.41240
54.16232	09.41255
54.16237	09.41270
54.16237	09.41283
54.16229	09.41298
54.16196	09.41316
54.16176	09.41331
54.16170	09.41349
54.16170	09.41384
54.16183	09.41517
54.16203	09.41564
54.16233	09.41606
54.16236	09.41625
54.16227	09.41689
54.16231	09.41706
54.16241	09.41717
54.16308	09.41732
54.16323	09.41742
54.16334	09.41762
54.16340	09.41790
54.16341	09.41906
54.16346	09.41934
54.16358	09.41958
54.16406	09.42036
54.16416	09.42065
54.16423	09.42093
54.16421	09.42132
54.16405	09.42187
54.16398	09.42228
54.16395	09.42265
54.16400	09.42300
54.16412	09.42326
54.16436	09.42352
54.16458	09.42374
54.16483	09.42406
54.16511	09.42458
54.16519	09.42482
54.16519	09.42500
54.16511	09.42515
54.16496	09.42522
54.16482	09.42537
54.16471	09.42561
54.16466	09.42592
54.16467	09.42616
54.16476	09.42633
54.16491	09.42639
54.16505	09.42635
54.16551	09.42596
54.16571	09.42589
54.16579	09.42590
54.16589	09.42591
54.16604	09.42600
54.16616	09.42615
54.16654	09.42717
54.16670	09.42739
54.16695	09.42756
54.16740	09.42771
54.16791	09.42771
54.16807	09.42780
54.16870	09.42838
54.16900	09.42866
54.16913	09.42888
54.16926	09.42921
54.16934	09.42953
54.16934	09.43012
54.16931	09.43112
54.16937	09.43167
54.16943	09.43196
54.16955	09.43219
54.16965	09.43228
54.16975	09.43225
54.17002	09.43204
54.17058	09.43341
54.17081	09.43404
54.17224	09.43861
54.17263	09.43976
54.17321	09.44183
54.17338	09.44189
54.17362	09.44219
54.17379	09.44224
54.17409	09.44217
54.17659	09.44018
54.17750	09.43957
54.17784	09.43937
54.17835	09.43917
54.17904	09.43902
54.17950	09.43897
54.18000	09.43897
54.18037	09.43901
54.18087	09.43914
54.18176	09.43948
54.18290	09.43998
54.18299	09.43995
54.18306	09.43983
54.18319	09.43958
54.18362	09.43871
54.18403	09.43775
54.18430	09.43701
54.18438	09.43653
54.18432	09.43627
54.18372	09.43525
54.18357	09.43490
54.18349	09.43455
54.18349	09.43444
54.18353	09.43429
54.18374	09.43409
54.18426	09.43392
54.18446	09.43376
54.18496	09.43319
54.18558	09.43291
54.18572	09.43269
54.18572	09.43206
54.18565	09.43077
54.18568	09.43051
54.18583	09.43029
54.18705	09.43094
54.18724	09.43090
54.18735	09.43068
54.18739	09.43040
54.18704	09.42905
54.18688	09.42804
54.18691	09.42774
54.18704	09.42754
54.18722	09.42741
54.18741	09.42743
54.18764	09.42735
54.18832	09.42697
54.18856	09.42688
54.18876	09.42693
54.18892	09.42708
54.18911	09.42742
54.18924	09.42795
54.18928	09.42847
54.18921	09.42943
54.18926	09.43019
54.18936	09.43048
54.18948	09.43069
54.18965	09.43071
54.18981	09.43065
54.19035	09.43025
54.19050	09.43025
54.19059	09.43036
54.19076	09.43160
54.19078	09.43230
54.19072	09.43265
54.19035	09.43350
54.19029	09.43383
54.19031	09.43417
54.19048	09.43450
54.19074	09.43472
54.19111	09.43489
54.19135	09.43484
54.19152	09.43463
54.19202	09.43323
54.19215	09.43275
54.19219	09.43247
54.19219	09.43160
54.19219	09.43125
54.19224	09.43103
54.19238	09.43081
54.19259	09.43075
54.19286	09.43085
54.19321	09.43116
54.19338	09.43141
54.19356	09.43183
54.19363	09.43216
54.19362	09.43257
54.19357	09.43305
54.19344	09.43390
54.19338	09.43460
54.19335	09.43510
54.19337	09.43536
54.19371	09.43680
54.19372	09.43721
54.19369	09.43758
54.19360	09.43791
54.19312	09.43876
54.19309	09.43902
54.19311	09.43919
54.19328	09.43952
54.19375	09.44013
54.19403	09.44037
54.19420	09.44046
54.19440	09.44045
54.19477	09.44026
54.19512	09.43990
54.19578	09.43914
54.19619	09.43881
54.19648	09.43868
54.19669	09.43850
54.19695	09.43822
54.19726	09.43798
54.19750	09.43794
54.19759	09.43796
54.19773	09.43806
54.19813	09.43839
54.19858	09.43856
54.19894	09.43859
54.19927	09.43884
54.19948	09.43912
54.20073	09.43773
54.20359	09.43408
54.20439	09.43322
54.20566	09.43155
54.20733	09.42976
54.20772	09.42935
54.20843	09.42886
54.20937	09.42869
54.20998	09.42894
54.21147	09.43051
54.21182	09.43108
54.21227	09.43185
54.21294	09.43350
54.21354	09.43547
54.21386	09.43666
54.21404	09.43709
54.21421	09.43735
54.21442	09.43756
54.21477	09.43773
54.21511	09.43780
54.21541	09.43775
54.21690	09.43705
54.21784	09.43671
54.21850	09.43662
54.21881	09.43667
54.21936	09.43690
54.21986	09.43737
54.22046	09.43814
54.22111	09.43953
54.22151	09.44060
54.22215	09.44208
54.22259	09.44272
54.22282	09.44291
54.22292	09.44294
54.22318	09.44300
54.22339	09.44296
54.22347	09.44295
54.22363	09.44273
54.22372	09.44261
54.22390	09.44212
54.22419	09.44114
54.22455	09.43947
54.22524	09.43603
54.22539	09.43549
54.22563	09.43509
54.22594	09.43477
54.22669	09.43470
54.22738	09.43493
54.22910	09.43573
54.22983	09.43581
54.23060	09.43566
54.23181	09.43513
54.23350	09.43423
54.23523	09.43340
54.23618	09.43312
54.23680	09.43312
54.23711	09.43312
54.23734	09.43325
54.23760	09.43348
54.23779	09.43382
54.23796	09.43434
54.23809	09.43502
54.23817	09.43588
54.23829	09.43802
54.23829	09.43949
54.23833	09.44077
54.23855	09.44197
54.23871	09.44251
54.23904	09.44310
54.23950	09.44364
54.24002	09.44405
54.24037	09.44422
54.24165	09.44437
54.24242	09.44422
54.24429	09.44351
54.24539	09.44326
54.24596	09.44302
54.24644	09.44266
54.24671	09.44229
54.24704	09.44176
54.24719	09.44135
54.24731	09.44060
54.24735	09.43958
54.24738	09.43887
54.24750	09.43800
54.24768	09.43716
54.24791	09.43660
54.24839	09.43586
54.24924	09.43492
54.25064	09.43376
54.25231	09.43278
54.25344	09.43244
54.25399	09.43239
54.25713	09.43310
54.25730	09.43307
54.25750	09.43304
54.25783	09.43276
54.25810	09.43233
54.25839	09.43162
54.25863	09.43036
54.25865	09.42876
54.25859	09.42750
54.25861	09.42613
54.25870	09.42448
54.25879	09.42390
54.25892	09.42350
54.25911	09.42315
54.25950	09.42266
54.25973	09.42245
54.26007	09.42234
54.26075	09.42234
54.26271	09.42253
54.26304	09.42247
54.26387	09.42215
54.26453	09.42157
54.26474	09.42119
54.26478	09.42083
54.26476	09.42038
54.26461	09.41991
54.26435	09.41926
54.26324	09.41727
54.26225	09.41586
54.26125	09.41383
54.26104	09.41291
54.26095	09.41195
54.26100	09.41109
54.26122	09.41018
54.26163	09.40934
54.26244	09.40814
54.26508	09.40498
54.26579	09.40425
54.26642	09.40361
54.26664	09.40344
54.26701	09.40333
54.26761	09.40331
54.26807	09.40348
54.26864	09.40389
54.26910	09.40429
54.26943	09.40444
54.26976	09.40442
54.26998	09.40432
54.27033	09.40406
54.27052	09.40372
54.27071	09.40314
54.27110	09.40117
54.27137	09.40064
54.27163	09.40038
54.27213	09.40032
54.27240	09.40045
54.27279	09.40090
54.27303	09.40132
54.27362	09.40331
54.27408	09.40429
54.27440	09.40447
54.27464	09.40444
54.27487	09.40434
54.27518	09.40395
54.27589	09.40271
54.27638	09.40203
54.27698	09.40132
54.27723	09.40107
54.27748	09.40094
54.27784	09.40090
54.27823	09.40107
54.27853	09.40132
54.27882	09.40160
54.27912	09.40196
54.27970	09.40282
54.28038	09.40359
54.28069	09.40376
54.28099	09.40372
54.28130	09.40359
54.28156	09.40333
54.28178	09.40291
54.28203	09.40220
54.28276	09.39983
54.28302	09.39923
54.28344	09.39861
54.28381	09.39820
54.28548	09.39717
54.28588	09.39698
54.28599	09.39689
54.28626	09.39663
54.28658	09.39634
54.28746	09.39542
54.28845	09.39442
54.28867	09.39414
54.28883	09.39367
54.28920	09.39360
54.28943	09.39356
54.28998	09.39339
54.29065	09.39324
54.29102	09.39326
54.29138	09.39339
54.29163	09.39352
54.29193	09.39384
54.29213	09.39418
54.29311	09.39668
54.29354	09.39767
54.29503	09.39964
54.29538	09.40017
54.29586	09.40130
54.29604	09.40199
54.29613	09.40248
54.29623	09.40344
54.29629	09.40468
54.29641	09.40567
54.29660	09.40609
54.29687	09.40642
54.29706	09.40646
54.29746	09.40639
54.29771	09.40616
54.29797	09.40580
54.29815	09.40532
54.29826	09.40468
54.29830	09.40327
54.29822	09.40222
54.29803	09.40135
54.29784	09.40077
54.29754	09.40000
54.29743	09.39936
54.29742	09.39870
54.29745	09.39827
54.29759	09.39788
54.29780	09.39748
54.29805	09.39720
54.29840	09.39698
54.29900	09.39690
54.29957	09.39674
54.29988	09.39660
54.30040	09.39609
54.30068	09.39561
54.30085	09.39517
54.30119	09.39416
54.30140	09.39382
54.30176	09.39349
54.30231	09.39322
54.30255	09.39314
54.30289	09.39316
54.30318	09.39331
54.30345	09.39350
54.30370	09.39374
54.30390	09.39379
54.30386	09.39393
54.30380	09.39658
54.30371	09.39682
54.30348	09.39714
54.30329	09.39755
54.30309	09.39820
54.30288	09.39883
54.30182	09.39997
54.30017	09.40217
54.29997	09.40260
54.29986	09.40296
54.29927	09.40523
54.29930	09.40540
54.30032	09.40560
54.30048	09.40564
54.30060	09.40544
54.30093	09.40513
54.30142	09.40489
54.30172	09.40469
54.30329	09.40329
54.30380	09.40290
54.30402	09.40261
54.30436	09.40203
54.30474	09.40130
54.30494	09.40080
54.30520	09.40031
54.30575	09.39968
54.30615	09.39999
54.30632	09.39999
54.30641	09.40004
54.30665	09.40115
54.30683	09.40141
54.30710	09.40259
54.30722	09.40257
54.30797	09.40165
54.30821	09.40141
54.30833	09.40141
54.31018	09.40292
54.31037	09.40304
54.31103	09.40298
54.31342	09.40322
54.31359	09.40303
54.31396	09.40264
54.31482	09.40181
54.31488	09.40185
54.31521	09.40207
54.31538	09.40190
54.31553	09.40181
54.31575	09.40178
54.31611	09.40180
54.31646	09.40166
54.31663	09.40142
54.31666	09.40131
54.31671	09.40113
54.31693	09.40108
54.31744	09.40110
54.31769	09.40117
54.31783	09.40129
54.31794	09.40143
54.31813	09.40168
54.32066	09.40204
54.32218	09.40228
54.32230	09.40220
54.32231	09.40173
54.32239	09.40173
54.32334	09.40214
54.32342	09.40201
54.32334	09.40035
54.32335	09.39814
54.32381	09.39326
54.32398	09.39264
54.32407	09.39188
54.32427	09.39015
54.32427	09.38982
54.32961	09.39567
54.33410	09.40069
54.33577	09.40248
54.33975	09.40671
54.34102	09.40833
54.34112	09.40847
54.34217	09.40986
54.34371	09.41185
54.34618	09.41524
54.34620	09.41555
54.34639	09.41777
54.34633	09.41828
54.34552	09.42002
54.34548	09.42083
54.34540	09.42120
54.34485	09.42255
54.34467	09.42327
54.34454	09.42390
54.34444	09.42484
54.34441	09.42602
54.34435	09.42710
54.34435	09.42834
54.34431	09.42920
54.34434	09.42934
54.34439	09.43043
54.34438	09.43094
54.34432	09.43137
54.34424	09.43178
54.34420	09.43275
54.34421	09.43349
54.34414	09.43419
54.34396	09.43489
54.34378	09.43545
54.34371	09.43590
54.34370	09.43643
54.34380	09.43728
54.34421	09.43942
54.34430	09.44077
54.34427	09.44130
54.34408	09.44205
54.34390	09.44253
54.34352	09.44306
54.34307	09.44350
54.34274	09.44388
54.34251	09.44435
54.34252	09.44447
54.34253	09.44581
54.34250	09.44613
54.34232	09.44651
54.34181	09.44685
54.34150	09.44717
54.34132	09.44758
54.34119	09.44833
54.34098	09.44881
54.34055	09.44929
54.33997	09.44985
54.33988	09.45019
54.34026	09.45260
54.34041	09.45373
54.34044	09.45419
54.34027	09.45474
54.34008	09.45501
54.33981	09.45513
54.33943	09.45516
54.33890	09.45512
54.33863	09.45518
54.33843	09.45528
54.33818	09.45552
54.33801	09.45591
54.33790	09.45625
54.33749	09.45712
54.33741	09.45738
54.33735	09.45779
54.33737	09.45799
54.33744	09.45818
54.33779	09.45873
54.33782	09.45887
54.33782	09.45909
54.33778	09.45941
54.33768	09.45965
54.33751	09.45977
54.33729	09.45984
54.33712	09.45996
54.33701	09.46016
54.33688	09.46071
54.33667	09.46216
54.33667	09.46247
54.33675	09.46269
54.33704	09.46278
54.33763	09.46290
54.33774	09.46304
54.33781	09.46326
54.33778	09.46408
54.33773	09.46480
54.33774	09.46519
54.33780	09.46550
54.33794	09.46584
54.33878	09.46711
54.33914	09.46769
54.33960	09.46855
54.33984	09.46906
54.33999	09.46954
54.34005	09.46986
54.34001	09.47050
54.33993	09.47096
54.33981	09.47113
54.33963	09.47116
54.33783	09.47109
54.33761	09.47116
54.33744	09.47131
54.33735	09.47163
54.33735	09.47211
54.33738	09.47237
54.33749	09.47256
54.33787	09.47266
54.33817	09.47290
54.33834	09.47314
54.33847	09.47348
54.33852	09.47379
54.33857	09.47420
54.33854	09.47463
54.33847	09.47485
54.33834	09.47502
54.33814	09.47504
54.33727	09.47459
54.33711	09.47459
54.33685	09.47481
54.33647	09.47558
54.33643	09.47589
54.33655	09.47618
54.33664	09.47626
54.33711	09.47611
54.33739	09.47606
54.33766	09.47608
54.33792	09.47618
54.33808	09.47632
54.33813	09.47647
54.33813	09.47668
54.33785	09.47721
54.33769	09.47765
54.33766	09.47782
54.33770	09.47808
54.33832	09.48063
54.33834	09.48092
54.33810	09.48182
54.33805	09.48247
54.33807	09.48307
54.33810	09.48333
54.33820	09.48353
54.33896	09.48449
54.33915	09.48502
54.33960	09.48651
54.33965	09.48672
54.33960	09.48697
54.33935	09.48788
54.33925	09.48808
54.33902	09.48841
54.33893	09.48868
54.33892	09.48890
54.33913	09.48924
54.33962	09.48952
54.33993	09.48964
54.34011	09.48964
54.34024	09.48971
54.34051	09.48995
54.34059	09.49010
54.34061	09.49072
54.34049	09.49113
54.34041	09.49123
54.33996	09.49099
54.33977	09.49097
54.33962	09.49102
54.33951	09.49116
54.33944	09.49138
54.33943	09.49157
54.33946	09.49174
54.33999	09.49256
54.34033	09.49323
54.34043	09.49371
54.34033	09.49463
54.34039	09.49508
54.34047	09.49516
54.34061	09.49516
54.34072	09.49501
54.34099	09.49443
54.34109	09.49431
54.34142	09.49409
54.34152	09.49414
54.34176	09.49440
54.34182	09.49457
54.34185	09.49484
54.34168	09.49529
54.34147	09.49566
54.34115	09.49634
54.34105	09.49696
54.34106	09.49740
54.34114	09.49752
54.34129	09.49752
54.34161	09.49732
54.34207	09.49718
54.34241	09.49717
54.34251	09.49722
54.34255	09.49732
54.34252	09.49751
54.34216	09.49840
54.34213	09.49891
54.34215	09.49912
54.34219	09.49920
54.34229	09.49930
54.34248	09.49938
54.34248	09.49953
54.34249	09.49978
54.34301	09.49974
54.34343	09.49988
54.34367	09.50000
54.34390	09.50020
54.34398	09.50035
54.34403	09.50098
54.34411	09.50099
54.34428	09.50103
54.34449	09.50101
54.34446	09.50165
54.34452	09.50198
54.34466	09.50227
54.34483	09.50240
54.34499	09.50245
54.34530	09.50216
54.34547	09.50210
54.34576	09.50242
54.34572	09.50278
54.34568	09.50294
54.34562	09.50324
54.34587	09.50329
54.34637	09.50413
54.34707	09.50511
54.34712	09.50545
54.34710	09.50565
54.34727	09.50548
54.34753	09.50533
54.34763	09.50562
54.34762	09.50595
54.34797	09.50643
54.34813	09.50674
54.34819	09.50713
54.34830	09.50843
54.34837	09.50879
54.34847	09.50903
54.34876	09.50932
54.34873	09.50949
54.34869	09.50982
54.34889	09.51038
54.34907	09.51072
54.34909	09.51130
54.34929	09.51175
54.35010	09.51261
54.35015	09.51246
54.35025	09.51220
54.35041	09.51203
54.35073	09.51270
54.35074	09.51301
54.35058	09.51567
54.35043	09.51565
54.35033	09.51593
54.35033	09.51686
54.35046	09.51759
54.35060	09.51819
54.35073	09.51887
54.35072	09.51938
54.35083	09.51941
54.35100	09.51943
54.35108	09.52208
54.35108	09.52273
54.35102	09.52322
54.35090	09.52324
54.35078	09.52324
54.35074	09.52418
54.35086	09.52469
54.35101	09.52533
54.35116	09.52558
54.35130	09.52580
54.35154	09.52589
54.35169	09.52601
54.35177	09.52622
54.35179	09.52647
54.35189	09.52656
54.35204	09.52665
54.35202	09.52769
54.35195	09.52793
54.35160	09.52847
54.35115	09.52885
54.35104	09.52902
54.35101	09.52927
54.35101	09.52963
54.35086	09.52960
54.35071	09.52958
54.35052	09.52955
54.35058	09.53125
54.35072	09.53213
54.35083	09.53282
54.35086	09.53295
54.35096	09.53346
54.35111	09.53331
54.35121	09.53319
54.35138	09.53287
54.35167	09.53308
54.35253	09.53220
54.35277	09.53215
54.35331	09.53206
54.35332	09.53243
54.35332	09.53263
54.35331	09.53283
54.35416	09.53271
54.35440	09.53270
54.35462	09.53289
54.35480	09.53324
54.35496	09.53402
54.35510	09.53399
54.35524	09.53396
54.35544	09.53375
54.35565	09.53491
54.35567	09.53501
54.35587	09.53574
54.35589	09.53598
54.35596	09.53634
54.35578	09.53752
54.35554	09.53750
54.35547	09.53754
54.35567	09.53847
54.35602	09.54125
54.35611	09.54121
54.35628	09.54116
54.35667	09.54501
54.35654	09.54504
54.35637	09.54511
54.35639	09.54562
54.35636	09.54596
54.35616	09.54675
54.35607	09.54731
54.35586	09.54900
54.35600	09.54905
54.35616	09.54914
54.35605	09.54977
54.35596	09.55006
54.35579	09.55037
54.35558	09.55069
54.35598	09.55223
54.35626	09.55218
54.35639	09.55223
54.35656	09.55263
54.35667	09.55278
54.35688	09.55287
54.35702	09.55306
54.35712	09.55335
54.35719	09.55393
54.35720	09.55420
54.35723	09.55490
54.35724	09.55564
54.35758	09.55589
54.36044	09.55796
54.36043	09.55851
54.36331	09.56018
54.36342	09.55972
54.36428	09.56012
54.36513	09.56067
54.36558	09.56097
54.36592	09.56110
54.36622	09.56119
54.36614	09.56158
54.36703	09.56214
54.36749	09.56244
54.36776	09.56267
54.36872	09.56385
54.36891	09.56353
54.36908	09.56317
54.37031	09.56444
54.37063	09.56468
54.37182	09.56520
54.37197	09.56534
54.37240	09.56588
54.37677	09.56427
54.37758	09.56399
54.37926	09.56318
54.37990	09.56278
54.38344	09.56059
54.38622	09.55829
54.38935	09.55621
54.39045	09.55559
54.39114	09.55521
54.39467	09.55259
54.39704	09.55007
54.39837	09.54882
54.39978	09.54706
54.39993	09.54703
54.40146	09.54920
54.40224	09.55244
54.40274	09.55239
54.40299	09.55216
54.40308	09.55299
54.40296	09.55342
54.40279	09.55430
54.40282	09.55591
54.40314	09.55757
54.40353	09.55929
54.40365	09.55939
54.40497	09.55837
54.40584	09.55572
54.40616	09.55549
54.40682	09.55362
54.40698	09.55340
54.40753	09.55334
54.40830	09.55326
54.40869	09.55374
54.41003	09.55349
54.41029	09.55369
54.41094	09.55380
54.41141	09.55411
54.41180	09.55455
54.41229	09.55456
54.41263	09.55482
54.41381	09.55459
54.41460	09.55463
54.41519	09.55466
54.41716	09.55531
54.41762	09.55532
54.41782	09.55517
54.41880	09.55385
54.41943	09.55383
54.41961	09.55363
54.41967	09.55348
54.42003	09.55274
54.42039	09.55239
54.42060	09.55238
54.42145	09.55251
54.42306	09.55171
54.42415	09.55155
54.42452	09.55166
54.42514	09.55255
54.42535	09.55272
54.42631	09.55262
54.42644	09.55215
54.42700	09.55226
54.42715	09.55171
54.42722	09.55172
54.42843	09.55231
54.42938	09.55339
54.42952	09.55383
54.43004	09.55584
54.43027	09.55680
54.43045	09.55732
54.43096	09.55796
54.43164	09.55839
54.43178	09.55893
54.43189	09.55992
54.43266	09.56386
54.43279	09.56386
54.43290	09.56432
54.43360	09.56817
54.43370	09.56869
54.43373	09.56903
54.43368	09.56908
54.43357	09.56916
54.43268	09.56928
54.43246	09.56936
54.43245	09.56948
54.43288	09.57171
54.43282	09.57183
54.43222	09.57215
54.43213	09.57235
54.43223	09.57292
54.43252	09.57527
54.43277	09.57579
54.43375	09.58378
54.43382	09.58487
54.43438	09.58852
54.43445	09.58900
54.43459	09.58937
54.43689	09.59271
54.43701	09.59291
54.44064	09.59825
54.44109	09.59894
54.44140	09.59934
54.44156	09.59956
54.44242	09.60508
54.44243	09.60538
54.44243	09.60587
54.44236	09.60678
54.44194	09.60894
54.44177	09.61012
54.44172	09.61069
54.44161	09.61141
54.44165	09.61168
54.44201	09.61218
54.44210	09.61272
54.44224	09.61321
54.44241	09.61346
54.44270	09.61351
54.44322	09.61346
54.44521	09.61636
54.44520	09.61683
54.44651	09.61945
54.44661	09.61985
54.44628	09.62200
54.44664	09.62219
54.44680	09.62304
54.44736	09.62440
54.44931	09.62892
54.44948	09.62959
54.44998	09.63043
54.45086	09.63246
54.45120	09.63338
54.45149	09.63360
54.45182	09.63481
54.45200	09.63565
54.45239	09.63637
54.45287	09.63820
54.45297	09.63894
54.45297	09.63956
54.45360	09.64176
54.45411	09.64161
54.45468	09.64144
54.45510	09.64144
54.45544	09.64149
54.45561	09.64144
54.45626	09.64112
54.45646	09.64114
54.45669	09.64112
54.45692	09.64102
54.45715	09.64097
54.45740	09.64100
54.45791	09.64129
54.45813	09.64124
54.45843	09.64092
54.45899	09.64043
54.45925	09.64016
54.45945	09.64011
54.45963	09.64023
54.45980	09.64058
54.45997	09.64117
54.46017	09.64142
54.46044	09.64154
54.46068	09.64152
54.46237	09.63991
54.46271	09.63955
54.46281	09.63944
54.46312	09.63887
54.46325	09.63850
54.46308	09.63726
54.46318	09.63687
54.46330	09.63677
54.46331	09.63588
54.46321	09.63492
54.46311	09.63449
54.46327	09.63422
54.46395	09.63323
54.46420	09.63306
54.46441	09.63321
54.46461	09.63321
54.46501	09.63281
54.46516	09.63232
54.46516	09.63199
54.46517	09.63175
54.46501	09.63113
54.46506	09.63086
54.46572	09.62888
54.46585	09.62856
54.46638	09.62895
54.46651	09.62898
54.46651	09.62823
54.46654	09.62806
54.46687	09.62875
54.46696	09.62915
54.46694	09.62974
54.46697	09.63029
54.46710	09.63058
54.46760	09.63073
54.46783	09.63088
54.46835	09.63113
54.46853	09.63135
54.46867	09.63142
54.46875	09.63140
54.46885	09.63091
54.46900	09.63076
54.46913	09.63086
54.46964	09.63145
54.47013	09.63180
54.47039	09.63187
54.47065	09.63187
54.47102	09.63177
54.47164	09.63103
54.47189	09.63096
54.47204	09.63110
54.47217	09.63145
54.47233	09.63152
54.47292	09.63180
54.47335	09.63217
54.47427	09.63343
54.47452	09.63382
54.47478	09.63481
54.47505	09.63556
54.47533	09.63643
54.47555	09.63709
54.47578	09.63795
54.47595	09.63870
54.47605	09.63954
54.47619	09.64040
54.47638	09.64100
54.47661	09.64144
54.47697	09.64192
54.47756	09.64271
54.47796	09.64308
54.47845	09.64362
54.47900	09.64411
54.47921	09.64421
54.47976	09.64414
54.48070	09.64369
54.48120	09.64350
54.48130	09.64352
54.48131	09.64421
54.48141	09.64446
54.48173	09.64454
54.48176	09.64501
54.48180	09.64525
54.48200	09.64543
54.48222	09.64543
54.48226	09.64686
54.48253	09.64706
54.48315	09.64889
54.48321	09.64919
54.48318	09.64966
54.48322	09.64995
54.48351	09.65065
54.48350	09.65092
54.48331	09.65174
54.48326	09.65208
54.48373	09.65260
54.48414	09.65290
54.48436	09.65322
54.48444	09.65364
54.48459	09.65461
54.48467	09.65505
54.48477	09.65540
54.48495	09.65584
54.48504	09.65592
54.48523	09.65589
54.48532	09.65606
54.48549	09.65668
54.48598	09.65777
54.48613	09.65780
54.48655	09.65770
54.48667	09.65780
54.48667	09.65787
54.48674	09.65812
54.48691	09.65817
54.48736	09.65839
54.48756	09.65864
54.48759	09.65879
54.48769	09.65888
54.48779	09.65916
54.48773	09.66082
54.48770	09.66104
54.48761	09.66118
54.48760	09.66156
54.48768	09.66195
54.48794	09.66252
54.48831	09.66279
54.48855	09.66309
54.48888	09.66371
54.48916	09.66435
54.48950	09.66566
54.48951	09.66631
54.48958	09.66660
54.48971	09.66680
54.49024	09.66686
54.49041	09.66701
54.49053	09.66725
54.49054	09.66755
54.49046	09.66817
54.49047	09.66841
54.49048	09.66869
54.49054	09.66916
54.49070	09.66955
54.49088	09.66984
54.49082	09.67029
54.49110	09.67039
54.49174	09.67047
54.49183	09.67089
54.49193	09.67124
54.49208	09.67158
54.49192	09.67178
54.49199	09.67218
54.49209	09.67254
54.49215	09.67296
54.49211	09.67321
54.49227	09.67326
54.49226	09.67375
54.49235	09.67402
54.49250	09.67417
54.49262	09.67444
54.49281	09.67476
54.49298	09.67493
54.49317	09.67458
54.49333	09.67463
54.49378	09.67353
54.49391	09.67338
54.49402	09.67323
54.49460	09.67263
54.49476	09.67317
54.49486	09.67376
54.49494	09.67443
54.49509	09.67458
54.49533	09.67462
54.49547	09.67489
54.49569	09.67509
54.49599	09.67538
54.51528	09.67309
54.51541	09.67321
54.52160	09.68853
54.52246	09.69317
54.52234	09.69355
54.51957	09.69951
54.51851	09.70151
54.51812	09.70218
54.51795	09.70257
54.51837	09.71133
54.51874	09.71382
54.51883	09.71406
54.51894	09.71412
54.52103	09.71440
54.52154	09.71453
54.52218	09.71498
54.52360	09.71593
54.52369	09.71599
54.52474	09.71670
54.52626	09.71783
54.52854	09.71790
54.52994	09.72099
54.52994	09.73355
54.53013	09.73504
54.53034	09.73713
54.53050	09.73745
54.53084	09.73775
54.53192	09.73867
54.53221	09.73887
54.53245	09.73882
54.53336	09.73841
54.53556	09.73740
54.53582	09.73745
54.53756	09.73900
54.53758	09.73960
54.53749	09.74106
54.53766	09.74126
54.54009	09.74130
54.54025	09.74145
54.54091	09.74316
54.54111	09.74361
54.54131	09.74356
54.54258	09.74238
54.54295	09.74218
54.54449	09.74286
54.54479	09.74308
54.55178	09.75527
54.55252	09.75657
54.55305	09.75747
54.55348	09.75831
54.55387	09.75869
54.55714	09.76074
54.55899	09.76527
54.57181	09.79846
54.57558	09.80834
54.57642	09.81054
54.57671	09.81123
54.57862	09.81457
54.58033	09.81571
54.58204	09.81684
54.58236	09.81734
54.58324	09.81930
54.58341	09.81968
54.58369	09.82025
54.58631	09.82687
54.58763	09.83014
54.58842	09.83211
54.58996	09.83605
54.59017	09.83650
54.59144	09.83870
54.59180	09.83932
54.59257	09.84070
54.59284	09.84118
54.59304	09.84164
54.59559	09.84721
54.59629	09.84875
54.59788	09.85512
54.59831	09.85681
54.59872	09.85809
54.59886	09.85866
54.59984	09.86253
54.59998	09.86299
54.60019	09.86352
54.60070	09.86481
54.60157	09.86720
54.60232	09.86985
54.60310	09.87256
54.60336	09.87354
54.60358	09.87406
54.60435	09.87561
54.60786	09.88307
54.60873	09.88434
54.60880	09.88444
54.61138	09.88832
54.61407	09.89236
54.61428	09.89269
54.61646	09.89646
54.61681	09.89722
54.61750	09.89840
54.61764	09.89864
54.62033	09.90651
54.62107	09.90867
54.62281	09.91382
54.62295	09.91436
54.62355	09.91870
54.62421	09.92350
54.62520	09.92820
54.62552	09.92963
54.62563	09.93013
54.62643	09.93288
54.62788	09.93371
54.62918	09.93453
54.62968	09.93525
54.63174	09.93833
54.63192	09.93844
54.63333	09.93909
54.63349	09.93914
54.63359	09.93916
54.63658	09.93728
54.63675	09.93717
54.63715	09.93700
54.63661	09.94278
54.63671	09.94326
54.63669	09.94345
54.63658	09.94379
54.63645	09.94444
54.63646	09.94474
54.63656	09.94491
54.63682	09.94522
54.63687	09.94542
54.63671	09.94568
54.63640	09.94620
54.63625	09.94644
54.63598	09.94674
54.63579	09.94685
54.63549	09.94701
54.63547	09.94716
54.63548	09.94738
54.63549	09.94767
54.63550	09.94800
54.63544	09.94820
54.63493	09.94894
54.63480	09.94954
54.63461	09.94973
54.63432	09.94986
54.63434	09.95048
54.63436	09.95114
54.63436	09.95144
54.63418	09.95163
54.63384	09.95167
54.63351	09.95172
54.63326	09.95191
54.63334	09.95349
54.63341	09.95472
54.63342	09.95526
54.63337	09.95539
54.63323	09.95541
54.63246	09.95593
54.63105	09.95690
54.63090	09.95690
54.63083	09.95651
54.63076	09.95557
54.63067	09.95415
54.63061	09.95400
54.63049	09.95397
54.63022	09.95403
54.62947	09.95447
54.62939	09.95460
54.62940	09.95565
54.62940	09.95622
54.62937	09.95918
54.62953	09.95942
54.62955	09.95989
54.62949	09.96013
54.62902	09.96005
54.62890	09.96020
54.62872	09.96025
54.62757	09.96007
54.62671	09.95995
54.62666	09.96042
54.62666	09.96080
54.62666	09.96223
54.62662	09.96262
54.62646	09.96288
54.62623	09.96309
54.62600	09.96350
54.62585	09.96396
54.62579	09.96414
54.62579	09.96436
54.62591	09.96440
54.62610	09.96440
54.62615	09.96473
54.62603	09.96496
54.62579	09.96535
54.62615	09.96537
54.62670	09.96517
54.62697	09.96507
54.62743	09.96525
54.62775	09.96537
54.62841	09.96567
54.62870	09.96568
54.62889	09.96568
54.62928	09.96564
54.62946	09.96561
54.63001	09.96544
54.63025	09.96565
54.63045	09.96581
54.63085	09.96627
54.63147	09.96712
54.63199	09.96794
54.63205	09.96806
54.63257	09.96920
54.63291	09.97014
54.63311	09.97064
54.63393	09.97057
54.63428	09.97061
54.63449	09.97067
54.63468	09.97099
54.63486	09.97099
54.63553	09.97086
54.63612	09.97083
54.63675	09.97066
54.63715	09.97053
54.63817	09.97013
54.63843	09.97179
54.63880	09.97421
54.63888	09.97379
54.63902	09.97375
54.63934	09.97368
54.63952	09.97345
54.63942	09.97255
54.63940	09.97237
54.63935	09.97159
54.63939	09.97112
54.63935	09.97054
54.63934	09.97038
54.63936	09.97011
54.63991	09.96994
54.64036	09.96980
54.64067	09.96971
54.64081	09.96967
54.64095	09.96957
54.64126	09.96937
54.64154	09.96927
54.64184	09.96935
54.64211	09.96935
54.64232	09.96936
54.64292	09.96923
54.64336	09.96912
54.64380	09.96883
54.64427	09.96848
54.64491	09.96827
54.64506	09.96824
54.64519	09.96851
54.64514	09.96886
54.64523	09.96912
54.64527	09.96922
54.64578	09.96948
54.64617	09.96974
54.64626	09.96987
54.64650	09.96982
54.64677	09.96982
54.64694	09.96992
54.64700	09.97007
54.64706	09.97025
54.64702	09.97060
54.64699	09.97082
54.64693	09.97106
54.64694	09.97143
54.64693	09.97164
54.64678	09.97189
54.64670	09.97238
54.64669	09.97253
54.64668	09.97283
54.64666	09.97336
54.64666	09.97361
54.64654	09.97429
54.64653	09.97529
54.64652	09.97564
54.64638	09.97681
54.64618	09.97867
54.64601	09.98001
54.64593	09.98015
54.64574	09.98026
54.64486	09.98029
54.64433	09.98039
54.64370	09.98079
54.64355	09.98081
54.64299	09.98098
54.64287	09.98127
54.64186	09.98180
54.64175	09.98185
54.64181	09.98249
54.64169	09.98269
54.63982	09.98316
54.63949	09.98321
54.63919	09.98317
54.63877	09.98342
54.63836	09.98378
54.63815	09.98398
54.63809	09.98413
54.63834	09.98457
54.63943	09.98632
54.63962	09.98704
54.63997	09.98781
54.64093	09.99046
54.64095	09.99068
54.64097	09.99120
54.64099	09.99142
54.64115	09.99222
54.64137	09.99285
54.64144	09.99332
54.64146	09.99359
54.64200	09.99401
54.64229	09.99462
54.64254	09.99493
54.64260	09.99529
54.64274	09.99607
54.64285	09.99683
54.64311	09.99869
54.64330	10.00122
54.64355	10.00429
54.64399	10.00429
54.64421	10.00764
54.64477	10.00753
54.64393	10.00935
54.64321	10.01087
54.64331	10.01109
54.64281	10.01194
54.64275	10.01207
54.64245	10.01268
54.64223	10.01262
54.64210	10.01321
54.64207	10.01381
54.64205	10.01420
54.64208	10.01469
54.64210	10.01489
54.64221	10.01536
54.64226	10.01553
54.64234	10.01585
54.64239	10.01628
54.64256	10.01696
54.64268	10.01726
54.64273	10.01738
54.64268	10.01755
54.64266	10.01788
54.64269	10.01837
54.64278	10.01876
54.64312	10.01981
54.64318	10.02004
54.64340	10.02082
54.64346	10.02102
54.64346	10.02133
54.64342	10.02164
54.64321	10.02195
54.64283	10.02238
54.64250	10.02279
54.64245	10.02300
54.64261	10.02341
54.64246	10.02361
54.64234	10.02384
54.64206	10.02394
54.64154	10.02413
54.64108	10.02418
54.64072	10.02451
54.64033	10.02472
54.64025	10.02489
54.64006	10.02528
54.64011	10.02550
54.63943	10.02651
54.63906	10.02701
54.63915	10.02721
54.63904	10.02736
54.63878	10.02735
54.63862	10.02734
54.63830	10.02724
54.63809	10.02735
54.63791	10.02755
54.63771	10.02778
54.63735	10.02852
54.63725	10.02869
54.63699	10.02854
54.63681	10.02886
54.63664	10.02912
54.63657	10.02927
54.63651	10.02941
54.63640	10.02972
54.63638	10.02992
54.63637	10.03007
54.63633	10.03054
54.63632	10.03091
54.63429	10.05307
54.61710	10.05947
54.59872	10.06051
54.59009	10.05806
54.56694	10.05671
54.53876	10.04922
54.52751	10.03653
54.51422	10.02608
54.49807	10.03094
54.49304	10.06116
54.49986	10.10871
54.49587	10.16207
54.47943	10.18920
54.46372	10.21610
54.44536	10.21887
54.43678	10.20617
54.43200	10.19041
54.43286	10.16896
54.43290	10.16809
54.43291	10.16767
54.43287	10.16756
54.43202	10.16778
54.43112	10.16801
54.43084	10.16809
54.43066	10.16751
54.43073	10.16726
54.43115	10.16636
54.43117	10.16625
54.43139	10.16510
54.43167	10.16454
54.43176	10.16434
54.43189	10.16417
54.43191	10.16403
54.43174	10.16347
54.43171	10.16314
54.43170	10.16297
54.43162	10.16267
54.43104	10.16056
54.43039	10.15982
54.42896	10.15773
54.42863	10.15760
54.42818	10.15767
54.42769	10.15781
54.42741	10.15788
54.42715	10.15784
54.42683	10.15762
54.42674	10.15738
54.42663	10.15724
54.42611	10.15710
54.42598	10.15665
54.42577	10.15629
54.42543	10.15598
54.42523	10.15537
54.42517	10.15495
54.42502	10.15473
54.42476	10.15398
54.42444	10.15368
54.42418	10.15351
54.42351	10.15306
54.42311	10.15279
54.42278	10.15241
54.42250	10.15216
54.42231	10.15216
54.42213	10.15186
54.42203	10.15181
54.42161	10.15188
54.42100	10.15225
54.42077	10.15215
54.42075	10.15138
54.42022	10.15126
54.41947	10.15073
54.41912	10.15072
54.41880	10.15072
54.41835	10.15076
54.41834	10.15120
54.41812	10.15129
54.41798	10.15127
54.41732	10.15093
54.41700	10.15079
54.41672	10.15079
54.41588	10.15040
54.41563	10.15028
54.41566	10.14989
54.41427	10.14891
54.41369	10.14850
54.41318	10.14832
54.41252	10.14780
54.41218	10.14744
54.41171	10.14669
54.41072	10.14645
54.41082	10.14604
54.41074	10.14568
54.41036	10.14561
54.40899	10.14534
54.40868	10.14526
54.40853	10.14520
54.40808	10.14510
54.40769	10.14496
54.40708	10.14445
54.40643	10.14417
54.40561	10.14382
54.40524	10.14347
54.40501	10.14315
54.40466	10.14311
54.40415	10.14303
54.40386	10.14289
54.40350	10.14265
54.40268	10.14229
54.40208	10.14254
54.40172	10.14250
54.40131	10.14232
54.40084	10.14210
54.40052	10.14186
54.40021	10.14162
54.39966	10.14111
54.39930	10.14120
54.39872	10.14157
54.39826	10.14182
54.39786	10.14164
54.39767	10.14156
54.39763	10.14148
54.39768	10.14127
54.39791	10.14019
54.39792	10.14001
54.39710	10.13970
54.39622	10.13938
54.39633	10.13765
54.39632	10.13726
54.39626	10.13682
54.39522	10.13652
54.39506	10.13614
54.39510	10.13501
54.39518	10.13380
54.39539	10.13255
54.39567	10.13112
54.39586	10.13055
54.39578	10.13001
54.39583	10.12926
54.39533	10.12886
54.39478	10.12839
54.39438	10.12805
54.39364	10.12756
54.39351	10.12749
54.39334	10.12763
54.39328	10.12799
54.39277	10.12950
54.39258	10.12994
54.39239	10.13150
54.39229	10.13274
54.39233	10.13340
54.39252	10.13393
54.39241	10.13471
54.39246	10.13504
54.39236	10.13522
54.39228	10.13581
54.39186	10.13590
54.39180	10.13554
54.39108	10.13563
54.39017	10.13579
54.38974	10.13600
54.38940	10.13667
54.38902	10.13771
54.38874	10.13812
54.38857	10.13808
54.38827	10.13830
54.38809	10.13842
54.38806	10.13842
54.38721	10.13973
54.38660	10.13902
54.38633	10.13878
54.38568	10.13922
54.38555	10.13897
54.38607	10.13773
54.38550	10.13730
54.38498	10.13729
54.38405	10.13748
54.38326	10.13711
54.38201	10.13549
54.38084	10.13425
54.38059	10.13479
54.37984	10.13421
54.37973	10.13411
54.37863	10.13306
54.37818	10.13284
54.37720	10.13264
54.37696	10.13262
54.37637	10.13265
54.37682	10.13153
54.37670	10.13137
54.37586	10.13044
54.37570	10.13026
54.37523	10.13021
54.37495	10.13029
54.37476	10.13035
54.37398	10.13056
54.37396	10.13038
54.37386	10.12985
54.37364	10.12828
54.37362	10.12813
54.37374	10.12784
54.37345	10.12739
54.37333	10.12673
54.37359	10.12642
54.37346	10.12619
54.37328	10.12632
54.37323	10.12611
54.37300	10.12515
54.37294	10.12492
54.37273	10.12433
54.37251	10.12386
54.37202	10.12313
54.37162	10.12275
54.37090	10.12233
54.37064	10.12209
54.37042	10.12172
54.37059	10.12104
54.37053	10.12101
54.37064	10.12069
54.37103	10.11983
54.37120	10.11937
54.37136	10.11898
54.37123	10.11867
54.37101	10.11773
54.37098	10.11739
54.37096	10.11696
54.37076	10.11637
54.37072	10.11621
54.37073	10.11605
54.37092	10.11517
54.37115	10.11460
54.37147	10.11362
54.37189	10.11211
54.37209	10.11129
54.37217	10.11074
54.37236	10.10979
54.37248	10.10844
54.37248	10.10697
54.37248	10.10641
54.37245	10.10516
54.37241	10.10272
54.37219	10.10128
54.37190	10.09929
54.37162	10.09781
54.37156	10.09729
54.37116	10.09432
54.37117	10.09423
54.37049	10.08914
54.37031	10.08790
54.36993	10.08533
54.36942	10.08187
54.36963	10.08151
54.37021	10.08046
54.37071	10.07954
54.37107	10.07895
54.37131	10.07836
54.37153	10.07789
54.37170	10.07703
54.37175	10.07634
54.37174	10.07579
54.37174	10.07530
54.37165	10.07406
54.37135	10.07205
54.37131	10.07179
54.37114	10.07082
54.37095	10.07050
54.37062	10.07033
54.37052	10.07028
54.37014	10.07053
54.36981	10.07046
54.36970	10.07084
54.36917	10.07054
54.36833	10.06991
54.36822	10.06988
54.36770	10.06942
54.36704	10.06892
54.36672	10.06896
54.36659	10.06910
54.36628	10.06975
54.36607	10.07018
54.36577	10.06981
54.36553	10.07003
54.36545	10.07006
54.36389	10.06788
54.36370	10.06894
54.36353	10.06892
54.36323	10.06847
54.36213	10.06678
54.36178	10.06624
54.36142	10.06553
54.36120	10.06508
54.36064	10.06377
54.36018	10.06236
54.36008	10.06207
54.35974	10.06089
54.35965	10.06038
54.35933	10.05915
54.35934	10.05868
54.35922	10.05762
54.35912	10.05716
54.35903	10.05496
54.35906	10.05441
54.35907	10.05339
54.35943	10.05003
54.35952	10.04910
54.36002	10.04502
54.36015	10.04376
54.36019	10.04303
54.36045	10.03914
54.36049	10.03863
54.36052	10.03820
54.35974	10.03790
54.35980	10.03673
54.35987	10.03556
54.35968	10.03549
54.35883	10.03570
54.35829	10.03589
54.35802	10.03506
54.35792	10.03500
54.35776	10.03506
54.35758	10.03510
54.35744	10.03505
54.35702	10.03460
54.35690	10.03458
54.35652	10.03489
54.35639	10.03495
54.35598	10.03491
54.35515	10.03467
54.35461	10.03441
54.35422	10.03416
54.35315	10.03350
54.35270	10.03328
54.35211	10.03319
54.35144	10.03318
54.35055	10.03307
54.34956	10.03294
54.34948	10.03298
54.34921	10.03378
54.34903	10.03430
54.34895	10.03494
54.34866	10.03528
54.34828	10.03562
54.34707	10.03662
54.34662	10.03728
54.34654	10.03766
54.34653	10.03817
54.34644	10.03933
54.34637	10.04021
54.34631	10.04092
54.34623	10.04143
54.34580	10.04210
54.34579	10.04317
54.34583	10.04381
54.34586	10.04422
54.34588	10.04471
54.34588	10.04515
54.34586	10.04607
54.34583	10.04711
54.34582	10.04776
54.34586	10.04860
54.34560	10.04974
54.34567	10.05030
54.34607	10.05070
54.34642	10.05105
54.34673	10.05123
54.34670	10.05172
54.34660	10.05196
54.34647	10.05217
54.34631	10.05256
54.34724	10.05288
54.34751	10.05471
54.34756	10.05569
54.34763	10.05729
54.34779	10.06060
54.34785	10.06193
54.34821	10.06238
54.34837	10.06266
54.34848	10.06296
54.34852	10.06385
54.34848	10.06491
54.34843	10.06613
54.34839	10.06710
54.34839	10.06837
54.34824	10.06845
54.34812	10.06855
54.34800	10.06877
54.34737	10.07110
54.34713	10.07182
54.34596	10.07048
54.34616	10.06935
54.34616	10.06907
54.34610	10.06878
54.34580	10.06807
54.34564	10.06798
54.34540	10.06795
54.34497	10.06792
54.34453	10.06763
54.34389	10.07033
54.34374	10.07078
54.34365	10.07151
54.34380	10.07263
54.34394	10.07356
54.34418	10.07442
54.34495	10.07498
54.34505	10.07534
54.34515	10.07607
54.34522	10.07666
54.34418	10.07773
54.34465	10.07990
54.34487	10.08073
54.34493	10.08128
54.34503	10.08189
54.34523	10.08280
54.34536	10.08329
54.34543	10.08359
54.34564	10.08440
54.34574	10.08501
54.34583	10.08522
54.34584	10.08659
54.34587	10.08784
54.34568	10.08873
54.34564	10.08930
54.34559	10.08973
54.34556	10.09101
54.34558	10.09121
54.34557	10.09186
54.34552	10.09290
54.34549	10.09339
54.34549	10.09343
54.34575	10.09372
54.34639	10.09612
54.34841	10.09396
54.34884	10.09350
54.34930	10.09297
54.34949	10.09366
54.34969	10.09423
54.34991	10.09502
54.35015	10.09587
54.35052	10.09707
54.35043	10.09705
54.35053	10.09736
54.35053	10.09737
54.34959	10.09854
54.34772	10.10085
54.34736	10.10119
54.34695	10.10032
54.34561	10.10165
54.34551	10.10151
54.34544	10.10158
54.34535	10.10168
54.34525	10.10176
54.34439	10.10245
54.34190	10.10357
54.34183	10.10334
54.34040	10.10334
54.34028	10.10320
54.33930	10.10438
54.33769	10.10638
54.33688	10.10738
54.33688	10.10739
54.33692	10.10687
54.33692	10.10687
54.33662	10.10622
54.33656	10.10605
