# GsakName=Rheinisch-Bergischer Kreis
50.89503	07.21757
50.89489	07.21735
50.89485	07.21729
50.89479	07.21719
50.89470	07.21701
50.89445	07.21667
50.89417	07.21631
50.89397	07.21599
50.89375	07.21550
50.89337	07.21437
50.89324	07.21393
50.89295	07.21336
50.89271	07.21280
50.89258	07.21245
50.89257	07.21205
50.89264	07.21192
50.89257	07.21160
50.89198	07.21074
50.89185	07.21058
50.89159	07.21024
50.89090	07.20948
50.89053	07.20902
50.89038	07.20886
50.88992	07.20814
50.88991	07.20782
50.88947	07.20770
50.88887	07.20719
50.88875	07.20694
50.88843	07.20649
50.88796	07.20573
50.88767	07.20526
50.88706	07.20434
50.88661	07.20406
50.88603	07.20372
50.88517	07.20327
50.88487	07.20414
50.88459	07.20407
50.88412	07.20403
50.88368	07.20432
50.88303	07.20404
50.88253	07.20410
50.88171	07.20506
50.88155	07.20485
50.88130	07.20450
50.88081	07.20352
50.88050	07.20284
50.88038	07.20213
50.88033	07.20174
50.87942	07.20099
50.87864	07.20102
50.87806	07.20002
50.87752	07.19801
50.87744	07.19700
50.87722	07.19681
50.87647	07.19612
50.87613	07.19612
50.87556	07.19632
50.87516	07.19659
50.87471	07.19708
50.87459	07.19705
50.87444	07.19661
50.87439	07.19626
50.87438	07.19568
50.87413	07.19524
50.87405	07.19494
50.87396	07.19409
50.87380	07.19352
50.87407	07.19329
50.87405	07.19314
50.87409	07.19272
50.87409	07.19261
50.87410	07.19210
50.87395	07.19190
50.87397	07.19130
50.87388	07.19095
50.87397	07.19070
50.87398	07.19011
50.87387	07.18973
50.87376	07.18926
50.87364	07.18876
50.87374	07.18858
50.87364	07.18830
50.87351	07.18758
50.87349	07.18705
50.87380	07.18648
50.87402	07.18633
50.87450	07.18583
50.87372	07.18277
50.87306	07.18016
50.87251	07.17795
50.87222	07.17676
50.87224	07.17655
50.87163	07.17432
50.87049	07.17281
50.86925	07.17108
50.86886	07.16706
50.86859	07.16465
50.86839	07.16308
50.86711	07.16012
50.86706	07.15990
50.86866	07.16160
50.86965	07.16235
50.87004	07.16237
50.87027	07.16228
50.87252	07.16059
50.87270	07.16036
50.87337	07.15976
50.87345	07.15970
50.87368	07.15932
50.87384	07.15901
50.87405	07.15828
50.87414	07.15725
50.87405	07.15675
50.87379	07.15558
50.87363	07.15448
50.87362	07.15373
50.87366	07.15262
50.87367	07.15247
50.87402	07.15149
50.87419	07.15117
50.87445	07.15106
50.87474	07.15080
50.87525	07.15021
50.87564	07.14965
50.87585	07.14941
50.87610	07.14896
50.87638	07.14827
50.87685	07.14655
50.87727	07.14481
50.87769	07.14365
50.87809	07.14295
50.87848	07.14217
50.87904	07.14107
50.88057	07.13889
50.88143	07.13757
50.88154	07.13743
50.88167	07.13737
50.88172	07.13730
50.88192	07.13732
50.88275	07.13720
50.88310	07.13722
50.88323	07.13734
50.88387	07.13821
50.88420	07.13846
50.88448	07.13859
50.88548	07.13898
50.88597	07.13937
50.88656	07.13992
50.88704	07.14042
50.88731	07.14062
50.88797	07.14076
50.88836	07.14077
50.88858	07.14078
50.88934	07.14074
50.88982	07.14058
50.89116	07.14000
50.89296	07.13914
50.89323	07.13906
50.89619	07.13938
50.89699	07.13941
50.89800	07.13908
50.89989	07.13823
50.90012	07.13816
50.90034	07.13804
50.90125	07.13755
50.90166	07.13719
50.90207	07.13662
50.90228	07.13614
50.90253	07.13497
50.90272	07.13309
50.90287	07.13315
50.90321	07.13329
50.90353	07.13364
50.90368	07.13371
50.90374	07.13374
50.90402	07.13388
50.90425	07.13405
50.90481	07.13431
50.90533	07.13458
50.90533	07.13476
50.90537	07.13488
50.90588	07.13512
50.90589	07.13533
50.90586	07.13612
50.90588	07.13664
50.90604	07.13665
50.90687	07.13683
50.90739	07.13678
50.90756	07.13677
50.90771	07.13677
50.90780	07.13677
50.90914	07.13752
50.90973	07.13781
50.91367	07.13887
50.91421	07.13899
50.91465	07.13894
50.91518	07.13869
50.91602	07.13838
50.91632	07.13835
50.91774	07.13838
50.91786	07.13833
50.91799	07.13828
50.91828	07.13828
50.91852	07.13838
50.91868	07.13851
50.91887	07.13874
50.91952	07.13954
50.91976	07.13980
50.91991	07.13986
50.92002	07.13987
50.92008	07.13974
50.92017	07.13964
50.92059	07.13955
50.92102	07.13962
50.92205	07.14003
50.92246	07.14010
50.92274	07.14008
50.92287	07.14003
50.92321	07.13980
50.92360	07.13946
50.92411	07.13916
50.92648	07.13768
50.92761	07.13687
50.92778	07.13684
50.92809	07.13693
50.92944	07.13797
50.93084	07.13875
50.93222	07.13979
50.93253	07.13993
50.93328	07.13983
50.93388	07.14000
50.93536	07.14114
50.93574	07.14121
50.93646	07.14117
50.93773	07.14186
50.93795	07.14185
50.93837	07.14211
50.93902	07.14264
50.94119	07.14420
50.94300	07.14483
50.94339	07.14489
50.94403	07.14517
50.94442	07.14539
50.94460	07.14542
50.94485	07.14539
50.94528	07.14517
50.94546	07.14493
50.94555	07.14482
50.94573	07.14469
50.94598	07.14475
50.94644	07.14480
50.94649	07.14463
50.94648	07.14441
50.94631	07.14436
50.94628	07.14407
50.94621	07.14381
50.94630	07.14338
50.94618	07.14322
50.94619	07.14306
50.94631	07.14303
50.94639	07.14274
50.94653	07.14160
50.94673	07.14160
50.94669	07.14129
50.94657	07.14080
50.94635	07.14067
50.94627	07.14005
50.94611	07.13968
50.94577	07.13972
50.94560	07.13936
50.94554	07.13908
50.94558	07.13876
50.94573	07.13860
50.94576	07.13832
50.94570	07.13807
50.94556	07.13798
50.94527	07.13759
50.94528	07.13731
50.94527	07.13694
50.94518	07.13681
50.94505	07.13676
50.94490	07.13660
50.94492	07.13632
50.94489	07.13575
50.94476	07.13559
50.94469	07.13534
50.94467	07.13497
50.94458	07.13476
50.94429	07.13430
50.94420	07.13410
50.94418	07.13373
50.94384	07.13265
50.94370	07.13228
50.94350	07.13198
50.94346	07.13162
50.94351	07.13132
50.94380	07.13109
50.94383	07.13088
50.94368	07.13051
50.94363	07.13003
50.94355	07.12966
50.94367	07.12911
50.94376	07.12909
50.94380	07.12893
50.94379	07.12865
50.94387	07.12856
50.94390	07.12838
50.94379	07.12829
50.94376	07.12796
50.94384	07.12778
50.94396	07.12762
50.94402	07.12695
50.94403	07.12633
50.94402	07.12583
50.94396	07.12553
50.94403	07.12507
50.94410	07.12438
50.94420	07.12397
50.94433	07.12360
50.94464	07.12296
50.94477	07.12280
50.94471	07.12241
50.94471	07.12211
50.94463	07.12160
50.94463	07.12073
50.94458	07.11958
50.94444	07.11925
50.94440	07.11899
50.94444	07.11889
50.94439	07.11880
50.94429	07.11859
50.94331	07.11681
50.94310	07.11684
50.94297	07.11689
50.94175	07.11733
50.94090	07.11504
50.94141	07.11473
50.94185	07.11446
50.94202	07.11437
50.94216	07.11428
50.94356	07.11341
50.94311	07.11219
50.94292	07.11166
50.94281	07.11114
50.94295	07.11097
50.94310	07.11090
50.94330	07.11115
50.94347	07.11122
50.94366	07.11067
50.94364	07.10974
50.94583	07.10567
50.94603	07.10530
50.94622	07.10495
50.94653	07.10437
50.94706	07.10339
50.94772	07.10216
50.94787	07.10196
50.94837	07.10126
50.94847	07.10105
50.94856	07.10083
50.94857	07.10068
50.94908	07.09783
50.95009	07.09705
50.95075	07.09655
50.95084	07.09652
50.95106	07.09645
50.95187	07.09620
50.95126	07.09745
50.95147	07.09891
50.95224	07.09863
50.95283	07.09648
50.95286	07.09637
50.95301	07.09621
50.95313	07.09598
50.95333	07.09532
50.95443	07.09587
50.95458	07.09592
50.95462	07.09526
50.95468	07.09422
50.95497	07.09318
50.95514	07.09259
50.95525	07.09234
50.95571	07.09117
50.95665	07.08885
50.95742	07.08754
50.95733	07.08709
50.95731	07.08658
50.95769	07.08619
50.95794	07.08594
50.95802	07.08603
50.95814	07.08616
50.95844	07.08663
50.95838	07.08681
50.95876	07.08758
50.95934	07.08730
50.95953	07.08845
50.95960	07.08882
50.95965	07.08909
50.95975	07.08960
50.96038	07.09134
50.96053	07.09175
50.96054	07.09185
50.96098	07.09142
50.96117	07.09173
50.96122	07.09183
50.96136	07.09222
50.96166	07.09204
50.96191	07.09273
50.96210	07.09307
50.96292	07.09431
50.96323	07.09481
50.96331	07.09498
50.96338	07.09517
50.96392	07.09661
50.96380	07.09763
50.96454	07.09823
50.96529	07.09884
50.96544	07.09896
50.96550	07.09902
50.96588	07.09934
50.96791	07.10109
50.96806	07.10116
50.96876	07.10112
50.96956	07.10095
50.97003	07.10098
50.97042	07.10093
50.97076	07.10088
50.97100	07.10077
50.97121	07.10063
50.97130	07.10057
50.97246	07.09985
50.97269	07.09989
50.97293	07.09973
50.97262	07.09919
50.97325	07.09862
50.97336	07.09852
50.97347	07.09839
50.97375	07.09805
50.97404	07.09777
50.97414	07.09766
50.97430	07.09754
50.97498	07.09703
50.97473	07.09630
50.97477	07.09614
50.97498	07.09608
50.97510	07.09610
50.97528	07.09631
50.97559	07.09622
50.97585	07.09632
50.97604	07.09622
50.97622	07.09612
50.97646	07.09603
50.97708	07.09605
50.97883	07.09665
50.97933	07.09743
50.97943	07.09757
50.97970	07.09810
50.97979	07.09842
50.97994	07.09870
50.97998	07.09882
50.98006	07.09892
50.98090	07.09992
50.98145	07.09950
50.98124	07.09870
50.98110	07.09755
50.98106	07.09656
50.98145	07.09644
50.98204	07.09594
50.98224	07.09486
50.98252	07.09484
50.98264	07.09483
50.98275	07.09482
50.98280	07.09572
50.98347	07.09591
50.98379	07.09615
50.98400	07.09646
50.98414	07.09677
50.98431	07.09680
50.98438	07.09671
50.98443	07.09653
50.98496	07.09607
50.98498	07.09495
50.98539	07.09495
50.98539	07.09447
50.98545	07.09334
50.98574	07.09132
50.98603	07.08944
50.98615	07.08901
50.98566	07.08796
50.98590	07.08790
50.98689	07.08794
50.98781	07.08796
50.98769	07.08677
50.98766	07.08646
50.98767	07.08621
50.98770	07.08417
50.98850	07.08186
50.98855	07.08171
50.98862	07.08152
50.98882	07.08136
50.98883	07.08072
50.98888	07.07800
50.98917	07.07569
50.98924	07.07512
50.98925	07.07471
50.98940	07.07146
50.98949	07.06973
50.98952	07.06930
50.98954	07.06911
50.98957	07.06867
50.98967	07.06862
50.98978	07.06878
50.99009	07.06902
50.99016	07.06908
50.99109	07.06963
50.99152	07.06978
50.99166	07.06961
50.99173	07.06891
50.99240	07.06853
50.99285	07.06806
50.99355	07.06752
50.99360	07.06724
50.99359	07.06671
50.99448	07.06725
50.99473	07.06750
50.99573	07.06834
50.99947	07.07245
50.99972	07.07275
50.99978	07.07286
51.00002	07.07332
51.00010	07.07352
51.00015	07.07366
51.00030	07.07409
51.00044	07.07437
51.00067	07.07480
51.00106	07.07552
51.00202	07.07602
51.00255	07.07517
51.00393	07.07312
51.00512	07.07135
51.00523	07.07118
51.00558	07.07078
51.00684	07.06929
51.00876	07.06706
51.00917	07.06659
51.00931	07.06643
51.01129	07.06415
51.01335	07.06176
51.01345	07.06189
51.01401	07.06322
51.01456	07.06449
51.01479	07.06508
51.01494	07.06545
51.01627	07.06754
51.01683	07.06846
51.01698	07.06871
51.01708	07.06886
51.01741	07.06843
51.01807	07.06797
51.01816	07.06789
51.01836	07.06815
51.01843	07.06824
51.01987	07.07000
51.02083	07.07120
51.02097	07.07134
51.02142	07.07299
51.02172	07.07321
51.02202	07.07393
51.02196	07.07490
51.02206	07.07593
51.02282	07.07627
51.02314	07.07641
51.02524	07.07675
51.02588	07.07800
51.02599	07.07823
51.02664	07.07878
51.02694	07.07867
51.02694	07.07910
51.02669	07.07969
51.02619	07.08055
51.02605	07.08130
51.02608	07.08226
51.02629	07.08355
51.02657	07.08414
51.02683	07.08481
51.02680	07.08552
51.02636	07.08655
51.02559	07.08785
51.02549	07.08822
51.02558	07.08912
51.02565	07.09023
51.02581	07.09092
51.02605	07.09152
51.02655	07.09224
51.02698	07.09332
51.02708	07.09381
51.02760	07.09460
51.02776	07.09459
51.02822	07.09497
51.02861	07.09545
51.02904	07.09601
51.02956	07.09595
51.03011	07.09676
51.03043	07.09759
51.03070	07.09819
51.03162	07.09763
51.03203	07.09707
51.03228	07.09639
51.03248	07.09547
51.03280	07.09480
51.03298	07.09372
51.03316	07.09357
51.03394	07.09323
51.03426	07.09322
51.03412	07.09272
51.03457	07.09239
51.03569	07.09472
51.03588	07.09536
51.03591	07.09544
51.03595	07.09551
51.03676	07.09659
51.03750	07.09746
51.03764	07.09762
51.03823	07.09866
51.03855	07.09903
51.03994	07.10022
51.04056	07.10082
51.04120	07.09950
51.04187	07.09854
51.04203	07.09774
51.04237	07.09765
51.04236	07.09732
51.04252	07.09731
51.04295	07.09778
51.04303	07.09857
51.04317	07.09847
51.04322	07.09871
51.04375	07.09846
51.04443	07.09834
51.04494	07.09828
51.04596	07.09853
51.04617	07.09893
51.04613	07.09923
51.04631	07.09939
51.04631	07.09956
51.04641	07.09984
51.04631	07.10026
51.04676	07.10043
51.04671	07.10127
51.04765	07.10129
51.04771	07.10172
51.04809	07.10189
51.04902	07.10206
51.04907	07.10200
51.04919	07.10196
51.04926	07.10157
51.04926	07.10137
51.04921	07.10084
51.04936	07.10064
51.04937	07.10030
51.04927	07.10002
51.04929	07.09959
51.04939	07.09943
51.04958	07.09836
51.04977	07.09825
51.04992	07.09767
51.05005	07.09758
51.05011	07.09737
51.05025	07.09728
51.05032	07.09804
51.05044	07.09799
51.05047	07.09816
51.05051	07.09834
51.05125	07.09959
51.05138	07.09964
51.05188	07.10051
51.05209	07.10119
51.05223	07.10219
51.05256	07.10277
51.05336	07.10383
51.05342	07.10429
51.05344	07.10459
51.05371	07.10523
51.05407	07.10620
51.05467	07.10691
51.05482	07.10711
51.05490	07.10748
51.05489	07.10767
51.05502	07.10784
51.05502	07.10820
51.05563	07.10785
51.05592	07.10885
51.05619	07.10871
51.05638	07.10927
51.05637	07.11086
51.05647	07.11129
51.05671	07.11168
51.05682	07.11220
51.05700	07.11210
51.05723	07.11268
51.05717	07.11278
51.05739	07.11375
51.05757	07.11393
51.05770	07.11463
51.05815	07.11611
51.05836	07.11597
51.05857	07.11478
51.05977	07.11423
51.06079	07.11337
51.06062	07.11297
51.06089	07.11291
51.06089	07.11202
51.06125	07.11186
51.06162	07.11221
51.06291	07.11357
51.06325	07.11412
51.06352	07.11466
51.06385	07.11164
51.06399	07.11059
51.06422	07.10963
51.06453	07.10860
51.06531	07.10769
51.06582	07.10685
51.06605	07.10634
51.06665	07.10562
51.06667	07.10539
51.06672	07.10484
51.06692	07.10408
51.06776	07.10201
51.06809	07.09986
51.06754	07.09990
51.06683	07.10096
51.06564	07.10094
51.06563	07.10027
51.06564	07.09903
51.06547	07.09778
51.06546	07.09619
51.06482	07.09488
51.06568	07.09411
51.06612	07.09339
51.06717	07.09128
51.06729	07.09103
51.06725	07.09097
51.06685	07.09026
51.06608	07.08898
51.06692	07.08748
51.06658	07.08709
51.06644	07.08691
51.06650	07.08652
51.06656	07.08604
51.06710	07.08362
51.06736	07.08163
51.06747	07.08085
51.06736	07.08040
51.06709	07.07968
51.06693	07.07981
51.06685	07.07998
51.06665	07.07958
51.06647	07.07888
51.06654	07.07836
51.06610	07.07758
51.06620	07.07749
51.06654	07.07720
51.06670	07.07700
51.06687	07.07608
51.06673	07.07552
51.06687	07.07522
51.06690	07.07486
51.06730	07.07464
51.06744	07.07480
51.06757	07.07455
51.06765	07.07445
51.06802	07.07444
51.06815	07.07439
51.06842	07.07401
51.06856	07.07395
51.06862	07.07407
51.06893	07.07393
51.06943	07.07310
51.06982	07.07234
51.06967	07.07199
51.06939	07.07133
51.06917	07.07125
51.06889	07.07054
51.06887	07.06986
51.06874	07.06967
51.06875	07.06945
51.06859	07.06929
51.06891	07.06898
51.06874	07.06854
51.06912	07.06832
51.07038	07.06738
51.07098	07.06659
51.07235	07.06543
51.07299	07.06467
51.07319	07.06426
51.07311	07.06409
51.07295	07.06353
51.07282	07.06319
51.07332	07.06281
51.07331	07.06224
51.07341	07.06219
51.07364	07.06184
51.07453	07.06031
51.07462	07.05976
51.07486	07.05961
51.07532	07.05931
51.07596	07.05931
51.07632	07.05880
51.07691	07.05841
51.07740	07.05781
51.07749	07.05771
51.07818	07.05891
51.07856	07.05951
51.07879	07.06013
51.07895	07.06088
51.07953	07.06178
51.08037	07.06258
51.08057	07.06282
51.08094	07.06365
51.08162	07.06305
51.08192	07.06399
51.08203	07.06444
51.08263	07.06432
51.08265	07.06447
51.08277	07.06444
51.08281	07.06466
51.08313	07.06457
51.08314	07.06474
51.08351	07.06468
51.08357	07.06458
51.08355	07.06405
51.08381	07.06428
51.08378	07.06472
51.08424	07.06506
51.08414	07.06594
51.08434	07.06592
51.08435	07.06619
51.08476	07.06629
51.08477	07.06659
51.08470	07.06662
51.08468	07.06722
51.08510	07.06717
51.08521	07.06769
51.08551	07.06758
51.08566	07.06813
51.08618	07.06794
51.08631	07.06799
51.08638	07.06829
51.08665	07.06931
51.08691	07.06920
51.08710	07.07007
51.08736	07.07002
51.08744	07.07101
51.08790	07.07085
51.08787	07.07036
51.08819	07.07020
51.08828	07.07137
51.08917	07.07136
51.08927	07.07241
51.08974	07.07220
51.08977	07.07286
51.09027	07.07285
51.09034	07.07269
51.09105	07.07272
51.09104	07.07279
51.09114	07.07295
51.09351	07.07277
51.09503	07.07269
51.09503	07.07280
51.09531	07.07311
51.09579	07.07339
51.09651	07.07376
51.09657	07.07422
51.09668	07.07458
51.09692	07.07448
51.09687	07.07402
51.09681	07.07354
51.09685	07.07332
51.09679	07.07314
51.09665	07.07321
51.09661	07.07313
51.09660	07.07296
51.09647	07.07280
51.09625	07.07235
51.09619	07.07103
51.09613	07.07075
51.09622	07.07063
51.09610	07.07026
51.09612	07.06946
51.09599	07.06928
51.09610	07.06876
51.09612	07.06823
51.09610	07.06721
51.09596	07.06656
51.09604	07.06614
51.09614	07.06583
51.09629	07.06574
51.09651	07.06550
51.09651	07.06482
51.09637	07.06456
51.09643	07.06433
51.09637	07.06403
51.09628	07.06330
51.09638	07.06272
51.09649	07.06268
51.09661	07.06218
51.09660	07.06201
51.09669	07.06192
51.09678	07.06150
51.09665	07.06126
51.09635	07.05963
51.09611	07.05808
51.09587	07.05726
51.09569	07.05709
51.09561	07.05630
51.09583	07.05522
51.09583	07.05499
51.09597	07.05449
51.09572	07.05392
51.09559	07.05345
51.09554	07.05283
51.09568	07.05282
51.09579	07.05205
51.09569	07.05163
51.09572	07.04988
51.09548	07.04941
51.09541	07.04892
51.09552	07.04797
51.09581	07.04679
51.09607	07.04607
51.09649	07.04527
51.09676	07.04494
51.09716	07.04410
51.09706	07.04369
51.09621	07.04317
51.09618	07.04289
51.09564	07.04234
51.09548	07.04091
51.09579	07.04074
51.09586	07.04056
51.09623	07.04008
51.09617	07.03976
51.09613	07.03942
51.09646	07.03924
51.09656	07.03899
51.09645	07.03864
51.09608	07.03862
51.09553	07.03902
51.09489	07.03911
51.09470	07.03886
51.09477	07.03867
51.09485	07.03838
51.09473	07.03787
51.09448	07.03770
51.09448	07.03752
51.09459	07.03728
51.09474	07.03674
51.09469	07.03650
51.09452	07.03632
51.09454	07.03581
51.09441	07.03561
51.09444	07.03532
51.09433	07.03491
51.09365	07.03417
51.09331	07.03340
51.09324	07.03310
51.09321	07.03240
51.09331	07.03202
51.09338	07.03160
51.09337	07.03126
51.09301	07.03121
51.09294	07.03095
51.09238	07.03044
51.09222	07.03064
51.09167	07.03040
51.09145	07.03118
51.09126	07.03111
51.09069	07.03081
51.09031	07.03131
51.08963	07.03097
51.08941	07.03074
51.08938	07.03019
51.08928	07.02872
51.08940	07.02765
51.08951	07.02736
51.08880	07.02717
51.08822	07.02687
51.08810	07.02695
51.08797	07.02694
51.08789	07.02680
51.08769	07.02589
51.08758	07.02563
51.08730	07.02526
51.08689	07.02454
51.08672	07.02407
51.08667	07.02383
51.08660	07.02340
51.08658	07.02300
51.08598	07.02297
51.08579	07.02280
51.08560	07.02218
51.08556	07.02204
51.08538	07.02144
51.08463	07.01994
51.08355	07.01768
51.08185	07.01299
51.08176	07.01250
51.08173	07.01144
51.08182	07.01028
51.08190	07.00974
51.08209	07.00911
51.08244	07.00871
51.08290	07.00837
51.08375	07.00791
51.08446	07.00725
51.08469	07.00663
51.08493	07.00477
51.08494	07.00376
51.08495	07.00348
51.08489	07.00314
51.08463	07.00246
51.08436	07.00199
51.08595	06.99928
51.08683	06.99773
51.08691	06.99757
51.08809	06.99516
51.08924	06.99299
51.09132	06.98899
51.09146	06.98874
51.09400	06.98864
51.09411	06.98861
51.09727	06.98849
51.10045	06.98842
51.10309	06.98831
51.10508	06.98825
51.10621	06.98821
51.10701	06.98827
51.10834	06.98920
51.10944	06.99019
51.10899	06.99270
51.10933	06.99370
51.10966	06.99536
51.11030	06.99545
51.11069	06.99402
51.11147	06.99456
51.11177	06.99476
51.11183	06.99489
51.11187	06.99496
51.11216	06.99552
51.11307	06.99538
51.11365	06.99662
51.11456	06.99905
51.11473	06.99991
51.11493	07.00079
51.11741	06.99875
51.11809	06.99796
51.11969	06.99827
51.11982	06.99857
51.12003	06.99878
51.12009	06.99916
51.12108	07.00000
51.12136	07.00023
51.12159	07.00049
51.12244	07.00205
51.12233	07.00216
51.12226	07.00316
51.12287	07.00331
51.12306	07.00380
51.12317	07.00507
51.12313	07.00588
51.12321	07.00697
51.12325	07.00730
51.12337	07.00852
51.12338	07.00864
51.12335	07.00879
51.12355	07.00918
51.12362	07.00956
51.12368	07.00991
51.12369	07.01029
51.12368	07.01039
51.12365	07.01107
51.12371	07.01186
51.12374	07.01202
51.12382	07.01227
51.12413	07.01293
51.12463	07.01386
51.12503	07.01460
51.12553	07.01557
51.12588	07.01606
51.12598	07.01619
51.12659	07.01706
51.12681	07.01734
51.12719	07.01811
51.12780	07.01907
51.12853	07.02035
51.12885	07.02107
51.12902	07.02156
51.12925	07.02257
51.12935	07.02304
51.12962	07.02380
51.12996	07.02465
51.13007	07.02495
51.13011	07.02510
51.13015	07.02525
51.13021	07.02603
51.13020	07.02659
51.13012	07.02797
51.13015	07.02843
51.13017	07.02890
51.13019	07.02936
51.13022	07.02983
51.13035	07.03062
51.13057	07.03140
51.13079	07.03218
51.13101	07.03296
51.13112	07.03329
51.13127	07.03369
51.13137	07.03399
51.13174	07.03501
51.13177	07.03554
51.13178	07.03581
51.13179	07.03600
51.13181	07.03646
51.13182	07.03671
51.13182	07.03756
51.13191	07.03866
51.13190	07.03914
51.13189	07.03923
51.13188	07.03979
51.13187	07.04036
51.13185	07.04092
51.13210	07.04254
51.13214	07.04327
51.13212	07.04386
51.13195	07.04430
51.13176	07.04472
51.13158	07.04501
51.13140	07.04530
51.13122	07.04559
51.13083	07.04617
51.13044	07.04675
51.13016	07.04714
51.12949	07.04820
51.12915	07.04871
51.12901	07.04893
51.12851	07.04967
51.12813	07.05024
51.12803	07.05039
51.12760	07.05102
51.12717	07.05164
51.12701	07.05188
51.12685	07.05211
51.12668	07.05235
51.12652	07.05259
51.12636	07.05283
51.12626	07.05307
51.12594	07.05371
51.12562	07.05435
51.12539	07.05478
51.12521	07.05523
51.12508	07.05585
51.12504	07.05612
51.12503	07.05639
51.12481	07.05754
51.12472	07.05816
51.12470	07.05848
51.12474	07.05879
51.12478	07.05905
51.12484	07.05921
51.12495	07.05939
51.12520	07.05964
51.12552	07.05983
51.12575	07.05993
51.12593	07.06006
51.12604	07.06019
51.12676	07.06122
51.12713	07.06172
51.12724	07.06194
51.12734	07.06236
51.12739	07.06277
51.12739	07.06326
51.12737	07.06369
51.12724	07.06461
51.12695	07.06616
51.12693	07.06628
51.12672	07.06762
51.12666	07.06791
51.12644	07.06892
51.12623	07.07078
51.12616	07.07116
51.12607	07.07190
51.12603	07.07227
51.12601	07.07282
51.12599	07.07337
51.12602	07.07391
51.12608	07.07442
51.12637	07.07557
51.12647	07.07581
51.12675	07.07628
51.12715	07.07689
51.12738	07.07712
51.12766	07.07734
51.12796	07.07738
51.12827	07.07734
51.13005	07.07682
51.13042	07.07666
51.13114	07.07627
51.13171	07.07587
51.13204	07.07554
51.13253	07.07511
51.13278	07.07492
51.13291	07.07482
51.13327	07.07465
51.13396	07.07455
51.13435	07.07463
51.13489	07.07486
51.13528	07.07508
51.13564	07.07536
51.13603	07.07582
51.13620	07.07623
51.13634	07.07692
51.13639	07.07721
51.13640	07.07730
51.13647	07.07784
51.13658	07.07863
51.13672	07.07921
51.13686	07.07965
51.13744	07.08084
51.13765	07.08121
51.13791	07.08183
51.13810	07.08220
51.13821	07.08261
51.13821	07.08282
51.13817	07.08305
51.13811	07.08326
51.13799	07.08355
51.13778	07.08394
51.13740	07.08444
51.13708	07.08487
51.13668	07.08542
51.13631	07.08584
51.13574	07.08638
51.13562	07.08658
51.13527	07.08758
51.13509	07.08843
51.13491	07.08901
51.13479	07.08950
51.13458	07.09050
51.13438	07.09105
51.13431	07.09153
51.13429	07.09217
51.13422	07.09253
51.13399	07.09317
51.13369	07.09396
51.13358	07.09439
51.13351	07.09494
51.13346	07.09558
51.13351	07.09596
51.13363	07.09621
51.13395	07.09657
51.13417	07.09669
51.13448	07.09671
51.13665	07.09615
51.13747	07.09610
51.13773	07.09618
51.13833	07.09641
51.13855	07.09662
51.13858	07.09678
51.13862	07.09725
51.13862	07.09763
51.13845	07.09920
51.13837	07.09960
51.13828	07.09985
51.13820	07.10000
51.13707	07.10212
51.13696	07.10247
51.13691	07.10282
51.13689	07.10361
51.13691	07.10440
51.13698	07.10522
51.13712	07.10586
51.13740	07.10684
51.13777	07.10797
51.13783	07.10828
51.13785	07.10864
51.13783	07.10888
51.13769	07.10969
51.13759	07.10997
51.13719	07.11046
51.13699	07.11075
51.13666	07.11101
51.13614	07.11108
51.13518	07.11099
51.13405	07.11126
51.13377	07.11162
51.13363	07.11216
51.13353	07.11278
51.13342	07.11378
51.13342	07.11411
51.13336	07.11488
51.13334	07.11561
51.13338	07.11668
51.13326	07.11675
51.13233	07.11692
51.13240	07.11740
51.13236	07.11818
51.13235	07.11833
51.13120	07.11790
51.13094	07.11890
51.13026	07.11851
51.12830	07.11799
51.12812	07.11790
51.12791	07.11813
51.12705	07.11806
51.12693	07.11796
51.12677	07.11774
51.12655	07.11750
51.12641	07.11721
51.12604	07.11694
51.12535	07.11662
51.12519	07.11660
51.12479	07.11655
51.12467	07.11675
51.12436	07.11726
51.12405	07.11861
51.12403	07.11930
51.12394	07.11931
51.12388	07.11939
51.12385	07.11961
51.12316	07.11963
51.12322	07.11984
51.12322	07.11997
51.12318	07.12009
51.12311	07.12017
51.12291	07.12027
51.12233	07.12029
51.12215	07.12110
51.12188	07.12180
51.12186	07.12188
51.12181	07.12202
51.12177	07.12217
51.12174	07.12228
51.12161	07.12285
51.12159	07.12295
51.12161	07.12460
51.12167	07.12503
51.12171	07.12602
51.12169	07.12669
51.12169	07.12676
51.12164	07.12729
51.12152	07.12724
51.12147	07.12776
51.12149	07.12836
51.12158	07.12854
51.12103	07.12931
51.12076	07.12863
51.11971	07.13008
51.11961	07.13029
51.11941	07.13005
51.11910	07.13025
51.11865	07.13061
51.11856	07.13066
51.11798	07.13098
51.11803	07.13150
51.11805	07.13222
51.11818	07.13257
51.11814	07.13265
51.11808	07.13308
51.11813	07.13321
51.11855	07.13399
51.11871	07.13430
51.11855	07.13438
51.11821	07.13449
51.11806	07.13451
51.11709	07.13451
51.11707	07.13520
51.11684	07.13591
51.11854	07.13695
51.11929	07.13741
51.11950	07.13760
51.11977	07.13786
51.11988	07.13821
51.12029	07.13975
51.11972	07.14033
51.11886	07.14031
51.11853	07.14044
51.11823	07.14071
51.11842	07.14178
51.11847	07.14205
51.11903	07.14471
51.11856	07.14496
51.11842	07.14510
51.11801	07.14589
51.11791	07.14604
51.11785	07.14609
51.11686	07.14592
51.11640	07.14457
51.11596	07.14477
51.11570	07.14480
51.11550	07.14468
51.11540	07.14455
51.11531	07.14430
51.11500	07.14482
51.11560	07.14569
51.11557	07.14583
51.11538	07.14698
51.11513	07.14802
51.11488	07.14779
51.11438	07.14719
51.11439	07.14761
51.11436	07.14780
51.11423	07.14817
51.11489	07.14898
51.11556	07.14956
51.11658	07.15084
51.11696	07.15131
51.11741	07.15200
51.11787	07.15293
51.11805	07.15331
51.11852	07.15414
51.11859	07.15418
51.11884	07.15414
51.11899	07.15423
51.11908	07.15437
51.11917	07.15460
51.11920	07.15481
51.11921	07.15550
51.11985	07.15668
51.12040	07.15828
51.12073	07.15927
51.12149	07.16204
51.12185	07.16342
51.12194	07.16381
51.12222	07.16462
51.12237	07.16473
51.12239	07.16497
51.12257	07.16602
51.12272	07.16670
51.12321	07.16849
51.12357	07.17064
51.12359	07.17075
51.12392	07.17204
51.12423	07.17327
51.12492	07.17612
51.12526	07.17715
51.12536	07.17707
51.12553	07.17693
51.12567	07.17633
51.12581	07.17606
51.12607	07.17567
51.12682	07.17570
51.12714	07.17562
51.12776	07.17592
51.12797	07.17562
51.12812	07.17544
51.12823	07.17544
51.12828	07.17538
51.12822	07.17453
51.12818	07.17442
51.12817	07.17419
51.12821	07.17411
51.12821	07.17397
51.12819	07.17329
51.12822	07.17221
51.12820	07.17205
51.12815	07.17192
51.12798	07.17161
51.12734	07.17075
51.12707	07.17043
51.12676	07.17030
51.12653	07.16972
51.12683	07.16939
51.12849	07.16830
51.12904	07.16832
51.12845	07.16700
51.12835	07.16671
51.12830	07.16649
51.12826	07.16602
51.12828	07.16580
51.12837	07.16549
51.12936	07.16266
51.12949	07.16338
51.12987	07.16454
51.13010	07.16500
51.13022	07.16509
51.13053	07.16514
51.13068	07.16521
51.13110	07.16517
51.13143	07.16538
51.13179	07.16594
51.13188	07.16577
51.13136	07.16506
51.13109	07.16482
51.13113	07.16471
51.13100	07.16463
51.13103	07.16454
51.13113	07.16423
51.13118	07.16415
51.13186	07.16304
51.13215	07.16230
51.13204	07.16218
51.13326	07.15984
51.13364	07.15998
51.13382	07.16008
51.13431	07.16057
51.13501	07.16141
51.13517	07.16169
51.13540	07.16218
51.13579	07.16309
51.13605	07.16341
51.13626	07.16346
51.13675	07.16394
51.13665	07.16443
51.13685	07.16491
51.13728	07.16568
51.13775	07.16637
51.13820	07.16751
51.13869	07.16920
51.13905	07.16967
51.13949	07.16957
51.14013	07.16890
51.14022	07.16871
51.14043	07.16811
51.14044	07.16789
51.14040	07.16765
51.14146	07.16727
51.14201	07.16713
51.14315	07.16728
51.14330	07.16722
51.14397	07.16742
51.14478	07.16742
51.14506	07.16688
51.14538	07.16631
51.14559	07.16576
51.14569	07.16541
51.14561	07.16419
51.14496	07.16266
51.14474	07.16037
51.14473	07.16021
51.14476	07.16009
51.14497	07.15999
51.14631	07.16067
51.14656	07.16186
51.14670	07.16261
51.14666	07.16320
51.14699	07.16301
51.14753	07.16295
51.14794	07.16270
51.14852	07.16241
51.14880	07.16327
51.14928	07.16366
51.14960	07.16376
51.14982	07.16340
51.15009	07.16437
51.15060	07.16383
51.15127	07.16426
51.15152	07.16450
51.15161	07.16459
51.15223	07.16396
51.15332	07.16523
51.15345	07.16537
51.15375	07.16532
51.15366	07.16565
51.15368	07.16722
51.15363	07.16751
51.15329	07.16825
51.15287	07.16891
51.15250	07.16962
51.15228	07.16997
51.15225	07.17041
51.15228	07.17203
51.15228	07.17215
51.15277	07.17329
51.15295	07.17375
51.15346	07.17463
51.15372	07.17548
51.15401	07.17671
51.15408	07.17744
51.15365	07.17799
51.15350	07.17828
51.15311	07.17890
51.15292	07.17938
51.15310	07.18034
51.15323	07.18074
51.15330	07.18152
51.15353	07.18212
51.15363	07.18225
51.15369	07.18247
51.15415	07.18301
51.15429	07.18317
51.15518	07.18396
51.15552	07.18441
51.15580	07.18494
51.15572	07.18544
51.15516	07.18599
51.15500	07.18644
51.15474	07.18676
51.15466	07.18696
51.15424	07.18791
51.15405	07.18812
51.15379	07.18850
51.15358	07.18948
51.15343	07.19026
51.15355	07.19043
51.15372	07.19043
51.15392	07.19042
51.15406	07.19020
51.15424	07.19025
51.15448	07.19025
51.15461	07.19060
51.15440	07.19203
51.15396	07.19258
51.15378	07.19297
51.15320	07.19362
51.15246	07.19473
51.15241	07.19513
51.15204	07.19559
51.15152	07.19641
51.15102	07.19688
51.15109	07.19822
51.15131	07.19889
51.15145	07.19912
51.15158	07.19968
51.15183	07.19982
51.15188	07.19989
51.15185	07.20023
51.15218	07.20060
51.15305	07.20121
51.15372	07.20180
51.15402	07.20220
51.15419	07.20236
51.15438	07.20234
51.15482	07.20273
51.15532	07.20347
51.15552	07.20385
51.15560	07.20401
51.15614	07.20486
51.15628	07.20547
51.15628	07.20587
51.15602	07.20682
51.15571	07.20792
51.15570	07.20826
51.15548	07.20930
51.15512	07.21004
51.15504	07.21043
51.15507	07.21096
51.15569	07.21192
51.15608	07.21201
51.15675	07.21230
51.15685	07.21235
51.15714	07.21263
51.15733	07.21262
51.15767	07.21306
51.15789	07.21358
51.15810	07.21408
51.15839	07.21432
51.15863	07.21474
51.15885	07.21486
51.15895	07.21582
51.15896	07.21610
51.15919	07.21669
51.15957	07.21699
51.15996	07.21736
51.16025	07.21781
51.16058	07.21864
51.16082	07.21896
51.16090	07.21892
51.16090	07.21905
51.16101	07.21921
51.16101	07.21942
51.16107	07.21961
51.16071	07.22116
51.16000	07.22204
51.15924	07.22283
51.15856	07.22349
51.15856	07.22476
51.15856	07.22519
51.15900	07.22579
51.15936	07.22720
51.15951	07.22732
51.15942	07.22756
51.15932	07.22756
51.15918	07.22757
51.15897	07.22753
51.15894	07.22790
51.15906	07.22811
51.15907	07.22830
51.15895	07.22862
51.15891	07.22871
51.15873	07.22886
51.15851	07.22974
51.15817	07.23069
51.15805	07.23107
51.15809	07.23122
51.15810	07.23130
51.15824	07.23138
51.15848	07.23127
51.15828	07.23157
51.15794	07.23208
51.15760	07.23298
51.15739	07.23391
51.15739	07.23409
51.15773	07.23485
51.15785	07.23626
51.15796	07.23733
51.15773	07.23816
51.15750	07.23836
51.15706	07.23886
51.15702	07.23902
51.15762	07.23881
51.15791	07.23877
51.15816	07.23882
51.15853	07.24007
51.15853	07.24043
51.15862	07.24074
51.15844	07.24193
51.15849	07.24305
51.15850	07.24452
51.15857	07.24497
51.15882	07.24496
51.15883	07.24526
51.15892	07.24554
51.15884	07.24611
51.15870	07.24625
51.15865	07.24648
51.15856	07.24671
51.15852	07.24698
51.15833	07.24741
51.15813	07.24757
51.15804	07.24784
51.15818	07.24850
51.15833	07.24871
51.15837	07.24892
51.15848	07.24935
51.15860	07.24993
51.15862	07.25061
51.15842	07.25066
51.15835	07.25135
51.15820	07.25181
51.15796	07.25215
51.15796	07.25253
51.15786	07.25278
51.15764	07.25308
51.15752	07.25345
51.15713	07.25437
51.15723	07.25468
51.15707	07.25488
51.15707	07.25507
51.15672	07.25519
51.15664	07.25524
51.15660	07.25517
51.15603	07.25549
51.15569	07.25539
51.15490	07.25502
51.15336	07.25763
51.15300	07.25765
51.15273	07.25787
51.15245	07.25782
51.15194	07.25706
51.15189	07.25674
51.15144	07.25690
51.15147	07.25724
51.15090	07.25773
51.15014	07.25838
51.15011	07.25875
51.14942	07.25944
51.14926	07.25973
51.14943	07.26038
51.14909	07.26061
51.14730	07.26044
51.14705	07.26045
51.14692	07.26136
51.14673	07.26199
51.14659	07.26294
51.14659	07.26373
51.14647	07.26533
51.14596	07.26725
51.14589	07.26767
51.14584	07.26807
51.14532	07.26836
51.14605	07.26950
51.14480	07.27096
51.14460	07.27112
51.14438	07.27137
51.14417	07.27146
51.14399	07.27151
51.14289	07.27170
51.14181	07.27173
51.14121	07.27181
51.14078	07.27181
51.14002	07.27173
51.13929	07.27154
51.13897	07.27145
51.13849	07.27132
51.13814	07.27121
51.13778	07.27102
51.13764	07.27102
51.13755	07.27117
51.13740	07.27122
51.13653	07.27139
51.13612	07.27164
51.13546	07.27197
51.13511	07.27192
51.13482	07.27181
51.13439	07.27178
51.13419	07.27184
51.13354	07.27212
51.13333	07.27211
51.13308	07.27211
51.13256	07.27209
51.13173	07.27219
51.13126	07.27218
51.13097	07.27223
51.13015	07.27295
51.13028	07.27366
51.12994	07.27382
51.12965	07.27351
51.12877	07.27401
51.12813	07.27437
51.12783	07.27439
51.12747	07.27407
51.12717	07.27358
51.12701	07.27350
51.12682	07.27351
51.12660	07.27351
51.12624	07.27369
51.12598	07.27376
51.12475	07.27401
51.12453	07.27391
51.12392	07.27365
51.12359	07.27356
51.12339	07.27359
51.12311	07.27354
51.12278	07.27343
51.12263	07.27355
51.12257	07.27367
51.12231	07.27432
51.12217	07.27488
51.12207	07.27513
51.12183	07.27511
51.12169	07.27519
51.12138	07.27516
51.12116	07.27510
51.12082	07.27516
51.12076	07.27505
51.12060	07.27497
51.12042	07.27503
51.12006	07.27478
51.11985	07.27458
51.11984	07.27443
51.11971	07.27429
51.11961	07.27413
51.11952	07.27398
51.11910	07.27395
51.11894	07.27417
51.11882	07.27409
51.11874	07.27409
51.11859	07.27399
51.11837	07.27382
51.11823	07.27349
51.11811	07.27357
51.11814	07.27379
51.11735	07.27421
51.11709	07.27428
51.11667	07.27418
51.11648	07.27399
51.11617	07.27382
51.11568	07.27390
51.11554	07.27402
51.11555	07.27472
51.11522	07.27442
51.11506	07.27461
51.11496	07.27435
51.11476	07.27364
51.11427	07.27398
51.11364	07.27440
51.11368	07.27552
51.11335	07.27592
51.11244	07.27690
51.11131	07.27803
51.11122	07.27812
51.11041	07.27897
51.10950	07.27971
51.10929	07.28003
51.10878	07.28127
51.10842	07.28264
51.10807	07.28361
51.10795	07.28376
51.10776	07.28509
51.10770	07.28670
51.10760	07.28799
51.10742	07.28838
51.10714	07.28859
51.10687	07.28876
51.10685	07.28900
51.10691	07.28934
51.10698	07.28986
51.10700	07.28996
51.10715	07.29058
51.10714	07.29077
51.10688	07.29135
51.10668	07.29183
51.10648	07.29262
51.10613	07.29369
51.10599	07.29404
51.10590	07.29472
51.10586	07.29520
51.10586	07.29590
51.10609	07.29652
51.10617	07.29675
51.10606	07.29723
51.10588	07.29749
51.10568	07.29777
51.10536	07.29798
51.10510	07.29800
51.10486	07.29799
51.10509	07.29856
51.10492	07.29873
51.10482	07.29885
51.10454	07.29810
51.10430	07.29776
51.10420	07.29756
51.10385	07.29714
51.10316	07.29670
51.10272	07.29599
51.10235	07.29550
51.10216	07.29533
51.10197	07.29520
51.10179	07.29516
51.10127	07.29495
51.10025	07.29443
51.10015	07.29439
51.09974	07.29384
51.09967	07.29371
51.09954	07.29325
51.09850	07.29198
51.09830	07.29189
51.09804	07.29188
51.09762	07.29166
51.09747	07.29158
51.09736	07.29155
51.09688	07.29206
51.09668	07.29232
51.09654	07.29259
51.09610	07.29267
51.09598	07.29247
51.09577	07.29229
51.09552	07.29178
51.09542	07.29140
51.09524	07.29101
51.09518	07.29082
51.09510	07.29074
51.09465	07.29053
51.09456	07.29040
51.09446	07.29018
51.09444	07.29004
51.09444	07.28973
51.09446	07.28900
51.09442	07.28856
51.09440	07.28830
51.09410	07.28780
51.09353	07.28700
51.09325	07.28641
51.09309	07.28629
51.09265	07.28634
51.09265	07.28617
51.09262	07.28609
51.09255	07.28601
51.09236	07.28592
51.09230	07.28584
51.09222	07.28558
51.09218	07.28530
51.09186	07.28520
51.09179	07.28496
51.09153	07.28460
51.09142	07.28458
51.09102	07.28412
51.09090	07.28403
51.09051	07.28348
51.09040	07.28338
51.09031	07.28333
51.09020	07.28332
51.08988	07.28343
51.08956	07.28328
51.08945	07.28328
51.08938	07.28332
51.08921	07.28359
51.08912	07.28367
51.08900	07.28371
51.08873	07.28366
51.08856	07.28357
51.08839	07.28337
51.08710	07.28171
51.08702	07.28155
51.08695	07.28141
51.08689	07.28106
51.08673	07.27931
51.08672	07.27913
51.08664	07.27913
51.08642	07.27878
51.08630	07.27817
51.08611	07.27743
51.08607	07.27728
51.08597	07.27726
51.08587	07.27655
51.08551	07.27608
51.08495	07.27567
51.08456	07.27556
51.08407	07.27439
51.08376	07.27454
51.08364	07.27396
51.08360	07.27385
51.08339	07.27351
51.08315	07.27360
51.08286	07.27394
51.08290	07.27498
51.08274	07.27537
51.08218	07.27554
51.08055	07.27624
51.08005	07.27779
51.07961	07.27899
51.07939	07.27956
51.07918	07.27982
51.07850	07.28030
51.07816	07.28051
51.07799	07.28070
51.07823	07.28140
51.07856	07.28257
51.07872	07.28312
51.07879	07.28385
51.07879	07.28467
51.07933	07.28499
51.07921	07.28577
51.07930	07.28582
51.07929	07.28598
51.07911	07.28743
51.07877	07.28720
51.07811	07.28710
51.07792	07.28800
51.07793	07.28883
51.07805	07.29040
51.07816	07.29233
51.07822	07.29331
51.07823	07.29396
51.07828	07.29424
51.07809	07.29427
51.07753	07.29403
51.07726	07.29399
51.07674	07.29376
51.07612	07.29327
51.07587	07.29314
51.07573	07.29315
51.07543	07.29360
51.07484	07.29394
51.07379	07.29410
51.07391	07.29445
51.07418	07.29520
51.07429	07.29502
51.07441	07.29498
51.07466	07.29502
51.07474	07.29548
51.07447	07.29545
51.07429	07.29568
51.07383	07.29712
51.07348	07.29735
51.07361	07.29874
51.07368	07.29932
51.07342	07.29942
51.07323	07.29943
51.07303	07.29923
51.07294	07.29920
51.07287	07.29929
51.07258	07.29912
51.07219	07.29935
51.07164	07.29962
51.07145	07.29963
51.07116	07.29950
51.07089	07.29934
51.07056	07.29958
51.07032	07.29975
51.06975	07.29981
51.06933	07.29995
51.06918	07.30009
51.06897	07.30031
51.06892	07.30062
51.06904	07.30173
51.06923	07.30317
51.06934	07.30358
51.06941	07.30386
51.06944	07.30399
51.07034	07.30385
51.07036	07.30511
51.07004	07.30625
51.06995	07.30635
51.06986	07.30645
51.06974	07.30709
51.06970	07.30734
51.06973	07.30749
51.07000	07.30881
51.06980	07.30903
51.07044	07.30961
51.07075	07.30982
51.07156	07.30985
51.07214	07.30974
51.07256	07.30979
51.07278	07.30977
51.07304	07.30949
51.07314	07.30969
51.07326	07.31002
51.07402	07.30951
51.07413	07.30920
51.07475	07.30939
51.07514	07.30962
51.07601	07.31009
51.07637	07.31001
51.07661	07.31039
51.07710	07.31113
51.07742	07.31181
51.07784	07.31258
51.07795	07.31263
51.07818	07.31312
51.07827	07.31325
51.07856	07.31455
51.07870	07.31504
51.07875	07.31513
51.07871	07.31524
51.07881	07.31533
51.07896	07.31566
51.07917	07.31600
51.07950	07.31607
51.07963	07.31624
51.07994	07.31691
51.07995	07.31701
51.07893	07.31761
51.07863	07.31782
51.07840	07.31831
51.07819	07.31845
51.07791	07.31861
51.07742	07.31843
51.07726	07.31950
51.07679	07.31993
51.07602	07.32000
51.07586	07.32036
51.07522	07.32119
51.07510	07.32155
51.07453	07.32223
51.07442	07.32254
51.07414	07.32278
51.07382	07.32271
51.07311	07.32244
51.07256	07.32223
51.07233	07.32224
51.07181	07.32245
51.07120	07.32276
51.07066	07.32321
51.07036	07.32354
51.06992	07.32406
51.06974	07.32424
51.06984	07.32448
51.06994	07.32457
51.06999	07.32477
51.07007	07.32486
51.07019	07.32491
51.07057	07.32485
51.07064	07.32489
51.07066	07.32499
51.07061	07.32558
51.07068	07.32616
51.07106	07.32638
51.07138	07.32630
51.07173	07.32599
51.07183	07.32614
51.07198	07.32670
51.07216	07.32744
51.07226	07.32785
51.07245	07.32831
51.07251	07.32862
51.07236	07.32945
51.07249	07.33027
51.07241	07.33090
51.07246	07.33110
51.07243	07.33124
51.07243	07.33138
51.07237	07.33148
51.07231	07.33154
51.07221	07.33158
51.07209	07.33183
51.07189	07.33195
51.07150	07.33203
51.07139	07.33207
51.07126	07.33229
51.07117	07.33252
51.07111	07.33291
51.07099	07.33337
51.07097	07.33382
51.07101	07.33420
51.07103	07.33437
51.07121	07.33437
51.07124	07.33469
51.07120	07.33477
51.07121	07.33507
51.07115	07.33530
51.07115	07.33538
51.07113	07.33563
51.07113	07.33580
51.07107	07.33609
51.07109	07.33637
51.07093	07.33649
51.07099	07.33690
51.07124	07.33751
51.07127	07.33768
51.07127	07.33783
51.07128	07.33811
51.07121	07.33825
51.07124	07.33842
51.07125	07.33882
51.07128	07.33917
51.07102	07.33915
51.07077	07.33919
51.07085	07.33877
51.07064	07.33874
51.07027	07.33850
51.07031	07.33816
51.07008	07.33777
51.06983	07.33732
51.06928	07.33653
51.06866	07.33553
51.06820	07.33498
51.06807	07.33472
51.06852	07.33388
51.06863	07.33306
51.06869	07.33282
51.06855	07.33280
51.06809	07.33190
51.06784	07.33122
51.06783	07.33101
51.06702	07.33073
51.06674	07.33071
51.06616	07.33084
51.06581	07.33066
51.06583	07.33092
51.06582	07.33104
51.06570	07.33114
51.06537	07.33137
51.06521	07.33138
51.06513	07.33152
51.06491	07.33167
51.06441	07.33174
51.06421	07.33196
51.06390	07.33247
51.06365	07.33268
51.06346	07.33269
51.06308	07.33258
51.06297	07.33259
51.06283	07.33251
51.06276	07.33232
51.06140	07.33158
51.06110	07.33140
51.06036	07.33071
51.05949	07.32986
51.05944	07.32848
51.05932	07.32751
51.05928	07.32736
51.05905	07.32757
51.05890	07.32703
51.05883	07.32673
51.05792	07.32797
51.05772	07.32823
51.05698	07.32722
51.05652	07.32766
51.05616	07.32622
51.05605	07.32460
51.05598	07.32403
51.05507	07.32402
51.05489	07.32407
51.05473	07.32415
51.05373	07.32297
51.05320	07.32237
51.05297	07.32299
51.05289	07.32330
51.05246	07.32365
51.05233	07.32415
51.05242	07.32503
51.05243	07.32548
51.05236	07.32619
51.05222	07.32671
51.05198	07.32657
51.05180	07.32685
51.05170	07.32771
51.05169	07.32790
51.05172	07.32858
51.05168	07.32930
51.05164	07.33002
51.05171	07.33041
51.05185	07.33118
51.05230	07.33209
51.05267	07.33265
51.05304	07.33323
51.05324	07.33425
51.05197	07.33293
51.05130	07.33310
51.05110	07.33251
51.05030	07.33098
51.05002	07.33038
51.04930	07.33003
51.04918	07.32996
51.04867	07.32990
51.04863	07.33031
51.04855	07.33016
51.04832	07.32976
51.04831	07.32938
51.04830	07.32772
51.04784	07.32658
51.04719	07.32497
51.04682	07.32403
51.04620	07.32392
51.04645	07.32574
51.04665	07.32624
51.04666	07.32686
51.04690	07.32741
51.04602	07.32738
51.04606	07.32726
51.04575	07.32615
51.04488	07.32520
51.04432	07.32454
51.04359	07.32400
51.04315	07.32359
51.04291	07.32363
51.04272	07.32353
51.04257	07.32358
51.04188	07.32348
51.04186	07.32333
51.04179	07.32284
51.04161	07.32240
51.04154	07.32233
51.04077	07.32227
51.04068	07.32184
51.04062	07.32147
51.04021	07.32057
51.04054	07.31908
51.04011	07.31903
51.03956	07.31970
51.03925	07.32008
51.03878	07.31998
51.03842	07.31980
51.03792	07.31966
51.03756	07.31904
51.03741	07.31879
51.03693	07.31838
51.03593	07.31775
51.03546	07.31736
51.03383	07.31576
51.03365	07.31577
51.03309	07.31515
51.03215	07.31416
51.03184	07.31369
51.03165	07.31344
51.03122	07.31360
51.03050	07.31257
51.03041	07.31249
51.03000	07.31185
51.02937	07.31094
51.02874	07.31166
51.02843	07.31250
51.02804	07.31294
51.02778	07.31285
51.02767	07.31257
51.02723	07.31135
51.02687	07.31015
51.02680	07.30968
51.02681	07.30919
51.02691	07.30854
51.02699	07.30831
51.02721	07.30810
51.02679	07.30610
51.02657	07.30421
51.02774	07.30390
51.02791	07.30372
51.02778	07.30312
51.02830	07.30260
51.02890	07.30198
51.02885	07.30051
51.02876	07.29893
51.02904	07.29878
51.02944	07.29850
51.02965	07.29817
51.03005	07.29754
51.03030	07.29704
51.03046	07.29630
51.03075	07.29592
51.03071	07.29530
51.03093	07.29489
51.03108	07.29480
51.03110	07.29420
51.03105	07.29378
51.03124	07.29330
51.03128	07.29301
51.03123	07.29267
51.03126	07.29250
51.03136	07.29234
51.03144	07.29200
51.03210	07.29157
51.03221	07.29136
51.03199	07.29077
51.03173	07.29041
51.03126	07.28989
51.03095	07.28960
51.03065	07.28891
51.03032	07.28802
51.03030	07.28782
51.03031	07.28698
51.03012	07.28618
51.03033	07.28571
51.03029	07.28538
51.02997	07.28461
51.02978	07.28422
51.02927	07.28500
51.02899	07.28439
51.02867	07.28390
51.02806	07.28311
51.02780	07.28197
51.02770	07.28119
51.02759	07.28112
51.02758	07.28085
51.02748	07.28082
51.02735	07.28102
51.02709	07.28081
51.02712	07.28062
51.02699	07.28052
51.02699	07.28027
51.02712	07.28019
51.02698	07.28013
51.02690	07.28011
51.02683	07.27994
51.02665	07.27967
51.02646	07.27966
51.02639	07.27948
51.02620	07.27959
51.02602	07.27951
51.02584	07.27950
51.02519	07.27966
51.02459	07.27989
51.02439	07.28009
51.02429	07.28046
51.02423	07.28051
51.02346	07.28066
51.02262	07.28108
51.02261	07.28123
51.02261	07.28138
51.02255	07.28165
51.02282	07.28189
51.02298	07.28232
51.02305	07.28275
51.02313	07.28317
51.02311	07.28357
51.02308	07.28367
51.02301	07.28409
51.02295	07.28434
51.02283	07.28444
51.02260	07.28438
51.02237	07.28413
51.02218	07.28409
51.02210	07.28421
51.02192	07.28451
51.02181	07.28466
51.02171	07.28475
51.02146	07.28486
51.02104	07.28481
51.02065	07.28473
51.01989	07.28477
51.01967	07.28450
51.01948	07.28398
51.01952	07.28358
51.01954	07.28322
51.01941	07.28291
51.01928	07.28265
51.01920	07.28232
51.01904	07.28216
51.01897	07.28194
51.01834	07.28151
51.01826	07.28155
51.01815	07.28160
51.01783	07.28173
51.01749	07.28189
51.01729	07.28233
51.01687	07.28274
51.01647	07.28331
51.01638	07.28305
51.01677	07.28246
51.01591	07.28101
51.01552	07.28043
51.01515	07.27996
51.01472	07.27992
51.01465	07.27985
51.01402	07.27946
51.01389	07.27924
51.01385	07.27901
51.01383	07.27882
51.01380	07.27856
51.01384	07.27831
51.01384	07.27740
51.01378	07.27727
51.01348	07.27682
51.01344	07.27673
51.01342	07.27643
51.01300	07.27567
51.01268	07.27537
51.01249	07.27532
51.01220	07.27548
51.01136	07.27603
51.01080	07.27663
51.01041	07.27705
51.01017	07.27754
51.00972	07.27880
51.00935	07.27975
51.00923	07.28001
51.00877	07.28072
51.00828	07.28098
51.00805	07.28117
51.00786	07.28152
51.00779	07.28189
51.00777	07.28238
51.00771	07.28247
51.00766	07.28261
51.00648	07.28177
51.00607	07.28160
51.00587	07.28155
51.00466	07.28161
51.00433	07.28104
51.00411	07.28074
51.00402	07.28061
51.00382	07.28051
51.00350	07.28055
51.00331	07.28053
51.00293	07.27997
51.00275	07.27978
51.00241	07.27956
51.00227	07.27944
51.00217	07.27893
51.00202	07.27872
51.00174	07.27851
51.00155	07.27835
51.00148	07.27829
51.00135	07.27801
51.00069	07.27698
50.99982	07.27560
50.99938	07.27482
50.99887	07.27406
50.99877	07.27379
50.99824	07.27248
50.99778	07.27130
50.99761	07.27090
50.99733	07.27054
50.99714	07.27035
50.99686	07.27003
50.99647	07.26935
50.99630	07.26902
50.99607	07.26851
50.99584	07.26777
50.99527	07.26628
50.99477	07.26497
50.99434	07.26394
50.99390	07.26328
50.99369	07.26290
50.99350	07.26233
50.99344	07.26219
50.99327	07.26201
50.99304	07.26197
50.99279	07.26204
50.99221	07.26184
50.99215	07.26177
50.99217	07.26123
50.99212	07.26107
50.99206	07.26102
50.99192	07.26097
50.99175	07.26117
50.99162	07.26124
50.99140	07.26110
50.99128	07.26115
50.99108	07.26112
50.99080	07.25986
50.99119	07.25955
50.99193	07.25891
50.99143	07.25781
50.99123	07.25764
50.99204	07.25705
50.99143	07.25610
50.98978	07.25469
50.98972	07.25502
50.98957	07.25501
50.98962	07.25468
50.98957	07.25457
50.98949	07.25441
50.98920	07.25407
50.98887	07.25383
50.98871	07.25373
50.98757	07.25353
50.98730	07.25293
50.98722	07.25277
50.98691	07.25235
50.98677	07.25213
50.98674	07.25204
50.98592	07.25248
50.98502	07.25273
50.98501	07.25356
50.98497	07.25381
50.98498	07.25397
50.98455	07.25488
50.98466	07.25557
50.98467	07.25593
50.98465	07.25652
50.98448	07.25740
50.98442	07.25755
50.98428	07.25768
50.98413	07.25806
50.98398	07.25868
50.98389	07.25940
50.98360	07.25833
50.98340	07.25868
50.98326	07.25847
50.98308	07.25848
50.98328	07.25912
50.98321	07.25956
50.98359	07.26049
50.98284	07.26128
50.98275	07.26117
50.98239	07.26107
50.98249	07.26147
50.98253	07.26192
50.98188	07.26204
50.98168	07.26159
50.98149	07.26168
50.98140	07.26333
50.98116	07.26340
50.98113	07.26359
50.98084	07.26562
50.98067	07.26673
50.98045	07.26733
50.98025	07.26764
50.97980	07.26715
50.97973	07.26715
50.97971	07.26736
50.97932	07.26882
50.97854	07.26827
50.97786	07.26773
50.97782	07.26800
50.97799	07.26880
50.97823	07.26958
50.97826	07.26976
50.97823	07.27024
50.97809	07.27057
50.97794	07.27073
50.97765	07.27105
50.97741	07.27120
50.97715	07.27164
50.97707	07.27175
50.97665	07.27218
50.97606	07.27276
50.97551	07.27334
50.97515	07.27427
50.97521	07.27446
50.97552	07.27530
50.97581	07.27604
50.97575	07.27644
50.97565	07.27703
50.97522	07.27729
50.97501	07.27750
50.97495	07.27757
50.97490	07.27768
50.97475	07.27804
50.97460	07.27818
50.97413	07.27844
50.97378	07.27884
50.97361	07.27902
50.97349	07.27907
50.97345	07.27919
50.97335	07.27938
50.97327	07.27938
50.97320	07.27948
50.97321	07.27969
50.97304	07.27976
50.97299	07.27987
50.97291	07.28009
50.97273	07.28019
50.97272	07.28029
50.97269	07.28104
50.97258	07.28109
50.97228	07.28181
50.97213	07.28219
50.97207	07.28223
50.97197	07.28235
50.97193	07.28268
50.97174	07.28295
50.97170	07.28322
50.97155	07.28337
50.97114	07.28445
50.97126	07.28471
50.97167	07.28573
50.97175	07.28601
50.97189	07.28649
50.97223	07.28794
50.97242	07.28768
50.97269	07.28708
50.97269	07.28621
50.97285	07.28554
50.97314	07.28516
50.97375	07.28504
50.97396	07.28537
50.97485	07.28716
50.97516	07.28773
50.97574	07.28774
50.97678	07.28781
50.97722	07.28907
50.97715	07.29011
50.97674	07.29078
50.97703	07.29221
50.97738	07.29313
50.97780	07.29240
50.97831	07.29229
50.97799	07.29302
50.97691	07.29523
50.97725	07.29577
50.97741	07.29633
50.97765	07.29729
50.97793	07.29807
50.97809	07.29870
50.97875	07.29833
50.97870	07.29856
50.97859	07.29885
50.97856	07.29918
50.97830	07.30020
50.97793	07.30053
50.97728	07.30114
50.97651	07.30148
50.97640	07.30165
50.97605	07.30209
50.97595	07.30240
50.97573	07.30248
50.97559	07.30220
50.97545	07.30257
50.97529	07.30267
50.97503	07.30304
50.97485	07.30330
50.97558	07.30431
50.97553	07.30443
50.97575	07.30464
50.97558	07.30486
50.97559	07.30525
50.97562	07.30568
50.97540	07.30687
50.97509	07.30749
50.97553	07.30878
50.97579	07.30943
50.97597	07.30936
50.97625	07.31048
50.97652	07.31042
50.97677	07.31024
50.97707	07.30990
50.97738	07.30961
50.97758	07.30956
50.97751	07.30973
50.97736	07.31029
50.97731	07.31058
50.97717	07.31083
50.97702	07.31124
50.97691	07.31126
50.97645	07.31150
50.97636	07.31175
50.97601	07.31180
50.97591	07.31196
50.97575	07.31191
50.97569	07.31199
50.97564	07.31216
50.97552	07.31217
50.97546	07.31244
50.97535	07.31251
50.97498	07.31248
50.97432	07.31323
50.97417	07.31360
50.97417	07.31385
50.97381	07.31414
50.97383	07.31431
50.97414	07.31446
50.97406	07.31473
50.97432	07.31505
50.97455	07.31513
50.97496	07.31507
50.97507	07.31502
50.97528	07.31484
50.97538	07.31485
50.97547	07.31481
50.97602	07.31426
50.97627	07.31487
50.97646	07.31523
50.97686	07.31583
50.97713	07.31639
50.97741	07.31724
50.97748	07.31775
50.97781	07.31846
50.97745	07.31886
50.97733	07.31878
50.97703	07.31876
50.97639	07.31863
50.97646	07.31969
50.97682	07.31954
50.97699	07.31953
50.97730	07.31950
50.97744	07.32083
50.97707	07.32080
50.97738	07.32193
50.97747	07.32261
50.97720	07.32272
50.97720	07.32293
50.97689	07.32314
50.97728	07.32347
50.97767	07.32405
50.97781	07.32444
50.97810	07.32522
50.97796	07.32589
50.97789	07.32632
50.97773	07.32773
50.97750	07.32824
50.97738	07.32866
50.97735	07.32893
50.97614	07.33075
50.97605	07.33087
50.97599	07.33081
50.97588	07.33046
50.97587	07.33031
50.97568	07.33072
50.97478	07.33314
50.97499	07.33326
50.97498	07.33354
50.97525	07.33362
50.97502	07.33390
50.97483	07.33420
50.97392	07.33381
50.97338	07.33451
50.97330	07.33455
50.97303	07.33422
50.97259	07.33463
50.97281	07.33512
50.97239	07.33551
50.97222	07.33505
50.97189	07.33489
50.97135	07.33324
50.97124	07.33320
50.97104	07.33334
50.97086	07.33288
50.97065	07.33267
50.97051	07.33242
50.97043	07.33237
50.97009	07.33214
50.96956	07.33140
50.96928	07.33104
50.96860	07.33018
50.96778	07.32956
50.96736	07.32924
50.96667	07.32889
50.96618	07.32879
50.96553	07.32864
50.96482	07.32871
50.96371	07.32885
50.96371	07.32902
50.96406	07.32941
50.96421	07.32971
50.96441	07.32990
50.96513	07.33076
50.96560	07.33133
50.96567	07.33153
50.96595	07.33259
50.96600	07.33317
50.96597	07.33398
50.96596	07.33461
50.96613	07.33510
50.96635	07.33562
50.96709	07.33737
50.96755	07.33817
50.96786	07.33882
50.96753	07.33958
50.96746	07.33970
50.96747	07.33991
50.96734	07.34001
50.96729	07.34028
50.96692	07.34082
50.96675	07.34107
50.96648	07.34133
50.96626	07.34155
50.96591	07.34229
50.96549	07.34311
50.96529	07.34312
50.96512	07.34340
50.96497	07.34356
50.96481	07.34353
50.96456	07.34374
50.96420	07.34367
50.96392	07.34352
50.96383	07.34336
50.96369	07.34344
50.96354	07.34319
50.96343	07.34319
50.96334	07.34294
50.96323	07.34297
50.96303	07.34276
50.96262	07.34284
50.96242	07.34329
50.96227	07.34326
50.96216	07.34352
50.96150	07.34435
50.96127	07.34542
50.96101	07.34629
50.96095	07.34709
50.96094	07.34747
50.96080	07.34774
50.96070	07.34845
50.96059	07.34859
50.96051	07.34869
50.96038	07.34910
50.96024	07.34930
50.95978	07.35065
50.95954	07.34927
50.95947	07.34875
50.95838	07.34835
50.95832	07.34877
50.95742	07.34850
50.95756	07.34768
50.95645	07.34785
50.95600	07.34791
50.95596	07.34746
50.95597	07.34718
50.95585	07.34722
50.95553	07.34730
50.95537	07.34746
50.95492	07.34785
50.95486	07.34793
50.95430	07.34883
50.95403	07.34936
50.95308	07.35082
50.95367	07.35185
50.95308	07.35257
50.95280	07.35324
50.95266	07.35367
50.95192	07.35432
50.95158	07.35491
50.95117	07.35458
50.95088	07.35545
50.95089	07.35582
50.95049	07.35615
50.95027	07.35630
50.95026	07.35643
50.95033	07.35660
50.95048	07.35683
50.95051	07.35724
50.95063	07.35739
50.95118	07.35739
50.95124	07.35793
50.95134	07.35811
50.95169	07.35856
50.95216	07.35956
50.95281	07.35994
50.95291	07.36037
50.95337	07.36040
50.95363	07.36087
50.95450	07.36085
50.95457	07.36121
50.95462	07.36147
50.95477	07.36167
50.95504	07.36167
50.95513	07.36174
50.95511	07.36207
50.95503	07.36346
50.95494	07.36343
50.95495	07.36426
50.95500	07.36520
50.95509	07.36613
50.95553	07.36631
50.95567	07.36673
50.95593	07.36692
50.95614	07.36686
50.95627	07.36697
50.95640	07.36713
50.95649	07.36699
50.95673	07.36747
50.95663	07.36755
50.95686	07.36895
50.95617	07.36896
50.95618	07.36911
50.95629	07.36961
50.95654	07.37025
50.95644	07.37049
50.95658	07.37104
50.95689	07.37145
50.95722	07.37157
50.95700	07.37211
50.95690	07.37221
50.95705	07.37285
50.95681	07.37302
50.95716	07.37439
50.95690	07.37467
50.95665	07.37499
50.95650	07.37555
50.95631	07.37668
50.95631	07.37761
50.95635	07.37794
50.95650	07.37839
50.95666	07.37875
50.95677	07.37892
50.95701	07.37905
50.95716	07.37921
50.95761	07.37972
50.95779	07.38000
50.95792	07.38025
50.95781	07.38211
50.95777	07.38276
50.95757	07.38372
50.95741	07.38448
50.95737	07.38511
50.95738	07.38551
50.95782	07.38549
50.95790	07.38551
50.95880	07.38605
50.95882	07.38618
50.95882	07.38677
50.95937	07.38711
50.95852	07.38773
50.95789	07.38825
50.95745	07.38872
50.95679	07.38961
50.95638	07.39024
50.95634	07.39036
50.95598	07.39109
50.95576	07.39166
50.95537	07.39286
50.95527	07.39345
50.95534	07.39379
50.95534	07.39390
50.95529	07.39402
50.95464	07.39451
50.95422	07.39433
50.95368	07.39431
50.95358	07.39409
50.95321	07.39426
50.95282	07.39451
50.95237	07.39501
50.95218	07.39517
50.95184	07.39546
50.95152	07.39601
50.95112	07.39685
50.95036	07.39799
50.95029	07.39764
50.94987	07.39838
50.94968	07.39869
50.94965	07.39783
50.94963	07.39671
50.94908	07.39414
50.94896	07.39398
50.94844	07.39373
50.94794	07.39377
50.94689	07.39397
50.94619	07.39408
50.94348	07.39409
50.94328	07.39401
50.94275	07.39405
50.94251	07.39398
50.94220	07.39383
50.94209	07.39384
50.94179	07.39357
50.94123	07.39304
50.94088	07.39267
50.94077	07.39249
50.94051	07.39215
50.94000	07.39166
50.93973	07.39126
50.93948	07.39079
50.93937	07.39044
50.93926	07.39049
50.93895	07.39078
50.93892	07.39068
50.93884	07.39046
50.93872	07.39025
50.93856	07.39005
50.93850	07.38992
50.93845	07.38953
50.93843	07.38934
50.93831	07.38882
50.93822	07.38854
50.93816	07.38830
50.93802	07.38812
50.93791	07.38800
50.93764	07.38785
50.93688	07.38801
50.93664	07.38797
50.93609	07.38757
50.93529	07.38700
50.93502	07.38660
50.93476	07.38630
50.93452	07.38594
50.93438	07.38557
50.93439	07.38544
50.93447	07.38532
50.93447	07.38517
50.93417	07.38477
50.93406	07.38453
50.93401	07.38434
50.93396	07.38285
50.93397	07.38234
50.93402	07.38202
50.93409	07.38162
50.93410	07.38150
50.93403	07.38123
50.93408	07.38069
50.93411	07.38050
50.93413	07.37901
50.93409	07.37831
50.93415	07.37795
50.93414	07.37755
50.93409	07.37673
50.93401	07.37650
50.93399	07.37626
50.93404	07.37616
50.93412	07.37605
50.93425	07.37530
50.93444	07.37391
50.93445	07.37357
50.93442	07.37338
50.93438	07.37317
50.93437	07.37261
50.93446	07.37183
50.93457	07.37154
50.93474	07.37134
50.93486	07.37093
50.93490	07.37052
50.93496	07.37017
50.93543	07.36929
50.93550	07.36910
50.93550	07.36895
50.93551	07.36878
50.93541	07.36874
50.93526	07.36876
50.93523	07.36861
50.93533	07.36826
50.93551	07.36780
50.93577	07.36758
50.93588	07.36697
50.93586	07.36667
50.93580	07.36643
50.93574	07.36630
50.93568	07.36617
50.93558	07.36578
50.93521	07.36515
50.93512	07.36500
50.93511	07.36483
50.93516	07.36440
50.93515	07.36423
50.93496	07.36351
50.93493	07.36334
50.93458	07.36282
50.93458	07.36229
50.93422	07.36246
50.93396	07.36257
50.93278	07.36312
50.93239	07.36320
50.93228	07.36311
50.93214	07.36290
50.93187	07.36284
50.93178	07.36279
50.93172	07.36258
50.93154	07.36192
50.93148	07.36143
50.93113	07.36123
50.93102	07.36126
50.93089	07.36127
50.93073	07.36112
50.93050	07.36070
50.93002	07.36041
50.92986	07.36025
50.92971	07.36013
50.92956	07.35999
50.92941	07.35986
50.92927	07.35993
50.92917	07.36007
50.92893	07.36003
50.92872	07.35985
50.92854	07.35962
50.92835	07.35943
50.92822	07.35934
50.92809	07.35916
50.92799	07.35892
50.92769	07.35868
50.92759	07.35850
50.92738	07.35819
50.92726	07.35801
50.92696	07.35782
50.92669	07.35763
50.92658	07.35752
50.92642	07.35733
50.92632	07.35716
50.92588	07.35702
50.92549	07.35697
50.92548	07.35716
50.92542	07.35732
50.92518	07.35760
50.92505	07.35774
50.92507	07.35821
50.92501	07.35846
50.92476	07.35871
50.92456	07.35898
50.92444	07.35917
50.92438	07.35944
50.92429	07.35965
50.92422	07.35968
50.92411	07.35959
50.92398	07.35962
50.92398	07.35979
50.92386	07.35985
50.92377	07.35977
50.92369	07.35968
50.92366	07.35946
50.92359	07.35945
50.92346	07.35953
50.92345	07.35936
50.92337	07.35929
50.92321	07.35953
50.92300	07.35954
50.92281	07.35944
50.92274	07.35935
50.92273	07.35920
50.92262	07.35906
50.92240	07.35891
50.92225	07.35854
50.92216	07.35828
50.92209	07.35819
50.92190	07.35796
50.92185	07.35781
50.92180	07.35768
50.92179	07.35736
50.92181	07.35712
50.92185	07.35695
50.92176	07.35653
50.92163	07.35615
50.92129	07.35600
50.92102	07.35574
50.92098	07.35565
50.92097	07.35555
50.92066	07.35524
50.92060	07.35512
50.92047	07.35519
50.92000	07.35547
50.91950	07.35578
50.91936	07.35584
50.91902	07.35586
50.91862	07.35579
50.91848	07.35565
50.91826	07.35544
50.91819	07.35529
50.91819	07.35507
50.91806	07.35464
50.91798	07.35401
50.91794	07.35324
50.91765	07.35297
50.91776	07.35252
50.91769	07.35220
50.91768	07.35192
50.91759	07.35153
50.91747	07.35144
50.91712	07.35101
50.91648	07.35111
50.91618	07.35121
50.91583	07.35144
50.91545	07.35158
50.91528	07.35162
50.91520	07.35159
50.91508	07.35145
50.91494	07.35124
50.91471	07.35061
50.91467	07.35029
50.91463	07.34982
50.91450	07.34949
50.91434	07.34920
50.91401	07.34896
50.91376	07.34881
50.91323	07.34803
50.91303	07.34759
50.91292	07.34716
50.91261	07.34629
50.91253	07.34600
50.91253	07.34589
50.91260	07.34565
50.91257	07.34511
50.91242	07.34459
50.91216	07.34297
50.91218	07.34282
50.91212	07.34275
50.91204	07.34273
50.91187	07.34252
50.91172	07.34126
50.91163	07.34036
50.91156	07.34019
50.91157	07.33978
50.91147	07.33956
50.91143	07.33903
50.91135	07.33870
50.91119	07.33818
50.91107	07.33781
50.91100	07.33746
50.91099	07.33729
50.91098	07.33695
50.91109	07.33599
50.91102	07.33565
50.91114	07.33527
50.91148	07.33523
50.91158	07.33511
50.91160	07.33504
50.91162	07.33483
50.91179	07.33432
50.91181	07.33398
50.91194	07.33333
50.91195	07.33305
50.91209	07.33282
50.91246	07.33270
50.91316	07.33189
50.91318	07.33171
50.91320	07.33161
50.91315	07.33118
50.91332	07.33128
50.91337	07.33122
50.91342	07.33095
50.91335	07.33069
50.91343	07.33035
50.91335	07.33015
50.91350	07.33007
50.91348	07.32996
50.91360	07.32973
50.91373	07.32972
50.91383	07.32962
50.91398	07.32964
50.91403	07.32943
50.91394	07.32919
50.91403	07.32900
50.91400	07.32887
50.91405	07.32870
50.91404	07.32853
50.91412	07.32824
50.91405	07.32785
50.91423	07.32768
50.91441	07.32775
50.91445	07.32763
50.91453	07.32761
50.91463	07.32749
50.91480	07.32746
50.91487	07.32736
50.91499	07.32722
50.91509	07.32719
50.91615	07.32656
50.91661	07.32600
50.91679	07.32582
50.91695	07.32547
50.91697	07.32528
50.91699	07.32511
50.91689	07.32497
50.91685	07.32482
50.91689	07.32474
50.91692	07.32463
50.91679	07.32443
50.91656	07.32425
50.91647	07.32404
50.91630	07.32404
50.91606	07.32390
50.91598	07.32393
50.91595	07.32370
50.91602	07.32360
50.91584	07.32305
50.91585	07.32284
50.91577	07.32268
50.91584	07.32256
50.91585	07.32241
50.91589	07.32210
50.91581	07.32187
50.91593	07.32150
50.91592	07.32129
50.91556	07.32102
50.91544	07.32076
50.91549	07.32049
50.91559	07.32050
50.91558	07.32036
50.91559	07.32015
50.91549	07.32006
50.91536	07.31971
50.91513	07.31965
50.91504	07.31956
50.91467	07.31904
50.91440	07.31906
50.91434	07.31897
50.91422	07.31865
50.91413	07.31856
50.91405	07.31851
50.91394	07.31848
50.91391	07.31835
50.91391	07.31805
50.91377	07.31792
50.91374	07.31781
50.91372	07.31748
50.91368	07.31733
50.91366	07.31707
50.91365	07.31684
50.91329	07.31619
50.91318	07.31616
50.91314	07.31593
50.91302	07.31572
50.91301	07.31541
50.91312	07.31520
50.91308	07.31486
50.91299	07.31481
50.91288	07.31484
50.91274	07.31483
50.91260	07.31473
50.91247	07.31458
50.91231	07.31461
50.91229	07.31454
50.91225	07.31445
50.91217	07.31440
50.91210	07.31427
50.91180	07.31425
50.91157	07.31423
50.91132	07.31415
50.91106	07.31402
50.91090	07.31388
50.91092	07.31377
50.91091	07.31322
50.91088	07.31291
50.91083	07.31246
50.91067	07.31202
50.91052	07.31194
50.91039	07.31198
50.91032	07.31216
50.91030	07.31186
50.91030	07.31120
50.91032	07.31105
50.91031	07.31093
50.91016	07.31087
50.91005	07.31091
50.91005	07.31065
50.91003	07.31048
50.91009	07.31040
50.91000	07.31030
50.90992	07.31017
50.90989	07.31010
50.90997	07.30956
50.90997	07.30949
50.90980	07.30944
50.90968	07.30938
50.90978	07.30925
50.90977	07.30914
50.90963	07.30900
50.90948	07.30884
50.90944	07.30840
50.90941	07.30822
50.90958	07.30807
50.90955	07.30781
50.90957	07.30772
50.90969	07.30769
50.90986	07.30747
50.90990	07.30728
50.90991	07.30703
50.90996	07.30689
50.90996	07.30676
50.90986	07.30668
50.90978	07.30668
50.90968	07.30676
50.90958	07.30687
50.90955	07.30673
50.90960	07.30664
50.90957	07.30654
50.90950	07.30646
50.90945	07.30638
50.90935	07.30624
50.90909	07.30628
50.90901	07.30617
50.90900	07.30608
50.90905	07.30586
50.90906	07.30575
50.90900	07.30566
50.90889	07.30556
50.90877	07.30558
50.90864	07.30565
50.90859	07.30556
50.90868	07.30538
50.90868	07.30531
50.90866	07.30521
50.90852	07.30515
50.90844	07.30515
50.90837	07.30482
50.90822	07.30472
50.90802	07.30454
50.90789	07.30446
50.90787	07.30438
50.90783	07.30422
50.90778	07.30405
50.90774	07.30396
50.90764	07.30387
50.90759	07.30376
50.90758	07.30361
50.90756	07.30350
50.90741	07.30343
50.90725	07.30343
50.90713	07.30342
50.90706	07.30336
50.90698	07.30320
50.90696	07.30311
50.90688	07.30307
50.90670	07.30248
50.90672	07.30238
50.90683	07.30219
50.90681	07.30201
50.90675	07.30190
50.90673	07.30153
50.90670	07.30142
50.90671	07.30110
50.90667	07.30088
50.90672	07.30077
50.90673	07.30038
50.90675	07.30022
50.90772	07.29618
50.90898	07.29074
50.90909	07.28846
50.90911	07.28758
50.90914	07.28739
50.90913	07.28720
50.90913	07.28694
50.90944	07.28513
50.90967	07.28375
50.90998	07.28185
50.91022	07.28039
50.91042	07.27888
50.91043	07.27878
50.91047	07.27833
50.91093	07.27601
50.91096	07.27569
50.91100	07.27510
50.91109	07.27452
50.91116	07.27436
50.91126	07.27421
50.91142	07.27412
50.91161	07.27389
50.91206	07.27311
50.91246	07.27212
50.91284	07.27171
50.91296	07.27157
50.91345	07.27250
50.91382	07.27257
50.91420	07.27280
50.91486	07.27299
50.91501	07.27323
50.91515	07.27303
50.91516	07.27270
50.91488	07.27204
50.91486	07.27154
50.91499	07.27128
50.91518	07.27119
50.91528	07.27114
50.91545	07.27104
50.91570	07.27143
50.91589	07.27163
50.91647	07.27204
50.91673	07.27238
50.91687	07.27305
50.91706	07.27318
50.91749	07.27347
50.91759	07.27329
50.91717	07.27236
50.91685	07.27195
50.91647	07.27170
50.91618	07.27160
50.91662	07.27095
50.91855	07.26835
50.91871	07.26807
50.91885	07.26683
50.91878	07.26621
50.91879	07.26538
50.91873	07.26442
50.91898	07.26406
50.91925	07.26346
50.91958	07.26235
50.91979	07.26034
50.91939	07.25979
50.91940	07.25963
50.91967	07.25910
50.91991	07.25864
50.92031	07.25794
50.92041	07.25794
50.92130	07.25894
50.92197	07.25803
50.92212	07.25798
50.92221	07.25794
50.92228	07.25699
50.92251	07.25694
50.92293	07.25832
50.92308	07.25821
50.92321	07.25801
50.92324	07.25774
50.92350	07.25763
50.92363	07.25739
50.92382	07.25731
50.92394	07.25719
50.92397	07.25699
50.92414	07.25688
50.92421	07.25676
50.92425	07.25660
50.92437	07.25643
50.92442	07.25625
50.92443	07.25571
50.92451	07.25568
50.92463	07.25551
50.92465	07.25537
50.92471	07.25520
50.92515	07.25441
50.92534	07.25396
50.92545	07.25383
50.92560	07.25371
50.92580	07.25343
50.92598	07.25329
50.92635	07.25242
50.92653	07.25219
50.92671	07.25163
50.92692	07.25141
50.92703	07.25104
50.92732	07.25043
50.92848	07.24747
50.92786	07.24712
50.92729	07.24676
50.92706	07.24655
50.92631	07.24521
50.92558	07.24379
50.92504	07.24259
50.92467	07.24124
50.92474	07.24119
50.92489	07.24111
50.92491	07.24094
50.92480	07.24060
50.92451	07.24015
50.92386	07.23975
50.92280	07.23824
50.92263	07.23802
50.92230	07.23780
50.92131	07.23745
50.92070	07.23701
50.91991	07.23653
50.91943	07.23614
50.91881	07.23544
50.91792	07.23541
50.91706	07.23540
50.91678	07.23532
50.91626	07.23517
50.91572	07.23485
50.91520	07.23454
50.91451	07.23406
50.91385	07.23400
50.91140	07.23377
50.91115	07.23340
50.91102	07.23344
50.91110	07.23380
50.90962	07.23451
50.90892	07.23487
50.90800	07.23531
50.90770	07.23486
50.90770	07.23454
50.90746	07.23444
50.90722	07.23420
50.90723	07.23361
50.90657	07.23205
50.90622	07.23140
50.90543	07.23007
50.90535	07.23013
50.90515	07.22980
50.90495	07.22967
50.90461	07.22952
50.90438	07.22939
50.90410	07.22948
50.90395	07.22949
50.90370	07.22932
50.90331	07.22904
50.90296	07.22883
50.90263	07.22837
50.90245	07.22819
50.90221	07.22792
50.90186	07.22775
50.90166	07.22764
50.90152	07.22760
50.90132	07.22761
50.90109	07.22768
50.90043	07.22663
50.89988	07.22523
50.89908	07.22343
50.89842	07.22191
50.89826	07.22157
50.89785	07.22097
50.89750	07.22053
50.89684	07.21983
50.89561	07.21840
50.89503	07.21757
