# GsakName=Saalekreis
51.41454	11.50495
51.41280	11.50210
51.41119	11.50120
51.40897	11.50114
51.40219	11.50376
51.40218	11.50276
51.40208	11.49509
51.40173	11.49484
51.40158	11.49475
51.39571	11.49119
51.39322	11.49181
51.39214	11.49216
51.39301	11.48610
51.39302	11.48332
51.39252	11.48022
51.39124	11.47878
51.38783	11.47501
51.37751	11.46832
51.37623	11.46741
51.37510	11.46554
51.37233	11.45606
51.36915	11.44490
51.36753	11.44001
51.36901	11.43335
51.36815	11.43079
51.36473	11.43067
51.36418	11.43036
51.35961	11.42790
51.35747	11.42634
51.35612	11.42313
51.35457	11.42182
51.35307	11.42185
51.35180	11.42406
51.35097	11.42353
51.34875	11.42160
51.34793	11.41930
51.34748	11.41933
51.34687	11.41938
51.34670	11.41939
51.34623	11.41863
51.34524	11.41666
51.34501	11.41620
51.34357	11.41730
51.34431	11.42202
51.34401	11.42733
51.34462	11.43007
51.34423	11.43157
51.34404	11.43186
51.34287	11.43369
51.34298	11.43455
51.34321	11.43622
51.34370	11.43990
51.34377	11.44036
51.34318	11.44085
51.34248	11.44042
51.34104	11.43624
51.34139	11.43020
51.33929	11.42896
51.33929	11.42896
51.33893	11.42882
51.33697	11.42745
51.33594	11.42664
51.33621	11.42383
51.33623	11.42290
51.33604	11.42158
51.33568	11.41979
51.33558	11.41945
51.33539	11.41882
51.33529	11.41850
51.33395	11.41497
51.33368	11.41409
51.33336	11.41368
51.33296	11.41442
51.33226	11.41790
51.33215	11.41846
51.33186	11.41988
51.33160	11.42074
51.33086	11.42217
51.32993	11.42400
51.32941	11.42499
51.32714	11.42860
51.32658	11.42612
51.32654	11.42596
51.32634	11.42621
51.32630	11.42627
51.32620	11.42639
51.32561	11.42713
51.32556	11.42719
51.32545	11.42725
51.32480	11.42763
51.32400	11.42886
51.32328	11.43002
51.32262	11.43275
51.32209	11.43468
51.32124	11.43470
51.32043	11.43414
51.31980	11.43414
51.31882	11.43645
51.31829	11.43803
51.31784	11.44107
51.31777	11.44154
51.31760	11.44413
51.31728	11.44469
51.31716	11.44489
51.31682	11.44549
51.31649	11.44607
51.31618	11.44715
51.31555	11.44658
51.31402	11.44603
51.31263	11.44569
51.31212	11.44593
51.31200	11.44599
51.31422	11.45047
51.31342	11.45162
51.31301	11.45077
51.30891	11.45855
51.30865	11.45908
51.30785	11.46064
51.30777	11.46079
51.30770	11.46093
51.30765	11.46101
51.30696	11.46230
51.30608	11.46401
51.30581	11.46451
51.30543	11.46524
51.30505	11.46598
51.30475	11.46669
51.30460	11.46706
51.30326	11.46829
51.30125	11.47147
51.30005	11.47349
51.30000	11.47353
51.29911	11.47436
51.29862	11.47508
51.29745	11.47531
51.29611	11.47547
51.29673	11.47503
51.29736	11.47438
51.29772	11.47395
51.29692	11.47400
51.29619	11.47404
51.29525	11.47384
51.29485	11.47349
51.29485	11.47349
51.29406	11.47683
51.29383	11.47740
51.29283	11.47927
51.29095	11.48230
51.28879	11.48605
51.28616	11.49013
51.28407	11.49395
51.28205	11.49626
51.28143	11.49716
51.28100	11.49767
51.28075	11.49819
51.28036	11.49900
51.27993	11.50034
51.27865	11.50350
51.27822	11.50478
51.27800	11.50528
51.27790	11.50608
51.27770	11.51136
51.27758	11.51269
51.27773	11.51390
51.27722	11.51398
51.27618	11.51410
51.27647	11.51538
51.27662	11.51670
51.27629	11.51688
51.27605	11.51701
51.27591	11.51709
51.27602	11.51805
51.27609	11.51807
51.27629	11.51811
51.27694	11.51823
51.27731	11.51843
51.27876	11.51921
51.27929	11.51973
51.28045	11.52102
51.28135	11.52178
51.28194	11.52047
51.28357	11.52167
51.28465	11.52164
51.28680	11.52680
51.28549	11.52810
51.28412	11.52958
51.28345	11.53039
51.28352	11.53055
51.28371	11.53106
51.28265	11.53364
51.28226	11.53509
51.28226	11.53642
51.28224	11.53850
51.28216	11.53915
51.28163	11.53999
51.28102	11.54112
51.27993	11.54209
51.27904	11.54259
51.27898	11.54262
51.27837	11.54401
51.27793	11.54485
51.27740	11.54601
51.27661	11.54693
51.27555	11.54833
51.27498	11.54928
51.27468	11.55033
51.27464	11.55073
51.27470	11.55171
51.27481	11.55338
51.27494	11.55385
51.27509	11.55444
51.27554	11.55568
51.27573	11.55611
51.27604	11.55678
51.27626	11.55831
51.27704	11.55958
51.27751	11.56092
51.27858	11.56404
51.28069	11.56411
51.28106	11.56496
51.28172	11.56605
51.28255	11.56588
51.28337	11.56661
51.28400	11.56738
51.28464	11.56757
51.28569	11.56732
51.28660	11.56704
51.28737	11.56744
51.28819	11.56831
51.28854	11.56912
51.28879	11.56969
51.28916	11.57054
51.28965	11.57185
51.28981	11.57224
51.29055	11.57096
51.29137	11.56964
51.29148	11.56954
51.29286	11.56788
51.29364	11.56691
51.29438	11.56682
51.29661	11.56578
51.29727	11.56662
51.29758	11.56744
51.29778	11.56793
51.29784	11.56822
51.29821	11.57010
51.29833	11.57132
51.29843	11.57236
51.29852	11.57324
51.29885	11.57390
51.29917	11.57452
51.29990	11.57592
51.30089	11.57776
51.30055	11.58150
51.30575	11.58173
51.30646	11.58177
51.30611	11.58264
51.30594	11.58351
51.30593	11.58473
51.30606	11.58555
51.30613	11.58605
51.30543	11.58725
51.30466	11.58885
51.30421	11.59034
51.30366	11.59294
51.30281	11.59465
51.30236	11.59595
51.30219	11.59707
51.30558	11.59955
51.30826	11.60146
51.30998	11.60273
51.31168	11.60382
51.31540	11.60567
51.31563	11.60592
51.31586	11.60677
51.31592	11.60767
51.31580	11.60889
51.31544	11.61033
51.31549	11.61108
51.31630	11.61242
51.31669	11.61341
51.31696	11.61365
51.31917	11.61462
51.32045	11.61473
51.32052	11.61691
51.31922	11.61673
51.31837	11.61666
51.31725	11.61730
51.31699	11.61767
51.31692	11.61960
51.31578	11.61967
51.31561	11.62097
51.31810	11.62247
51.31982	11.62363
51.31709	11.63132
51.31568	11.63023
51.31432	11.63529
51.31264	11.63399
51.31190	11.63301
51.31140	11.63210
51.31004	11.63129
51.30598	11.62947
51.30569	11.63113
51.30521	11.63236
51.30423	11.63279
51.30405	11.63309
51.30376	11.63396
51.30346	11.63544
51.30331	11.63720
51.30304	11.63785
51.30236	11.63791
51.30164	11.63779
51.30086	11.63879
51.30025	11.63956
51.30135	11.64006
51.30112	11.64097
51.30000	11.64065
51.29985	11.64176
51.29927	11.64175
51.29896	11.64219
51.29866	11.64306
51.29865	11.64403
51.29901	11.64416
51.29894	11.64538
51.29856	11.64525
51.29790	11.64807
51.29633	11.64780
51.29628	11.64852
51.29622	11.64956
51.29602	11.64949
51.29421	11.64885
51.29408	11.64932
51.29391	11.64990
51.29245	11.64920
51.29099	11.65111
51.29175	11.65388
51.29053	11.65629
51.29021	11.65763
51.28964	11.65822
51.28802	11.65961
51.28648	11.66131
51.28568	11.66248
51.28486	11.66108
51.28452	11.66102
51.28399	11.66190
51.28370	11.66291
51.28362	11.66385
51.28381	11.66463
51.28445	11.66576
51.28564	11.66618
51.28603	11.66652
51.28618	11.66752
51.28612	11.66910
51.28601	11.66971
51.28568	11.66990
51.28471	11.66979
51.28256	11.66980
51.28126	11.66984
51.28048	11.67030
51.28087	11.67215
51.27954	11.67532
51.27938	11.67558
51.27922	11.67587
51.27637	11.67755
51.27674	11.67854
51.27699	11.68054
51.27709	11.68415
51.27695	11.68803
51.27653	11.68840
51.27636	11.68849
51.27514	11.68917
51.27465	11.68954
51.27512	11.69186
51.27043	11.69661
51.26681	11.70094
51.26696	11.70131
51.26802	11.70390
51.26930	11.70726
51.27011	11.70859
51.27089	11.70949
51.27128	11.71045
51.27166	11.71172
51.27373	11.72014
51.27607	11.73001
51.27850	11.74136
51.28003	11.74750
51.28088	11.75106
51.28115	11.75198
51.28230	11.75424
51.28244	11.75459
51.28260	11.75652
51.28283	11.75738
51.28352	11.75914
51.28340	11.75972
51.28102	11.76352
51.28051	11.76260
51.28007	11.76305
51.27952	11.76213
51.27916	11.76250
51.27962	11.76356
51.27718	11.76585
51.27681	11.76522
51.27655	11.76544
51.27733	11.76706
51.27711	11.76729
51.27679	11.76694
51.27634	11.76623
51.27615	11.76610
51.27580	11.76639
51.27557	11.76611
51.27512	11.76605
51.27485	11.76613
51.27459	11.76628
51.27397	11.76745
51.27356	11.76710
51.27375	11.76760
51.27434	11.76844
51.27426	11.76894
51.27430	11.76916
51.27517	11.77021
51.27366	11.77154
51.27304	11.77213
51.27216	11.77366
51.27009	11.77766
51.27055	11.77844
51.26989	11.77946
51.26994	11.78010
51.26980	11.78039
51.26905	11.78106
51.27015	11.78267
51.26891	11.78393
51.26909	11.78450
51.26856	11.78508
51.26785	11.78576
51.26775	11.78585
51.26754	11.78606
51.26770	11.78666
51.26738	11.78663
51.26297	11.78628
51.25980	11.78460
51.25754	11.79003
51.25743	11.79010
51.25613	11.79103
51.25500	11.78984
51.25458	11.78855
51.25335	11.78472
51.25097	11.78581
51.24965	11.78641
51.24937	11.78653
51.24807	11.78685
51.24846	11.79415
51.24799	11.79465
51.25105	11.79946
51.24881	11.80044
51.24729	11.80134
51.24685	11.80185
51.24659	11.80236
51.24650	11.80294
51.24643	11.80394
51.24621	11.80502
51.24622	11.80574
51.24665	11.80788
51.24675	11.80881
51.24536	11.80942
51.24528	11.81014
51.24561	11.81127
51.24607	11.81255
51.24662	11.81347
51.24717	11.81474
51.24788	11.81668
51.24810	11.81730
51.24838	11.81779
51.24871	11.81775
51.24914	11.81770
51.24934	11.81905
51.24805	11.81981
51.24810	11.82074
51.24825	11.82180
51.24690	11.82242
51.24510	11.82225
51.24233	11.82253
51.24218	11.82255
51.24124	11.82271
51.24057	11.82309
51.23989	11.82333
51.23922	11.82363
51.23864	11.82407
51.23845	11.82459
51.23838	11.82480
51.23834	11.82545
51.23917	11.82693
51.23989	11.82796
51.24040	11.82868
51.24470	11.83401
51.24634	11.83569
51.24789	11.83758
51.24738	11.83793
51.24119	11.84256
51.23758	11.84588
51.23715	11.84740
51.23676	11.84753
51.23648	11.84763
51.23648	11.84763
51.23552	11.85002
51.23552	11.85030
51.23587	11.85182
51.23607	11.85487
51.23653	11.85601
51.23700	11.85901
51.23810	11.85885
51.23951	11.86014
51.24052	11.86534
51.24290	11.87224
51.24414	11.87875
51.24437	11.88152
51.24472	11.88599
51.24181	11.88747
51.23857	11.88917
51.23863	11.89313
51.23474	11.89444
51.23491	11.89842
51.23468	11.89847
51.23453	11.89875
51.23482	11.91237
51.23504	11.91247
51.23524	11.91255
51.23567	11.91271
51.23616	11.92009
51.23556	11.92064
51.23562	11.92095
51.23570	11.92402
51.24007	11.92306
51.24065	11.92307
51.24154	11.92379
51.24242	11.92457
51.24636	11.92775
51.24707	11.92800
51.25016	11.92749
51.25103	11.92850
51.25538	11.92762
51.25570	11.92990
51.25879	11.92813
51.26426	11.92673
51.26695	11.92719
51.26941	11.92762
51.27004	11.92648
51.27016	11.92654
51.27076	11.92648
51.27095	11.92893
51.27195	11.94116
51.27021	11.96924
51.27590	11.97029
51.27624	11.97395
51.27515	11.97442
51.27567	11.98085
51.27425	11.98045
51.27425	11.98066
51.27426	11.98496
51.27779	11.98458
51.27860	11.99063
51.28091	11.98926
51.28109	11.99099
51.28155	11.99534
51.28201	11.99977
51.27976	12.00004
51.27788	11.99994
51.27722	11.99992
51.27774	12.00390
51.27809	12.00622
51.27874	12.00897
51.27969	12.01219
51.28097	12.01690
51.28318	12.02466
51.51118	12.02575
51.51099	12.02568
51.50941	12.02932
51.50527	12.02794
51.50397	12.02395
51.50347	12.02424
51.50317	12.02441
51.50310	12.02446
51.50354	12.02888
51.50320	12.02939
51.50238	12.03057
51.50243	12.03175
51.50230	12.03184
51.50214	12.03195
51.50216	12.03204
51.50264	12.03370
51.50120	12.03399
51.50089	12.03403
51.50054	12.03410
51.49985	12.03421
51.49737	12.03467
51.49630	12.04765
51.49536	12.04693
51.49436	12.04461
51.49408	12.04886
51.49407	12.04908
51.49350	12.05817
51.49333	12.05895
51.49344	12.05918
51.49281	12.06901
51.49312	12.07007
51.49695	12.06875
51.49758	12.07255
51.49570	12.07258
51.49765	12.08035
51.49802	12.08212
51.49242	12.08201
51.49208	12.08880
51.48743	12.08745
51.48526	12.08577
51.48662	12.07272
51.48379	12.07183
51.47914	12.07693
51.47955	12.07856
51.47876	12.08191
51.47738	12.08205
51.47726	12.08194
51.47675	12.08103
51.47590	12.08012
51.47581	12.07996
51.47524	12.07930
51.47643	12.07204
51.47550	12.07151
51.47545	12.06899
51.47609	12.05546
51.47617	12.05406
51.47621	12.05314
51.47256	12.05358
51.47067	12.05384
51.46688	12.05419
51.46511	12.05217
51.46404	12.05667
51.46351	12.05672
51.46036	12.05659
51.45843	12.05002
51.45878	12.04731
51.45923	12.04389
51.45772	12.04137
51.45764	12.04123
51.45534	12.04046
51.45228	12.04071
51.45015	12.04088
51.44911	12.04021
51.44743	12.03782
51.44607	12.03244
51.44422	12.03143
51.44219	12.03025
51.43712	12.03300
51.43742	12.02513
51.43494	12.02469
51.43428	12.02455
51.43178	12.02748
51.43075	12.02791
51.42955	12.02848
51.42898	12.02866
51.42835	12.02872
51.42805	12.02857
51.42783	12.02832
51.42715	12.02717
51.42682	12.02682
51.42633	12.02647
51.42581	12.02624
51.42517	12.02569
51.42264	12.02396
51.42052	12.02117
51.41819	12.01791
51.41780	12.01607
51.41759	12.01517
51.41753	12.01491
51.41703	12.01268
51.41583	12.01268
51.41551	12.01072
51.41328	12.00865
51.41320	12.00859
51.41307	12.00887
51.41275	12.00962
51.41271	12.00981
51.41267	12.01028
51.41282	12.01102
51.41298	12.01126
51.41327	12.01164
51.41339	12.01180
51.41338	12.01214
51.41326	12.01237
51.41301	12.01282
51.41270	12.01344
51.41258	12.01355
51.41209	12.01361
51.41175	12.01373
51.41153	12.01387
51.41136	12.01414
51.41121	12.01453
51.41092	12.01601
51.41090	12.01675
51.41090	12.01736
51.41081	12.01775
51.41068	12.01792
51.41053	12.01795
51.41022	12.01778
51.41001	12.01772
51.40982	12.01770
51.40965	12.01773
51.40952	12.01786
51.40938	12.01791
51.40855	12.01801
51.40811	12.01344
51.40572	12.01362
51.40474	12.01131
51.40369	12.01172
51.40380	12.00928
51.40285	12.00754
51.40406	12.00592
51.40614	12.00778
51.40660	12.00662
51.40782	12.00662
51.40815	12.00602
51.40754	11.99736
51.40559	11.99061
51.40586	11.98932
51.40663	11.98571
51.40790	11.98156
51.40772	11.98124
51.40766	11.98116
51.40742	11.98075
51.40653	11.98197
51.40639	11.98215
51.40423	11.98505
51.40403	11.98471
51.40307	11.98320
51.40575	11.97955
51.40589	11.97850
51.40595	11.97788
51.40594	11.97762
51.40597	11.97755
51.40607	11.97740
51.40619	11.97730
51.40655	11.97700
51.40695	11.97653
51.40716	11.97610
51.40737	11.97566
51.40750	11.97498
51.40755	11.97444
51.40761	11.97287
51.40766	11.97253
51.40774	11.97190
51.40805	11.97085
51.40832	11.97021
51.40907	11.96915
51.40920	11.96877
51.40933	11.96820
51.40946	11.96751
51.40962	11.96539
51.40965	11.96465
51.40960	11.96344
51.40940	11.96215
51.40899	11.96077
51.40763	11.95794
51.40700	11.95638
51.40684	11.95580
51.40681	11.95518
51.40684	11.95465
51.40698	11.95394
51.40705	11.95360
51.40748	11.95234
51.40785	11.95171
51.40815	11.95133
51.40858	11.95089
51.40901	11.95058
51.40957	11.95043
51.41029	11.95050
51.41097	11.95082
51.41164	11.95136
51.41207	11.95197
51.41236	11.95269
51.41248	11.95310
51.41271	11.95371
51.41303	11.95425
51.41327	11.95446
51.41353	11.95462
51.41390	11.95469
51.41423	11.95469
51.41499	11.95429
51.41560	11.95365
51.41585	11.95338
51.41627	11.95271
51.41640	11.95233
51.41645	11.95211
51.41649	11.95190
51.41651	11.95157
51.41648	11.95123
51.41624	11.95032
51.41589	11.94880
51.41555	11.94764
51.41507	11.94634
51.41494	11.94532
51.41499	11.94461
51.41515	11.94403
51.41535	11.94347
51.41590	11.94244
51.41634	11.94182
51.41649	11.94164
51.41668	11.94151
51.41717	11.94139
51.41736	11.94139
51.41754	11.94144
51.41771	11.94151
51.41814	11.94181
51.41846	11.94207
51.41885	11.94254
51.41907	11.94282
51.41924	11.94314
51.41949	11.94380
51.41974	11.94434
51.42008	11.94464
51.42033	11.94471
51.42071	11.94474
51.42101	11.94466
51.42152	11.94433
51.42207	11.94393
51.42236	11.94380
51.42266	11.94378
51.42298	11.94383
51.42328	11.94395
51.42357	11.94416
51.42381	11.94439
51.42427	11.94519
51.42471	11.94645
51.42476	11.94702
51.42474	11.94790
51.42473	11.94830
51.42464	11.94900
51.42454	11.94942
51.42433	11.94998
51.42382	11.95079
51.42347	11.95114
51.42322	11.95132
51.42277	11.95150
51.42240	11.95153
51.42190	11.95141
51.42160	11.95122
51.42138	11.95097
51.42096	11.95036
51.42024	11.94910
51.42003	11.94883
51.41958	11.94835
51.41936	11.94821
51.41913	11.94814
51.41888	11.94816
51.41858	11.94831
51.41794	11.94877
51.41777	11.94897
51.41764	11.94919
51.41751	11.94958
51.41746	11.94985
51.41743	11.95028
51.41749	11.95082
51.41766	11.95169
51.41773	11.95202
51.41775	11.95218
51.41791	11.95253
51.41826	11.95313
51.41882	11.95451
51.41904	11.95495
51.41923	11.95516
51.41945	11.95523
51.41995	11.95530
51.42038	11.95528
51.42124	11.95505
51.42153	11.95487
51.42267	11.95350
51.42317	11.95310
51.42359	11.95284
51.42399	11.95268
51.42449	11.95253
51.42501	11.95245
51.42598	11.95247
51.42639	11.95241
51.42729	11.95211
51.42766	11.95211
51.42805	11.95218
51.42862	11.95242
51.42960	11.95275
51.43047	11.95297
51.43104	11.95298
51.43182	11.95279
51.43201	11.95271
51.43256	11.95248
51.43269	11.95237
51.43299	11.95213
51.43349	11.95162
51.43379	11.95125
51.43405	11.95069
51.43411	11.95056
51.43436	11.94981
51.43456	11.94890
51.43468	11.94823
51.43470	11.94803
51.43498	11.94551
51.43502	11.94539
51.43561	11.94339
51.43688	11.93964
51.43732	11.93788
51.43764	11.93544
51.43773	11.93502
51.43800	11.93415
51.43846	11.93225
51.43895	11.93052
51.43921	11.92957
51.43944	11.92857
51.43953	11.92797
51.43956	11.92752
51.43953	11.92700
51.43946	11.92637
51.43908	11.92448
51.43901	11.92358
51.43901	11.92253
51.43906	11.92213
51.43917	11.92168
51.43948	11.92065
51.43980	11.91976
51.44037	11.91838
51.44064	11.91778
51.44124	11.91665
51.44161	11.91618
51.44202	11.91574
51.44245	11.91537
51.44302	11.91504
51.44340	11.91487
51.44383	11.91476
51.44449	11.91471
51.44514	11.91481
51.44580	11.91504
51.44640	11.91550
51.44676	11.91587
51.44736	11.91660
51.44786	11.91739
51.44844	11.91844
51.44952	11.92108
51.44992	11.92217
51.45010	11.92320
51.45030	11.92511
51.45029	11.92698
51.45038	11.92816
51.45057	11.92904
51.45081	11.92953
51.45140	11.93030
51.45206	11.93105
51.45227	11.93087
51.45235	11.93080
51.45570	11.92769
51.45595	11.92747
51.45609	11.92736
51.45714	11.92652
51.45688	11.92550
51.45680	11.92502
51.45668	11.92415
51.45983	11.92380
51.46124	11.92364
51.46081	11.91728
51.46236	11.91679
51.46312	11.91711
51.46337	11.91522
51.46345	11.91465
51.46467	11.91526
51.46454	11.91319
51.46446	11.91194
51.46443	11.91163
51.46383	11.90213
51.46370	11.90080
51.46365	11.90030
51.46350	11.89750
51.46320	11.89229
51.46292	11.88834
51.46476	11.88818
51.46572	11.88712
51.46872	11.88778
51.47168	11.88664
51.47560	11.88511
51.47501	11.88099
51.47646	11.88247
51.47653	11.88184
51.47863	11.86849
51.48268	11.86698
51.48276	11.86693
51.48295	11.86697
51.48305	11.86690
51.48323	11.86677
51.48306	11.86522
51.48708	11.86409
51.48707	11.86420
51.48664	11.86843
51.48701	11.87192
51.48722	11.87143
51.48912	11.86687
51.48877	11.86353
51.49264	11.86301
51.49209	11.86891
51.49160	11.87424
51.49111	11.87918
51.49156	11.87880
51.49193	11.87844
51.49196	11.87923
51.49763	11.87415
51.49797	11.87528
51.49801	11.87541
51.49805	11.87556
51.49952	11.87296
51.50040	11.87154
51.50087	11.87071
51.50168	11.86966
51.50302	11.86793
51.50336	11.86749
51.50394	11.86675
51.50516	11.86547
51.50524	11.86539
51.50730	11.86324
51.50900	11.86097
51.50954	11.86034
51.50965	11.86019
51.50999	11.85965
51.51185	11.85715
51.51352	11.85615
51.51510	11.86811
51.51538	11.87016
51.51620	11.87029
51.51680	11.87261
51.51763	11.87263
51.51895	11.87611
51.51897	11.87619
51.52214	11.87338
51.52223	11.87562
51.52300	11.87568
51.52311	11.87568
51.53047	11.87605
51.52992	11.87928
51.53435	11.87984
51.53471	11.87996
51.53522	11.88416
51.53531	11.88791
51.53522	11.89399
51.53511	11.89526
51.53493	11.89636
51.53481	11.89682
51.53398	11.89944
51.53362	11.90054
51.53299	11.90185
51.53189	11.90431
51.53081	11.90699
51.53027	11.90843
51.53005	11.90901
51.52970	11.90973
51.52925	11.91031
51.52799	11.91133
51.52624	11.91228
51.52537	11.91253
51.52498	11.91265
51.52481	11.91293
51.52440	11.91388
51.52413	11.91482
51.52407	11.91534
51.52405	11.91554
51.52414	11.91633
51.52428	11.91834
51.52518	11.92090
51.52583	11.92263
51.52603	11.92259
51.52866	11.92266
51.52958	11.92377
51.53025	11.92670
51.52997	11.92915
51.52994	11.92943
51.52946	11.93362
51.52870	11.93461
51.52909	11.93832
51.53019	11.93927
51.53091	11.94204
51.53143	11.94285
51.53155	11.94299
51.53162	11.94313
51.53256	11.94458
51.53171	11.94847
51.52949	11.94617
51.52574	11.94981
51.53204	11.95349
51.53264	11.95383
51.53367	11.95402
51.53494	11.95324
51.53573	11.95275
51.53606	11.95479
51.53619	11.95559
51.53621	11.95576
51.53650	11.95751
51.53682	11.95953
51.53704	11.96085
51.53890	11.96209
51.53916	11.96482
51.53831	11.96601
51.53897	11.97263
51.53897	11.98244
51.54029	11.98968
51.54032	11.99040
51.54011	11.99054
51.53959	11.99086
51.54350	12.00100
51.53889	12.00451
51.53955	12.00575
51.53820	12.01027
51.54320	12.01003
51.54335	12.01105
51.54327	12.01183
51.54324	12.01204
51.54303	12.01406
51.54032	12.01738
51.53670	12.01508
51.53647	12.01494
51.53627	12.01481
51.53197	12.01211
51.53230	12.01126
51.52860	12.00881
51.52824	12.01238
51.52637	12.01234
51.52627	12.02045
51.52627	12.02070
51.52621	12.02523
51.52251	12.02442
51.52230	12.02437
51.52162	12.02422
51.52147	12.02419
51.52096	12.02408
51.51565	12.02293
51.51494	12.02625
51.51359	12.02678
51.51128	12.02580
51.51118	12.02575
51.28318	12.02466
51.28381	12.02670
51.28334	12.02727
51.28299	12.02801
51.28526	12.03389
51.28543	12.03544
51.28617	12.04235
51.28620	12.04265
51.28666	12.04719
51.28633	12.05234
51.28701	12.05613
51.28850	12.05569
51.28878	12.05808
51.28787	12.06183
51.28737	12.06214
51.28670	12.06216
51.28595	12.06200
51.28584	12.06198
51.28561	12.06149
51.28551	12.06084
51.28549	12.05948
51.28538	12.05797
51.28519	12.05741
51.28469	12.05678
51.28329	12.05640
51.28284	12.05620
51.28247	12.05585
51.28211	12.05529
51.28178	12.05452
51.28115	12.05138
51.28082	12.05046
51.28055	12.04990
51.28009	12.04927
51.27956	12.04880
51.27886	12.04824
51.27796	12.04777
51.27774	12.04778
51.27743	12.04807
51.27725	12.04858
51.27675	12.05090
51.27649	12.05163
51.27609	12.05229
51.27561	12.05288
51.27521	12.05318
51.27481	12.05341
51.27454	12.05342
51.27273	12.05277
51.27229	12.05271
51.27206	12.05279
51.27158	12.05346
51.27132	12.05411
51.27128	12.05483
51.27134	12.05878
51.27126	12.05950
51.27109	12.05993
51.27087	12.06030
51.27046	12.06053
51.27011	12.06054
51.26965	12.06042
51.26916	12.05993
51.26783	12.05818
51.26709	12.05706
51.26682	12.05628
51.26666	12.05488
51.26637	12.05357
51.26614	12.05301
51.26590	12.05266
51.26534	12.05204
51.26472	12.05141
51.26449	12.05091
51.26425	12.05021
51.26367	12.04838
51.26323	12.04652
51.26303	12.04541
51.26283	12.04548
51.26248	12.04567
51.26099	12.04813
51.26005	12.05312
51.25690	12.05241
51.25359	12.05169
51.25277	12.05584
51.25202	12.06352
51.25185	12.06548
51.25104	12.06739
51.25108	12.06791
51.25064	12.06814
51.25015	12.06845
51.24918	12.07093
51.24904	12.07129
51.24902	12.07164
51.24894	12.07244
51.24891	12.07372
51.24896	12.07469
51.24914	12.07469
51.25222	12.07567
51.25293	12.07622
51.25310	12.07599
51.25343	12.07581
51.25454	12.07574
51.25614	12.07692
51.25776	12.07673
51.25934	12.08533
51.25978	12.08764
51.25989	12.08798
51.26010	12.08830
51.26168	12.09117
51.26147	12.09138
51.26059	12.09200
51.26128	12.10874
51.26118	12.10977
51.26098	12.11126
51.26135	12.11180
51.26518	12.11186
51.26742	12.11378
51.26840	12.11281
51.26905	12.13216
51.26915	12.13492
51.27026	12.14468
51.27522	12.14019
51.27522	12.14587
51.27909	12.14730
51.27877	12.15466
51.27744	12.15460
51.27583	12.16963
51.27634	12.17058
51.27634	12.17070
51.27639	12.17091
51.27715	12.17173
51.27715	12.17173
51.27949	12.17158
51.28052	12.17168
51.28091	12.17095
51.28140	12.17103
51.28230	12.17117
51.28559	12.17189
51.28564	12.16952
51.28667	12.16948
51.28811	12.16934
51.29092	12.16893
51.29352	12.16875
51.29349	12.16703
51.29320	12.16331
51.29212	12.15769
51.29297	12.15744
51.29480	12.15715
51.29583	12.15681
51.29681	12.15627
51.29833	12.15622
51.29980	12.15585
51.30000	12.15578
51.30127	12.15537
51.30164	12.15778
51.30217	12.15758
51.30475	12.15661
51.30758	12.15570
51.30769	12.15553
51.30801	12.15541
51.30993	12.15469
51.31183	12.15295
51.31263	12.15248
51.31330	12.15207
51.32008	12.14684
51.32087	12.15502
51.32040	12.15854
51.32087	12.16553
51.32547	12.16496
51.32808	12.17247
51.32748	12.17298
51.32778	12.17356
51.32770	12.17377
51.32715	12.17435
51.32795	12.17604
51.32809	12.17635
51.32822	12.17703
51.32825	12.17720
51.32813	12.17891
51.32813	12.18122
51.32822	12.18244
51.32838	12.18331
51.32881	12.18498
51.32935	12.18671
51.32945	12.18713
51.32992	12.18923
51.32994	12.18933
51.33047	12.19405
51.33118	12.19380
51.33152	12.19416
51.33241	12.19396
51.33302	12.19352
51.33526	12.19296
51.33543	12.19292
51.33763	12.19293
51.33955	12.19294
51.34011	12.19325
51.34018	12.19329
51.34098	12.19320
51.34103	12.19385
51.34275	12.19341
51.34275	12.19341
51.34309	12.19332
51.34304	12.19239
51.34639	12.19186
51.34689	12.19178
51.34703	12.19176
51.34734	12.19046
51.34715	12.18903
51.34817	12.18911
51.34845	12.18915
51.34847	12.19011
51.35382	12.19022
51.35430	12.19325
51.35448	12.19584
51.35551	12.19586
51.35588	12.19582
51.35619	12.19560
51.35696	12.19556
51.35781	12.19551
51.35803	12.19550
51.36045	12.19590
51.36045	12.19490
51.36013	12.19440
51.36074	12.19180
51.36110	12.19029
51.36148	12.19046
51.36420	12.19168
51.36424	12.19061
51.36389	12.19063
51.36298	12.19069
51.36210	12.18957
51.36212	12.18920
51.36224	12.18603
51.36453	12.18593
51.36441	12.18794
51.36727	12.18567
51.36795	12.18675
51.36834	12.18761
51.36856	12.18810
51.36872	12.18845
51.36922	12.18954
51.36954	12.19061
51.37009	12.19463
51.37040	12.19448
51.37049	12.19444
51.37072	12.19434
51.37007	12.18981
51.36940	12.18822
51.36926	12.18782
51.36900	12.18721
51.36853	12.18609
51.36708	12.18417
51.36824	12.18207
51.36869	12.18256
51.36928	12.18285
51.37004	12.18283
51.37049	12.18290
51.37071	12.18319
51.37099	12.18383
51.37112	12.18462
51.37157	12.18447
51.37143	12.18375
51.37132	12.18341
51.37120	12.18304
51.37048	12.18218
51.37066	12.18185
51.37077	12.18166
51.37093	12.18139
51.37210	12.18274
51.37273	12.18294
51.37350	12.18250
51.37363	12.18243
51.37368	12.18308
51.37371	12.18334
51.37372	12.18351
51.37381	12.18355
51.37404	12.18365
51.37426	12.18400
51.37422	12.18451
51.37408	12.18480
51.37355	12.18531
51.37319	12.18538
51.37324	12.18574
51.37350	12.18581
51.37409	12.18581
51.37468	12.18565
51.37476	12.18601
51.37484	12.18637
51.37503	12.18716
51.37540	12.18708
51.37563	12.18744
51.37569	12.18801
51.37572	12.18823
51.37577	12.18888
51.37559	12.18924
51.37527	12.18931
51.37549	12.18970
51.37607	12.18968
51.37626	12.18966
51.37658	12.18987
51.37691	12.18987
51.37716	12.18986
51.37765	12.19036
51.37792	12.19043
51.37823	12.19023
51.37860	12.19000
51.37867	12.18996
51.37873	12.18992
51.37896	12.18948
51.37895	12.18891
51.37877	12.18828
51.37856	12.18790
51.37836	12.18754
51.37804	12.18697
51.37800	12.18611
51.37822	12.18532
51.37822	12.18482
51.37801	12.18388
51.37799	12.18380
51.37790	12.18338
51.37605	12.18168
51.37546	12.18068
51.37514	12.17939
51.37518	12.17788
51.37553	12.17622
51.37592	12.17492
51.37684	12.17771
51.37738	12.17715
51.37772	12.17680
51.37840	12.17611
51.37930	12.17494
51.37947	12.17531
51.38052	12.17752
51.38090	12.17839
51.38137	12.17761
51.38182	12.17678
51.38218	12.17642
51.38262	12.17620
51.38307	12.17612
51.38374	12.17560
51.38339	12.17498
51.38287	12.17405
51.38265	12.17368
51.38333	12.17331
51.38382	12.17308
51.38385	12.17300
51.38409	12.17243
51.38512	12.17386
51.38538	12.17445
51.38552	12.17479
51.38594	12.17578
51.38630	12.17665
51.38649	12.17751
51.38659	12.18003
51.38878	12.17964
51.38884	12.18065
51.38668	12.18103
51.38753	12.18197
51.38758	12.18233
51.38770	12.18238
51.38907	12.18223
51.38911	12.18266
51.39010	12.18236
51.39005	12.18151
51.39000	12.18116
51.39001	12.18060
51.39035	12.17789
51.39044	12.17785
51.40000	12.17449
51.40113	12.17410
51.40117	12.17566
51.40113	12.17610
51.40090	12.17713
51.40010	12.17913
51.40051	12.17906
51.40065	12.17899
51.40258	12.17823
51.40661	12.17660
51.40669	12.17602
51.40759	12.17579
51.41024	12.17353
51.41024	12.17353
51.41038	12.17446
51.41034	12.17669
51.41035	12.17972
51.41031	12.18065
51.41068	12.18346
51.41433	12.18312
51.41444	12.18867
51.41390	12.18946
51.41533	12.19030
51.42127	12.19377
51.42157	12.19013
51.42147	12.18939
51.42104	12.18946
51.42109	12.18770
51.42076	12.18774
51.42070	12.18580
51.42523	12.18495
51.42604	12.18484
51.42912	12.18418
51.42988	12.18396
51.43015	12.18389
51.43035	12.18386
51.43061	12.18377
51.43069	12.18373
51.43274	12.17113
51.43241	12.17099
51.43227	12.17094
51.43189	12.17078
51.43356	12.16185
51.43363	12.16152
51.43457	12.15745
51.43465	12.15745
51.43484	12.15745
51.43991	12.15817
51.44053	12.15773
51.44290	12.15790
51.44331	12.15784
51.44374	12.15446
51.44518	12.15399
51.44558	12.15458
51.44525	12.15661
51.44538	12.15839
51.45111	12.15813
51.45210	12.15808
51.45230	12.15326
51.45750	12.15298
51.45859	12.15085
51.45959	12.14886
51.46309	12.14903
51.46288	12.15284
51.46505	12.15554
51.46488	12.15806
51.46598	12.15821
51.46575	12.16272
51.46602	12.16315
51.46755	12.16327
51.46727	12.16683
51.46721	12.16731
51.46770	12.16737
51.46762	12.16953
51.46816	12.16952
51.46813	12.17355
51.46965	12.17346
51.46980	12.17583
51.47186	12.17566
51.47195	12.17586
51.47209	12.17614
51.47222	12.17636
51.47231	12.17651
51.47451	12.17598
51.47456	12.17677
51.48101	12.17619
51.48231	12.17581
51.48320	12.18364
51.48353	12.18838
51.48367	12.18974
51.48386	12.19075
51.48395	12.19161
51.48413	12.19247
51.48420	12.19306
51.48424	12.19334
51.48427	12.19362
51.48441	12.19426
51.48446	12.19471
51.48450	12.19512
51.48476	12.20000
51.48489	12.20267
51.48521	12.20310
51.48817	12.20184
51.49045	12.20087
51.49053	12.20200
51.49078	12.20468
51.49120	12.20474
51.49183	12.20482
51.49190	12.20503
51.49370	12.20500
51.49390	12.20420
51.49760	12.20445
51.49761	12.20720
51.49761	12.20761
51.49956	12.20726
51.50000	12.20725
51.50269	12.20723
51.50233	12.20166
51.50232	12.20152
51.50228	12.20094
51.50225	12.20068
51.50216	12.20000
51.50214	12.19983
51.50203	12.19889
51.50202	12.19827
51.50210	12.19773
51.50233	12.19729
51.50261	12.19703
51.50555	12.19703
51.50590	12.19703
51.50549	12.19183
51.50595	12.19099
51.50600	12.19088
51.50617	12.19080
51.50641	12.19067
51.50669	12.19053
51.50790	12.18992
51.50794	12.19019
51.50845	12.19328
51.51503	12.19427
51.51754	12.19465
51.51866	12.19242
51.51940	12.19110
51.51977	12.19048
51.51988	12.19037
51.52198	12.19097
51.52275	12.19106
51.52371	12.19111
51.52426	12.19092
51.52424	12.19042
51.52477	12.19030
51.52490	12.19207
51.52504	12.19235
51.52524	12.19253
51.52525	12.19368
51.52665	12.19340
51.53105	12.19287
51.53129	12.19479
51.53148	12.19634
51.53151	12.19656
51.53159	12.19721
51.53159	12.19721
51.53181	12.19782
51.53488	12.19722
51.53487	12.19580
51.53487	12.19568
51.53487	12.19538
51.53486	12.19399
51.53482	12.18973
51.53531	12.18606
51.53903	12.18244
51.54064	12.18085
51.54547	12.17413
51.54531	12.17325
51.54592	12.17271
51.54605	12.17260
51.54922	12.16975
51.54989	12.16911
51.56044	12.16930
51.56260	12.16987
51.56242	12.16622
51.56399	12.16574
51.57130	12.16475
51.57584	12.16496
51.57684	12.16475
51.58115	12.16394
51.58099	12.15547
51.58080	12.15349
51.58070	12.14791
51.58072	12.14186
51.58026	12.13728
51.58007	12.13631
51.57948	12.13507
51.58049	12.13493
51.58020	12.13129
51.57999	12.12853
51.57999	12.12756
51.57998	12.11963
51.58015	12.11767
51.58038	12.11723
51.58076	12.11650
51.58144	12.10218
51.58154	12.09978
51.58213	12.09102
51.58259	12.08280
51.58358	12.06957
51.58451	12.05665
51.58430	12.04579
51.58676	12.04301
51.58836	12.03974
51.58963	12.03919
51.58976	12.03152
51.59116	12.03128
51.59311	12.03111
51.59436	12.03100
51.59449	12.03100
51.59489	12.03455
51.59512	12.03656
51.59542	12.03971
51.59718	12.03938
51.59814	12.04509
51.60294	12.04382
51.60317	12.04377
51.60329	12.04197
51.61151	12.04373
51.61139	12.05012
51.61624	12.05066
51.61600	12.04922
51.61591	12.04807
51.61589	12.04620
51.61610	12.03977
51.61607	12.03447
51.61663	12.03430
51.61877	12.03354
51.61895	12.02990
51.61999	12.02995
51.61941	12.02694
51.62010	12.02693
51.62078	12.02699
51.62086	12.02853
51.62849	12.02767
51.62960	12.03043
51.63433	12.04196
51.63749	12.04233
51.63780	12.04218
51.63824	12.04145
51.63901	12.04180
51.64045	12.04198
51.64056	12.03967
51.64358	12.04019
51.64358	12.04019
51.64363	12.03708
51.64379	12.03419
51.64470	12.02544
51.64529	12.01372
51.64565	12.00656
51.64574	12.00451
51.64576	12.00402
51.64597	11.99840
51.64696	11.99325
51.64701	11.99134
51.64713	11.99013
51.64729	11.98875
51.64740	11.98633
51.64717	11.98619
51.64629	11.98562
51.64624	11.98036
51.64630	11.97859
51.64650	11.97707
51.64649	11.97498
51.64639	11.97347
51.64545	11.97366
51.64468	11.96984
51.64405	11.96754
51.64367	11.96666
51.64326	11.96567
51.64276	11.96409
51.64253	11.96196
51.64180	11.95663
51.64221	11.95252
51.64240	11.95107
51.64247	11.95053
51.64300	11.95067
51.64328	11.94944
51.64368	11.94828
51.64430	11.94741
51.64531	11.94631
51.64662	11.93523
51.64651	11.93478
51.64587	11.92385
51.64650	11.92310
51.64687	11.92151
51.64718	11.92006
51.64664	11.91862
51.64733	11.91555
51.64764	11.91342
51.64799	11.91233
51.64855	11.91167
51.64927	11.91217
51.65079	11.91057
51.65162	11.90937
51.65198	11.90849
51.65219	11.90799
51.65277	11.90694
51.65306	11.90582
51.65297	11.90445
51.65386	11.90263
51.65439	11.90129
51.65481	11.89948
51.65552	11.89803
51.65649	11.89784
51.65684	11.89690
51.65720	11.89516
51.65793	11.89425
51.65807	11.89416
51.65867	11.89374
51.65970	11.89323
51.66000	11.89283
51.65963	11.89196
51.66003	11.89030
51.66059	11.88914
51.66139	11.88776
51.66148	11.88766
51.66215	11.88689
51.66274	11.88655
51.66314	11.88547
51.66343	11.88543
51.66535	11.88556
51.66565	11.88537
51.66564	11.88516
51.66465	11.88318
51.66583	11.87967
51.66576	11.87945
51.66601	11.87902
51.66672	11.87811
51.66649	11.87747
51.66651	11.87645
51.66686	11.87587
51.66754	11.87401
51.66769	11.87351
51.66844	11.87259
51.67084	11.87036
51.67297	11.86814
51.67434	11.86660
51.67497	11.86589
51.67497	11.86589
51.67445	11.86518
51.67376	11.86479
51.67310	11.86441
51.67347	11.86353
51.67362	11.86317
51.67403	11.86360
51.67420	11.86276
51.67309	11.86183
51.67154	11.86040
51.67222	11.85794
51.67243	11.85723
51.67201	11.85702
51.67020	11.85598
51.67007	11.85660
51.66847	11.85573
51.66799	11.85762
51.66713	11.85706
51.66707	11.85742
51.66608	11.85677
51.66373	11.85527
51.66171	11.85348
51.66043	11.85280
51.66053	11.85092
51.66015	11.85083
51.65446	11.84934
51.65434	11.85443
51.65332	11.85433
51.64974	11.85396
51.65065	11.84875
51.65053	11.84260
51.65016	11.83752
51.65178	11.83852
51.65407	11.83637
51.65429	11.83611
51.65506	11.83669
51.65561	11.83466
51.65498	11.83416
51.65659	11.82930
51.65837	11.82347
51.65582	11.82266
51.65488	11.82167
51.65482	11.82160
51.65476	11.82153
51.65409	11.82083
51.65046	11.81648
51.64923	11.81877
51.64885	11.81895
51.64888	11.81194
51.64856	11.81198
51.64854	11.81145
51.64849	11.80891
51.64705	11.80899
51.64643	11.80560
51.64623	11.80560
51.64565	11.80412
51.64508	11.80235
51.64463	11.80200
51.64422	11.80167
51.64330	11.80038
51.64237	11.79916
51.64304	11.79735
51.64386	11.79463
51.64464	11.79199
51.64527	11.78598
51.64714	11.78557
51.64649	11.78208
51.64641	11.78145
51.64687	11.77598
51.64727	11.77356
51.64796	11.76665
51.64848	11.76563
51.64881	11.76498
51.64905	11.76414
51.64899	11.76374
51.64876	11.76313
51.64899	11.76300
51.64928	11.76284
51.65040	11.76308
51.65102	11.76149
51.65096	11.76057
51.65100	11.75894
51.65108	11.75727
51.65100	11.75649
51.65096	11.75613
51.64944	11.75492
51.64876	11.75369
51.64756	11.75171
51.64706	11.75063
51.64670	11.74977
51.64648	11.74887
51.64645	11.74876
51.64621	11.74763
51.64563	11.74642
51.64509	11.74574
51.64386	11.74508
51.64365	11.74496
51.64359	11.74502
51.64313	11.74486
51.64238	11.74499
51.64211	11.74499
51.64125	11.74543
51.64075	11.74586
51.63996	11.74682
51.63892	11.74882
51.63792	11.75093
51.63743	11.75162
51.63694	11.75209
51.63640	11.75235
51.63509	11.75240
51.63509	11.75240
51.63240	11.75126
51.63132	11.75127
51.62977	11.75143
51.62873	11.75136
51.62779	11.75119
51.62658	11.75066
51.62399	11.74934
51.62290	11.74885
51.62267	11.74874
51.62193	11.74856
51.62135	11.74850
51.62089	11.74856
51.62086	11.74883
51.62084	11.74900
51.62045	11.75216
51.61997	11.75516
51.61823	11.75832
51.61688	11.75753
51.61562	11.75408
51.61486	11.75358
51.61444	11.75332
51.61414	11.75409
51.61352	11.75587
51.61312	11.75725
51.61269	11.75903
51.61235	11.76018
51.61168	11.76170
51.61087	11.76280
51.61016	11.76342
51.60915	11.76365
51.60913	11.76325
51.60899	11.76010
51.61069	11.75678
51.60994	11.75156
51.60937	11.74867
51.60888	11.74601
51.60837	11.74365
51.60752	11.73971
51.60684	11.73498
51.60487	11.73391
51.60389	11.73366
51.60296	11.73306
51.60263	11.73283
51.60218	11.73240
51.60138	11.73208
51.60059	11.73209
51.59811	11.73195
51.59567	11.73186
51.59304	11.73114
51.59186	11.72962
51.59096	11.72651
51.59140	11.72628
51.59130	11.72580
51.59084	11.72369
51.59030	11.72145
51.58949	11.71915
51.58890	11.71767
51.58796	11.71591
51.58735	11.71440
51.58694	11.71288
51.58559	11.70945
51.58551	11.70925
51.58519	11.70947
51.58380	11.70612
51.58254	11.70603
51.58164	11.70539
51.57379	11.69958
51.57304	11.69897
51.57309	11.69803
51.57161	11.69688
51.57072	11.69577
51.56915	11.69386
51.56886	11.69361
51.56924	11.69162
51.57016	11.68565
51.56669	11.68710
51.56091	11.68807
51.56123	11.68993
51.56085	11.68995
51.55906	11.69011
51.55936	11.69406
51.55778	11.69344
51.55546	11.70136
51.55105	11.71006
51.54958	11.71296
51.54354	11.70887
51.54265	11.71313
51.54283	11.71798
51.54289	11.71978
51.54067	11.72135
51.53704	11.72233
51.53357	11.72217
51.53355	11.72456
51.53255	11.72453
51.53242	11.72590
51.52890	11.72584
51.52902	11.72368
51.52758	11.72411
51.52806	11.72099
51.52621	11.71996
51.52646	11.71898
51.52545	11.71833
51.52576	11.71751
51.52382	11.71608
51.52331	11.71463
51.52098	11.71484
51.51392	11.71373
51.51282	11.70502
51.50921	11.70471
51.50277	11.70416
51.50056	11.70575
51.49790	11.70908
51.49763	11.71130
51.49669	11.71559
51.49583	11.71765
51.49548	11.71844
51.49532	11.72023
51.49500	11.72156
51.49307	11.72376
51.49252	11.72497
51.49236	11.72689
51.49195	11.72795
51.49118	11.72840
51.49052	11.72899
51.48973	11.72865
51.48887	11.72725
51.48890	11.72671
51.48898	11.72491
51.48780	11.72624
51.48676	11.73063
51.48558	11.72940
51.48484	11.73056
51.48376	11.73461
51.48384	11.73622
51.48618	11.74015
51.48360	11.74278
51.48082	11.74454
51.48009	11.74407
51.47842	11.74300
51.47820	11.74304
51.47784	11.74285
51.47717	11.74295
51.47626	11.74424
51.47676	11.74500
51.47700	11.74536
51.47895	11.74823
51.47311	11.75697
51.47298	11.75719
51.47286	11.75725
51.47263	11.75757
51.47213	11.75813
51.47142	11.75896
51.46849	11.76219
51.46983	11.76474
51.46943	11.76564
51.46906	11.76647
51.46511	11.77258
51.46330	11.77403
51.46336	11.77544
51.46364	11.78130
51.46336	11.78086
51.46073	11.77679
51.45984	11.77158
51.45782	11.77163
51.45342	11.77351
51.45052	11.76781
51.44381	11.77110
51.44095	11.77248
51.44005	11.76688
51.44432	11.76601
51.44531	11.75958
51.44529	11.75759
51.44525	11.75555
51.44527	11.75203
51.44220	11.75240
51.44246	11.73889
51.44020	11.73918
51.43700	11.73947
51.43500	11.73955
51.43488	11.73958
51.43422	11.74073
51.43409	11.74099
51.43071	11.74261
51.43014	11.73972
51.42910	11.73302
51.42713	11.72451
51.42551	11.71663
51.42551	11.71663
51.42339	11.70209
51.42335	11.70100
51.42323	11.69775
51.42315	11.69556
51.42297	11.69071
51.42660	11.68903
51.42743	11.68711
51.43087	11.68505
51.43304	11.67571
51.43569	11.67259
51.43690	11.67354
51.43841	11.67382
51.43891	11.67391
51.43935	11.67453
51.44037	11.67537
51.44046	11.67609
51.44069	11.67637
51.44121	11.67765
51.44208	11.67747
51.44216	11.67723
51.44269	11.67580
51.44230	11.67317
51.44608	11.67152
51.44606	11.67293
51.44806	11.67086
51.44924	11.66960
51.44947	11.66934
51.45279	11.67040
51.45311	11.66991
51.45078	11.66505
51.44823	11.65294
51.44898	11.65165
51.45233	11.65106
51.45231	11.64878
51.45368	11.64695
51.45302	11.64553
51.45351	11.64480
51.45304	11.64411
51.45301	11.64171
51.45433	11.64439
51.45476	11.64419
51.45888	11.64217
51.45810	11.63927
51.46027	11.63589
51.45901	11.63221
51.46077	11.63260
51.46063	11.63178
51.45838	11.62166
51.45564	11.61302
51.45315	11.60534
51.44725	11.60541
51.44725	11.60389
51.44489	11.60382
51.44464	11.60008
51.44366	11.59995
51.44334	11.59826
51.44300	11.58090
51.44131	11.57633
51.44357	11.57532
51.44385	11.57671
51.44516	11.57601
51.44656	11.57652
51.44578	11.56971
51.44052	11.55144
51.44016	11.55078
51.43806	11.55077
51.43805	11.54756
51.43808	11.54498
51.43701	11.54485
51.43649	11.54293
51.43475	11.54608
51.43338	11.53903
51.43273	11.53687
51.43168	11.53534
51.43039	11.53357
51.43043	11.53430
51.42776	11.53420
51.42713	11.53344
51.42678	11.53193
51.42519	11.52518
51.42395	11.52433
51.41977	11.52435
51.41645	11.52750
51.41645	11.52381
51.41644	11.52042
51.41284	11.51402
51.41731	11.51015
51.41593	11.50628
51.41454	11.50495
