# GsakName=Schweinfurt
50.10164	10.07220
50.10254	10.07144
50.10307	10.07089
50.10376	10.07111
50.10416	10.07135
50.10441	10.07154
50.10449	10.07165
50.10506	10.07230
50.10541	10.07278
50.10612	10.07405
50.10528	10.07586
50.10514	10.07600
50.10485	10.07615
50.10537	10.08275
50.10539	10.08302
50.10492	10.08950
50.10490	10.09034
50.10498	10.09096
50.10513	10.09156
50.10532	10.09210
50.10562	10.09272
50.10601	10.09342
50.10626	10.09378
50.10644	10.09391
50.10670	10.09404
50.10695	10.09426
50.10815	10.09575
50.10908	10.09739
50.10997	10.09858
50.10931	10.09870
50.10945	10.09986
50.10911	10.10101
50.10969	10.10153
50.10941	10.10260
50.10920	10.10319
50.10953	10.10318
50.10981	10.10324
50.11035	10.10351
50.11006	10.10427
50.10993	10.10472
50.10978	10.10555
50.10963	10.10550
50.10927	10.10538
50.10830	10.10990
50.10740	10.10983
50.10746	10.11068
50.10654	10.11142
50.10659	10.11181
50.10661	10.11238
50.10656	10.11277
50.10642	10.11320
50.10506	10.11386
50.10491	10.11403
50.10489	10.11418
50.10498	10.11521
50.10591	10.11494
50.10675	10.11464
50.10701	10.11650
50.10722	10.11761
50.10727	10.11804
50.10727	10.11830
50.10745	10.11848
50.10795	10.11870
50.10782	10.11775
50.10829	10.11733
50.10867	10.11856
50.10874	10.11879
50.10836	10.11924
50.10881	10.12001
50.10920	10.11923
50.10921	10.11908
50.10913	10.11871
50.10848	10.11656
50.10897	10.11635
50.10876	10.11547
50.10916	10.11524
50.10930	10.11574
50.10950	10.11687
50.10961	10.11688
50.10961	10.11617
50.10958	10.11563
50.10949	10.11495
50.10948	10.11437
50.10954	10.11379
50.10949	10.11306
50.10928	10.11109
50.11111	10.11144
50.11085	10.11364
50.11108	10.11377
50.11097	10.11450
50.11090	10.11518
50.11068	10.11621
50.11033	10.11770
50.11006	10.11748
50.10963	10.11923
50.10956	10.11987
50.10947	10.12056
50.10935	10.12101
50.10889	10.12286
50.10850	10.12465
50.10836	10.12553
50.10826	10.12581
50.10816	10.12598
50.10805	10.12604
50.10767	10.12601
50.10734	10.12607
50.10701	10.12626
50.10665	10.12639
50.10639	10.12651
50.10621	10.12664
50.10581	10.12704
50.10544	10.12731
50.10498	10.12748
50.10396	10.12744
50.10366	10.12748
50.10352	10.12759
50.10354	10.12810
50.10374	10.12802
50.10396	10.12802
50.10511	10.12846
50.10500	10.12988
50.10552	10.13015
50.10658	10.12997
50.10661	10.12895
50.10724	10.12884
50.10725	10.12926
50.10776	10.12918
50.10815	10.12913
50.10940	10.12835
50.10943	10.12801
50.10991	10.12767
50.11039	10.13067
50.11041	10.13078
50.11172	10.13074
50.11186	10.13074
50.11302	10.13052
50.11380	10.13074
50.11374	10.13255
50.11466	10.13298
50.11445	10.13458
50.11437	10.13501
50.11496	10.13519
50.11475	10.13701
50.11440	10.13689
50.11387	10.13778
50.11424	10.13912
50.11441	10.13947
50.11458	10.13968
50.11486	10.13988
50.11556	10.13995
50.11586	10.14008
50.11640	10.14056
50.11730	10.14165
50.11773	10.14206
50.11796	10.14219
50.11814	10.14222
50.11823	10.14223
50.11848	10.14226
50.11867	10.14228
50.11924	10.14268
50.11952	10.14296
50.11981	10.14337
50.12001	10.14372
50.12039	10.14396
50.12070	10.14396
50.12122	10.14382
50.12173	10.14357
50.12199	10.14349
50.12211	10.14353
50.12248	10.14381
50.12329	10.14472
50.12360	10.14490
50.12409	10.14501
50.12434	10.14545
50.12475	10.14519
50.12526	10.14499
50.12551	10.14499
50.12572	10.14508
50.12614	10.14543
50.12667	10.14618
50.12685	10.14638
50.12763	10.14624
50.12836	10.14649
50.12850	10.14636
50.12905	10.14513
50.12923	10.14483
50.12980	10.14413
50.13010	10.14381
50.13045	10.14367
50.13243	10.14321
50.13256	10.14317
50.13270	10.14243
50.13280	10.14244
50.13291	10.14246
50.13310	10.14248
50.13446	10.14267
50.13414	10.14348
50.13393	10.14390
50.13367	10.14433
50.13328	10.14480
50.13379	10.14510
50.13390	10.14528
50.13512	10.14765
50.13685	10.14776
50.13783	10.14925
50.13806	10.15009
50.13808	10.15018
50.13827	10.15089
50.13860	10.15218
50.13986	10.15112
50.14020	10.15231
50.14061	10.15364
50.14214	10.15293
50.14325	10.15248
50.14387	10.15227
50.14527	10.15195
50.14628	10.15642
50.14516	10.15692
50.14517	10.15741
50.14505	10.16004
50.14506	10.16060
50.14522	10.16223
50.14548	10.16378
50.14567	10.16466
50.14586	10.16528
50.14659	10.16754
50.14740	10.16957
50.14847	10.17185
50.14958	10.17395
50.15052	10.17547
50.15142	10.17678
50.15379	10.17974
50.15338	10.18060
50.15332	10.18074
50.15313	10.18111
50.15293	10.18153
50.15209	10.18353
50.15138	10.18486
50.15113	10.18532
50.15104	10.18517
50.15079	10.18566
50.14924	10.18937
50.14956	10.19540
50.14962	10.19738
50.14948	10.19809
50.14945	10.19931
50.14941	10.19976
50.14935	10.20040
50.14930	10.20121
50.14932	10.20144
50.14936	10.20207
50.14959	10.20368
50.14963	10.20390
50.14978	10.20481
50.14981	10.20500
50.14981	10.20556
50.14959	10.20824
50.14975	10.20858
50.14960	10.21058
50.14957	10.21152
50.14984	10.21379
50.14944	10.21398
50.14960	10.21564
50.14972	10.21769
50.14987	10.21767
50.14997	10.21899
50.14950	10.21923
50.14941	10.22005
50.14932	10.22149
50.14868	10.22179
50.14732	10.22183
50.14694	10.22262
50.14669	10.22301
50.14660	10.22430
50.14675	10.22510
50.14627	10.22591
50.14609	10.22634
50.14800	10.22848
50.14823	10.22766
50.14928	10.22950
50.14958	10.22958
50.14969	10.22911
50.15078	10.22957
50.15084	10.23000
50.15122	10.23017
50.15154	10.23042
50.15271	10.23161
50.15312	10.23246
50.15376	10.23329
50.15402	10.23294
50.15502	10.23415
50.15519	10.23480
50.15566	10.23741
50.15571	10.23769
50.15567	10.23820
50.15557	10.23865
50.15548	10.23932
50.15506	10.24223
50.15481	10.24322
50.15451	10.24504
50.15434	10.24558
50.15433	10.24633
50.15424	10.24646
50.15404	10.24662
50.15384	10.24689
50.15324	10.24787
50.15299	10.24815
50.15224	10.24848
50.15214	10.24869
50.15208	10.24923
50.15243	10.24922
50.15267	10.24929
50.15282	10.24916
50.15293	10.24890
50.15313	10.24887
50.15352	10.24900
50.15392	10.24936
50.15431	10.24993
50.15457	10.25017
50.15479	10.25025
50.15523	10.25020
50.15545	10.25027
50.15583	10.25054
50.15711	10.25158
50.15695	10.25203
50.15653	10.25280
50.15609	10.25324
50.15525	10.25359
50.15483	10.25361
50.15362	10.25327
50.15351	10.25324
50.15286	10.25284
50.15227	10.25263
50.15218	10.25270
50.15203	10.25386
50.15185	10.25476
50.15098	10.25470
50.15074	10.25460
50.15010	10.25415
50.15026	10.25518
50.15024	10.25574
50.15016	10.25594
50.15000	10.25640
50.14954	10.25626
50.14953	10.25849
50.15022	10.25887
50.15024	10.25910
50.15053	10.25927
50.15150	10.25986
50.15148	10.26286
50.15153	10.26297
50.15178	10.26299
50.15185	10.26288
50.15183	10.26262
50.15193	10.26022
50.15201	10.25960
50.15213	10.25900
50.15388	10.25911
50.15384	10.25814
50.15456	10.25818
50.15500	10.25837
50.15543	10.25871
50.15568	10.25911
50.15624	10.26016
50.15482	10.26174
50.15351	10.26329
50.15203	10.26519
50.15172	10.26492
50.15073	10.26407
50.15024	10.26400
50.15004	10.26386
50.14886	10.26226
50.14749	10.26172
50.14726	10.26153
50.14656	10.26046
50.14512	10.25893
50.14463	10.25864
50.14427	10.25982
50.14463	10.26153
50.14537	10.26416
50.14541	10.26448
50.14542	10.26570
50.14513	10.26622
50.14515	10.26652
50.14563	10.26765
50.14648	10.26931
50.14718	10.27036
50.14810	10.27148
50.14901	10.27233
50.14998	10.27337
50.15013	10.27369
50.15031	10.27465
50.15037	10.27635
50.15090	10.27615
50.15140	10.27606
50.15177	10.27610
50.15227	10.27622
50.15341	10.27623
50.15382	10.27612
50.15419	10.27593
50.15475	10.27581
50.15530	10.27587
50.15573	10.27613
50.15618	10.27653
50.15613	10.28164
50.15611	10.28306
50.15615	10.28390
50.15627	10.28456
50.15607	10.28478
50.15614	10.28566
50.15636	10.28653
50.15663	10.28734
50.15747	10.28948
50.15738	10.29038
50.15939	10.29134
50.15913	10.29538
50.15866	10.29525
50.15860	10.29596
50.15850	10.29691
50.15836	10.29759
50.15951	10.29977
50.15977	10.30011
50.16073	10.30167
50.16109	10.30177
50.16133	10.30161
50.16152	10.30176
50.16181	10.30157
50.16193	10.30159
50.16200	10.30187
50.16175	10.30235
50.16080	10.30310
50.16076	10.30339
50.16073	10.30370
50.16024	10.30428
50.15909	10.30491
50.15859	10.30509
50.15787	10.30516
50.15700	10.30508
50.15596	10.30530
50.15543	10.30563
50.15477	10.30634
50.15438	10.30682
50.15423	10.30716
50.15395	10.30815
50.15302	10.31090
50.15298	10.31129
50.15318	10.31392
50.15315	10.31403
50.15304	10.31420
50.15269	10.31439
50.15246	10.31444
50.15245	10.31482
50.15230	10.31484
50.15211	10.31485
50.15183	10.31560
50.15049	10.31857
50.15035	10.31868
50.15010	10.31868
50.14901	10.31828
50.14879	10.31826
50.14865	10.31831
50.14828	10.31874
50.14815	10.31880
50.14779	10.31876
50.14762	10.31883
50.14699	10.31962
50.14672	10.32036
50.14636	10.32274
50.14632	10.32344
50.14632	10.32368
50.14630	10.32388
50.14629	10.32422
50.14634	10.32486
50.14640	10.32516
50.14654	10.32537
50.14676	10.32550
50.14744	10.32568
50.14808	10.32677
50.14837	10.32738
50.14860	10.32730
50.14915	10.32728
50.15144	10.32717
50.15199	10.32650
50.15274	10.32541
50.15292	10.32493
50.15302	10.32442
50.15307	10.32360
50.15322	10.32343
50.15378	10.32319
50.15430	10.32308
50.15483	10.32312
50.15615	10.32332
50.15759	10.32127
50.15779	10.32091
50.15823	10.32274
50.15899	10.32267
50.15927	10.32105
50.15985	10.32097
50.16000	10.32093
50.16027	10.32003
50.16060	10.31932
50.16136	10.31820
50.16141	10.31807
50.16134	10.31779
50.16141	10.31771
50.16187	10.31777
50.16205	10.31697
50.16234	10.31721
50.16263	10.31752
50.16389	10.31966
50.16401	10.31997
50.16411	10.32100
50.16429	10.32096
50.16489	10.32059
50.16555	10.32043
50.16762	10.32033
50.16831	10.32024
50.16924	10.31980
50.17102	10.31872
50.17214	10.31911
50.17173	10.32604
50.17161	10.32848
50.17110	10.33353
50.17112	10.33522
50.17083	10.33544
50.17128	10.33771
50.17249	10.33749
50.17260	10.33785
50.17277	10.33908
50.17287	10.34062
50.17382	10.34063
50.17403	10.34063
50.17425	10.34035
50.17620	10.34118
50.17694	10.34167
50.17728	10.34179
50.17763	10.34186
50.17810	10.34188
50.17895	10.34193
50.17927	10.34195
50.18028	10.34183
50.18149	10.34184
50.18168	10.34182
50.18167	10.34199
50.18185	10.34205
50.18181	10.34212
50.18178	10.34254
50.18187	10.34266
50.18205	10.34188
50.18306	10.34241
50.18342	10.34250
50.18394	10.34256
50.18462	10.34259
50.18741	10.34265
50.18756	10.34261
50.18759	10.34244
50.18778	10.33962
50.18812	10.33969
50.18835	10.33809
50.18984	10.33807
50.18990	10.33704
50.19137	10.33705
50.19248	10.33251
50.19402	10.33331
50.19470	10.33080
50.19685	10.33156
50.19705	10.33160
50.19905	10.33207
50.20077	10.33253
50.20112	10.33234
50.20109	10.33207
50.20122	10.33189
50.20138	10.33182
50.20198	10.33123
50.20210	10.33127
50.20239	10.33149
50.20285	10.33178
50.20349	10.33209
50.20389	10.33247
50.20381	10.33205
50.20395	10.33105
50.20397	10.33026
50.20399	10.32983
50.20399	10.32967
50.20397	10.32938
50.20436	10.32971
50.20538	10.33027
50.20606	10.33049
50.20620	10.33047
50.20651	10.33010
50.20718	10.32906
50.20758	10.32815
50.20784	10.32731
50.20808	10.32634
50.20838	10.32527
50.20882	10.32434
50.20943	10.32278
50.20972	10.32198
50.21030	10.32250
50.21127	10.32398
50.21129	10.32471
50.21128	10.32550
50.21131	10.32617
50.21090	10.32609
50.21101	10.32808
50.21040	10.32799
50.21061	10.32898
50.21021	10.33195
50.21018	10.33212
50.20997	10.33242
50.20924	10.33385
50.20958	10.33520
50.20965	10.33561
50.20962	10.33889
50.20962	10.33949
50.20964	10.34075
50.21026	10.34375
50.21043	10.34600
50.21132	10.34653
50.21229	10.34727
50.21307	10.34798
50.21385	10.34846
50.21530	10.34958
50.21580	10.35025
50.21617	10.35092
50.21647	10.35146
50.21722	10.35431
50.21741	10.35475
50.21765	10.35528
50.21776	10.35559
50.21800	10.35625
50.21879	10.35682
50.21900	10.35705
50.21907	10.35725
50.21904	10.35756
50.21948	10.35876
50.21948	10.35909
50.21960	10.35957
50.22048	10.36069
50.22125	10.36160
50.22165	10.36191
50.22188	10.36223
50.22265	10.36328
50.22378	10.36372
50.22595	10.36595
50.22589	10.36609
50.22594	10.36631
50.22822	10.36845
50.22868	10.36935
50.22907	10.37020
50.22922	10.37038
50.23015	10.37346
50.23025	10.37362
50.23182	10.37433
50.23136	10.37613
50.23099	10.37778
50.23094	10.37871
50.22973	10.37854
50.22935	10.38223
50.22933	10.38242
50.22933	10.38264
50.22934	10.38399
50.22864	10.38400
50.22866	10.38587
50.22854	10.38684
50.22844	10.38939
50.22848	10.39007
50.22854	10.39117
50.22551	10.39416
50.22539	10.39449
50.22501	10.39548
50.22460	10.39655
50.22446	10.39668
50.22279	10.39832
50.22272	10.39840
50.22265	10.39847
50.22252	10.39860
50.22257	10.39955
50.22271	10.40097
50.22281	10.40167
50.22273	10.40288
50.22290	10.40347
50.22325	10.40417
50.22381	10.40493
50.22409	10.40510
50.22462	10.40566
50.22463	10.40604
50.22465	10.40650
50.22454	10.40896
50.22440	10.40939
50.22443	10.41074
50.22455	10.41137
50.22473	10.41207
50.22429	10.41221
50.22368	10.41229
50.22288	10.41290
50.22203	10.41307
50.22095	10.41295
50.22070	10.41306
50.22050	10.41345
50.22040	10.41397
50.22039	10.41451
50.22062	10.41519
50.22176	10.41644
50.22188	10.41698
50.22179	10.41729
50.22189	10.41822
50.22217	10.41821
50.22322	10.42028
50.22318	10.42080
50.22431	10.42279
50.22417	10.42440
50.22371	10.42603
50.22347	10.42716
50.22334	10.42903
50.22306	10.43075
50.22135	10.43416
50.22130	10.43423
50.22088	10.43491
50.21989	10.43481
50.21937	10.43493
50.21774	10.43486
50.21695	10.43464
50.21611	10.43501
50.21411	10.43621
50.21361	10.43644
50.21293	10.43624
50.21261	10.43611
50.21235	10.43607
50.21185	10.43610
50.21148	10.43628
50.21172	10.43750
50.21077	10.43830
50.21088	10.43864
50.21112	10.43945
50.21069	10.43997
50.21038	10.43882
50.21034	10.43869
50.21001	10.43855
50.20961	10.43791
50.20944	10.43834
50.20893	10.43911
50.20870	10.44002
50.20861	10.44013
50.20850	10.44018
50.20811	10.44018
50.20766	10.44017
50.20736	10.44003
50.20721	10.44026
50.20700	10.44006
50.20659	10.43993
50.20653	10.44013
50.20620	10.43984
50.20595	10.44041
50.20525	10.44053
50.20501	10.44069
50.20465	10.44034
50.20413	10.44075
50.20346	10.44107
50.20132	10.44317
50.20095	10.44327
50.20088	10.44340
50.20061	10.44510
50.20002	10.44531
50.19991	10.44551
50.19952	10.44685
50.19973	10.44721
50.19971	10.44737
50.19951	10.44778
50.19930	10.44794
50.19908	10.44821
50.19814	10.45005
50.19794	10.45029
50.19757	10.45013
50.19667	10.45105
50.19648	10.45167
50.19588	10.44911
50.19568	10.44830
50.19462	10.44813
50.19437	10.44742
50.19311	10.44646
50.19270	10.44685
50.19208	10.44610
50.19199	10.44596
50.19020	10.44274
50.18669	10.43822
50.18482	10.43890
50.17956	10.43875
50.17935	10.44062
50.17758	10.44130
50.17666	10.44117
50.17581	10.44104
50.17562	10.44075
50.17564	10.44068
50.17546	10.44049
50.17527	10.43860
50.17415	10.43953
50.17352	10.43568
50.17317	10.43544
50.17318	10.43356
50.16899	10.43256
50.16855	10.42997
50.16678	10.43057
50.16624	10.42821
50.16340	10.42927
50.16317	10.42684
50.16211	10.42588
50.16139	10.42440
50.16135	10.42432
50.16126	10.42413
50.16123	10.42406
50.16119	10.42397
50.16097	10.42352
50.16041	10.42484
50.15968	10.42385
50.15698	10.42362
50.15653	10.42244
50.15526	10.42249
50.15457	10.42037
50.15409	10.41739
50.15334	10.41644
50.15329	10.41534
50.15177	10.41587
50.15123	10.41438
50.15043	10.41280
50.14943	10.41161
50.14857	10.41121
50.14731	10.41088
50.14707	10.40993
50.14591	10.40984
50.14552	10.40886
50.14563	10.40567
50.14558	10.40498
50.14484	10.40372
50.14277	10.40204
50.14137	10.40085
50.14130	10.39513
50.14140	10.39400
50.14147	10.39326
50.14026	10.39293
50.13866	10.39479
50.13855	10.39504
50.13829	10.39530
50.13764	10.39562
50.13746	10.39615
50.13730	10.39651
50.13666	10.39873
50.13643	10.39974
50.13647	10.40057
50.13638	10.40100
50.13624	10.40111
50.13493	10.40077
50.13445	10.40060
50.13303	10.40101
50.13243	10.40097
50.13112	10.40053
50.13051	10.40048
50.12985	10.40060
50.12941	10.40086
50.12742	10.40281
50.12733	10.40298
50.12756	10.40362
50.12717	10.40461
50.12695	10.40505
50.12655	10.40559
50.12580	10.40622
50.12499	10.40611
50.12434	10.40612
50.12378	10.40620
50.12262	10.40679
50.12245	10.40683
50.12235	10.40683
50.12201	10.40669
50.12181	10.40661
50.12110	10.40650
50.12070	10.40656
50.12009	10.40407
50.11988	10.40411
50.11948	10.40420
50.11897	10.40409
50.11742	10.40354
50.11598	10.40357
50.11560	10.40335
50.11494	10.40268
50.11427	10.40207
50.11373	10.40128
50.11349	10.40102
50.11329	10.40095
50.11215	10.40124
50.11157	10.39974
50.11154	10.39967
50.11148	10.39949
50.11143	10.39932
50.11140	10.39925
50.11100	10.39794
50.11021	10.39747
50.10946	10.39725
50.10891	10.39681
50.10872	10.39671
50.10787	10.39643
50.10757	10.39620
50.10783	10.39397
50.10782	10.39380
50.10766	10.39381
50.10496	10.39394
50.10506	10.39237
50.10489	10.38869
50.10485	10.38658
50.10306	10.38695
50.10292	10.38111
50.10269	10.37903
50.10212	10.37922
50.10053	10.37944
50.09954	10.37995
50.09915	10.38005
50.09818	10.37999
50.09801	10.37990
50.09786	10.37970
50.09770	10.37955
50.09702	10.37975
50.09675	10.37980
50.09612	10.37981
50.09477	10.37968
50.09422	10.37970
50.09405	10.37971
50.09390	10.37973
50.09360	10.37812
50.09343	10.37803
50.09331	10.37790
50.09314	10.37761
50.09297	10.37745
50.09282	10.37745
50.09265	10.37752
50.09239	10.37770
50.09160	10.37843
50.09116	10.37884
50.09089	10.37904
50.09073	10.37989
50.09048	10.38120
50.09024	10.38219
50.09001	10.38275
50.08986	10.38309
50.09027	10.38334
50.09081	10.38335
50.09105	10.38344
50.09125	10.38362
50.09144	10.38391
50.09160	10.38398
50.09163	10.38461
50.09163	10.38530
50.09166	10.38575
50.09175	10.38651
50.09190	10.38737
50.09193	10.38786
50.09188	10.38831
50.09167	10.38948
50.09167	10.38993
50.09179	10.39114
50.09182	10.39177
50.09194	10.39310
50.09198	10.39541
50.09185	10.39649
50.09171	10.39687
50.09163	10.39701
50.09126	10.39735
50.09106	10.39746
50.09051	10.39756
50.08973	10.39761
50.08949	10.39759
50.08891	10.39741
50.08883	10.39741
50.08835	10.39737
50.08810	10.39735
50.08814	10.39796
50.08822	10.39912
50.08838	10.40029
50.08851	10.40087
50.08852	10.40119
50.08847	10.40141
50.08824	10.40168
50.08807	10.40196
50.08799	10.40220
50.08792	10.40261
50.08782	10.40277
50.08716	10.40293
50.08687	10.40309
50.08659	10.40336
50.08623	10.40404
50.08560	10.40442
50.08536	10.40454
50.08562	10.40517
50.08587	10.40573
50.08599	10.40633
50.08609	10.40703
50.08567	10.40716
50.08563	10.40730
50.08568	10.40775
50.08580	10.40837
50.08581	10.40914
50.08586	10.40934
50.08618	10.40985
50.08664	10.41041
50.08695	10.41100
50.08717	10.41151
50.08732	10.41221
50.08752	10.41286
50.08761	10.41330
50.08691	10.41358
50.08669	10.41374
50.08641	10.41401
50.08652	10.41423
50.08625	10.41448
50.08605	10.41475
50.08591	10.41500
50.08626	10.41547
50.08593	10.41577
50.08539	10.41638
50.08496	10.41674
50.08476	10.41703
50.08407	10.41861
50.08404	10.41904
50.08407	10.41962
50.08427	10.42052
50.08443	10.42106
50.08443	10.42135
50.08429	10.42202
50.08408	10.42308
50.08388	10.42389
50.08380	10.42448
50.08354	10.42560
50.08329	10.42747
50.08329	10.42768
50.08329	10.42799
50.08333	10.42850
50.08329	10.42891
50.08316	10.42938
50.08253	10.42995
50.08225	10.43046
50.08214	10.43082
50.08203	10.43105
50.08136	10.43139
50.08110	10.43142
50.08090	10.43144
50.08066	10.43153
50.08031	10.43194
50.07929	10.43329
50.07912	10.43307
50.07878	10.43229
50.07858	10.43204
50.07834	10.43173
50.07806	10.43234
50.07749	10.43171
50.07720	10.43145
50.07683	10.43124
50.07673	10.43172
50.07643	10.43273
50.07627	10.43309
50.07607	10.43318
50.07586	10.43274
50.07543	10.43164
50.07528	10.43139
50.07519	10.43103
50.07509	10.43032
50.07493	10.42960
50.07458	10.42864
50.07411	10.42709
50.07359	10.42566
50.07330	10.42496
50.07314	10.42435
50.07299	10.42411
50.07278	10.42400
50.07205	10.42391
50.07145	10.42403
50.07169	10.42344
50.07214	10.42360
50.07223	10.42360
50.07225	10.42348
50.07220	10.42333
50.07224	10.42324
50.07254	10.42339
50.07274	10.42326
50.07292	10.42319
50.07303	10.42321
50.07335	10.42339
50.07357	10.42323
50.07367	10.42320
50.07400	10.42340
50.07398	10.42313
50.07382	10.42258
50.07374	10.42213
50.07369	10.42165
50.07353	10.42116
50.07339	10.42087
50.07305	10.42054
50.07247	10.42016
50.07218	10.42099
50.07173	10.42064
50.07147	10.42050
50.07119	10.42044
50.07093	10.42028
50.07078	10.42022
50.07057	10.42002
50.07051	10.41975
50.07045	10.41916
50.07036	10.41894
50.06993	10.41847
50.06967	10.41832
50.06938	10.41834
50.06902	10.41787
50.06851	10.41729
50.06611	10.41632
50.06620	10.41592
50.06625	10.41547
50.06626	10.41464
50.06633	10.41313
50.06644	10.41169
50.06653	10.41115
50.06667	10.41055
50.06687	10.40944
50.06692	10.40897
50.06678	10.40866
50.06589	10.40723
50.06550	10.40647
50.06550	10.40609
50.06540	10.40577
50.06527	10.40553
50.06517	10.40526
50.06509	10.40487
50.06489	10.40450
50.06466	10.40415
50.06432	10.40367
50.06411	10.40347
50.06324	10.40374
50.06281	10.40393
50.06217	10.40429
50.06174	10.40445
50.06159	10.40461
50.06143	10.40479
50.06069	10.40601
50.06048	10.40626
50.06032	10.40631
50.05989	10.40624
50.05976	10.40629
50.05961	10.40647
50.05942	10.40678
50.05915	10.40710
50.05892	10.40724
50.05874	10.40730
50.05871	10.40769
50.05855	10.40785
50.05841	10.40759
50.05791	10.40729
50.05776	10.40738
50.05568	10.40614
50.05561	10.40587
50.05463	10.40552
50.05432	10.40545
50.05406	10.40545
50.05384	10.40539
50.05318	10.40481
50.05245	10.40446
50.05227	10.40435
50.05201	10.40433
50.05170	10.40404
50.05167	10.40379
50.05100	10.40297
50.05009	10.40217
50.04999	10.40210
50.04975	10.40194
50.04800	10.40007
50.04755	10.39960
50.04657	10.39898
50.04596	10.39849
50.04510	10.39789
50.04434	10.39736
50.04371	10.39696
50.04340	10.39681
50.04326	10.39681
50.04313	10.39692
50.04290	10.39699
50.04320	10.39636
50.04387	10.39523
50.04439	10.39419
50.04485	10.39293
50.04466	10.39240
50.04445	10.39206
50.04433	10.39163
50.04427	10.39150
50.04423	10.39142
50.04395	10.39074
50.04369	10.39047
50.04400	10.38917
50.04410	10.38847
50.04431	10.38618
50.04445	10.38494
50.04468	10.38335
50.04362	10.38311
50.04359	10.38188
50.04357	10.38172
50.04347	10.38075
50.04415	10.38095
50.04481	10.38106
50.04473	10.38171
50.04473	10.38256
50.04476	10.38306
50.04490	10.38350
50.04505	10.38364
50.04552	10.38368
50.04622	10.38358
50.04671	10.38344
50.04681	10.38333
50.04691	10.38263
50.04692	10.38225
50.04678	10.38120
50.04649	10.38102
50.04620	10.38071
50.04573	10.38011
50.04516	10.37973
50.04547	10.37791
50.04547	10.37735
50.04538	10.37694
50.04516	10.37645
50.04377	10.37624
50.04370	10.37678
50.04350	10.37792
50.04351	10.37849
50.04339	10.37846
50.04324	10.37838
50.04312	10.37831
50.04247	10.37787
50.04223	10.37771
50.04248	10.37706
50.04082	10.37559
50.04149	10.37415
50.04013	10.37162
50.04007	10.37151
50.03962	10.37053
50.03889	10.37186
50.03676	10.37529
50.03613	10.37377
50.03493	10.37530
50.03363	10.37686
50.03336	10.37729
50.03367	10.37807
50.03322	10.37857
50.03300	10.37868
50.03244	10.37907
50.03197	10.37948
50.03171	10.37964
50.03046	10.38001
50.03035	10.37990
50.02976	10.37894
50.02989	10.37844
50.03000	10.37786
50.03070	10.37783
50.03084	10.37778
50.03110	10.37737
50.03130	10.37717
50.03182	10.37690
50.03200	10.37676
50.03291	10.37586
50.03272	10.37528
50.03245	10.37458
50.03220	10.37416
50.03149	10.37318
50.03094	10.37323
50.03034	10.37366
50.03018	10.37373
50.02996	10.37366
50.02973	10.37350
50.02944	10.37317
50.02866	10.37203
50.02769	10.37038
50.02759	10.37036
50.02722	10.37047
50.02629	10.37102
50.02671	10.36720
50.02588	10.36734
50.02561	10.36636
50.02544	10.36589
50.02494	10.36459
50.02475	10.36401
50.02456	10.36318
50.02429	10.36246
50.02421	10.36159
50.02421	10.36083
50.02432	10.36011
50.02479	10.35801
50.02502	10.35723
50.02582	10.35653
50.02695	10.35554
50.02739	10.35516
50.02853	10.35798
50.02928	10.35686
50.02939	10.35670
50.02948	10.35654
50.02936	10.35636
50.03040	10.35619
50.03104	10.35879
50.03243	10.35822
50.03190	10.35607
50.03457	10.35569
50.03472	10.35409
50.03483	10.35113
50.03493	10.35099
50.03469	10.34177
50.03443	10.34184
50.03424	10.34188
50.03301	10.34187
50.03226	10.34191
50.03142	10.34195
50.03139	10.34056
50.03002	10.33968
50.02996	10.33945
50.02997	10.33923
50.03105	10.33630
50.03122	10.33585
50.03190	10.33629
50.03242	10.33597
50.03240	10.33584
50.03242	10.33535
50.03247	10.33517
50.03276	10.33489
50.03317	10.33445
50.03326	10.33435
50.03355	10.33403
50.03323	10.33341
50.03303	10.33337
50.03278	10.33265
50.03242	10.33203
50.03208	10.33153
50.03201	10.33104
50.03191	10.32962
50.03189	10.32868
50.03142	10.32691
50.03127	10.32534
50.03127	10.32462
50.03063	10.32227
50.03058	10.32207
50.03052	10.32190
50.03026	10.32136
50.03001	10.32092
50.02826	10.31821
50.02260	10.24473
50.02265	10.24449
50.02236	10.24346
50.02233	10.24321
50.02199	10.24225
50.02115	10.24042
50.02069	10.23874
50.02082	10.23850
50.02099	10.23820
50.02101	10.23807
50.02108	10.23798
50.02115	10.23797
50.02252	10.23798
50.02278	10.23796
50.02297	10.23806
50.02321	10.23819
50.02371	10.23855
50.02428	10.23862
50.02438	10.23867
50.02448	10.23880
50.02454	10.23886
50.02459	10.23891
50.02470	10.23902
50.02500	10.23944
50.02511	10.23951
50.02545	10.23956
50.02556	10.23960
50.02578	10.23971
50.02779	10.24130
50.02863	10.24197
50.03059	10.24351
50.03143	10.24341
50.03173	10.24340
50.03232	10.24299
50.03275	10.24312
50.03298	10.24348
50.03405	10.24245
50.03455	10.24202
50.03471	10.24190
50.03512	10.24167
50.03541	10.24199
50.03564	10.24216
50.03587	10.24220
50.03611	10.24218
50.03646	10.24197
50.03685	10.24165
50.03712	10.24136
50.03735	10.24117
50.03761	10.24110
50.03799	10.24117
50.03852	10.24147
50.03874	10.24140
50.03865	10.23994
50.03871	10.23958
50.03881	10.23961
50.03894	10.23966
50.03895	10.23982
50.03911	10.24002
50.03926	10.24028
50.03970	10.24101
50.04035	10.24203
50.04090	10.24306
50.04145	10.24366
50.04238	10.24459
50.04294	10.24492
50.04345	10.24577
50.04366	10.24612
50.04338	10.24676
50.04354	10.24860
50.04404	10.24901
50.04431	10.24901
50.04484	10.24921
50.04489	10.24934
50.04519	10.24929
50.04544	10.24947
50.04568	10.24976
50.04587	10.25014
50.04625	10.25161
50.04650	10.25208
50.04738	10.25217
50.04775	10.25285
50.04805	10.25327
50.04852	10.25340
50.04898	10.25438
50.05002	10.25635
50.05011	10.25650
50.05176	10.26141
50.05227	10.26296
50.05257	10.26367
50.05282	10.26403
50.05297	10.26450
50.05366	10.26550
50.05382	10.26591
50.05450	10.26722
50.05483	10.26861
50.05507	10.27021
50.05532	10.27193
50.05552	10.27183
50.05568	10.27179
50.05591	10.27222
50.05654	10.27380
50.05673	10.27425
50.05702	10.27493
50.05720	10.27508
50.05854	10.27446
50.05851	10.27135
50.05830	10.26947
50.05723	10.26382
50.05688	10.26252
50.05618	10.26073
50.05631	10.26060
50.05641	10.26051
50.05730	10.25963
50.05782	10.25973
50.05831	10.25863
50.05994	10.26102
50.06026	10.26110
50.06058	10.26094
50.06083	10.26071
50.06101	10.26078
50.06120	10.26102
50.06154	10.26194
50.06213	10.26531
50.06344	10.26745
50.06435	10.26681
50.06465	10.26682
50.06506	10.26691
50.06523	10.26706
50.06560	10.26760
50.06596	10.26814
50.06622	10.26827
50.06645	10.26811
50.06673	10.26756
50.06686	10.26709
50.06734	10.26537
50.06742	10.26479
50.06743	10.26362
50.06741	10.26211
50.06753	10.26198
50.06776	10.26198
50.06961	10.26276
50.06984	10.26258
50.07009	10.26242
50.07119	10.26168
50.07144	10.26146
50.07173	10.26141
50.07272	10.26155
50.07305	10.26166
50.07366	10.26194
50.07402	10.26205
50.07443	10.26193
50.07488	10.26164
50.07515	10.26132
50.07546	10.26075
50.07606	10.25957
50.07668	10.25970
50.07747	10.25970
50.07846	10.25959
50.07878	10.25972
50.07908	10.25999
50.07951	10.26060
50.08002	10.26146
50.08062	10.26221
50.08095	10.26225
50.08114	10.26195
50.08138	10.26188
50.08173	10.26188
50.08197	10.26194
50.08225	10.26296
50.08283	10.26277
50.08361	10.26274
50.08375	10.26247
50.08457	10.26066
50.08527	10.25853
50.08580	10.25751
50.08625	10.25747
50.08642	10.25714
50.08647	10.25702
50.08653	10.25690
50.08705	10.25574
50.08722	10.25539
50.08795	10.25461
50.08770	10.25356
50.08742	10.25278
50.08664	10.25164
50.08655	10.24996
50.08464	10.24996
50.08394	10.24924
50.08378	10.24902
50.08322	10.24817
50.08284	10.24773
50.08220	10.24776
50.08191	10.24767
50.08096	10.24716
50.08037	10.24701
50.07966	10.24705
50.07917	10.24712
50.07823	10.24771
50.07737	10.24904
50.07735	10.24879
50.07729	10.24836
50.07720	10.24809
50.07721	10.24790
50.07711	10.24741
50.07705	10.24677
50.07778	10.24291
50.07805	10.24246
50.07828	10.24167
50.07831	10.24102
50.07828	10.24034
50.07825	10.23978
50.07820	10.23908
50.07838	10.23867
50.07873	10.23784
50.07900	10.23779
50.07933	10.23776
50.08094	10.23844
50.08187	10.23856
50.08288	10.23823
50.08330	10.23821
50.08408	10.23851
50.08453	10.23877
50.08527	10.23852
50.08573	10.23840
50.08792	10.23652
50.08816	10.23603
50.08835	10.23566
50.08861	10.23570
50.08888	10.23584
50.08911	10.23608
50.08939	10.23645
50.08984	10.23719
50.09012	10.23758
50.09045	10.23804
50.09061	10.23819
50.09080	10.23830
50.09112	10.23832
50.09143	10.23829
50.09177	10.23820
50.09248	10.23787
50.09243	10.23750
50.09236	10.23632
50.09288	10.23571
50.09366	10.23530
50.09430	10.23512
50.09469	10.23487
50.09474	10.23379
50.09398	10.23358
50.09327	10.23345
50.09285	10.23149
50.09239	10.22859
50.09292	10.22607
50.09283	10.22578
50.09213	10.22522
50.09195	10.22477
50.09188	10.22406
50.09202	10.22342
50.09232	10.22261
50.09178	10.22172
50.09160	10.22167
50.09143	10.22179
50.09067	10.22252
50.09035	10.22275
50.09012	10.22273
50.08987	10.22242
50.08967	10.22186
50.08943	10.22159
50.08924	10.22157
50.08897	10.22162
50.08865	10.22185
50.08824	10.22237
50.08799	10.22240
50.08764	10.22220
50.08752	10.22213
50.08643	10.22154
50.08623	10.22291
50.08579	10.22596
50.08624	10.22981
50.08615	10.22982
50.08387	10.22785
50.08340	10.22659
50.08290	10.22590
50.08270	10.22568
50.08246	10.22587
50.08206	10.22594
50.08184	10.22606
50.08101	10.22654
50.08041	10.22680
50.07976	10.22683
50.07949	10.22688
50.07907	10.22740
50.07859	10.22801
50.07807	10.22836
50.07755	10.22857
50.07727	10.22854
50.07654	10.22846
50.07553	10.22812
50.07444	10.22790
50.07395	10.22752
50.07308	10.22697
50.07088	10.22778
50.06970	10.22825
50.06930	10.22790
50.06918	10.22781
50.06839	10.22686
50.06801	10.22641
50.06779	10.22614
50.06716	10.22595
50.06704	10.22592
50.06705	10.22628
50.06689	10.22635
50.06683	10.22598
50.06665	10.22574
50.06615	10.22562
50.06585	10.22506
50.06581	10.22449
50.06579	10.22415
50.06582	10.22282
50.06695	10.21786
50.06735	10.21649
50.06741	10.21628
50.06758	10.21549
50.06790	10.21400
50.06827	10.21266
50.06839	10.21223
50.06851	10.21154
50.06866	10.21073
50.06883	10.21033
50.06959	10.20933
50.07015	10.20871
50.07041	10.20851
50.07072	10.20832
50.07107	10.20791
50.07141	10.20729
50.07150	10.20711
50.07169	10.20683
50.07274	10.20528
50.07146	10.20339
50.07143	10.20323
50.07108	10.20068
50.07029	10.20100
50.06960	10.19504
50.06943	10.19502
50.06749	10.19487
50.06444	10.19484
50.06269	10.19482
50.06243	10.19487
50.06238	10.19296
50.06244	10.19277
50.06240	10.19239
50.06228	10.19186
50.06167	10.19170
50.06066	10.19144
50.05905	10.19018
50.05830	10.18955
50.05823	10.18952
50.05813	10.18946
50.05797	10.18939
50.05776	10.18922
50.05769	10.18914
50.05757	10.18907
50.05744	10.18900
50.05704	10.18877
50.05654	10.18829
50.05567	10.18969
50.05549	10.18970
50.05541	10.18969
50.05533	10.18970
50.05529	10.18936
50.05433	10.18760
50.05422	10.18711
50.05422	10.18668
50.05445	10.18596
50.05604	10.18278
50.05627	10.18179
50.05645	10.18104
50.05648	10.18050
50.05643	10.18027
50.05636	10.18009
50.05623	10.18021
50.05509	10.17984
50.05477	10.17984
50.05458	10.17985
50.05384	10.17953
50.05355	10.17933
50.05340	10.17922
50.05318	10.17933
50.05308	10.17965
50.05298	10.18102
50.05293	10.18138
50.05213	10.18205
50.04917	10.18456
50.04737	10.18611
50.04562	10.18753
50.04505	10.18798
50.04500	10.18805
50.04349	10.18944
50.04344	10.18738
50.04336	10.18737
50.04326	10.18739
50.04249	10.18753
50.04191	10.18713
50.04310	10.18924
50.04304	10.18933
50.04298	10.18944
50.04289	10.18930
50.04286	10.18922
50.04222	10.18800
50.04190	10.18739
50.04178	10.18704
50.04175	10.18643
50.04156	10.18538
50.04147	10.18476
50.04144	10.18429
50.04159	10.18235
50.04180	10.18060
50.04182	10.18022
50.04179	10.17995
50.04167	10.17950
50.04148	10.17923
50.04080	10.17875
50.04006	10.17841
50.03893	10.17690
50.03868	10.17661
50.03838	10.17657
50.03812	10.17649
50.03723	10.17616
50.03677	10.17590
50.03652	10.17573
50.03597	10.17472
50.03591	10.17461
50.03580	10.17439
50.03538	10.17334
50.03524	10.17323
50.03505	10.17319
50.03473	10.17324
50.03456	10.17320
50.03424	10.17296
50.03404	10.17265
50.03294	10.17067
50.03267	10.17031
50.03240	10.17009
50.03208	10.16975
50.03202	10.16899
50.03182	10.16759
50.03102	10.16535
50.03028	10.16563
50.02990	10.16579
50.02933	10.16598
50.02889	10.16630
50.02835	10.16683
50.02817	10.16723
50.02801	10.16800
50.02751	10.17101
50.02730	10.17175
50.02709	10.17223
50.02646	10.17208
50.02561	10.17436
50.02468	10.17314
50.02459	10.17335
50.02449	10.17353
50.02441	10.17377
50.02392	10.17515
50.02341	10.17660
50.02307	10.17721
50.02295	10.17743
50.02276	10.17755
50.02258	10.17773
50.02235	10.17796
50.02249	10.17902
50.02253	10.18093
50.02164	10.18186
50.02069	10.18264
50.02090	10.18344
50.02100	10.18405
50.02099	10.18432
50.01940	10.18600
50.01927	10.18652
50.01920	10.18679
50.01911	10.18698
50.01904	10.18713
50.01895	10.18738
50.01848	10.18821
50.01792	10.18918
50.01785	10.18931
50.01771	10.18953
50.01709	10.19076
50.01704	10.19090
50.01685	10.19143
50.01641	10.19245
50.01604	10.19311
50.01598	10.19322
50.01589	10.19329
50.01555	10.19357
50.01509	10.19443
50.01501	10.19468
50.01487	10.19526
50.01371	10.19694
50.01330	10.19782
50.01279	10.19871
50.01338	10.19986
50.01302	10.20186
50.01261	10.20393
50.01240	10.20494
50.01152	10.20713
50.01091	10.20894
50.01086	10.20901
50.00990	10.21048
50.00876	10.21185
50.00868	10.21195
50.00849	10.21229
50.00839	10.21364
50.00832	10.21571
50.00844	10.21702
50.00890	10.21851
50.00973	10.22070
50.01041	10.22301
50.01089	10.22500
50.01111	10.22654
50.01116	10.22719
50.01130	10.22807
50.01194	10.22918
50.01241	10.22976
50.01320	10.23083
50.01355	10.23156
50.01384	10.23283
50.01402	10.23402
50.01400	10.23471
50.01415	10.23479
50.01440	10.23493
50.01437	10.23530
50.01449	10.23657
50.01458	10.23736
50.01464	10.23787
50.01469	10.23873
50.01460	10.24111
50.01426	10.24266
50.01411	10.24318
50.01404	10.24380
50.01404	10.24453
50.01412	10.24603
50.01503	10.24936
50.01604	10.25109
50.01628	10.25085
50.01715	10.24983
50.01762	10.24928
50.01807	10.24887
50.01841	10.24900
50.01852	10.24905
50.01894	10.24921
50.01955	10.24901
50.02024	10.24877
50.02051	10.24856
50.02081	10.24829
50.02147	10.24767
50.02211	10.24708
50.02293	10.24677
50.02243	10.24566
50.02260	10.24473
50.02826	10.31821
50.02735	10.32290
50.02747	10.32301
50.02701	10.32366
50.02661	10.32403
50.02554	10.32479
50.02497	10.32504
50.02339	10.32619
50.02327	10.32628
50.02284	10.32660
50.02249	10.32669
50.02214	10.32692
50.02139	10.32787
50.02068	10.32930
50.02010	10.33090
50.01989	10.33165
50.01954	10.33313
50.01926	10.33416
50.01915	10.33477
50.01908	10.33560
50.01907	10.33618
50.01906	10.33645
50.01933	10.33908
50.01950	10.34121
50.01965	10.34374
50.01964	10.34408
50.01952	10.34426
50.01906	10.34507
50.01991	10.34576
50.01927	10.35043
50.01908	10.35171
50.01872	10.35336
50.01965	10.35406
50.01963	10.35416
50.01938	10.35604
50.01826	10.35563
50.01784	10.35558
50.01663	10.35815
50.01648	10.35845
50.01641	10.35865
50.01639	10.35908
50.01629	10.35930
50.01605	10.35970
50.01497	10.36167
50.01582	10.36337
50.01608	10.36381
50.01671	10.36464
50.01742	10.36620
50.01771	10.36703
50.01780	10.36721
50.01786	10.36757
50.01787	10.36844
50.01783	10.36880
50.01776	10.36905
50.01743	10.36979
50.01723	10.37015
50.01687	10.37063
50.01663	10.37101
50.01634	10.37142
50.01619	10.37157
50.01604	10.37162
50.01594	10.37194
50.01576	10.37221
50.01552	10.37255
50.01518	10.37293
50.01501	10.37322
50.01428	10.37525
50.01412	10.37588
50.01407	10.37617
50.01374	10.37835
50.01365	10.37943
50.01360	10.38142
50.01382	10.38124
50.01407	10.38198
50.01441	10.38319
50.01456	10.38351
50.01469	10.38368
50.01488	10.38377
50.01509	10.38391
50.01521	10.38404
50.01521	10.38419
50.01520	10.38427
50.01517	10.38477
50.01503	10.38661
50.01478	10.38661
50.01470	10.38667
50.01457	10.38776
50.01457	10.38813
50.01455	10.38890
50.01452	10.38974
50.01444	10.39057
50.01434	10.39105
50.01415	10.39158
50.01395	10.39186
50.01387	10.39207
50.01382	10.39225
50.01371	10.39299
50.01354	10.39365
50.01331	10.39419
50.01304	10.39484
50.01289	10.39508
50.01269	10.39536
50.01220	10.39598
50.01130	10.39728
50.01094	10.39780
50.01060	10.39823
50.01008	10.39889
50.00969	10.39793
50.00964	10.39784
50.00953	10.39808
50.00934	10.39897
50.00892	10.39869
50.00856	10.39856
50.00820	10.39849
50.00758	10.39853
50.00754	10.39720
50.00753	10.39688
50.00664	10.39714
50.00648	10.39609
50.00631	10.39554
50.00613	10.39506
50.00600	10.39482
50.00587	10.39465
50.00568	10.39450
50.00541	10.39441
50.00520	10.39441
50.00509	10.39415
50.00493	10.39338
50.00469	10.39240
50.00464	10.39223
50.00443	10.39233
50.00416	10.39248
50.00390	10.39163
50.00375	10.39106
50.00353	10.39037
50.00341	10.38993
50.00315	10.38997
50.00201	10.39016
50.00095	10.39025
50.00019	10.39029
49.99963	10.39058
49.99921	10.39075
49.99894	10.38916
49.99871	10.38828
49.99767	10.38880
49.99771	10.38912
49.99806	10.39144
49.99813	10.39180
49.99737	10.39193
49.99642	10.39226
49.99585	10.39256
49.99478	10.39282
49.99423	10.39293
49.99380	10.39314
49.99329	10.39336
49.99296	10.39341
49.99298	10.39414
49.99206	10.39488
49.99131	10.39549
49.99206	10.39720
49.99226	10.39772
49.99191	10.39814
49.99163	10.39835
49.99120	10.39853
49.99075	10.39857
49.99077	10.39898
49.99083	10.39975
49.99082	10.40064
49.99082	10.40101
49.99104	10.40175
49.99121	10.40226
49.99172	10.40346
49.99191	10.40382
49.99144	10.40501
49.99111	10.40551
49.99077	10.40635
49.99036	10.40749
49.98970	10.40944
49.98806	10.40771
49.98794	10.40798
49.98765	10.40860
49.98752	10.40889
49.98745	10.40948
49.98748	10.41242
49.98740	10.41314
49.98670	10.41378
49.98631	10.41268
49.98603	10.41271
49.98572	10.41206
49.98554	10.41241
49.98607	10.41314
49.98620	10.41383
49.98630	10.41436
49.98659	10.41455
49.98687	10.41563
49.98588	10.41689
49.98555	10.41629
49.98475	10.41722
49.98508	10.41771
49.98468	10.41820
49.98373	10.41922
49.98388	10.41985
49.98391	10.42013
49.98391	10.42059
49.98383	10.42214
49.98377	10.42301
49.98363	10.42401
49.98332	10.42535
49.98308	10.42607
49.98290	10.42636
49.98437	10.42836
49.98372	10.42941
49.98330	10.43003
49.98412	10.43108
49.98407	10.43125
49.98401	10.43141
49.98396	10.43180
49.98476	10.43297
49.98462	10.43334
49.98441	10.43332
49.98347	10.43288
49.98279	10.43233
49.98261	10.43477
49.98235	10.43475
49.98185	10.43473
49.98183	10.43533
49.98162	10.43616
49.98202	10.43716
49.98216	10.43731
49.98264	10.43784
49.98234	10.43833
49.98211	10.43847
49.98203	10.43848
49.98137	10.43826
49.98099	10.43853
49.98070	10.43868
49.98032	10.43897
49.98009	10.43930
49.97983	10.43981
49.97964	10.44049
49.97930	10.44215
49.97913	10.44276
49.97874	10.44351
49.97848	10.44380
49.97818	10.44418
49.97733	10.44430
49.97696	10.44393
49.97620	10.44403
49.97613	10.44362
49.97582	10.44363
49.97580	10.44278
49.97395	10.44369
49.97300	10.44204
49.97297	10.44178
49.97299	10.44008
49.97312	10.43901
49.97184	10.43858
49.97161	10.43851
49.97106	10.44118
49.97097	10.44149
49.97083	10.44157
49.97055	10.44172
49.97025	10.44196
49.96984	10.44240
49.96952	10.44293
49.96931	10.44302
49.96826	10.44304
49.96797	10.44219
49.96781	10.44220
49.96713	10.44245
49.96685	10.44252
49.96655	10.44226
49.96612	10.44205
49.96589	10.44203
49.96570	10.44206
49.96537	10.44300
49.96509	10.44344
49.96504	10.44354
49.96483	10.44395
49.96462	10.44467
49.96372	10.44449
49.96361	10.44501
49.96354	10.44580
49.96300	10.44568
49.96259	10.44544
49.96246	10.44541
49.96232	10.44538
49.96191	10.44539
49.96151	10.44536
49.96103	10.44521
49.96070	10.44502
49.96019	10.44466
49.95999	10.44458
49.95941	10.44454
49.95893	10.44409
49.95876	10.44499
49.95861	10.44591
49.95854	10.44682
49.95845	10.44717
49.95828	10.44750
49.95803	10.44786
49.95797	10.44812
49.95775	10.44897
49.95720	10.44870
49.95687	10.44847
49.95651	10.44804
49.95624	10.44767
49.95593	10.44700
49.95540	10.44553
49.95524	10.44529
49.95486	10.44510
49.95453	10.44498
49.95438	10.44485
49.95403	10.44435
49.95377	10.44407
49.95349	10.44386
49.95334	10.44382
49.95327	10.44384
49.95319	10.44387
49.95295	10.44431
49.95321	10.44483
49.95379	10.44582
49.95405	10.44651
49.95408	10.44673
49.95403	10.44690
49.95349	10.44791
49.95347	10.44811
49.95355	10.44839
49.95412	10.44950
49.95452	10.45049
49.95483	10.45094
49.95534	10.45156
49.95619	10.45231
49.95660	10.45139
49.95682	10.45075
49.95710	10.45177
49.95722	10.45238
49.95731	10.45351
49.95741	10.45455
49.95731	10.45480
49.95698	10.45504
49.95679	10.45506
49.95554	10.45461
49.95528	10.45459
49.95503	10.45464
49.95365	10.45519
49.95365	10.45553
49.95374	10.45588
49.95346	10.45628
49.95315	10.45615
49.95264	10.45673
49.95283	10.45755
49.95311	10.45798
49.95318	10.45833
49.95323	10.45885
49.95330	10.45916
49.95343	10.45933
49.95363	10.45946
49.95394	10.45945
49.95381	10.45823
49.95379	10.45762
49.95388	10.45736
49.95407	10.45714
49.95434	10.45718
49.95483	10.45717
49.95524	10.45731
49.95483	10.45761
49.95454	10.45787
49.95439	10.45811
49.95429	10.45851
49.95425	10.45901
49.95430	10.45916
49.95432	10.46010
49.95430	10.46107
49.95425	10.46165
49.95426	10.46214
49.95443	10.46377
49.95258	10.46492
49.95197	10.46589
49.95101	10.46538
49.95082	10.46538
49.95057	10.46546
49.95012	10.46566
49.94980	10.46575
49.94751	10.46618
49.94713	10.46630
49.94697	10.46652
49.94570	10.46981
49.94467	10.47126
49.94369	10.47307
49.94261	10.47465
49.94202	10.47525
49.94079	10.47634
49.94056	10.47715
49.94029	10.47822
49.93958	10.47926
49.93863	10.48056
49.93839	10.48104
49.93858	10.48618
49.93895	10.48715
49.93852	10.48814
49.93846	10.48862
49.93841	10.49003
49.93833	10.49065
49.93813	10.49163
49.93753	10.49397
49.93713	10.49541
49.93681	10.49627
49.93597	10.49833
49.93572	10.49881
49.93538	10.49990
49.93354	10.50636
49.93224	10.51108
49.93184	10.51276
49.93148	10.51405
49.93142	10.51408
49.93132	10.51412
49.93025	10.51461
49.92981	10.51503
49.92931	10.51567
49.92857	10.51643
49.92826	10.51685
49.92800	10.51712
49.92771	10.51725
49.92751	10.51728
49.92731	10.51719
49.92709	10.51695
49.92686	10.51652
49.92655	10.51567
49.92611	10.51476
49.92573	10.51366
49.92536	10.51235
49.92504	10.51114
49.92387	10.50858
49.92396	10.50813
49.92440	10.50825
49.92478	10.50825
49.92565	10.50796
49.92460	10.50736
49.92377	10.50693
49.92326	10.50672
49.92285	10.50653
49.92285	10.50609
49.92295	10.50552
49.92240	10.50547
49.92238	10.50666
49.92165	10.50691
49.92087	10.50733
49.92063	10.50742
49.92035	10.50723
49.92023	10.50708
49.92039	10.50649
49.92050	10.50594
49.92054	10.50544
49.92047	10.50488
49.92031	10.50438
49.92023	10.50429
49.92006	10.50447
49.91987	10.50625
49.91955	10.50607
49.91955	10.50637
49.91944	10.50657
49.91942	10.50683
49.91950	10.50720
49.91961	10.50739
49.92016	10.50789
49.92001	10.50841
49.91992	10.50854
49.91950	10.50879
49.91922	10.50905
49.91904	10.50938
49.91838	10.50947
49.91815	10.50830
49.91801	10.50861
49.91793	10.50891
49.91791	10.50928
49.91799	10.51024
49.91788	10.51033
49.91771	10.51033
49.91749	10.51022
49.91694	10.50984
49.91666	10.50980
49.91645	10.50982
49.91586	10.51000
49.91552	10.51003
49.91524	10.50994
49.91482	10.50969
49.91445	10.50958
49.91401	10.50952
49.91372	10.50939
49.91385	10.50909
49.91397	10.50850
49.91401	10.50804
49.91397	10.50735
49.91377	10.50654
49.91376	10.50628
49.91378	10.50609
49.91388	10.50593
49.91390	10.50569
49.91384	10.50515
49.91385	10.50491
49.91425	10.50384
49.91439	10.50329
49.91437	10.50288
49.91429	10.50262
49.91414	10.50258
49.91385	10.50262
49.91351	10.50273
49.91340	10.50295
49.91328	10.50361
49.91320	10.50498
49.91295	10.50603
49.91293	10.50642
49.91313	10.50723
49.91314	10.50747
49.91293	10.50818
49.91285	10.50869
49.91271	10.50932
49.91266	10.50973
49.91268	10.51006
49.91279	10.51034
49.91297	10.51069
49.91241	10.51095
49.91221	10.51094
49.91146	10.51073
49.91148	10.51016
49.91143	10.50972
49.91131	10.50968
49.91120	10.50977
49.91115	10.51040
49.91098	10.51069
49.91053	10.50984
49.91042	10.51028
49.90972	10.51070
49.90962	10.51105
49.90935	10.51129
49.90935	10.51086
49.90928	10.51066
49.90890	10.51056
49.90862	10.51135
49.90822	10.51105
49.90806	10.50920
49.90744	10.50944
49.90727	10.51005
49.90722	10.51073
49.90734	10.51228
49.90763	10.51201
49.90778	10.51201
49.90801	10.51209
49.90841	10.51253
49.90860	10.51285
49.90870	10.51313
49.90875	10.51370
49.90868	10.51400
49.90841	10.51444
49.90790	10.51503
49.90738	10.51545
49.90699	10.51568
49.90690	10.51676
49.90680	10.51696
49.90621	10.51777
49.90610	10.51810
49.90579	10.51841
49.90448	10.51993
49.90317	10.52127
49.90254	10.52008
49.90242	10.51960
49.90226	10.51899
49.90167	10.51743
49.90147	10.51704
49.90068	10.51834
49.90120	10.51959
49.90151	10.52050
49.90124	10.52072
49.90148	10.52157
49.90130	10.52216
49.90138	10.52227
49.90122	10.52279
49.90121	10.52297
49.90071	10.52356
49.90035	10.52404
49.89975	10.52331
49.89932	10.52408
49.89911	10.52451
49.89882	10.52504
49.89880	10.52686
49.89831	10.52663
49.89702	10.53147
49.89635	10.53119
49.89601	10.53294
49.89593	10.53368
49.89588	10.53525
49.89422	10.53458
49.89410	10.53453
49.89402	10.53450
49.89417	10.53377
49.89427	10.53319
49.89431	10.53259
49.89429	10.53061
49.89439	10.52991
49.89460	10.52895
49.89591	10.52476
49.89607	10.52396
49.89633	10.52216
49.89664	10.52124
49.89707	10.52041
49.89759	10.51979
49.89778	10.51963
49.89792	10.51950
49.89885	10.51908
49.89962	10.51772
49.89977	10.51723
49.89977	10.51693
49.89967	10.51663
49.89963	10.51632
49.89965	10.51610
49.89975	10.51571
49.89996	10.51532
49.89978	10.51532
49.89962	10.51541
49.89884	10.51666
49.89803	10.51756
49.89770	10.51689
49.89767	10.51663
49.89771	10.51608
49.89777	10.51559
49.89779	10.51542
49.89811	10.51439
49.89822	10.51383
49.89799	10.51365
49.89810	10.51320
49.89822	10.51280
49.89884	10.51174
49.89941	10.51093
49.89900	10.50956
49.89942	10.50899
49.89986	10.50820
49.90008	10.50768
49.90028	10.50713
49.90040	10.50646
49.90055	10.50591
49.90088	10.50523
49.90114	10.50479
49.90178	10.50378
49.90242	10.50264
49.90284	10.50179
49.90330	10.50105
49.90335	10.50097
49.90365	10.50060
49.90389	10.50019
49.90421	10.49940
49.90439	10.49874
49.90465	10.49865
49.90511	10.49862
49.90526	10.49822
49.90543	10.49746
49.90561	10.49695
49.90578	10.49671
49.90613	10.49640
49.90635	10.49607
49.90670	10.49526
49.90705	10.49573
49.90802	10.49438
49.90843	10.49453
49.90901	10.49461
49.90896	10.49420
49.90907	10.49350
49.90893	10.49313
49.90875	10.49281
49.90866	10.49277
49.90853	10.49294
49.90839	10.49305
49.90818	10.49310
49.90800	10.49367
49.90783	10.49367
49.90758	10.49324
49.90747	10.49272
49.90735	10.49248
49.90724	10.49235
49.90687	10.49212
49.90662	10.49215
49.90634	10.49237
49.90688	10.49345
49.90660	10.49380
49.90666	10.49417
49.90644	10.49426
49.90616	10.49466
49.90599	10.49431
49.90604	10.49392
49.90604	10.49355
49.90600	10.49322
49.90581	10.49283
49.90522	10.49356
49.90492	10.49398
49.90487	10.49453
49.90425	10.49454
49.90420	10.49521
49.90472	10.49505
49.90499	10.49505
49.90527	10.49513
49.90535	10.49522
49.90484	10.49625
49.90454	10.49708
49.90404	10.49685
49.90394	10.49729
49.90383	10.49798
49.90361	10.49873
49.90341	10.49904
49.90309	10.49898
49.90283	10.49950
49.90303	10.49987
49.90280	10.50037
49.90259	10.50053
49.90220	10.50106
49.90173	10.50174
49.90141	10.50233
49.90096	10.50286
49.90057	10.50316
49.90022	10.50358
49.89993	10.50402
49.89973	10.50391
49.89953	10.50394
49.89917	10.50425
49.89943	10.50503
49.89885	10.50567
49.89823	10.50595
49.89822	10.50517
49.89770	10.50415
49.89802	10.50408
49.89818	10.50401
49.89822	10.50392
49.89822	10.50377
49.89814	10.50294
49.89820	10.50274
49.89889	10.50223
49.89855	10.50161
49.89828	10.50207
49.89778	10.50225
49.89744	10.50261
49.89731	10.50280
49.89718	10.50287
49.89703	10.50285
49.89687	10.50279
49.89566	10.50180
49.89490	10.50131
49.89450	10.50082
49.89420	10.50032
49.89398	10.49970
49.89390	10.49947
49.89375	10.49864
49.89387	10.49802
49.89402	10.49756
49.89443	10.49692
49.89478	10.49655
49.89491	10.49622
49.89494	10.49596
49.89467	10.49494
49.89468	10.49469
49.89546	10.49349
49.89561	10.49324
49.89559	10.49300
49.89603	10.49262
49.89646	10.49196
49.89663	10.49157
49.89664	10.49130
49.89658	10.48967
49.89667	10.48945
49.89680	10.48929
49.89753	10.48878
49.89768	10.48860
49.89798	10.48773
49.89821	10.48733
49.89845	10.48713
49.89887	10.48692
49.89932	10.48678
49.89959	10.48639
49.90053	10.48676
49.90124	10.48714
49.90162	10.48725
49.90235	10.48728
49.90269	10.48720
49.90294	10.48707
49.90365	10.48641
49.90395	10.48588
49.90423	10.48550
49.90490	10.48499
49.90513	10.48490
49.90536	10.48492
49.90636	10.48522
49.90664	10.48520
49.90699	10.48508
49.90798	10.48463
49.90844	10.48436
49.90885	10.48407
49.90939	10.48356
49.90966	10.48262
49.90925	10.48213
49.90910	10.48176
49.90880	10.48192
49.90865	10.48183
49.90834	10.48151
49.90809	10.48162
49.90778	10.48187
49.90746	10.48223
49.90706	10.48280
49.90683	10.48287
49.90638	10.48287
49.90585	10.48271
49.90503	10.48216
49.90368	10.48092
49.90331	10.48145
49.90330	10.48164
49.90339	10.48236
49.90262	10.48276
49.90223	10.48288
49.90203	10.48343
49.90207	10.48369
49.90218	10.48395
49.90170	10.48452
49.90124	10.48492
49.90069	10.48528
49.90035	10.48539
49.89999	10.48544
49.89950	10.48539
49.89933	10.48528
49.89885	10.48546
49.89869	10.48555
49.89856	10.48584
49.89839	10.48608
49.89818	10.48611
49.89778	10.48603
49.89718	10.48619
49.89683	10.48500
49.89675	10.48480
49.89660	10.48480
49.89531	10.48530
49.89488	10.48527
49.89423	10.48508
49.89396	10.48487
49.89306	10.48355
49.89271	10.48320
49.89176	10.48227
49.89175	10.48207
49.89180	10.48181
49.89315	10.47919
49.89336	10.47870
49.89417	10.47732
49.89432	10.47712
49.89447	10.47709
49.89463	10.47713
49.89483	10.47724
49.89515	10.47732
49.89515	10.47656
49.89525	10.47536
49.89562	10.47557
49.89604	10.47589
49.89657	10.47645
49.89679	10.47651
49.89728	10.47652
49.89768	10.47658
49.89798	10.47671
49.89813	10.47671
49.89838	10.47659
49.89886	10.47626
49.89914	10.47607
49.89958	10.47557
49.89979	10.47526
49.89979	10.47504
49.89937	10.47431
49.89925	10.47400
49.89933	10.47315
49.89941	10.47278
49.89958	10.47252
49.90075	10.47143
49.90113	10.47121
49.90152	10.47140
49.90211	10.47156
49.90281	10.47185
49.90312	10.47219
49.90348	10.47252
49.90379	10.47273
49.90393	10.47262
49.90404	10.47240
49.90409	10.47222
49.90399	10.47170
49.90396	10.47122
49.90401	10.47085
49.90436	10.47030
49.90461	10.47001
49.90486	10.46990
49.90513	10.47003
49.90530	10.46970
49.90536	10.46937
49.90530	10.46909
49.90500	10.46883
49.90513	10.46842
49.90590	10.46792
49.90585	10.46753
49.90586	10.46736
49.90596	10.46727
49.90630	10.46722
49.90703	10.46736
49.90709	10.46793
49.90740	10.46816
49.90786	10.46839
49.90824	10.46850
49.90848	10.46683
49.90794	10.46584
49.90777	10.46537
49.90776	10.46493
49.90780	10.46441
49.90828	10.46435
49.90833	10.46479
49.90876	10.46478
49.90930	10.46377
49.90887	10.46360
49.90812	10.46349
49.90806	10.46247
49.90794	10.46184
49.90788	10.46120
49.90767	10.45999
49.90731	10.46019
49.90712	10.46259
49.90691	10.46257
49.90680	10.46305
49.90663	10.46273
49.90607	10.46307
49.90585	10.46331
49.90549	10.46453
49.90524	10.46515
49.90489	10.46574
49.90430	10.46634
49.90356	10.46677
49.90302	10.46730
49.90283	10.46752
49.90199	10.46849
49.90163	10.46902
49.90131	10.46955
49.90113	10.46968
49.90034	10.46994
49.89981	10.47016
49.89917	10.47070
49.89911	10.47083
49.89909	10.47118
49.89902	10.47142
49.89889	10.47157
49.89852	10.47209
49.89823	10.47253
49.89747	10.47261
49.89679	10.47234
49.89616	10.47167
49.89567	10.47086
49.89579	10.46983
49.89558	10.46933
49.89528	10.46901
49.89507	10.46895
49.89489	10.46904
49.89461	10.46911
49.89435	10.46904
49.89487	10.46589
49.89495	10.46554
49.89505	10.46537
49.89540	10.46488
49.89581	10.46348
49.89641	10.46245
49.89662	10.46150
49.89675	10.46113
49.89702	10.46069
49.89736	10.46033
49.89755	10.46025
49.89773	10.46024
49.89786	10.46017
49.89822	10.45960
49.89843	10.45933
49.89860	10.45922
49.89886	10.45925
49.89910	10.45916
49.89914	10.45835
49.89886	10.45845
49.89854	10.45852
49.89816	10.45855
49.89785	10.45849
49.89758	10.45832
49.89723	10.45799
49.89702	10.45779
49.89598	10.45855
49.89573	10.45875
49.89540	10.46067
49.89528	10.46161
49.89503	10.46266
49.89463	10.46356
49.89445	10.46413
49.89423	10.46455
49.89339	10.46548
49.89313	10.46597
49.89296	10.46649
49.89182	10.46568
49.89147	10.46551
49.89122	10.46550
49.89101	10.46557
49.89063	10.46579
49.89013	10.46591
49.88987	10.46589
49.88966	10.46578
49.88853	10.46487
49.88842	10.46556
49.88828	10.46616
49.88804	10.46677
49.88790	10.46728
49.88783	10.46773
49.88784	10.46876
49.88785	10.46974
49.88782	10.47025
49.88742	10.47073
49.88720	10.47115
49.88665	10.47170
49.88626	10.47221
49.88608	10.47309
49.88594	10.47352
49.88585	10.47379
49.88560	10.47606
49.88557	10.47667
49.88549	10.47731
49.88540	10.47877
49.88528	10.48000
49.88524	10.48043
49.88492	10.48246
49.88467	10.48360
49.88454	10.48446
49.88455	10.48526
49.88477	10.48618
49.88519	10.48734
49.88530	10.48776
49.88548	10.48848
49.88505	10.49006
49.88476	10.49174
49.88463	10.49224
49.88442	10.49262
49.88393	10.49308
49.88348	10.49370
49.88320	10.49397
49.88292	10.49410
49.88258	10.49418
49.88234	10.49429
49.88200	10.49453
49.88161	10.49469
49.88115	10.49479
49.88095	10.49473
49.87993	10.49385
49.87976	10.49379
49.87964	10.49381
49.87926	10.49429
49.87911	10.49478
49.87906	10.49565
49.87905	10.49612
49.87905	10.49703
49.87904	10.49716
49.87901	10.49744
49.87922	10.49872
49.87928	10.50172
49.87932	10.50233
49.87941	10.50277
49.87968	10.50346
49.88004	10.50413
49.88029	10.50446
49.88066	10.50475
49.88088	10.50501
49.88102	10.50532
49.88125	10.50595
49.88136	10.50647
49.88140	10.50749
49.87989	10.50743
49.87851	10.50583
49.87821	10.50560
49.87767	10.50550
49.87661	10.50548
49.87225	10.50437
49.87161	10.50394
49.87138	10.50343
49.87138	10.50223
49.87150	10.50129
49.87155	10.50052
49.87149	10.49869
49.87223	10.49203
49.87229	10.49175
49.87383	10.48564
49.87462	10.48333
49.87473	10.48294
49.87510	10.48132
49.87548	10.47933
49.87586	10.47771
49.87622	10.47665
49.87714	10.47343
49.87723	10.47288
49.87725	10.47253
49.87726	10.47046
49.87734	10.46826
49.87749	10.46699
49.87749	10.46646
49.87739	10.46577
49.87742	10.46516
49.87752	10.46396
49.87767	10.46295
49.87803	10.46150
49.87846	10.46023
49.87886	10.45918
49.87856	10.45927
49.87810	10.45926
49.87721	10.45888
49.87689	10.45862
49.87656	10.45828
49.87591	10.45741
49.87557	10.45712
49.87533	10.45701
49.87512	10.45697
49.87416	10.45699
49.87378	10.45684
49.87343	10.45665
49.87240	10.45649
49.87076	10.45549
49.87114	10.45361
49.87128	10.45367
49.87142	10.45367
49.87173	10.45347
49.87202	10.45318
49.87208	10.45301
49.87149	10.45271
49.87105	10.45270
49.87064	10.45279
49.87036	10.45299
49.86960	10.45342
49.86858	10.45354
49.86838	10.45335
49.86798	10.45286
49.86765	10.45260
49.86730	10.45252
49.86682	10.45255
49.86672	10.45253
49.86657	10.45252
49.86656	10.45245
49.86625	10.45245
49.86458	10.45212
49.86399	10.45202
49.86365	10.45202
49.86357	10.45202
49.86301	10.45176
49.86237	10.45164
49.86135	10.45129
49.85876	10.45019
49.85743	10.44980
49.85551	10.44937
49.85424	10.44824
49.85250	10.44709
49.85146	10.44626
49.85065	10.44537
49.85026	10.44507
49.85018	10.44503
49.84943	10.44465
49.84901	10.44467
49.84904	10.44512
49.84897	10.44545
49.84879	10.44575
49.84855	10.44757
49.84852	10.44790
49.84835	10.44762
49.84831	10.44753
49.84820	10.44734
49.84811	10.44703
49.84797	10.44655
49.84768	10.44529
49.84751	10.44477
49.84717	10.44415
49.84714	10.44398
49.84709	10.44368
49.84691	10.44331
49.84684	10.44280
49.84676	10.44094
49.84540	10.44037
49.84526	10.44039
49.84508	10.44046
49.84475	10.44118
49.84364	10.44099
49.84291	10.44092
49.84303	10.44478
49.84219	10.44684
49.84262	10.44687
49.84262	10.44774
49.84230	10.44847
49.84176	10.44890
49.84135	10.44920
49.84105	10.44961
49.84083	10.44994
49.84062	10.45075
49.84061	10.45128
49.84051	10.45180
49.84031	10.45233
49.84024	10.45294
49.84010	10.45427
49.83995	10.45477
49.83969	10.45530
49.83938	10.45566
49.83919	10.45588
49.83892	10.45610
49.83799	10.45683
49.83776	10.45723
49.83736	10.45797
49.83705	10.45857
49.83682	10.45918
49.83666	10.45964
49.83643	10.46034
49.83637	10.46097
49.83624	10.46153
49.83610	10.46169
49.83591	10.46188
49.83568	10.46162
49.83548	10.46109
49.83511	10.45899
49.83496	10.45790
49.83439	10.45870
49.83414	10.45803
49.83347	10.45697
49.83318	10.45606
49.83212	10.45420
49.83199	10.45433
49.83185	10.45451
49.83163	10.45461
49.83109	10.45436
49.82997	10.45348
49.82962	10.45351
49.82945	10.45357
49.82899	10.45351
49.82892	10.45344
49.82873	10.45325
49.82812	10.45272
49.82758	10.45230
49.82729	10.45186
49.82702	10.45165
49.82667	10.45126
49.82623	10.45067
49.82559	10.44966
49.82501	10.44898
49.82462	10.44850
49.82432	10.44825
49.82408	10.44790
49.82390	10.44761
49.82364	10.44728
49.82341	10.44713
49.82318	10.44627
49.82350	10.44621
49.82327	10.44592
49.82305	10.44561
49.82273	10.44533
49.82204	10.44511
49.82146	10.44500
49.82101	10.44485
49.82085	10.44486
49.82058	10.44468
49.82033	10.44439
49.82005	10.44383
49.82143	10.44247
49.82161	10.44212
49.82179	10.44137
49.82301	10.44002
49.82253	10.43951
49.82276	10.43866
49.82292	10.43789
49.82312	10.43679
49.82339	10.43508
49.82365	10.43352
49.82385	10.43250
49.82384	10.43130
49.82378	10.43011
49.82374	10.42959
49.82383	10.42880
49.82437	10.42751
49.82475	10.42666
49.82505	10.42577
49.82518	10.42549
49.82529	10.42472
49.82543	10.42369
49.82563	10.42257
49.82585	10.42172
49.82610	10.42028
49.82632	10.41932
49.82651	10.41786
49.82675	10.41610
49.82706	10.41494
49.82734	10.41324
49.82742	10.41220
49.82884	10.41244
49.82912	10.40915
49.82897	10.40913
49.82907	10.40817
49.82919	10.40793
49.82982	10.40793
49.82982	10.40771
49.83088	10.40771
49.83126	10.40770
49.83129	10.40700
49.83043	10.40693
49.83043	10.40639
49.82950	10.40630
49.82946	10.40582
49.83140	10.40617
49.83138	10.40556
49.83040	10.40542
49.83040	10.40510
49.83156	10.40541
49.83157	10.40523
49.83142	10.40508
49.83163	10.40335
49.83167	10.40317
49.83227	10.40326
49.83215	10.40184
49.83201	10.40030
49.83201	10.40003
49.83229	10.40009
49.83220	10.39928
49.83375	10.39900
49.83411	10.39887
49.83429	10.39863
49.83453	10.39813
49.83458	10.39787
49.83469	10.39774
49.83531	10.39741
49.83571	10.39725
49.83550	10.39655
49.83598	10.39635
49.83589	10.39453
49.83575	10.39158
49.83560	10.39085
49.83551	10.39023
49.83546	10.38944
49.83545	10.38924
49.83555	10.38767
49.83549	10.38736
49.83531	10.38709
49.83493	10.38630
49.83468	10.38523
49.83449	10.38326
49.83447	10.38311
49.83438	10.38229
49.83422	10.38115
49.83432	10.38038
49.83417	10.37952
49.83425	10.37858
49.83417	10.37814
49.83417	10.37786
49.83432	10.37767
49.83451	10.37640
49.83477	10.37531
49.83491	10.37426
49.83500	10.37340
49.83534	10.37293
49.83579	10.37315
49.83624	10.37317
49.83694	10.37330
49.83586	10.37678
49.83603	10.37801
49.83606	10.37864
49.83594	10.37978
49.83621	10.38005
49.83619	10.38179
49.83575	10.38303
49.83567	10.38369
49.83565	10.38495
49.83656	10.38421
49.83724	10.38414
49.83762	10.38426
49.83777	10.38607
49.83689	10.38648
49.83703	10.38778
49.83705	10.38797
49.83797	10.38851
49.83792	10.38963
49.83997	10.38955
49.84009	10.39008
49.84190	10.38915
49.84238	10.39103
49.84290	10.39213
49.84336	10.39315
49.84345	10.39457
49.84382	10.39626
49.84419	10.39783
49.84441	10.39805
49.84493	10.39816
49.84542	10.39866
49.84589	10.39890
49.84578	10.39941
49.84579	10.39987
49.84583	10.40044
49.84599	10.40062
49.84737	10.40091
49.84812	10.40082
49.84846	10.40082
49.84868	10.40096
49.84877	10.40103
49.84901	10.40106
49.84913	10.39944
49.84920	10.39795
49.84947	10.39695
49.84951	10.39624
49.84961	10.39538
49.84965	10.39490
49.84956	10.39429
49.84955	10.39422
49.84947	10.39331
49.84942	10.39236
49.84952	10.39237
49.85081	10.39248
49.85135	10.39249
49.85197	10.38962
49.85218	10.38958
49.85192	10.39131
49.85209	10.39135
49.85220	10.39041
49.85248	10.38879
49.85263	10.38871
49.85300	10.38753
49.85316	10.38742
49.85335	10.38735
49.85326	10.38912
49.85452	10.38891
49.85457	10.38932
49.85590	10.38934
49.85594	10.38873
49.85610	10.38862
49.85625	10.38814
49.85682	10.38654
49.85762	10.38693
49.85793	10.38709
49.85802	10.38702
49.85809	10.38677
49.85848	10.38702
49.85838	10.38750
49.85910	10.38750
49.85923	10.38748
49.86009	10.38787
49.86007	10.38811
49.86066	10.38810
49.86077	10.38892
49.86115	10.38902
49.86226	10.38927
49.86223	10.39060
49.86262	10.39062
49.86276	10.39225
49.86324	10.39220
49.86331	10.39194
49.86447	10.39117
49.86466	10.39110
49.86469	10.38974
49.86469	10.38848
49.86487	10.38771
49.86496	10.38731
49.86499	10.38650
49.86545	10.38626
49.86537	10.38659
49.86512	10.38768
49.86524	10.38772
49.86511	10.38910
49.86538	10.38910
49.86542	10.38862
49.86648	10.38915
49.86664	10.38854
49.86605	10.38827
49.86634	10.38716
49.86682	10.38555
49.86684	10.38548
49.86611	10.38468
49.86588	10.38443
49.86591	10.38435
49.86599	10.38407
49.86623	10.38316
49.86655	10.38245
49.86666	10.38227
49.86689	10.38186
49.86727	10.38148
49.86778	10.38269
49.86821	10.38234
49.86810	10.38201
49.86824	10.38179
49.86823	10.38147
49.86869	10.38090
49.86878	10.38044
49.86896	10.37983
49.86920	10.37983
49.86931	10.37968
49.86942	10.37935
49.86911	10.37902
49.86919	10.37863
49.86883	10.37831
49.86843	10.37807
49.86844	10.37787
49.86791	10.37765
49.86807	10.37669
49.86743	10.37640
49.86745	10.37603
49.86851	10.37636
49.86854	10.37625
49.86771	10.37574
49.86760	10.37563
49.86699	10.37538
49.86701	10.37440
49.86523	10.37430
49.86551	10.37377
49.86534	10.37377
49.86430	10.37377
49.86428	10.37305
49.86286	10.37323
49.86252	10.37099
49.86238	10.37009
49.86209	10.36750
49.86175	10.36744
49.86118	10.36777
49.86096	10.36636
49.86091	10.36571
49.86070	10.36580
49.86060	10.36584
49.85919	10.36646
49.85903	10.36381
49.85901	10.36349
49.85951	10.36351
49.85957	10.36281
49.85978	10.36180
49.86007	10.36070
49.86025	10.36135
49.86096	10.35910
49.86180	10.35666
49.86142	10.35612
49.86157	10.35529
49.86174	10.35492
49.86189	10.35471
49.86196	10.35463
49.86210	10.35445
49.86166	10.35372
49.86170	10.35336
49.86203	10.35106
49.86207	10.35070
49.86210	10.35052
49.86236	10.34880
49.86273	10.34733
49.86302	10.34652
49.86337	10.34573
49.86391	10.34487
49.86426	10.34425
49.86551	10.34066
49.86598	10.33932
49.86324	10.33580
49.86286	10.33631
49.86096	10.33632
49.86069	10.33613
49.86059	10.33596
49.86054	10.33327
49.85943	10.33340
49.85941	10.33196
49.85934	10.33025
49.85860	10.33044
49.85841	10.32990
49.85821	10.32849
49.85679	10.32898
49.85605	10.32954
49.85581	10.32954
49.85566	10.32816
49.85546	10.32714
49.85489	10.32364
49.85540	10.32348
49.85504	10.32115
49.85462	10.31809
49.85660	10.31755
49.85640	10.31686
49.85718	10.31615
49.85701	10.31158
49.85815	10.31012
49.85906	10.30844
49.86003	10.30849
49.86029	10.30698
49.86066	10.30721
49.86111	10.30490
49.86069	10.30414
49.86024	10.30366
49.86036	10.30334
49.86078	10.30214
49.86128	10.30096
49.86164	10.30012
49.86197	10.29950
49.86275	10.30240
49.86339	10.30379
49.86653	10.30091
49.86948	10.30037
49.87034	10.30014
49.87027	10.29979
49.87044	10.29887
49.87066	10.29789
49.87065	10.29730
49.87049	10.29630
49.87046	10.29624
49.87030	10.29617
49.86896	10.29644
49.86953	10.29325
49.86949	10.29271
49.86960	10.29249
49.87087	10.29069
49.87097	10.29039
49.87143	10.28951
49.87228	10.29045
49.87281	10.29175
49.87313	10.29170
49.87375	10.29168
49.87377	10.29118
49.87436	10.29111
49.87451	10.29113
49.87579	10.29090
49.87590	10.29212
49.87924	10.29284
49.88186	10.29148
49.88533	10.29110
49.88544	10.29109
49.88553	10.29108
49.88744	10.29088
49.89034	10.29082
49.89146	10.28969
49.89117	10.28891
49.89069	10.28744
49.89017	10.28464
49.89131	10.28368
49.89116	10.28224
49.89102	10.28086
49.89226	10.27988
49.89170	10.27753
49.89149	10.27679
49.89145	10.27670
49.89072	10.27477
49.89039	10.27400
49.88969	10.27262
49.88913	10.27148
49.88866	10.27018
49.88745	10.26983
49.88784	10.26755
49.88704	10.26754
49.88657	10.26649
49.88622	10.26587
49.88607	10.26530
49.88593	10.26441
49.88592	10.26310
49.88595	10.26233
49.88592	10.26191
49.88573	10.26163
49.88569	10.26150
49.88614	10.26113
49.88668	10.26079
49.88681	10.26119
49.88692	10.26193
49.88710	10.26279
49.88766	10.26375
49.88808	10.26450
49.88839	10.26509
49.88870	10.26524
49.88882	10.26524
49.88903	10.26511
49.88909	10.26488
49.88898	10.26367
49.88891	10.26312
49.88874	10.26185
49.88857	10.26126
49.88806	10.25992
49.88757	10.25900
49.88728	10.25865
49.88635	10.25768
49.88583	10.25724
49.88486	10.25579
49.88433	10.25467
49.88365	10.25335
49.88334	10.25232
49.88312	10.25160
49.88291	10.25054
49.88279	10.25002
49.88245	10.24938
49.88145	10.24880
49.88116	10.24862
49.88122	10.24812
49.88089	10.24795
49.88110	10.24689
49.88151	10.24614
49.88203	10.24545
49.88340	10.24378
49.88389	10.24332
49.88517	10.24252
49.88569	10.24224
49.88600	10.24184
49.88636	10.24051
49.88674	10.23922
49.88711	10.23701
49.88713	10.23687
49.88725	10.23684
49.89004	10.23697
49.89008	10.23615
49.89034	10.23613
49.89045	10.23606
49.89189	10.23511
49.89158	10.23401
49.89331	10.23354
49.89398	10.23716
49.89742	10.23542
49.89795	10.23770
49.89802	10.23797
49.89946	10.23713
49.90123	10.23624
49.90122	10.23458
49.90126	10.23236
49.90230	10.23276
49.90315	10.23310
49.90354	10.23260
49.90422	10.23227
49.90521	10.23176
49.90586	10.23153
49.90597	10.23113
49.90716	10.23101
49.90756	10.23242
49.90765	10.23283
49.90792	10.23423
49.90803	10.23476
49.90835	10.23666
49.90927	10.23701
49.90969	10.23714
49.90957	10.23642
49.90955	10.23539
49.90973	10.23460
49.90998	10.23327
49.91054	10.23083
49.91098	10.22895
49.91118	10.22913
49.91163	10.22937
49.91204	10.22942
49.91284	10.22968
49.91422	10.22927
49.91522	10.22904
49.91553	10.22890
49.91548	10.22646
49.91504	10.22482
49.91494	10.22453
49.91447	10.22304
49.91419	10.22236
49.91339	10.22085
49.91272	10.21928
49.91224	10.21759
49.91172	10.21584
49.91290	10.21565
49.91290	10.21522
49.91335	10.21491
49.91332	10.21481
49.91295	10.21338
49.91283	10.21292
49.91278	10.21204
49.91288	10.21169
49.91294	10.21123
49.91305	10.21079
49.91308	10.20937
49.91262	10.20952
49.91208	10.20975
49.91132	10.21119
49.91083	10.21134
49.91064	10.21134
49.90931	10.21138
49.90820	10.21003
49.90771	10.20957
49.90823	10.20721
49.90750	10.20688
49.90660	10.20677
49.90555	10.20697
49.90490	10.20711
49.90367	10.20726
49.90280	10.20767
49.90179	10.20796
49.90118	10.20804
49.90053	10.20803
49.89992	10.20799
49.89973	10.20797
49.89923	10.20959
49.89876	10.21140
49.89765	10.21132
49.89628	10.21115
49.89622	10.21107
49.89633	10.20934
49.89637	10.20909
49.89626	10.20885
49.89563	10.20841
49.89556	10.20843
49.89496	10.20874
49.89476	10.20820
49.89442	10.20750
49.89380	10.20640
49.89337	10.20450
49.89321	10.20355
49.89313	10.20344
49.89227	10.20376
49.89207	10.20386
49.89194	10.20381
49.89182	10.20347
49.89170	10.20266
49.89161	10.20117
49.89161	10.20058
49.89166	10.19941
49.89188	10.19853
49.89189	10.19803
49.89191	10.19674
49.89191	10.19595
49.89173	10.19408
49.89165	10.19311
49.89165	10.19201
49.89196	10.18968
49.89215	10.18920
49.89224	10.18900
49.89237	10.18871
49.89252	10.18825
49.89296	10.18648
49.89304	10.18620
49.89325	10.18533
49.89328	10.18519
49.89331	10.18506
49.89338	10.18469
49.89507	10.18646
49.89618	10.18752
49.89700	10.18818
49.89777	10.18867
49.89891	10.18917
49.90058	10.18938
49.90381	10.18949
49.90377	10.18883
49.90369	10.18582
49.90362	10.18497
49.90679	10.18399
49.90674	10.18364
49.90644	10.18177
49.90615	10.18143
49.90577	10.18038
49.90613	10.18033
49.90749	10.17988
49.90819	10.17935
49.90942	10.17798
49.91339	10.17395
49.91302	10.17300
49.91236	10.17189
49.91088	10.16951
49.91012	10.16850
49.90941	10.16746
49.90882	10.16541
49.90877	10.16498
49.90875	10.16470
49.90873	10.16444
49.90864	10.16407
49.90827	10.16381
49.90786	10.16346
49.90763	10.16322
49.90739	10.16290
49.90684	10.16177
49.90617	10.16009
49.90587	10.16014
49.90537	10.16012
49.90485	10.16030
49.90395	10.16077
49.90377	10.16095
49.90403	10.16243
49.90312	10.16287
49.90327	10.16145
49.90322	10.16110
49.90264	10.15919
49.90250	10.15849
49.90248	10.15820
49.90247	10.15806
49.90247	10.15747
49.90252	10.15618
49.90265	10.15435
49.90281	10.15280
49.90284	10.15173
49.90353	10.15177
49.90482	10.15178
49.90503	10.15176
49.90514	10.15158
49.90545	10.15023
49.90545	10.15001
49.90537	10.14953
49.90533	10.14889
49.90531	10.14859
49.90542	10.14691
49.90614	10.14675
49.90636	10.14664
49.90661	10.14636
49.90714	10.14555
49.90631	10.14080
49.90729	10.14062
49.90694	10.13872
49.90811	10.13852
49.90954	10.13815
49.90851	10.13073
49.90837	10.12840
49.90822	10.12714
49.90773	10.12346
49.90899	10.12205
49.90757	10.12062
49.90772	10.11863
49.90787	10.11855
49.90938	10.11958
49.90984	10.11997
49.90956	10.11642
49.91038	10.11608
49.91024	10.11392
49.91201	10.11349
49.91190	10.10983
49.91190	10.10898
49.91140	10.10794
49.91070	10.10594
49.90951	10.10281
49.91013	10.10139
49.91046	10.10077
49.91078	10.10038
49.91098	10.10024
49.91112	10.10020
49.91186	10.09993
49.91294	10.09920
49.91341	10.09900
49.91227	10.10228
49.91277	10.10221
49.91311	10.10201
49.91415	10.10152
49.91448	10.10143
49.91501	10.10139
49.91499	10.09997
49.91532	10.09994
49.91541	10.10012
49.91568	10.10103
49.91592	10.10205
49.91709	10.10206
49.91728	10.10322
49.91738	10.10346
49.91748	10.10352
49.91995	10.10316
49.92007	10.10315
49.92173	10.10267
49.92185	10.10407
49.92234	10.10411
49.92344	10.10414
49.92400	10.10409
49.92421	10.10518
49.92431	10.10581
49.92442	10.10681
49.92495	10.10703
49.92502	10.10605
49.92683	10.10603
49.92695	10.10603
49.92716	10.10598
49.92853	10.10623
49.92866	10.10510
49.92886	10.10278
49.92893	10.10163
49.92901	10.09792
49.92907	10.09757
49.92914	10.09733
49.92930	10.09709
49.92938	10.09615
49.92959	10.09462
49.92973	10.09396
49.93001	10.09305
49.93008	10.09272
49.92990	10.08969
49.93022	10.08960
49.93008	10.08757
49.93000	10.08613
49.93101	10.08590
49.93097	10.08320
49.93085	10.08320
49.93085	10.07995
49.93130	10.07995
49.93114	10.07687
49.93192	10.07704
49.93192	10.07678
49.93199	10.07636
49.93189	10.06962
49.93215	10.06960
49.93239	10.06962
49.93476	10.07029
49.93490	10.07030
49.93502	10.07031
49.93512	10.07018
49.93523	10.06981
49.93538	10.06913
49.93552	10.06835
49.93689	10.06836
49.93661	10.06609
49.93745	10.06595
49.93730	10.06442
49.93724	10.06275
49.93773	10.06268
49.93734	10.05917
49.93841	10.05894
49.93889	10.06245
49.93905	10.06247
49.93997	10.06231
49.94049	10.06219
49.94082	10.06206
49.94124	10.06221
49.94135	10.06215
49.94214	10.06176
49.94346	10.06105
49.94317	10.05924
49.94274	10.05628
49.94443	10.05572
49.94646	10.05496
49.94630	10.05387
49.94736	10.05342
49.94755	10.05329
49.94762	10.05316
49.94781	10.05130
49.94756	10.05111
49.94776	10.04914
49.94854	10.04966
49.94868	10.04935
49.94883	10.04883
49.94888	10.04830
49.94901	10.04760
49.94934	10.04646
49.94909	10.04596
49.94930	10.04452
49.94939	10.04428
49.95011	10.04347
49.95026	10.04333
49.95105	10.04304
49.95223	10.04294
49.95235	10.04486
49.95346	10.04463
49.95342	10.04378
49.95318	10.04241
49.95287	10.04028
49.95321	10.04025
49.95298	10.03855
49.95273	10.03635
49.95278	10.03452
49.95275	10.03415
49.95262	10.03360
49.95254	10.03343
49.95228	10.03337
49.95209	10.03339
49.95145	10.03361
49.95131	10.03235
49.95072	10.03264
49.95035	10.03275
49.95035	10.03242
49.95033	10.03105
49.95181	10.03077
49.95208	10.03068
49.95217	10.03062
49.95223	10.03049
49.95224	10.03022
49.95219	10.02909
49.95232	10.02900
49.95241	10.02887
49.95244	10.02876
49.95246	10.02854
49.95245	10.02839
49.95262	10.02845
49.95485	10.02973
49.95590	10.03088
49.95605	10.03099
49.95616	10.03110
49.95737	10.03266
49.95855	10.03241
49.95871	10.03311
49.95953	10.03498
49.95981	10.03577
49.95989	10.03622
49.95992	10.03699
49.95999	10.03732
49.96014	10.03854
49.96017	10.03931
49.96020	10.03965
49.96124	10.03986
49.96151	10.04052
49.96221	10.04023
49.96234	10.04012
49.96242	10.03999
49.96252	10.03979
49.96276	10.03977
49.96290	10.03966
49.96355	10.03931
49.96395	10.03916
49.96487	10.03882
49.96635	10.03791
49.96894	10.03639
49.96903	10.03650
49.96958	10.03792
49.97003	10.03814
49.97022	10.03869
49.97079	10.04044
49.97104	10.04117
49.97151	10.04106
49.97144	10.04218
49.97175	10.04233
49.97283	10.04189
49.97342	10.04180
49.97393	10.04292
49.97540	10.04303
49.97532	10.04198
49.97627	10.04186
49.97737	10.04161
49.97860	10.04136
49.97901	10.04130
49.98036	10.04127
49.98106	10.04130
49.98198	10.04155
49.98199	10.04164
49.98198	10.04214
49.98206	10.04317
49.98215	10.04452
49.98219	10.04498
49.98243	10.04503
49.98523	10.04479
49.98649	10.04466
49.98637	10.04400
49.98584	10.04125
49.98579	10.04099
49.98678	10.04076
49.98764	10.04053
49.98807	10.04055
49.98859	10.04067
49.98870	10.03872
49.98870	10.03794
49.98902	10.03770
49.98879	10.03613
49.98831	10.03349
49.98791	10.03121
49.98771	10.03056
49.98744	10.02966
49.98706	10.02978
49.98698	10.02963
49.98693	10.02948
49.98682	10.02904
49.98662	10.02834
49.98651	10.02808
49.98730	10.02763
49.98741	10.02748
49.98748	10.02737
49.98737	10.02571
49.98721	10.02346
49.98704	10.02088
49.98700	10.02023
49.98754	10.02024
49.98751	10.01986
49.98716	10.01788
49.98696	10.01671
49.98681	10.01576
49.98676	10.01519
49.98672	10.01505
49.98671	10.01436
49.98678	10.01301
49.98678	10.01224
49.98669	10.01180
49.98634	10.01029
49.98611	10.00912
49.98694	10.00871
49.98722	10.00860
49.98683	10.00729
49.98652	10.00619
49.98631	10.00539
49.98617	10.00488
49.98599	10.00427
49.98583	10.00361
49.98570	10.00302
49.98563	10.00272
49.98554	10.00208
49.98550	10.00193
49.98533	10.00189
49.98521	10.00114
49.98505	10.00018
49.98625	09.99971
49.98648	09.99963
49.98696	10.00055
49.98719	10.00106
49.98747	10.00088
49.98760	10.00117
49.98854	10.00308
49.98937	10.00479
49.98960	10.00532
49.98965	10.00545
49.99054	10.00522
49.99124	10.00507
49.99153	10.00510
49.99293	10.00532
49.99350	10.00545
49.99426	10.00570
49.99575	10.00585
49.99632	10.00593
49.99637	10.00601
49.99652	10.00636
49.99666	10.00643
49.99723	10.00666
49.99732	10.00672
49.99738	10.00677
49.99749	10.00696
49.99754	10.00705
49.99765	10.00740
49.99768	10.00751
49.99782	10.00873
49.99813	10.00858
49.99817	10.00950
49.99838	10.01190
49.99849	10.01301
49.99858	10.01433
49.99866	10.01555
49.99884	10.01559
49.99947	10.01591
49.99946	10.01726
49.99946	10.01787
49.99945	10.01935
49.99890	10.01972
49.99801	10.02056
49.99724	10.02133
49.99733	10.02166
49.99798	10.02424
49.99887	10.02779
49.99894	10.02814
49.99942	10.03056
49.99997	10.03327
50.00015	10.03428
50.00030	10.03417
50.00102	10.03352
50.00111	10.03342
50.00117	10.03361
50.00194	10.03609
50.00198	10.03630
50.00212	10.03736
50.00226	10.03906
50.00241	10.04114
50.00246	10.04170
50.00247	10.04180
50.00280	10.04172
50.00298	10.04162
50.00318	10.04146
50.00331	10.04125
50.00338	10.04110
50.00360	10.04121
50.00381	10.04132
50.00404	10.04130
50.00559	10.04105
50.00587	10.04102
50.00599	10.04126
50.00636	10.04296
50.00676	10.04527
50.00696	10.04520
50.00746	10.04499
50.00976	10.04400
50.01140	10.04330
50.01151	10.04411
50.01180	10.04596
50.01373	10.04566
50.01435	10.04554
50.01436	10.04562
50.01446	10.04557
50.01461	10.04553
50.01595	10.04527
50.01591	10.04483
50.01581	10.04372
50.01554	10.04171
50.01666	10.04156
50.01649	10.03967
50.01639	10.03834
50.01728	10.03824
50.01785	10.03805
50.01960	10.03746
50.01919	10.03669
50.01867	10.03566
50.01843	10.03520
50.01903	10.03481
50.01987	10.03443
50.02034	10.03433
50.02114	10.03432
50.02123	10.03423
50.02204	10.03421
50.02210	10.03324
50.02396	10.03350
50.02392	10.03494
50.02428	10.03477
50.02451	10.03470
50.02549	10.03439
50.02555	10.03474
50.02583	10.03470
50.02597	10.03461
50.02608	10.03452
50.02679	10.03451
50.02705	10.03456
50.02697	10.03538
50.02685	10.03652
50.02755	10.03687
50.02740	10.03837
50.02771	10.03840
50.02812	10.03854
50.02835	10.03861
50.02897	10.03894
50.02965	10.03954
50.02988	10.03958
50.03005	10.03954
50.03027	10.03941
50.03040	10.03937
50.03064	10.03929
50.03077	10.03931
50.03260	10.03942
50.03395	10.03950
50.03363	10.04008
50.03317	10.04082
50.03285	10.04120
50.03292	10.04130
50.03310	10.04125
50.03347	10.04081
50.03416	10.03979
50.03544	10.03790
50.03543	10.03774
50.03690	10.03661
50.03692	10.03585
50.03728	10.03366
50.03751	10.03349
50.03803	10.03195
50.03871	10.03233
50.03879	10.03208
50.03883	10.03195
50.03887	10.03184
50.04050	10.02707
50.04042	10.02687
50.04038	10.02662
50.04021	10.02580
50.03998	10.02544
50.03930	10.02455
50.03836	10.02275
50.03826	10.02250
50.03825	10.02228
50.03828	10.02219
50.03920	10.02090
50.03934	10.02071
50.03901	10.01952
50.03821	10.01666
50.03782	10.01504
50.03751	10.01390
50.03668	10.01088
50.03595	10.01112
50.03546	10.00840
50.03334	10.00945
50.03317	10.00924
50.03311	10.00910
50.03292	10.00830
50.03218	10.00532
50.03213	10.00491
50.03209	10.00237
50.03213	10.00206
50.03225	10.00185
50.03253	10.00155
50.03282	10.00137
50.03386	10.00103
50.03399	09.99722
50.03400	09.99695
50.03400	09.99398
50.03578	09.99342
50.03578	09.99263
50.03673	09.99280
50.03680	09.99098
50.03684	09.99090
50.03692	09.99079
50.03697	09.99063
50.03702	09.99052
50.03727	09.98857
50.03769	09.98699
50.03768	09.98652
50.04116	09.98719
50.04120	09.98656
50.04133	09.98654
50.04128	09.98616
50.04190	09.98602
50.04195	09.98568
50.04359	09.98545
50.04366	09.98471
50.04450	09.98396
50.04455	09.98574
50.04687	09.98660
50.04792	09.98507
50.04802	09.98475
50.04893	09.98397
50.04924	09.98269
50.04967	09.98192
50.04954	09.98120
50.05096	09.98080
50.05137	09.98291
50.05238	09.98490
50.05303	09.98456
50.05308	09.98417
50.05578	09.98429
50.05577	09.98422
50.05570	09.98362
50.05538	09.98225
50.05557	09.98215
50.05638	09.98164
50.05795	09.98056
50.05777	09.97948
50.05770	09.97933
50.05751	09.97830
50.05727	09.97756
50.05662	09.97594
50.05627	09.97467
50.05603	09.97323
50.05597	09.97299
50.05572	09.97247
50.05555	09.97229
50.05450	09.97215
50.05618	09.96646
50.05564	09.96597
50.05439	09.96543
50.05425	09.96518
50.05405	09.96455
50.05464	09.96346
50.05496	09.96405
50.05511	09.96431
50.05529	09.96445
50.05553	09.96453
50.05578	09.96455
50.05601	09.96435
50.05614	09.96419
50.05621	09.96354
50.05772	09.96523
50.05798	09.96494
50.05966	09.96302
50.06000	09.96268
50.06050	09.96196
50.06132	09.96046
50.06177	09.95985
50.06211	09.95951
50.06389	09.95852
50.06436	09.95811
50.06476	09.95768
50.06504	09.95752
50.06539	09.95745
50.06582	09.95740
50.06626	09.95741
50.06730	09.95756
50.06996	09.95823
50.07010	09.95818
50.07037	09.95797
50.07055	09.95817
50.07079	09.95871
50.07100	09.95972
50.07125	09.96050
50.07150	09.96113
50.07172	09.96241
50.07190	09.96315
50.07181	09.96353
50.07306	09.96664
50.07377	09.96688
50.07434	09.96806
50.07470	09.96804
50.07497	09.96792
50.07552	09.96697
50.07627	09.96622
50.07696	09.96630
50.07740	09.96603
50.07812	09.96638
50.07829	09.96658
50.07830	09.96667
50.07877	09.96808
50.07904	09.96857
50.07947	09.96837
50.07979	09.96829
50.08078	09.96774
50.08107	09.96839
50.08131	09.96938
50.08240	09.96853
50.08274	09.96938
50.08357	09.96944
50.08468	09.96963
50.08453	09.97212
50.08438	09.97468
50.08431	09.97570
50.08447	09.97795
50.08446	09.97863
50.08438	09.98015
50.08449	09.98070
50.08459	09.98105
50.08470	09.98109
50.08685	09.98174
50.08704	09.98203
50.08717	09.98208
50.08747	09.98239
50.08865	09.98377
50.08900	09.98434
50.08912	09.98453
50.08914	09.98480
50.08957	09.98520
50.09113	09.98531
50.09194	09.98555
50.09201	09.98566
50.09231	09.98723
50.09371	09.98861
50.09489	09.98871
50.09534	09.98907
50.09660	09.98914
50.09689	09.99008
50.09708	09.99096
50.09690	09.99154
50.09694	09.99233
50.09678	09.99300
50.09668	09.99361
50.09656	09.99429
50.09668	09.99514
50.09687	09.99648
50.09719	09.99871
50.09721	09.99945
50.09718	09.99995
50.09717	10.00015
50.09703	10.00134
50.09701	10.00157
50.09691	10.00194
50.09764	10.00210
50.09795	10.00214
50.09818	10.00196
50.09885	10.00215
50.09917	10.00230
50.09939	10.00256
50.09974	10.00286
50.10012	10.00313
50.10030	10.00334
50.10072	10.00403
50.10093	10.00447
50.10099	10.00461
50.10094	10.00497
50.10140	10.00543
50.10161	10.00575
50.10173	10.00588
50.10187	10.00592
50.10252	10.00584
50.10294	10.00591
50.10341	10.00619
50.10361	10.00637
50.10375	10.00660
50.10391	10.00718
50.10419	10.00800
50.10439	10.00890
50.10461	10.00963
50.10492	10.01038
50.10522	10.01083
50.10559	10.01127
50.10587	10.01140
50.10721	10.01167
50.10740	10.01176
50.10764	10.01199
50.10838	10.01288
50.10852	10.01309
50.10769	10.01492
50.10712	10.01626
50.10698	10.01659
50.10691	10.01688
50.10693	10.01736
50.10704	10.01798
50.10707	10.01847
50.10697	10.01958
50.10695	10.01967
50.10680	10.02032
50.10645	10.02126
50.10633	10.02184
50.10622	10.02276
50.10641	10.02283
50.10637	10.02390
50.10638	10.02450
50.10640	10.02463
50.10647	10.02510
50.10660	10.02554
50.10637	10.02559
50.10654	10.02642
50.10656	10.02691
50.10651	10.02785
50.10650	10.02835
50.10656	10.02854
50.10674	10.02871
50.10668	10.03047
50.10662	10.03092
50.10664	10.03115
50.10686	10.03130
50.10674	10.03346
50.10675	10.03366
50.10685	10.03382
50.10696	10.03400
50.10701	10.03421
50.10698	10.03518
50.10685	10.03524
50.10681	10.03595
50.10651	10.03594
50.10645	10.03755
50.10633	10.03799
50.10584	10.03924
50.10570	10.03961
50.10546	10.04038
50.10533	10.04091
50.10509	10.04234
50.10492	10.04360
50.10488	10.04414
50.10489	10.04457
50.10496	10.04513
50.10504	10.04513
50.10511	10.04641
50.10511	10.04679
50.10422	10.04706
50.10345	10.04909
50.10348	10.04924
50.10377	10.05132
50.10388	10.05175
50.10408	10.05222
50.10342	10.05247
50.10321	10.05257
50.10120	10.05495
50.10121	10.05704
50.10113	10.05760
50.10046	10.06029
50.09883	10.05981
50.09880	10.06378
50.09912	10.06429
50.10011	10.06589
50.10075	10.06906
50.10097	10.06906
50.10108	10.06943
50.10135	10.07014
50.10170	10.07123
50.10148	10.07149
50.10164	10.07220
