# GsakName=Wolfenbﮰttel
52.07567	10.79249
52.07553	10.79273
52.07452	10.79397
52.07314	10.79418
52.07238	10.79437
52.06838	10.79663
52.06746	10.79700
52.06732	10.79702
52.06602	10.79748
52.06518	10.79786
52.06475	10.79786
52.06393	10.79839
52.06236	10.79904
52.05928	10.79973
52.05754	10.80004
52.05578	10.80021
52.04748	10.80152
52.04739	10.80154
52.04726	10.80156
52.04756	10.80004
52.04780	10.79864
52.04816	10.79806
52.04825	10.79685
52.04848	10.79386
52.04862	10.79269
52.04840	10.79191
52.04891	10.78907
52.04896	10.78859
52.04965	10.78701
52.04997	10.78648
52.04993	10.78372
52.05012	10.78234
52.05011	10.78188
52.04999	10.78111
52.04959	10.78053
52.04972	10.77596
52.04968	10.77513
52.04984	10.77424
52.04930	10.77198
52.04881	10.76905
52.04837	10.76855
52.04806	10.76652
52.04752	10.76432
52.04727	10.76327
52.04701	10.76302
52.04697	10.76264
52.04695	10.76245
52.04647	10.76249
52.04636	10.76250
52.04628	10.76202
52.04624	10.76181
52.04760	10.76082
52.04776	10.76064
52.04807	10.75739
52.04840	10.75704
52.04836	10.75500
52.04805	10.75443
52.04836	10.74862
52.04871	10.74782
52.04889	10.74468
52.04875	10.74438
52.04832	10.74349
52.04814	10.74271
52.04752	10.73807
52.04749	10.73766
52.04775	10.73420
52.04785	10.73271
52.04823	10.73212
52.04850	10.73021
52.04910	10.72664
52.04940	10.72531
52.04912	10.72479
52.04942	10.72300
52.04946	10.72229
52.04946	10.72188
52.04946	10.72108
52.04941	10.71933
52.04929	10.71732
52.04934	10.71467
52.04968	10.71425
52.04979	10.71063
52.04992	10.70740
52.04992	10.70663
52.04961	10.70654
52.04965	10.70507
52.04963	10.70413
52.04938	10.70132
52.04969	10.70093
52.04959	10.70000
52.04946	10.69884
52.04923	10.69706
52.04887	10.69704
52.04861	10.69443
52.04858	10.69388
52.04852	10.69351
52.04876	10.69303
52.04839	10.68987
52.04830	10.68903
52.04821	10.68800
52.04805	10.68669
52.04773	10.68633
52.04721	10.68308
52.04671	10.68043
52.04642	10.67875
52.04604	10.67677
52.04615	10.67605
52.04592	10.67507
52.04554	10.67398
52.04501	10.67202
52.04492	10.67169
52.04435	10.66910
52.04412	10.66787
52.04405	10.66737
52.04355	10.66549
52.04453	10.66408
52.04463	10.66344
52.04460	10.66316
52.04453	10.66286
52.04421	10.66298
52.04287	10.65785
52.04318	10.65760
52.04294	10.65682
52.04279	10.65599
52.04253	10.65414
52.04245	10.65366
52.04244	10.65293
52.04234	10.65208
52.04200	10.65217
52.04193	10.65110
52.04155	10.64780
52.03909	10.64878
52.03903	10.64931
52.03271	10.65188
52.03305	10.65413
52.03301	10.65442
52.03288	10.65458
52.03040	10.65556
52.03017	10.65573
52.02993	10.65591
52.02911	10.65659
52.02885	10.65677
52.02859	10.65689
52.02802	10.65691
52.02763	10.65684
52.02695	10.65650
52.02446	10.65528
52.02372	10.64953
52.02356	10.64908
52.02325	10.64850
52.02265	10.64752
52.02257	10.64727
52.02255	10.64669
52.02266	10.64569
52.02295	10.64283
52.02293	10.64232
52.02288	10.64215
52.02277	10.64184
52.02263	10.64170
52.02237	10.64159
52.02159	10.64150
52.02079	10.64140
52.01906	10.63991
52.01836	10.63911
52.01764	10.63856
52.01741	10.63854
52.01529	10.63897
52.01515	10.63888
52.01503	10.63844
52.01477	10.63718
52.01454	10.63659
52.01315	10.63434
52.01302	10.63404
52.01288	10.63283
52.01260	10.63246
52.01147	10.62773
52.01152	10.62750
52.01170	10.62716
52.01219	10.62619
52.01211	10.62578
52.01131	10.62386
52.01104	10.62299
52.01097	10.62276
52.01067	10.62333
52.00941	10.62614
52.00914	10.62655
52.00891	10.62699
52.00836	10.62788
52.00795	10.62717
52.00803	10.62488
52.00798	10.62108
52.00810	10.62051
52.00863	10.61948
52.00881	10.61934
52.00932	10.61895
52.00956	10.61866
52.00953	10.61847
52.00924	10.61689
52.00904	10.61561
52.00896	10.61520
52.00892	10.61503
52.00888	10.61483
52.00890	10.61470
52.01041	10.61365
52.01040	10.61342
52.00997	10.61163
52.00980	10.61122
52.00871	10.60820
52.00798	10.60513
52.00771	10.60385
52.00740	10.60220
52.00711	10.60000
52.00912	10.60021
52.00964	10.60021
52.00973	10.60014
52.00972	10.60000
52.00952	10.59648
52.00957	10.59616
52.00974	10.59602
52.01340	10.59704
52.01366	10.59704
52.01415	10.59667
52.01432	10.59640
52.01413	10.59088
52.01138	10.59024
52.01116	10.59005
52.01115	10.58988
52.01063	10.58223
52.01061	10.58181
52.01058	10.57971
52.01073	10.57680
52.01085	10.57545
52.01086	10.57504
52.01083	10.57479
52.00992	10.57135
52.00980	10.57131
52.00877	10.57146
52.00785	10.57160
52.00751	10.57185
52.00654	10.57299
52.00639	10.57302
52.00629	10.57283
52.00627	10.57262
52.00623	10.57226
52.00620	10.57098
52.00603	10.56990
52.00564	10.56768
52.00464	10.56340
52.00409	10.56143
52.00386	10.56081
52.00394	10.56068
52.00594	10.55814
52.00544	10.55773
52.00312	10.55553
52.00287	10.55537
52.00132	10.55752
51.99871	10.55895
51.99767	10.55783
51.99563	10.55580
51.99534	10.55559
51.99531	10.55539
51.99512	10.55356
51.99495	10.55262
51.99487	10.55244
51.99420	10.54918
51.99280	10.54644
51.99285	10.54599
51.99215	10.54464
51.99112	10.54343
51.99049	10.54281
51.98894	10.54191
51.98868	10.54204
51.98759	10.54025
51.98498	10.53778
51.98308	10.53592
51.98288	10.53575
51.98279	10.53722
51.97971	10.53713
51.97951	10.53698
51.97722	10.53391
51.97713	10.53318
51.97702	10.53274
51.97638	10.53176
51.97543	10.53189
51.97489	10.53204
51.97435	10.53193
51.97362	10.53312
51.97343	10.53337
51.97317	10.53356
51.97224	10.53397
51.97185	10.53397
51.97035	10.53301
51.97046	10.53265
51.97091	10.53125
51.97185	10.52835
51.97243	10.52627
51.97348	10.52211
51.97360	10.52184
51.97424	10.52026
51.97454	10.51914
51.97505	10.51754
51.97522	10.51673
51.97561	10.51519
51.97572	10.51461
51.97617	10.51265
51.97698	10.50912
51.97794	10.50585
51.97835	10.50456
51.97876	10.50224
51.97889	10.50105
51.97982	10.50095
51.98018	10.49993
51.98181	10.50082
51.98231	10.50087
51.98244	10.50079
51.98262	10.50068
51.98438	10.50164
51.98431	10.49943
51.98647	10.49974
51.98633	10.49843
51.98653	10.49835
51.98852	10.49825
51.98946	10.49646
51.98878	10.49349
51.98848	10.49347
51.98912	10.49216
51.98899	10.49181
51.98920	10.49133
51.98937	10.49031
51.98954	10.48995
51.98967	10.49014
51.99076	10.48749
51.99082	10.48711
51.99084	10.48335
51.99153	10.48314
51.99160	10.48308
51.99218	10.48293
51.99222	10.48262
51.99248	10.48255
51.99318	10.48233
51.99450	10.48195
51.99482	10.48179
51.99489	10.48195
51.99499	10.48212
51.99650	10.48168
51.99717	10.48148
51.99781	10.48104
51.99849	10.48083
51.99915	10.48019
51.99978	10.47963
52.00002	10.47950
52.00055	10.47961
52.00238	10.48004
52.00293	10.48011
52.00408	10.47944
52.00513	10.47934
52.00524	10.48044
52.00528	10.48074
52.00562	10.48320
52.00641	10.48275
52.00662	10.48277
52.00677	10.48291
52.00688	10.48302
52.00838	10.48574
52.00848	10.48582
52.00858	10.48582
52.00865	10.48569
52.00893	10.48522
52.00925	10.48486
52.00948	10.48472
52.00994	10.48445
52.01019	10.48441
52.01030	10.48441
52.01045	10.48474
52.01076	10.48536
52.01105	10.48572
52.01147	10.48594
52.01149	10.48690
52.01182	10.48783
52.01188	10.48788
52.01255	10.48736
52.01295	10.48653
52.01304	10.48653
52.01312	10.48657
52.01321	10.48673
52.01352	10.48765
52.01420	10.48944
52.01432	10.48960
52.01462	10.48954
52.01576	10.48913
52.01653	10.48892
52.01666	10.48892
52.01682	10.48904
52.01699	10.49047
52.01773	10.49565
52.01782	10.49666
52.01790	10.49673
52.01983	10.49652
52.01964	10.49793
52.01963	10.49922
52.02076	10.49917
52.02077	10.49957
52.02120	10.49949
52.02110	10.49672
52.02114	10.49656
52.02164	10.49646
52.02209	10.49628
52.02164	10.49325
52.02259	10.49299
52.02244	10.49160
52.02236	10.49100
52.02228	10.49066
52.02208	10.48989
52.02207	10.48961
52.02228	10.48870
52.02224	10.48838
52.02262	10.48708
52.02281	10.48679
52.02308	10.48639
52.02343	10.48566
52.02386	10.48501
52.02402	10.48474
52.02415	10.48444
52.02427	10.48405
52.02434	10.48392
52.02482	10.48389
52.02497	10.48394
52.02595	10.48535
52.02606	10.48546
52.02619	10.48546
52.02662	10.48530
52.02680	10.48532
52.02766	10.48586
52.02780	10.48602
52.02788	10.48620
52.02857	10.48650
52.02871	10.48652
52.02937	10.48631
52.02963	10.48610
52.02977	10.48590
52.02992	10.48581
52.03055	10.48564
52.03086	10.48537
52.03021	10.48254
52.03165	10.48043
52.03180	10.48002
52.03199	10.47888
52.03199	10.47867
52.03185	10.47851
52.03178	10.47833
52.03137	10.47692
52.03148	10.47687
52.03384	10.47577
52.03637	10.47463
52.03671	10.47445
52.03682	10.47504
52.03692	10.47493
52.03808	10.47301
52.03823	10.47315
52.03830	10.47321
52.03926	10.47171
52.03939	10.47150
52.03988	10.47073
52.03983	10.47062
52.03975	10.47044
52.04066	10.46900
52.04076	10.46879
52.04091	10.46894
52.04102	10.46904
52.04148	10.46826
52.04161	10.46799
52.04193	10.46700
52.04291	10.46709
52.04308	10.46718
52.04319	10.46725
52.04325	10.46764
52.04335	10.46802
52.04349	10.46830
52.04360	10.46838
52.04370	10.46846
52.04512	10.46893
52.04567	10.46914
52.04560	10.46992
52.04550	10.47071
52.04538	10.47154
52.04536	10.47174
52.04530	10.47228
52.04690	10.47249
52.04664	10.47349
52.04592	10.47631
52.04613	10.48006
52.04626	10.48029
52.04683	10.47990
52.04786	10.47941
52.04808	10.47928
52.04821	10.47926
52.04855	10.47929
52.04994	10.47952
52.05150	10.47961
52.05174	10.47965
52.05195	10.47960
52.05216	10.48617
52.05215	10.48652
52.05225	10.48661
52.05248	10.48660
52.05291	10.48660
52.05341	10.48649
52.05372	10.48651
52.05437	10.48682
52.05458	10.48644
52.05499	10.48662
52.05540	10.48666
52.05586	10.48652
52.05611	10.48688
52.05674	10.48704
52.05705	10.48697
52.05864	10.48733
52.06189	10.48782
52.06195	10.48775
52.06192	10.48688
52.06188	10.48611
52.06177	10.48530
52.06153	10.48418
52.06132	10.48338
52.06110	10.48277
52.06007	10.48026
52.05963	10.47918
52.05948	10.47794
52.05910	10.47528
52.05880	10.47304
52.05878	10.47279
52.05905	10.47026
52.05932	10.46763
52.05941	10.46653
52.06051	10.46717
52.06118	10.46711
52.06228	10.46693
52.06261	10.46653
52.06424	10.46454
52.06509	10.46344
52.06569	10.46311
52.06645	10.46268
52.06721	10.46226
52.06757	10.46201
52.06816	10.46183
52.06850	10.46175
52.06882	10.46175
52.06967	10.46169
52.07091	10.46181
52.07223	10.46193
52.07207	10.46075
52.07304	10.46082
52.07340	10.46079
52.07330	10.45974
52.07303	10.45823
52.07298	10.45781
52.07288	10.45754
52.07281	10.45738
52.07269	10.45725
52.07275	10.45690
52.07286	10.45690
52.07578	10.45717
52.07696	10.45730
52.07723	10.45722
52.07879	10.45633
52.08007	10.45564
52.08130	10.45469
52.08254	10.45374
52.08368	10.45287
52.08366	10.45227
52.08406	10.45231
52.08439	10.45227
52.08440	10.45152
52.08434	10.45098
52.08633	10.45092
52.08705	10.45084
52.08710	10.45028
52.08721	10.44927
52.08922	10.44929
52.08951	10.44885
52.08966	10.44854
52.08973	10.44730
52.08972	10.44666
52.08971	10.44654
52.08966	10.44543
52.09020	10.44527
52.09016	10.44431
52.09024	10.44400
52.09027	10.44374
52.09078	10.44359
52.09129	10.44346
52.09198	10.44285
52.09238	10.44253
52.09273	10.44262
52.09363	10.44293
52.09384	10.44361
52.09392	10.44366
52.09405	10.44405
52.09430	10.44505
52.09466	10.44529
52.09620	10.44629
52.09687	10.44611
52.09694	10.44644
52.09764	10.44606
52.09822	10.44579
52.09838	10.44534
52.09893	10.44466
52.10132	10.44272
52.10133	10.44237
52.10433	10.44022
52.10714	10.43636
52.10709	10.43606
52.10988	10.43310
52.11082	10.43120
52.11102	10.43124
52.11268	10.42826
52.11248	10.42802
52.11259	10.42754
52.05995	10.20230
52.06004	10.20219
52.06015	10.20205
52.06061	10.20168
52.06102	10.20137
52.06148	10.20098
52.06177	10.20077
52.06218	10.20055
52.06244	10.20047
52.06300	10.20041
52.06368	10.20043
52.06408	10.20044
52.06486	10.20015
52.06543	10.19987
52.06599	10.19966
52.06644	10.19941
52.06709	10.19913
52.06783	10.19880
52.06879	10.19858
52.06923	10.19842
52.07037	10.19801
52.07093	10.19797
52.07174	10.19790
52.07343	10.19778
52.07463	10.19765
52.07530	10.19861
52.07573	10.19863
52.07635	10.19862
52.07690	10.19869
52.07751	10.19877
52.07798	10.19888
52.07851	10.19900
52.07919	10.19928
52.08006	10.19941
52.08020	10.19938
52.08033	10.19938
52.08115	10.19958
52.08129	10.19955
52.08163	10.19396
52.08187	10.19396
52.08188	10.19572
52.08171	10.19624
52.08189	10.19636
52.08188	10.19678
52.08205	10.19707
52.08207	10.19759
52.08252	10.19792
52.08252	10.19720
52.08401	10.19628
52.08427	10.19615
52.08497	10.19290
52.08239	10.19249
52.08267	10.18868
52.08273	10.18799
52.08544	10.18822
52.08545	10.18633
52.08704	10.18523
52.09022	10.18320
52.09042	10.18318
52.09041	10.18311
52.09061	10.18316
52.09500	10.18306
52.09668	10.18297
52.09757	10.18284
52.09772	10.18263
52.09771	10.18085
52.09918	10.18082
52.09922	10.18063
52.09940	10.18067
52.09937	10.18078
52.10069	10.18077
52.10078	10.18081
52.10080	10.18068
52.10099	10.18073
52.10099	10.18097
52.10218	10.18227
52.10222	10.18216
52.10321	10.17963
52.10376	10.17818
52.10432	10.17700
52.10442	10.17711
52.10450	10.17698
52.10465	10.17713
52.10464	10.17729
52.10489	10.17750
52.10620	10.17756
52.10697	10.17784
52.10706	10.17787
52.10815	10.17819
52.10824	10.17628
52.10874	10.17598
52.10916	10.17803
52.11047	10.17734
52.11049	10.17829
52.11160	10.18188
52.11162	10.18292
52.11250	10.18221
52.11238	10.18249
52.11361	10.18174
52.11373	10.18559
52.11661	10.18408
52.11667	10.18570
52.11655	10.18736
52.11619	10.18740
52.11604	10.18934
52.11637	10.18955
52.11626	10.19394
52.11964	10.19248
52.11979	10.19415
52.11991	10.19528
52.11960	10.19554
52.11956	10.19614
52.11953	10.19652
52.11950	10.19720
52.11952	10.19759
52.11953	10.19819
52.11956	10.19879
52.11953	10.19888
52.11959	10.19955
52.11962	10.20000
52.11967	10.20055
52.12197	10.20004
52.12280	10.20004
52.12423	10.20013
52.12422	10.20000
52.12412	10.19827
52.12405	10.19697
52.12481	10.19678
52.12472	10.19528
52.12539	10.19520
52.12546	10.19431
52.12712	10.19405
52.12734	10.19398
52.12732	10.19437
52.12997	10.19388
52.13071	10.19387
52.13149	10.19353
52.13165	10.19371
52.13165	10.19425
52.13171	10.19467
52.13174	10.19495
52.13187	10.19547
52.13253	10.19483
52.13298	10.19460
52.13318	10.19444
52.13352	10.19417
52.13383	10.19382
52.13390	10.19358
52.13395	10.19285
52.13487	10.19277
52.13534	10.19282
52.13625	10.19344
52.13647	10.19353
52.13700	10.19338
52.13791	10.19320
52.13818	10.19298
52.13852	10.19259
52.13852	10.19160
52.13852	10.19141
52.13852	10.18903
52.13696	10.18892
52.13696	10.18881
52.13692	10.18722
52.13801	10.18723
52.13979	10.18723
52.13887	10.18078
52.13823	10.17618
52.13845	10.17616
52.13875	10.17642
52.14099	10.17660
52.14130	10.17859
52.14118	10.17876
52.14146	10.18079
52.14159	10.18153
52.14237	10.18128
52.14726	10.17988
52.14809	10.17969
52.14859	10.17974
52.14871	10.18009
52.14918	10.18016
52.14969	10.18454
52.15032	10.18468
52.15185	10.18490
52.15246	10.18494
52.15328	10.18500
52.15339	10.18548
52.15569	10.18575
52.15702	10.18639
52.15718	10.18596
52.15971	10.18743
52.16014	10.18773
52.16027	10.18783
52.16071	10.18814
52.16260	10.18923
52.16284	10.18923
52.16327	10.18884
52.16476	10.18930
52.16491	10.19002
52.16584	10.19023
52.16590	10.19073
52.16610	10.19079
52.16634	10.19095
52.16646	10.19115
52.16658	10.19134
52.16703	10.19224
52.16748	10.19325
52.16783	10.19445
52.16815	10.19437
52.16856	10.19553
52.17076	10.19451
52.17190	10.19958
52.17462	10.19856
52.17517	10.19835
52.17536	10.19901
52.17544	10.19921
52.17572	10.20000
52.17627	10.20152
52.17648	10.20177
52.17661	10.20192
52.17771	10.20503
52.17897	10.20358
52.17936	10.20459
52.17811	10.20601
52.17860	10.20735
52.17865	10.20748
52.17876	10.20778
52.17856	10.20818
52.17915	10.21008
52.17943	10.21002
52.17984	10.21165
52.17919	10.21241
52.17926	10.21280
52.17930	10.21492
52.17904	10.21506
52.17909	10.21692
52.17885	10.21748
52.17900	10.21781
52.18086	10.21670
52.18115	10.21783
52.17831	10.21955
52.17811	10.21967
52.17827	10.22050
52.17812	10.22087
52.17777	10.22182
52.17645	10.22294
52.17662	10.22487
52.17675	10.22621
52.17684	10.22811
52.17715	10.22813
52.17736	10.23034
52.17707	10.23053
52.17729	10.23208
52.17757	10.23269
52.17794	10.23339
52.17649	10.23353
52.17476	10.23364
52.16982	10.23402
52.17005	10.23335
52.17040	10.23226
52.17055	10.23064
52.16567	10.23158
52.16521	10.23166
52.16277	10.23222
52.16276	10.23261
52.15922	10.23342
52.15936	10.23458
52.15952	10.23588
52.15895	10.23603
52.15889	10.23605
52.15335	10.23746
52.15058	10.23810
52.15049	10.23821
52.15058	10.23862
52.15007	10.23874
52.14715	10.23939
52.14684	10.23940
52.14223	10.24473
52.14210	10.24489
52.14295	10.24526
52.14042	10.24823
52.13949	10.24688
52.13816	10.24459
52.13810	10.24447
52.13800	10.24432
52.13776	10.24406
52.13633	10.24230
52.13620	10.24245
52.13546	10.24335
52.13511	10.24296
52.13474	10.24245
52.13294	10.24034
52.13261	10.23933
52.13228	10.23857
52.13180	10.23821
52.13128	10.23681
52.13113	10.23639
52.13062	10.23470
52.13046	10.23429
52.13004	10.23342
52.12991	10.23296
52.12761	10.23439
52.12741	10.23485
52.12718	10.23525
52.12709	10.23541
52.12638	10.23670
52.12602	10.23692
52.12553	10.23685
52.12092	10.24041
52.12069	10.24099
52.12030	10.24198
52.12026	10.24214
52.12027	10.24228
52.12157	10.24563
52.12106	10.24577
52.12072	10.24602
52.12057	10.24608
52.12020	10.24616
52.12008	10.24624
52.11977	10.24625
52.11964	10.24629
52.11916	10.24673
52.11888	10.24705
52.11874	10.24718
52.11866	10.24725
52.11847	10.24765
52.11827	10.24797
52.11812	10.24813
52.11797	10.24821
52.11785	10.24841
52.11740	10.24891
52.11725	10.24917
52.11706	10.24931
52.11691	10.24977
52.11684	10.24993
52.11679	10.25021
52.11656	10.25082
52.11646	10.25100
52.11623	10.25124
52.11607	10.25128
52.11594	10.25119
52.11585	10.25097
52.11571	10.25091
52.11554	10.25097
52.11389	10.25182
52.11319	10.25195
52.11246	10.25158
52.11144	10.25064
52.11126	10.25055
52.11113	10.25060
52.11103	10.25069
52.11089	10.25095
52.11072	10.25126
52.11071	10.25146
52.11070	10.25214
52.11063	10.25237
52.11055	10.25248
52.10993	10.25259
52.10952	10.25266
52.10742	10.25405
52.10929	10.26165
52.11041	10.26617
52.10901	10.26725
52.10880	10.26741
52.10637	10.26928
52.10431	10.27084
52.10424	10.27090
52.10545	10.27511
52.10530	10.27522
52.10589	10.27705
52.10602	10.27747
52.10627	10.27814
52.10664	10.27930
52.10718	10.28171
52.10740	10.28256
52.10709	10.28273
52.10701	10.28337
52.10689	10.28362
52.10678	10.28415
52.10657	10.28472
52.10648	10.28481
52.10620	10.28494
52.10599	10.28514
52.10526	10.28605
52.10502	10.28625
52.10451	10.28626
52.10406	10.28644
52.10408	10.28657
52.10481	10.29112
52.10682	10.30374
52.10675	10.30377
52.10625	10.30398
52.10580	10.30641
52.10576	10.30679
52.10561	10.30700
52.10535	10.30709
52.10472	10.30739
52.10130	10.30906
52.10125	10.30875
52.10068	10.30559
52.09878	10.30641
52.09933	10.30962
52.09940	10.30995
52.09895	10.31016
52.09946	10.31347
52.10039	10.31768
52.09859	10.31901
52.09739	10.31991
52.09634	10.32046
52.09590	10.32063
52.09550	10.32079
52.09546	10.32096
52.09543	10.32103
52.09542	10.32111
52.09550	10.32130
52.09554	10.32140
52.09552	10.32164
52.09544	10.32182
52.09456	10.32254
52.09436	10.32279
52.09420	10.32312
52.09409	10.32353
52.09401	10.32363
52.09381	10.32389
52.09357	10.32409
52.09325	10.32423
52.09226	10.32452
52.09165	10.32511
52.09037	10.32578
52.09022	10.32583
52.08959	10.32603
52.08902	10.32613
52.08656	10.32678
52.08658	10.32696
52.08662	10.32720
52.08584	10.32740
52.08510	10.32765
52.08134	10.32994
52.08105	10.33008
52.08048	10.33018
52.07885	10.33034
52.07876	10.33035
52.07890	10.33080
52.07954	10.33304
52.07960	10.33327
52.07862	10.33195
52.07686	10.33289
52.07580	10.33342
52.07281	10.33492
52.07207	10.33530
52.07209	10.33574
52.07198	10.33578
52.07045	10.33592
52.06949	10.33715
52.06927	10.33743
52.06807	10.33744
52.06669	10.33841
52.06579	10.33904
52.06412	10.33951
52.06343	10.34038
52.06323	10.34046
52.06258	10.34074
52.06247	10.34084
52.06228	10.34101
52.06021	10.34308
52.05999	10.34330
52.05952	10.34341
52.05901	10.34347
52.05846	10.34355
52.05633	10.34460
52.05552	10.34510
52.05502	10.34534
52.05478	10.34543
52.05376	10.34564
52.05246	10.34631
52.05231	10.34560
52.05135	10.34604
52.05045	10.34571
52.04955	10.34599
52.04928	10.34455
52.04915	10.34461
52.04862	10.34174
52.04858	10.34151
52.04851	10.34116
52.04848	10.34108
52.04832	10.34060
52.04826	10.34050
52.04821	10.34042
52.04852	10.34003
52.04698	10.33582
52.04677	10.33524
52.04631	10.33556
52.04490	10.33710
52.04270	10.33778
52.04266	10.33755
52.04282	10.33748
52.04260	10.33327
52.04270	10.33169
52.04270	10.33137
52.04263	10.33084
52.04229	10.32885
52.04217	10.32815
52.04425	10.32740
52.04378	10.32419
52.04347	10.32113
52.04357	10.32111
52.04651	10.31983
52.04721	10.32152
52.04732	10.32147
52.04786	10.32123
52.04787	10.32112
52.04777	10.32075
52.04713	10.31899
52.04666	10.31785
52.04577	10.31600
52.04577	10.31591
52.04713	10.31549
52.04469	10.30966
52.04462	10.30949
52.05014	10.30640
52.05006	10.30260
52.05137	10.30154
52.05082	10.29717
52.05051	10.29447
52.04871	10.29268
52.04841	10.29245
52.04689	10.29159
52.04694	10.29127
52.04694	10.29095
52.04691	10.29063
52.04682	10.29031
52.04678	10.28894
52.04686	10.28821
52.04703	10.28756
52.04741	10.28637
52.04713	10.28602
52.04696	10.28573
52.04681	10.28546
52.04652	10.28569
52.04626	10.28588
52.04465	10.28712
52.04453	10.28728
52.04449	10.28767
52.03919	10.29206
52.03859	10.29248
52.03869	10.29015
52.03889	10.28704
52.03861	10.28685
52.03598	10.28495
52.03583	10.28485
52.03497	10.28554
52.03444	10.28589
52.03373	10.28627
52.03364	10.28625
52.03334	10.28621
52.03272	10.28613
52.03252	10.28610
52.03167	10.28604
52.03135	10.28601
52.03127	10.28602
52.03096	10.28606
52.03079	10.28608
52.03067	10.28612
52.03054	10.28615
52.03039	10.28621
52.03012	10.28632
52.03003	10.28637
52.02970	10.28655
52.02961	10.28658
52.02939	10.28666
52.02932	10.28667
52.02913	10.28671
52.02902	10.28673
52.02887	10.28668
52.02849	10.28654
52.02841	10.28645
52.02809	10.28605
52.02793	10.28629
52.02778	10.28653
52.02587	10.28400
52.02567	10.28370
52.02581	10.28313
52.02527	10.28245
52.02510	10.28201
52.02508	10.28194
52.02481	10.28101
52.02473	10.28071
52.02449	10.27978
52.02421	10.27855
52.02407	10.27795
52.02361	10.27795
52.02353	10.27741
52.02345	10.27693
52.02329	10.27635
52.02310	10.27587
52.02302	10.27571
52.02281	10.27539
52.02269	10.27521
52.02236	10.27481
52.02211	10.27450
52.02169	10.27391
52.02147	10.27360
52.02060	10.27238
52.02030	10.27210
52.02002	10.27184
52.01988	10.27167
52.01963	10.27136
52.01932	10.26991
52.01918	10.26930
52.01900	10.26864
52.01884	10.26804
52.01881	10.26793
52.01842	10.26654
52.01815	10.26656
52.01720	10.26501
52.01707	10.26478
52.01674	10.26437
52.01554	10.26345
52.01556	10.26323
52.01558	10.26304
52.01559	10.26284
52.01563	10.26245
52.01475	10.26198
52.01478	10.26164
52.01479	10.26063
52.01438	10.26026
52.01421	10.26027
52.01376	10.26061
52.01349	10.25990
52.01330	10.26025
52.01302	10.25972
52.01283	10.25922
52.01243	10.25755
52.01221	10.25658
52.01163	10.25412
52.01150	10.25385
52.01118	10.25225
52.01112	10.25197
52.01069	10.25008
52.01027	10.24869
52.00906	10.24231
52.00901	10.24110
52.00875	10.24105
52.00617	10.23500
52.00479	10.23318
52.00433	10.23144
52.00393	10.23117
52.00373	10.23067
52.00374	10.22989
52.00375	10.22918
52.00443	10.22751
52.00510	10.22614
52.00543	10.22548
52.00576	10.22480
52.00569	10.22425
52.00575	10.22380
52.00629	10.22407
52.00709	10.22393
52.00795	10.22312
52.00774	10.22237
52.00758	10.22072
52.00733	10.21944
52.00719	10.21892
52.00714	10.21862
52.00713	10.21832
52.00715	10.21789
52.00688	10.21697
52.00681	10.21620
52.00651	10.21467
52.00630	10.21409
52.00613	10.21348
52.00652	10.21286
52.00702	10.21228
52.00715	10.21001
52.00717	10.20968
52.00729	10.20917
52.00733	10.20878
52.00732	10.20837
52.00739	10.20814
52.00742	10.20773
52.00742	10.20748
52.00732	10.20723
52.00723	10.20576
52.00732	10.20540
52.00715	10.20407
52.00816	10.20409
52.00894	10.20356
52.00949	10.20365
52.01160	10.20396
52.01228	10.20352
52.01229	10.20316
52.01541	10.20181
52.01724	10.20215
52.01928	10.20230
52.01990	10.20225
52.02044	10.20230
52.02064	10.20193
52.02216	10.20238
52.02239	10.20238
52.02275	10.20231
52.02297	10.20222
52.02320	10.20205
52.02412	10.20132
52.02453	10.20093
52.02476	10.20081
52.02627	10.20055
52.02659	10.20041
52.02684	10.20070
52.02704	10.20094
52.02762	10.20070
52.02827	10.20050
52.02871	10.20047
52.02919	10.20056
52.02956	10.20067
52.03008	10.20053
52.03074	10.20019
52.03070	10.20000
52.03067	10.19982
52.03090	10.19975
52.03149	10.19968
52.03191	10.19979
52.03206	10.19995
52.03214	10.20016
52.03252	10.20160
52.03497	10.20000
52.03548	10.19967
52.03603	10.19911
52.03672	10.19860
52.03710	10.19810
52.03787	10.19739
52.03839	10.19672
52.03981	10.19580
52.04253	10.19378
52.04453	10.19303
52.04472	10.19360
52.04476	10.19370
52.04582	10.19683
52.04596	10.19708
52.04629	10.19746
52.04694	10.19927
52.04708	10.19943
52.04742	10.19949
52.04807	10.19981
52.04886	10.19976
52.04926	10.19978
52.04999	10.19994
52.05014	10.20000
52.05038	10.20010
52.05104	10.20060
52.05207	10.20000
52.05401	10.19887
52.05552	10.19824
52.05580	10.19797
52.05648	10.19746
52.05860	10.19608
52.05946	10.19564
52.06015	10.19539
52.06174	10.19458
52.06182	10.19467
52.06225	10.19675
52.06235	10.19707
52.06105	10.19859
52.06099	10.19907
52.06082	10.19964
52.06067	10.20000
52.06060	10.20017
52.06031	10.20067
52.05967	10.20154
52.05962	10.20179
52.05968	10.20232
52.05995	10.20230
52.11259	10.42754
52.11504	10.42807
52.11633	10.42875
52.11597	10.42958
52.11780	10.43014
52.11857	10.43042
52.11933	10.43059
52.11962	10.43066
52.12026	10.43080
52.12040	10.43083
52.12178	10.43103
52.12256	10.43062
52.12254	10.43150
52.12631	10.43263
52.12630	10.43374
52.12697	10.43392
52.12922	10.43457
52.12920	10.43331
52.12920	10.43198
52.13001	10.43258
52.13123	10.43350
52.13588	10.43612
52.13659	10.43649
52.13932	10.43830
52.13959	10.43848
52.13976	10.44092
52.13985	10.44151
52.14004	10.44236
52.13946	10.44262
52.13932	10.44271
52.14203	10.44627
52.14213	10.44640
52.14394	10.44909
52.14456	10.44995
52.14656	10.45230
52.14689	10.45257
52.14763	10.45341
52.14782	10.45361
52.14797	10.45383
52.14854	10.45438
52.14946	10.45558
52.15017	10.45640
52.15024	10.45650
52.15208	10.45877
52.15474	10.46205
52.15703	10.46498
52.15797	10.46609
52.15839	10.46661
52.16659	10.47708
52.16673	10.47726
52.16845	10.47944
52.16863	10.47967
52.16878	10.47981
52.16885	10.48193
52.16894	10.48451
52.17197	10.48416
52.17199	10.48448
52.17209	10.48583
52.17256	10.49229
52.17493	10.49289
52.17494	10.49318
52.17506	10.49501
52.17573	10.50015
52.17783	10.49877
52.17788	10.50210
52.17900	10.50313
52.17975	10.49874
52.18093	10.49870
52.18109	10.49880
52.18115	10.49891
52.18127	10.49975
52.18131	10.49998
52.18143	10.49998
52.18156	10.49978
52.18169	10.50091
52.18265	10.50069
52.18283	10.50181
52.18321	10.50385
52.18390	10.50357
52.18383	10.50711
52.18380	10.50773
52.18487	10.50733
52.18699	10.50644
52.18709	10.50699
52.18754	10.50953
52.18687	10.50980
52.18688	10.50995
52.18772	10.51253
52.18790	10.51295
52.18794	10.51306
52.18815	10.51297
52.18821	10.51313
52.18827	10.51323
52.18879	10.51295
52.18882	10.51306
52.18954	10.51579
52.18973	10.51603
52.19030	10.51566
52.19038	10.51583
52.19042	10.51605
52.19042	10.51623
52.19025	10.51694
52.19044	10.51730
52.19033	10.51745
52.19032	10.51764
52.19044	10.51772
52.19092	10.51876
52.19097	10.51886
52.19104	10.51888
52.19120	10.51886
52.19128	10.51880
52.19131	10.51784
52.19140	10.51756
52.19148	10.51743
52.19163	10.51731
52.19189	10.51726
52.19204	10.51725
52.19212	10.51729
52.19221	10.51741
52.19227	10.51756
52.19233	10.51806
52.19237	10.51823
52.19262	10.51860
52.19283	10.51875
52.19307	10.51894
52.19309	10.51905
52.19309	10.52044
52.19309	10.52081
52.19307	10.52094
52.19302	10.52104
52.19289	10.52119
52.19274	10.52141
52.19265	10.52148
52.19256	10.52152
52.19212	10.52169
52.19216	10.52205
52.19294	10.52491
52.19037	10.52693
52.19040	10.52707
52.19053	10.52772
52.19064	10.52809
52.19070	10.52820
52.19125	10.52859
52.19146	10.52890
52.19161	10.52921
52.19215	10.53090
52.19218	10.53125
52.19215	10.53162
52.19219	10.53181
52.19237	10.53247
52.19247	10.53303
52.19253	10.53381
52.19253	10.53424
52.19251	10.53492
52.19235	10.53596
52.19216	10.53671
52.19201	10.53704
52.19195	10.53771
52.19186	10.53828
52.19173	10.53873
52.19358	10.53849
52.19410	10.53852
52.19476	10.53866
52.19509	10.53882
52.19675	10.53989
52.19780	10.54058
52.19826	10.54096
52.19895	10.54145
52.19928	10.54168
52.19962	10.54193
52.20234	10.54430
52.20239	10.54459
52.20241	10.54471
52.20248	10.54475
52.20444	10.54579
52.20388	10.54749
52.20293	10.55003
52.20293	10.55018
52.20297	10.55031
52.20401	10.55121
52.20630	10.55277
52.20496	10.55697
52.20436	10.55869
52.20320	10.56106
52.20291	10.56225
52.20283	10.56283
52.20278	10.56373
52.20275	10.56772
52.20251	10.56782
52.20252	10.56796
52.20256	10.56816
52.20262	10.56880
52.20243	10.57057
52.20354	10.57025
52.20390	10.57462
52.20419	10.57450
52.20479	10.57757
52.20677	10.57654
52.20671	10.57573
52.20983	10.57609
52.21018	10.57495
52.21022	10.57374
52.21034	10.57373
52.21045	10.57373
52.21065	10.57373
52.21068	10.57260
52.21083	10.57257
52.21127	10.57241
52.21180	10.57235
52.21232	10.57240
52.21292	10.57290
52.21334	10.57319
52.21370	10.57294
52.21454	10.57236
52.21501	10.57196
52.21525	10.57405
52.21569	10.57413
52.21650	10.57479
52.21699	10.57508
52.21740	10.57497
52.21832	10.57418
52.21944	10.57431
52.21995	10.57458
52.22061	10.57491
52.22092	10.57471
52.22116	10.57455
52.22127	10.57448
52.22143	10.57494
52.22162	10.57550
52.22174	10.57584
52.22242	10.57534
52.22267	10.57564
52.22288	10.57587
52.22340	10.57640
52.22320	10.57688
52.22308	10.57755
52.22292	10.57790
52.22265	10.57829
52.22254	10.57869
52.22221	10.57897
52.22202	10.57909
52.22185	10.57931
52.22162	10.57994
52.22135	10.58030
52.22112	10.58037
52.22098	10.58064
52.22077	10.58086
52.22060	10.58099
52.22049	10.58127
52.22041	10.58158
52.22068	10.58199
52.22082	10.58222
52.22085	10.58246
52.22097	10.58297
52.22116	10.58344
52.22154	10.58436
52.22176	10.58476
52.22195	10.58541
52.22202	10.58568
52.22203	10.58616
52.22199	10.58643
52.22197	10.58691
52.22209	10.58753
52.22230	10.58804
52.22252	10.58851
52.22269	10.58919
52.22282	10.58990
52.22274	10.59097
52.22271	10.59203
52.22263	10.59255
52.22204	10.59288
52.22186	10.59309
52.22170	10.59354
52.22184	10.59447
52.22226	10.59579
52.22230	10.59658
52.22234	10.59737
52.22240	10.59750
52.22246	10.59761
52.22260	10.59787
52.22274	10.59824
52.22383	10.59916
52.22482	10.59968
52.22554	10.60027
52.22648	10.60065
52.22751	10.60071
52.22829	10.60045
52.22905	10.60073
52.22990	10.60108
52.23149	10.60150
52.23224	10.60130
52.23286	10.60069
52.23332	10.59978
52.23358	10.59909
52.23377	10.59907
52.23392	10.59905
52.23414	10.59890
52.23428	10.59890
52.23449	10.59892
52.23527	10.59917
52.23918	10.60010
52.23962	10.60022
52.23985	10.60017
52.24014	10.60009
52.24096	10.59965
52.24123	10.60057
52.24206	10.59992
52.24276	10.59911
52.24291	10.59979
52.24341	10.59977
52.24373	10.59980
52.24363	10.59788
52.24725	10.59596
52.25010	10.59445
52.25020	10.59332
52.25044	10.59332
52.25059	10.59332
52.25073	10.59334
52.25068	10.59615
52.25068	10.60010
52.25068	10.60022
52.25074	10.60084
52.25104	10.60183
52.25136	10.60337
52.25148	10.60429
52.25161	10.60467
52.25222	10.60669
52.25256	10.60783
52.25279	10.60859
52.25372	10.60840
52.25373	10.60912
52.25399	10.60912
52.25400	10.60997
52.25417	10.60997
52.25421	10.61083
52.25497	10.61064
52.25511	10.61163
52.25605	10.61149
52.25602	10.61300
52.25624	10.61295
52.26052	10.61203
52.26473	10.61234
52.26483	10.61262
52.26446	10.61394
52.26347	10.61384
52.26377	10.61987
52.26501	10.61993
52.26494	10.61921
52.26510	10.61900
52.26541	10.61861
52.26588	10.61822
52.26632	10.61852
52.26695	10.61800
52.26751	10.61806
52.26769	10.61804
52.26798	10.61801
52.26809	10.61850
52.26850	10.61876
52.26861	10.61508
52.26885	10.61513
52.27024	10.61527
52.27029	10.61311
52.27053	10.61313
52.27286	10.61345
52.27697	10.61399
52.27702	10.61628
52.27702	10.61647
52.27703	10.61669
52.27710	10.62167
52.27721	10.62662
52.27812	10.62665
52.27831	10.62665
52.28122	10.62672
52.28123	10.62698
52.28125	10.62878
52.28240	10.62886
52.28250	10.63132
52.28298	10.63216
52.28365	10.63323
52.28437	10.63410
52.28524	10.63501
52.28528	10.63806
52.28544	10.63816
52.28671	10.63886
52.28564	10.64208
52.28535	10.64237
52.28515	10.64473
52.28587	10.64491
52.28595	10.64489
52.28606	10.64469
52.28613	10.64421
52.28619	10.64230
52.28758	10.63812
52.28819	10.63562
52.28914	10.63590
52.28926	10.63594
52.29013	10.63622
52.29011	10.63681
52.29009	10.63719
52.29238	10.63758
52.29268	10.63765
52.29280	10.63758
52.29366	10.63720
52.29402	10.63703
52.29465	10.63695
52.29499	10.63687
52.29524	10.63682
52.29539	10.63675
52.29560	10.63657
52.29582	10.63640
52.29604	10.63628
52.29643	10.63594
52.29648	10.63626
52.29648	10.63682
52.29651	10.63696
52.29651	10.63716
52.29649	10.63737
52.29636	10.63762
52.29609	10.63794
52.29535	10.63842
52.29505	10.63999
52.29495	10.64027
52.29491	10.64058
52.29487	10.64090
52.29490	10.64155
52.29495	10.64214
52.29499	10.64339
52.29516	10.64370
52.29568	10.64507
52.29583	10.64579
52.29596	10.64596
52.29608	10.64608
52.29633	10.64618
52.29652	10.64636
52.29697	10.64686
52.29728	10.64703
52.29870	10.64709
52.29904	10.64725
52.29891	10.64792
52.29823	10.65063
52.29770	10.65063
52.29768	10.65103
52.30005	10.65126
52.30101	10.65152
52.30090	10.65214
52.30087	10.65249
52.30093	10.65311
52.30122	10.65470
52.30009	10.65504
52.30042	10.65761
52.30014	10.65770
52.29979	10.65521
52.29908	10.65533
52.29921	10.65672
52.29954	10.66060
52.29856	10.66099
52.29830	10.66411
52.29825	10.66464
52.29820	10.66529
52.29808	10.66752
52.29562	10.66834
52.29564	10.66849
52.29598	10.67139
52.29732	10.67102
52.29618	10.67565
52.29852	10.67724
52.29915	10.67753
52.29946	10.68225
52.29961	10.68448
52.29975	10.68668
52.29986	10.68848
52.29995	10.68973
52.30021	10.68978
52.30068	10.69503
52.30105	10.69507
52.30173	10.69514
52.30213	10.70027
52.30332	10.71569
52.30115	10.71921
52.29992	10.72122
52.29995	10.72164
52.29924	10.72276
52.29913	10.72294
52.29641	10.72734
52.29356	10.73188
52.29289	10.73297
52.29192	10.73111
52.29147	10.73052
52.29121	10.73024
52.28684	10.72715
52.28651	10.73012
52.28549	10.73015
52.28523	10.73027
52.28490	10.73079
52.28470	10.73094
52.28360	10.73124
52.28315	10.73141
52.28149	10.73015
52.28085	10.73010
52.28067	10.72993
52.28053	10.73000
52.28024	10.72988
52.28004	10.72985
52.27983	10.72990
52.27956	10.73005
52.27938	10.73166
52.27936	10.73186
52.27920	10.73327
52.27917	10.73350
52.27954	10.73404
52.27916	10.73466
52.27885	10.73504
52.27858	10.73523
52.27817	10.73541
52.27776	10.73536
52.27728	10.73509
52.27714	10.73501
52.27702	10.73504
52.27664	10.73541
52.27649	10.73546
52.27508	10.73499
52.27459	10.73472
52.27438	10.73425
52.27432	10.73416
52.27420	10.73400
52.27406	10.73387
52.27370	10.73382
52.27254	10.73363
52.27228	10.73370
52.27212	10.73382
52.27191	10.73419
52.27137	10.73514
52.27107	10.73544
52.27085	10.73551
52.26987	10.73541
52.26974	10.73524
52.26967	10.73474
52.26959	10.73460
52.26927	10.73437
52.26871	10.73417
52.26833	10.73343
52.26792	10.73291
52.26781	10.73266
52.26763	10.73157
52.26749	10.73125
52.26688	10.73033
52.26663	10.72988
52.26631	10.72904
52.26619	10.72882
52.26576	10.72835
52.26563	10.72810
52.26500	10.72741
52.26432	10.72676
52.26380	10.72619
52.26322	10.72542
52.26277	10.72463
52.26264	10.72451
52.26210	10.72443
52.26197	10.72458
52.26191	10.72480
52.26167	10.72525
52.26079	10.72597
52.26132	10.72783
52.26186	10.72857
52.26079	10.73011
52.26050	10.72989
52.26009	10.73028
52.25903	10.73143
52.25907	10.73271
52.25708	10.73431
52.25726	10.73527
52.25580	10.73597
52.25542	10.73532
52.25400	10.73634
52.25413	10.73686
52.25390	10.73696
52.25405	10.73733
52.25393	10.73744
52.25192	10.73889
52.25175	10.73825
52.25033	10.73929
52.25008	10.73815
52.24868	10.73912
52.24820	10.73746
52.24670	10.73894
52.24646	10.73917
52.24602	10.73961
52.24630	10.74028
52.24616	10.74068
52.24572	10.74140
52.24532	10.74194
52.24494	10.74234
52.24430	10.74281
52.24409	10.74296
52.24315	10.74393
52.24283	10.74457
52.23936	10.74943
52.23920	10.75099
52.23911	10.75134
52.23851	10.75290
52.23823	10.75365
52.23711	10.75553
52.23666	10.75608
52.23638	10.75628
52.23547	10.75680
52.23338	10.75772
52.23308	10.75779
52.23283	10.75814
52.23236	10.75893
52.23210	10.75928
52.23191	10.75938
52.22977	10.76012
52.22926	10.76057
52.22916	10.76057
52.22911	10.76029
52.22904	10.76029
52.22858	10.76033
52.22664	10.76065
52.22532	10.76093
52.22432	10.76139
52.22421	10.76184
52.22417	10.76215
52.22413	10.76244
52.22413	10.76271
52.22447	10.76380
52.22447	10.76403
52.22457	10.76500
52.22460	10.76533
52.22459	10.76570
52.22449	10.76601
52.22422	10.76653
52.22300	10.76898
52.22297	10.76929
52.22284	10.76999
52.22263	10.77020
52.22207	10.77051
52.22190	10.77057
52.22138	10.77093
52.22094	10.77182
52.22073	10.77261
52.22058	10.77318
52.22027	10.77389
52.22002	10.77429
52.21970	10.77474
52.21936	10.77522
52.21903	10.77578
52.21892	10.77609
52.21886	10.77657
52.21873	10.77748
52.21869	10.77772
52.21869	10.77785
52.21830	10.77924
52.21789	10.78023
52.21737	10.78085
52.21714	10.78100
52.21595	10.78131
52.21539	10.78145
52.21489	10.78153
52.21227	10.78294
52.21199	10.78304
52.21139	10.78286
52.21116	10.78272
52.21088	10.78237
52.21017	10.78227
52.20979	10.78227
52.20940	10.78254
52.20861	10.78356
52.20797	10.78388
52.20655	10.78440
52.20643	10.78534
52.20600	10.78889
52.20695	10.79340
52.20705	10.79385
52.20716	10.79407
52.20734	10.79531
52.20734	10.79650
52.20740	10.79702
52.20752	10.79732
52.20775	10.79762
52.20780	10.79782
52.20780	10.79801
52.20772	10.79819
52.20657	10.79963
52.20623	10.80015
52.20575	10.80104
52.20515	10.80193
52.20471	10.80278
52.20456	10.80320
52.20427	10.80436
52.20424	10.80474
52.20428	10.80508
52.20448	10.80565
52.20556	10.80773
52.20558	10.80792
52.20562	10.80843
52.20565	10.80947
52.20570	10.80989
52.20596	10.81118
52.20617	10.81274
52.20649	10.81405
52.20650	10.81420
52.20687	10.81589
52.20687	10.81597
52.20584	10.81632
52.20480	10.81668
52.20418	10.81705
52.20390	10.81706
52.20258	10.81683
52.20200	10.81686
52.20155	10.81696
52.20127	10.81691
52.20052	10.81649
52.20027	10.81651
52.19937	10.81780
52.19896	10.81790
52.19852	10.81788
52.19785	10.81783
52.19716	10.81813
52.19644	10.81816
52.19554	10.81849
52.19460	10.81839
52.19414	10.82081
52.19203	10.82180
52.19160	10.82202
52.19145	10.82218
52.19134	10.82273
52.19134	10.82291
52.19166	10.82438
52.19178	10.82545
52.19131	10.82847
52.19114	10.82896
52.19108	10.82911
52.19086	10.82948
52.18980	10.83049
52.18901	10.83102
52.18841	10.83189
52.18661	10.83543
52.18590	10.83642
52.18487	10.83717
52.18435	10.83783
52.18413	10.83823
52.18399	10.83850
52.18354	10.83924
52.18319	10.83971
52.18317	10.83972
52.18301	10.83977
52.18160	10.83947
52.18151	10.84001
52.18079	10.83988
52.17946	10.83965
52.17943	10.83904
52.17905	10.83896
52.17872	10.83911
52.17839	10.83932
52.17845	10.83972
52.17827	10.84017
52.17762	10.84180
52.17725	10.84168
52.17631	10.84431
52.17649	10.84479
52.17594	10.84533
52.17545	10.84576
52.17515	10.84590
52.17448	10.84607
52.17461	10.84638
52.17464	10.84681
52.17459	10.84727
52.17461	10.84753
52.17467	10.84788
52.17467	10.84849
52.17514	10.84879
52.17535	10.84907
52.17561	10.84964
52.17598	10.85059
52.17632	10.85134
52.17658	10.85182
52.17702	10.85238
52.17769	10.85331
52.17802	10.85388
52.17815	10.85419
52.17753	10.85507
52.17682	10.85596
52.17606	10.85664
52.17551	10.85709
52.17457	10.85736
52.17363	10.85750
52.17309	10.85762
52.17567	10.86209
52.17589	10.86254
52.17594	10.86284
52.17595	10.86324
52.17622	10.86335
52.17682	10.86399
52.18089	10.86876
52.18074	10.86974
52.17977	10.88081
52.17975	10.88162
52.17989	10.88296
52.18014	10.88515
52.17902	10.88497
52.17893	10.88550
52.17745	10.88523
52.17744	10.88473
52.17471	10.88426
52.17463	10.88479
52.17337	10.88455
52.17226	10.88474
52.17217	10.88435
52.16974	10.88516
52.16966	10.88575
52.16675	10.88714
52.16662	10.88663
52.16501	10.88754
52.16482	10.88769
52.16483	10.88824
52.16356	10.88896
52.16313	10.88897
52.16111	10.88881
52.16085	10.88863
52.15996	10.88822
52.15872	10.88752
52.15834	10.88710
52.15685	10.88526
52.15627	10.88468
52.15605	10.88450
52.15533	10.88427
52.15498	10.88400
52.15451	10.88406
52.15425	10.88392
52.15300	10.88368
52.15258	10.88368
52.15211	10.88391
52.15177	10.88397
52.15148	10.88392
52.15099	10.88371
52.15021	10.88317
52.14964	10.88257
52.14864	10.88188
52.14784	10.88141
52.14742	10.88120
52.14721	10.88118
52.14672	10.88113
52.14650	10.88112
52.14625	10.87985
52.14622	10.87931
52.14629	10.87747
52.14638	10.87675
52.14527	10.87636
52.14283	10.87575
52.14257	10.87566
52.14110	10.87476
52.13581	10.87311
52.13588	10.87240
52.13569	10.87239
52.13558	10.87241
52.13484	10.87253
52.13477	10.87277
52.13195	10.87148
52.13055	10.87061
52.13002	10.87029
52.12926	10.86968
52.12900	10.86961
52.12869	10.86945
52.12841	10.86925
52.12815	10.86892
52.12787	10.86844
52.12690	10.86885
52.12516	10.87094
52.12500	10.87096
52.12328	10.87036
52.12288	10.87015
52.12277	10.87009
52.12282	10.86631
52.12068	10.86468
52.12196	10.86200
52.12272	10.85924
52.12275	10.85896
52.12019	10.85624
52.11736	10.85331
52.11812	10.85094
52.11770	10.84995
52.11765	10.84954
52.11766	10.84624
52.11682	10.84623
52.11671	10.84614
52.11666	10.84596
52.11678	10.83998
52.11679	10.83898
52.11695	10.83839
52.11718	10.83558
52.11155	10.83585
52.11177	10.83218
52.11106	10.83243
52.11097	10.83191
52.11015	10.83224
52.11020	10.83268
52.10829	10.83332
52.10796	10.83297
52.10586	10.83313
52.10580	10.83361
52.10540	10.83360
52.10407	10.83379
52.10372	10.83390
52.10346	10.83673
52.10316	10.83666
52.10271	10.84015
52.10298	10.84022
52.10258	10.84327
52.10118	10.84276
52.09891	10.84187
52.09876	10.84218
52.09850	10.84201
52.09892	10.83982
52.09966	10.83591
52.10055	10.83089
52.10090	10.82877
52.10117	10.82718
52.10091	10.82685
52.10069	10.82635
52.10053	10.82594
52.10045	10.82559
52.10040	10.82494
52.09842	10.82386
52.09764	10.82343
52.09471	10.82179
52.09363	10.82114
52.09337	10.82081
52.09315	10.82054
52.09298	10.82032
52.09278	10.82001
52.09260	10.81972
52.09246	10.81945
52.09237	10.81926
52.09222	10.81909
52.09214	10.81904
52.09158	10.81863
52.09194	10.81790
52.09180	10.81780
52.09165	10.81769
52.09151	10.81782
52.09141	10.81763
52.09141	10.81753
52.08886	10.81581
52.08879	10.81577
52.08893	10.81519
52.08932	10.81334
52.08940	10.81296
52.08947	10.80923
52.08953	10.80562
52.08955	10.80538
52.08940	10.80502
52.08942	10.80479
52.08967	10.80332
52.08982	10.80212
52.08887	10.80171
52.08814	10.80141
52.08580	10.80043
52.08495	10.80010
52.08394	10.79967
52.08361	10.79953
52.08184	10.79904
52.08025	10.79850
52.07997	10.79603
52.07968	10.79346
52.07773	10.79314
52.07707	10.79304
52.07663	10.79296
52.07617	10.79274
52.07583	10.79262
52.07567	10.79249
