#GsakName=Mopti
15.89047,-2.98142
15.88709,-2.97671
15.88472,-2.97704
15.87155,-2.97467
15.85938,-2.97263
15.84486,-2.97059
15.77866,-2.97082
15.77730,-2.96241
15.78128,-2.90860
15.77991,-2.88943
15.77685,-2.87530
15.77681,-2.84402
15.77634,-2.83915
15.77692,-2.81985
15.77224,-2.81340
15.76406,-2.80576
15.75354,-2.79928
15.74535,-2.79047
15.74243,-2.78695
15.73658,-2.78400
15.72080,-2.77165
15.71496,-2.77046
15.71321,-2.76590
15.70308,-2.76252
15.68821,-2.76014
15.67842,-2.75911
15.67112,-2.75917
15.65768,-2.75795
15.65125,-2.75617
15.64190,-2.75438
15.63956,-2.75027
15.62904,-2.74672
15.62553,-2.74320
15.61676,-2.73848
15.60916,-2.73085
15.59747,-2.72846
15.58754,-2.71964
15.57702,-2.71141
15.56649,-2.70786
15.56182,-2.70375
15.55188,-2.69727
15.54662,-2.69199
15.53551,-2.68902
15.52733,-2.68138
15.51506,-2.67373
15.50395,-2.66959
15.49635,-2.66312
15.48992,-2.65841
15.48291,-2.65254
15.47473,-2.64958
15.46799,-2.64633
15.46187,-2.64130
15.46020,-2.64129
15.45520,-2.63682
15.45186,-2.63680
15.44796,-2.63233
15.43906,-2.63007
15.43684,-2.62839
15.43128,-2.62503
15.42850,-2.62446
15.42516,-2.62222
15.42071,-2.62053
15.41737,-2.61718
15.40736,-2.61380
15.40013,-2.61154
15.39234,-2.60595
15.38622,-2.60258
15.37621,-2.59864
15.36898,-2.59416
15.36564,-2.58914
15.36175,-2.58244
15.35785,-2.57853
15.35395,-2.57016
15.35062,-2.56625
15.34672,-2.56178
15.34561,-2.55788
15.34172,-2.55453
15.33893,-2.54895
15.33114,-2.53834
15.32781,-2.53554
15.32558,-2.52941
15.32336,-2.52884
15.32280,-2.51882
15.31946,-2.51713
15.31890,-2.50377
15.31612,-2.49931
15.31500,-2.48817
15.31167,-2.48426
15.31111,-2.47423
15.30832,-2.47088
15.30777,-2.45585
15.30387,-2.45249
15.30387,-2.44525
15.30753,-2.43948
15.31161,-2.42428
15.31512,-2.40733
15.32037,-2.39155
15.32329,-2.38220
15.32797,-2.37345
15.32738,-2.36350
15.33030,-2.35825
15.33439,-2.34481
15.33789,-2.32727
15.33906,-2.32142
15.34256,-2.31851
15.34607,-2.31384
15.35016,-2.30099
15.35366,-2.28462
15.35717,-2.27996
15.36593,-2.25834
15.37002,-2.24783
15.37469,-2.23439
15.37820,-2.23090
15.37819,-2.22329
15.38287,-2.21863
15.38520,-2.20752
15.38929,-2.19876
15.38929,-2.19525
15.39280,-2.18532
15.39688,-2.17656
15.40156,-2.16663
15.40506,-2.15202
15.40857,-2.14385
15.41265,-2.12631
15.41323,-2.10350
15.41732,-2.09591
15.41673,-2.06958
15.42082,-2.06608
15.42140,-2.03801
15.42549,-2.03393
15.42490,-2.00701
15.42840,-2.00234
15.42840,-1.98889
15.42804,-1.97290
15.43137,-1.96902
15.43136,-1.93340
15.43581,-1.92841
15.43580,-1.89168
15.43246,-1.88110
15.43246,-1.84548
15.42912,-1.84102
15.42743,-1.75476
15.43299,-1.75033
15.43131,-1.68021
15.42686,-1.67462
15.42797,-1.66461
15.42407,-1.66014
15.42407,-1.65291
15.42074,-1.64900
15.42018,-1.64288
15.41628,-1.63285
15.41684,-1.62728
15.41350,-1.62338
15.41294,-1.61224
15.40905,-1.60333
15.40794,-1.59887
15.40571,-1.59497
15.40349,-1.58216
15.40126,-1.58048
15.39904,-1.57101
15.39737,-1.56600
15.39681,-1.55598
15.39236,-1.54817
15.38791,-1.53647
15.38902,-1.52979
15.38624,-1.52422
15.38513,-1.51420
15.38123,-1.50973
15.38123,-1.50083
15.37623,-1.49413
15.37678,-1.49023
15.37456,-1.48466
15.36955,-1.47629
15.36622,-1.46515
15.36343,-1.46125
15.36288,-1.45679
15.35954,-1.45344
15.35732,-1.44787
15.35509,-1.44563
15.34898,-1.43225
15.34620,-1.42890
15.34341,-1.42277
15.34230,-1.41998
15.33897,-1.41441
15.33451,-1.40270
15.33173,-1.39879
15.32951,-1.39322
15.32673,-1.38876
15.32339,-1.38429
15.31672,-1.37203
15.31227,-1.36811
15.30893,-1.36420
15.30671,-1.35863
15.29281,-1.33966
15.28836,-1.33463
15.28447,-1.32738
15.27112,-1.31063
15.26500,-1.30004
15.26111,-1.29668
15.24499,-1.27937
15.23776,-1.27044
15.23331,-1.26708
15.22330,-1.25702
15.21440,-1.24808
15.20328,-1.23469
15.20161,-1.23635
15.19494,-1.22408
15.18660,-1.21459
15.18326,-1.21179
15.17967,-1.20355
15.17585,-1.19654
15.17648,-1.18573
15.17204,-1.18317
15.17203,-1.17236
15.16886,-1.16789
15.16885,-1.15518
15.16504,-1.15071
15.16059,-1.13607
15.15932,-1.12461
15.15614,-1.11824
15.15550,-1.10806
15.15296,-1.10551
15.15296,-1.09025
15.14914,-1.08578
15.14787,-1.07306
15.14406,-1.06033
15.14406,-1.05778
15.14215,-1.05396
15.14024,-1.03678
15.13706,-1.02850
15.13452,-1.02340
15.13261,-1.00941
15.13007,-1.00049
15.12562,-0.99157
15.12498,-0.97949
15.12116,-0.96802
15.12053,-0.96230
15.11735,-0.95656
15.11671,-0.94766
15.11290,-0.93238
15.11226,-0.92856
15.10972,-0.92601
15.10972,-0.91711
15.10590,-0.90628
15.10527,-0.89801
15.10272,-0.89418
15.10082,-0.88591
15.09827,-0.87382
15.09827,-0.86619
15.09446,-0.86108
15.09446,-0.85091
15.09128,-0.84454
15.09064,-0.83118
15.08492,-0.82607
15.08174,-0.81079
15.08174,-0.80062
15.07856,-0.79615
15.07538,-0.78152
15.07474,-0.76752
15.07220,-0.76624
15.06966,-0.75479
15.06775,-0.74842
15.06590,-0.74606
15.06332,-0.74973
15.05428,-0.76258
15.05394,-0.76306
15.03941,-0.78745
15.03310,-0.79659
15.02957,-0.80120
15.02629,-0.80549
15.02074,-0.81273
15.02012,-0.81365
15.01647,-0.81903
15.01326,-0.82375
15.00918,-0.82797
15.00307,-0.83429
15.00000,-0.83746
14.99792,-0.83961
14.99237,-0.84309
14.98569,-0.85107
14.98142,-0.85618
14.98080,-0.85678
14.95920,-0.87785
14.95322,-0.88367
14.95234,-0.88453
14.94772,-0.88904
14.93942,-0.89762
14.91795,-0.91983
14.91720,-0.92051
14.90470,-0.93176
14.90425,-0.93217
14.90072,-0.93596
14.89076,-0.94663
14.88670,-0.95020
14.88495,-0.95175
14.86138,-0.98237
14.86056,-0.98356
14.84804,-1.00179
14.84266,-1.01207
14.83933,-1.01844
14.83411,-1.03183
14.83110,-1.05186
14.83088,-1.05572
14.83021,-1.06719
14.82760,-1.07401
14.82506,-1.09263
14.82102,-1.12067
14.81823,-1.14074
14.81667,-1.15191
14.81488,-1.16484
14.81417,-1.16992
14.81222,-1.17816
14.80687,-1.21799
14.80331,-1.24320
14.80271,-1.25382
14.80067,-1.26388
14.79926,-1.27087
14.79852,-1.27453
14.79708,-1.29576
14.79594,-1.32833
14.78890,-1.35585
14.78409,-1.37159
14.78054,-1.39515
14.77576,-1.40877
14.77636,-1.41468
14.77512,-1.41945
14.77419,-1.42300
14.77101,-1.43522
14.77029,-1.43796
14.74481,-1.50131
14.73949,-1.51941
14.73229,-1.54125
14.72864,-1.55488
14.70774,-1.61711
14.70482,-1.62862
14.69837,-1.64481
14.69397,-1.66244
14.68633,-1.68238
14.68385,-1.69414
14.67377,-1.72253
14.66264,-1.75674
14.64894,-1.79882
14.64624,-1.81011
14.63591,-1.83896
14.62962,-1.85938
14.61200,-1.91336
14.60574,-1.93142
14.60137,-1.94597
14.59875,-1.95206
14.59601,-1.96499
14.58708,-1.99197
14.58286,-1.99733
14.55936,-2.01532
14.53499,-2.02481
14.52746,-2.02774
14.51020,-2.03469
14.49602,-2.04040
14.46922,-2.05033
14.45649,-2.05504
14.42295,-2.06931
14.38826,-2.08332
14.37417,-2.08779
14.36348,-2.09283
14.35634,-2.09619
14.32904,-2.10750
14.27623,-2.13343
14.26835,-2.13733
14.25144,-2.14571
14.24911,-2.14732
14.24544,-2.15306
14.24345,-2.15617
14.23530,-2.17653
14.23300,-2.18992
14.22711,-2.21220
14.22576,-2.22419
14.22199,-2.24695
14.22191,-2.24745
14.21427,-2.27137
14.20029,-2.31514
14.19417,-2.33694
14.18717,-2.35612
14.16427,-2.42990
14.15755,-2.45122
14.15209,-2.46854
14.13921,-2.50740
14.11147,-2.57964
14.10327,-2.60068
14.09298,-2.62236
14.09275,-2.62285
14.08927,-2.63715
14.07753,-2.66329
14.07034,-2.68031
14.06902,-2.68343
14.05276,-2.72191
14.04656,-2.73379
14.03862,-2.75580
14.03758,-2.75870
14.03729,-2.75949
14.03213,-2.77299
14.03152,-2.77459
14.02645,-2.78788
14.02622,-2.78849
14.02364,-2.79524
14.01944,-2.80624
14.01738,-2.81209
14.01633,-2.81506
14.01514,-2.81845
14.01345,-2.82325
14.01202,-2.82729
14.00997,-2.83312
14.00972,-2.83364
14.00961,-2.83386
14.00822,-2.83678
14.00494,-2.84362
14.00269,-2.84639
13.99764,-2.85265
13.98251,-2.86270
13.98253,-2.86176
13.96448,-2.86821
13.95242,-2.87177
13.94420,-2.87420
13.94136,-2.87504
13.93027,-2.87811
13.91123,-2.88807
13.90638,-2.88962
13.89892,-2.89488
13.89176,-2.89685
13.89166,-2.89690
13.88284,-2.90155
13.87501,-2.90568
13.86198,-2.91254
13.85715,-2.91509
13.84728,-2.92029
13.84020,-2.92402
13.83874,-2.92442
13.83869,-2.92443
13.83817,-2.92457
13.82893,-2.92704
13.82634,-2.92774
13.81251,-2.92980
13.79604,-2.92925
13.77812,-2.92864
13.77557,-2.92795
13.77397,-2.92751
13.76868,-2.92608
13.75189,-2.92690
13.72366,-2.92467
13.70011,-2.91831
13.68848,-2.91336
13.66557,-2.90936
13.65593,-2.90869
13.64737,-2.91158
13.63627,-2.92866
13.63576,-2.92944
13.63469,-2.93718
13.62879,-2.94386
13.62857,-2.94410
13.62790,-2.94771
13.62745,-2.95014
13.62678,-2.95371
13.63056,-2.95941
13.63057,-2.95943
13.63119,-2.96009
13.64868,-2.97898
13.64895,-2.97928
13.66365,-2.99515
13.66675,-3.00133
13.66757,-3.00652
13.66695,-3.00805
13.66471,-3.01357
13.66466,-3.01370
13.66322,-3.01725
13.66045,-3.01997
13.65759,-3.02277
13.65412,-3.02364
13.62853,-3.03909
13.62357,-3.04557
13.62361,-3.04616
13.62391,-3.05145
13.63570,-3.05993
13.66311,-3.06874
13.67684,-3.08290
13.69368,-3.10302
13.69543,-3.10729
13.69628,-3.12212
13.69584,-3.12974
13.69557,-3.13433
13.69552,-3.13451
13.69536,-3.13502
13.69187,-3.14648
13.68894,-3.15751
13.68839,-3.15956
13.68590,-3.16893
13.68584,-3.17070
13.68552,-3.18006
13.68533,-3.18562
13.69655,-3.20985
13.70880,-3.22893
13.71249,-3.23936
13.71746,-3.25784
13.71847,-3.26159
13.71828,-3.27056
13.71825,-3.27206
13.71824,-3.27264
13.71579,-3.27964
13.70626,-3.28484
13.70100,-3.28379
13.69623,-3.28063
13.69589,-3.28026
13.69063,-3.27472
13.67846,-3.26189
13.66985,-3.25629
13.64849,-3.25512
13.63119,-3.25827
13.62502,-3.25649
13.60592,-3.25725
13.59094,-3.25904
13.57574,-3.26058
13.56017,-3.26847
13.55897,-3.27103
13.54570,-3.27896
13.53414,-3.28200
13.51081,-3.27655
13.47647,-3.26969
13.44937,-3.26620
13.44922,-3.26618
13.42373,-3.26290
13.40216,-3.26125
13.37026,-3.26100
13.36860,-3.26098
13.35897,-3.25960
13.33883,-3.24436
13.33732,-3.24426
13.32872,-3.24367
13.32463,-3.24191
13.31665,-3.23848
13.31217,-3.23819
13.31103,-3.23811
13.30563,-3.23777
13.28986,-3.24400
13.28386,-3.25608
13.28212,-3.27341
13.27962,-3.30071
13.27914,-3.30599
13.27702,-3.34140
13.27469,-3.35379
13.27503,-3.37024
13.27282,-3.38756
13.27156,-3.40373
13.26991,-3.41171
13.26720,-3.42477
13.26338,-3.43149
13.26180,-3.43234
13.25710,-3.43487
13.25627,-3.43481
13.24906,-3.43422
13.23063,-3.42512
13.20476,-3.42031
13.19350,-3.41959
13.17820,-3.42228
13.17793,-3.42233
13.17573,-3.42271
13.16984,-3.42753
13.16847,-3.42864
13.16681,-3.43000
13.16286,-3.43322
13.15793,-3.44884
13.15804,-3.46480
13.16003,-3.46883
13.15983,-3.47822
13.16243,-3.48555
13.16535,-3.49923
13.17199,-3.53224
13.18170,-3.55078
13.19326,-3.57921
13.19663,-3.58281
13.19969,-3.59039
13.20224,-3.59984
13.20668,-3.60699
13.22097,-3.62610
13.25423,-3.66068
13.26250,-3.67144
13.27067,-3.68642
13.27781,-3.70655
13.28320,-3.72265
13.29510,-3.73514
13.33352,-3.76470
13.34543,-3.77696
13.35853,-3.79771
13.36299,-3.81379
13.36261,-3.81934
13.36221,-3.82524
13.36160,-3.83419
13.36234,-3.85230
13.36409,-3.85763
13.36608,-3.86370
13.36754,-3.86813
13.37050,-3.87716
13.37197,-3.88316
13.37407,-3.89174
13.37495,-3.89534
13.37758,-3.90606
13.37816,-3.90844
13.37912,-3.91237
13.37869,-3.93091
13.37812,-3.93546
13.37672,-3.94660
13.38214,-3.95927
13.38282,-3.96085
13.38703,-3.96753
13.38715,-3.96764
13.39269,-3.97278
13.39379,-3.97380
13.40067,-3.97421
13.40654,-3.97475
13.40756,-3.97484
13.41081,-3.97239
13.41388,-3.97007
13.41720,-3.96493
13.42151,-3.95827
13.42312,-3.94821
13.42401,-3.94823
13.42404,-3.94823
13.42414,-3.94785
13.42715,-3.93652
13.42866,-3.93084
13.43018,-3.92512
13.43160,-3.91975
13.43652,-3.91564
13.43983,-3.91572
13.44456,-3.91584
13.44906,-3.92017
13.44943,-3.92144
13.45285,-3.93314
13.45481,-3.93982
13.45507,-3.94019
13.45926,-3.94627
13.46653,-3.95021
13.47091,-3.94961
13.47784,-3.95164
13.47843,-3.95182
13.49534,-3.95679
13.49669,-3.95864
13.49775,-3.96010
13.49935,-3.96229
13.49961,-3.96365
13.50133,-3.96165
13.52076,-3.96717
13.53234,-3.96667
13.57094,-3.96717
13.59823,-3.95833
13.60241,-3.95973
13.60589,-3.96182
13.61042,-3.96392
13.61425,-3.96601
13.61739,-3.96845
13.62191,-3.97090
13.62993,-3.97404
13.63306,-3.97648
13.63829,-3.97753
13.64177,-3.98067
13.64560,-3.98277
13.64874,-3.98416
13.65048,-3.98521
13.65571,-3.98800
13.66093,-3.99045
13.66441,-3.99289
13.66790,-3.99602
13.67277,-3.99743
13.67800,-3.99917
13.68183,-4.00162
13.68392,-4.00336
13.68775,-4.00476
13.69228,-4.00650
13.69681,-4.00790
13.70029,-4.01034
13.70343,-4.01035
13.70622,-4.01244
13.71109,-4.01245
13.71388,-4.01489
13.72120,-4.01490
13.72538,-4.01700
13.72852,-4.01700
13.73549,-4.01910
13.73967,-4.01911
13.74245,-4.02050
13.74768,-4.02051
13.75047,-4.02261
13.75779,-4.02227
13.76057,-4.02506
13.76859,-4.02577
13.77068,-4.02647
13.77730,-4.02752
13.78148,-4.02892
13.78636,-4.02893
13.78845,-4.03067
13.79681,-4.03208
13.80378,-4.03313
13.80692,-4.03418
13.81006,-4.03349
13.81912,-4.03733
13.82469,-4.03699
13.82783,-4.03909
13.83271,-4.03979
13.83885,-4.03908
13.84246,-4.04538
13.84873,-4.04886
13.85500,-4.05444
13.85743,-4.05549
13.86300,-4.06176
13.86788,-4.06386
13.87136,-4.06804
13.87589,-4.07153
13.88181,-4.07571
13.88320,-4.07780
13.88738,-4.07955
13.89086,-4.08338
13.89714,-4.08583
13.90132,-4.08583
13.90410,-4.08862
13.91595,-4.09003
13.91769,-4.09178
13.92466,-4.09249
13.92814,-4.09527
13.93221,-4.10106
13.93266,-4.10642
13.93440,-4.11025
13.93727,-4.11228
13.93334,-4.12242
13.93160,-4.12694
13.92984,-4.13842
13.92774,-4.14433
13.92599,-4.15373
13.92354,-4.16138
13.92214,-4.16833
13.91969,-4.17459
13.91760,-4.17981
13.91585,-4.18502
13.91375,-4.19093
13.91165,-4.19615
13.90921,-4.20241
13.90746,-4.20763
13.90536,-4.21180
13.90361,-4.21806
13.90152,-4.22362
13.89872,-4.22988
13.89732,-4.23336
13.89557,-4.23788
13.89383,-4.24483
13.89068,-4.24970
13.88928,-4.25387
13.88719,-4.25943
13.88474,-4.26569
13.88299,-4.27091
13.87985,-4.28065
13.87879,-4.28586
13.87634,-4.29630
13.87494,-4.30117
13.87110,-4.30986
13.86761,-4.31055
13.86517,-4.31298
13.86238,-4.31576
13.85959,-4.31680
13.85506,-4.31783
13.85261,-4.32096
13.84878,-4.32339
13.84459,-4.32478
13.84111,-4.32651
13.84076,-4.32686
13.83692,-4.32894
13.83309,-4.33032
13.82995,-4.33206
13.82437,-4.33344
13.81879,-4.33552
13.81252,-4.33760
13.80868,-4.34385
13.80449,-4.34698
13.80042,-4.34997
13.79947,-4.35186
13.79694,-4.35595
13.79473,-4.35752
13.79157,-4.36003
13.78747,-4.36538
13.78431,-4.36695
13.77265,-4.36374
13.75052,-4.37351
13.73985,-4.38272
13.72470,-4.39250
13.71263,-4.40621
13.70947,-4.40904
13.70536,-4.41219
13.70568,-4.41502
13.70630,-4.42195
13.70598,-4.42888
13.70692,-4.43109
13.70565,-4.44149
13.70501,-4.44684
13.70375,-4.44936
13.70059,-4.45030
13.70059,-4.45345
13.69774,-4.45849
13.69521,-4.46321
13.69205,-4.46194
13.69016,-4.46131
13.68764,-4.45878
13.68638,-4.45752
13.68543,-4.45626
13.68228,-4.45531
13.67976,-4.45341
13.67723,-4.45656
13.67407,-4.45750
13.67218,-4.45970
13.66996,-4.46159
13.66839,-4.46379
13.66554,-4.46725
13.66238,-4.47323
13.66048,-4.47607
13.65781,-4.47852
13.65571,-4.48374
13.65361,-4.48582
13.64994,-4.48895
13.64680,-4.49522
13.64522,-4.49730
13.64365,-4.49991
13.63998,-4.50513
13.63631,-4.51035
13.63527,-4.51244
13.63317,-4.51609
13.62687,-4.52758
13.62530,-4.53019
13.62373,-4.53175
13.61692,-4.54219
13.61114,-4.54989
13.61143,-4.55811
13.61052,-4.56663
13.61088,-4.57134
13.61135,-4.57840
13.61323,-4.58170
13.61746,-4.58734
13.61840,-4.59158
13.62029,-4.59675
13.62405,-4.60239
13.62405,-4.60663
13.62217,-4.61464
13.62170,-4.62123
13.62075,-4.62406
13.62028,-4.63441
13.61793,-4.63442
13.61793,-4.64431
13.61981,-4.64524
13.62028,-4.65136
13.61981,-4.65795
13.62263,-4.66077
13.62169,-4.66784
13.62404,-4.67254
13.62451,-4.67772
13.62545,-4.68007
13.62545,-4.68242
13.62874,-4.68854
13.63063,-4.69324
13.63439,-4.69842
13.63204,-4.70548
13.63157,-4.70878
13.63062,-4.71443
13.62921,-4.72055
13.62733,-4.72668
13.62497,-4.73186
13.62686,-4.73751
13.62874,-4.74551
13.62779,-4.75069
13.63156,-4.75774
13.63203,-4.76480
13.63203,-4.76763
13.63015,-4.77846
13.63014,-4.78270
13.62873,-4.78835
13.62685,-4.79071
13.62732,-4.80342
13.62826,-4.80341
13.62920,-4.80812
13.62967,-4.81377
13.63061,-4.82413
13.63249,-4.83401
13.63249,-4.84060
13.63366,-4.85425
13.63531,-4.86107
13.63725,-4.87297
13.64118,-4.87547
13.64475,-4.87691
13.65297,-4.87728
13.65547,-4.87942
13.66191,-4.87943
13.67013,-4.88088
13.67692,-4.88089
13.68263,-4.88233
13.69050,-4.88341
13.69836,-4.88414
13.70193,-4.88521
13.71123,-4.88523
13.71337,-4.88702
13.72588,-4.88811
13.73160,-4.89133
13.73231,-4.88955
13.73553,-4.89027
13.74125,-4.89028
13.74840,-4.88780
13.75233,-4.88495
13.75770,-4.88246
13.76342,-4.87819
13.77093,-4.87463
13.77879,-4.86929
13.78701,-4.87109
13.79201,-4.87431
13.80023,-4.87540
13.80345,-4.87754
13.80774,-4.87755
13.81524,-4.87899
13.81989,-4.88078
13.82668,-4.88258
13.83597,-4.88295
13.83990,-4.88046
13.85349,-4.88120
13.85527,-4.88228
13.86671,-4.88729
13.87385,-4.89158
13.88029,-4.89053
13.88422,-4.88875
13.89030,-4.88412
13.89674,-4.87985
13.90067,-4.87807
13.90568,-4.87451
13.90997,-4.87274
13.92034,-4.86419
13.92749,-4.85992
13.93499,-4.85994
13.93821,-4.85780
13.94858,-4.85889
13.95215,-4.85604
13.96180,-4.85713
13.96610,-4.85464
13.97682,-4.85644
13.97825,-4.85751
13.98682,-4.86003
13.99254,-4.86289
14.00326,-4.86612
14.01112,-4.86792
14.01863,-4.87186
14.02043,-4.87253
14.03006,-4.87580
14.03471,-4.87724
14.04614,-4.88190
14.05329,-4.88441
14.05936,-4.88585
14.07187,-4.89051
14.07938,-4.89373
14.08545,-4.89624
14.08974,-4.89768
14.09743,-4.90013
14.09689,-4.91337
14.09635,-4.91716
14.09527,-4.92824
14.09446,-4.93175
14.09419,-4.94121
14.09311,-4.94283
14.09285,-4.94959
14.09256,-4.95263
14.08756,-4.95655
14.08612,-4.96118
14.08291,-4.96118
14.08076,-4.96439
14.07504,-4.96901
14.07003,-4.97257
14.06503,-4.97471
14.06002,-4.97719
14.05466,-4.97897
14.04894,-4.98146
14.04286,-4.98466
14.03499,-4.98857
13.99996,-4.98708
13.99818,-4.98636
13.98531,-4.98527
13.96959,-4.98417
13.96708,-4.98345
13.95994,-4.98237
13.95922,-4.98879
13.95671,-4.99806
13.95527,-5.01305
13.95348,-5.01804
13.95169,-5.02910
13.94953,-5.04480
13.94702,-5.05264
13.94613,-5.05448
13.94996,-5.05927
13.94971,-5.06835
13.95830,-5.12502
14.06026,-5.14939
14.07197,-5.14388
14.08137,-5.13892
14.09042,-5.13390
14.10501,-5.12573
14.11371,-5.12246
14.11701,-5.11876
14.11883,-5.11785
14.12136,-5.11813
14.12170,-5.12226
14.12857,-5.12893
14.13094,-5.13436
14.13228,-5.13677
14.13384,-5.13822
14.13801,-5.14433
14.14058,-5.14979
14.14573,-5.15526
14.14701,-5.15880
14.15215,-5.16555
14.15472,-5.16908
14.16275,-5.18001
14.16918,-5.18741
14.16950,-5.18773
14.17437,-5.18914
14.19840,-5.20536
14.21146,-5.21269
14.22243,-5.21688
14.23131,-5.21533
14.25066,-5.21067
14.25902,-5.21069
14.26058,-5.21591
14.26633,-5.22270
14.26685,-5.22739
14.27572,-5.24045
14.27885,-5.24881
14.28825,-5.26239
14.29295,-5.27335
14.29852,-5.27959
14.30078,-5.28276
14.31122,-5.29843
14.32062,-5.31357
14.32898,-5.32402
14.34777,-5.35014
14.35874,-5.36582
14.36605,-5.37939
14.37022,-5.38514
14.38066,-5.40394
14.38902,-5.41961
14.39580,-5.43057
14.40781,-5.45147
14.41877,-5.46922
14.42660,-5.48437
14.43391,-5.49690
14.44331,-5.51101
14.44592,-5.51727
14.45062,-5.52563
14.45479,-5.53346
14.46106,-5.54338
14.46732,-5.55227
14.47672,-5.56846
14.48246,-5.57681
14.48612,-5.58517
14.49134,-5.59196
14.49479,-5.59629
14.50061,-5.60617
14.50555,-5.61248
14.50828,-5.61865
14.51199,-5.62397
14.51508,-5.63163
14.51867,-5.63571
14.52300,-5.64251
14.53092,-5.65585
14.53278,-5.66017
14.53339,-5.65931
14.55109,-5.65927
14.56124,-5.65763
14.56559,-5.65229
14.56651,-5.65008
14.57360,-5.64281
14.57660,-5.63582
14.58110,-5.63232
14.58460,-5.62733
14.58661,-5.62433
14.59111,-5.62084
14.59052,-5.61756
14.60297,-5.61657
14.62239,-5.61460
14.63583,-5.61163
14.64728,-5.61115
14.66421,-5.60967
14.66720,-5.60470
14.67068,-5.60421
14.68313,-5.59328
14.69159,-5.59031
14.69508,-5.59330
14.70603,-5.59281
14.71250,-5.59779
14.72843,-5.59532
14.73043,-5.59980
14.75084,-5.59932
14.75632,-5.60181
14.76129,-5.60380
14.76876,-5.60282
14.77772,-5.59686
14.78768,-5.59389
14.79814,-5.58942
14.80262,-5.58545
14.81058,-5.58347
14.82801,-5.57603
14.83249,-5.57404
14.83398,-5.57007
14.84494,-5.56908
14.85440,-5.56312
14.86883,-5.56264
14.87083,-5.55867
14.87630,-5.55966
14.88128,-5.55619
14.89721,-5.55273
14.90020,-5.55074
14.91464,-5.54876
14.91862,-5.54529
14.93157,-5.54282
14.93273,-5.53477
14.93463,-5.51198
14.93653,-5.49489
14.94224,-5.47686
14.94794,-5.45598
14.95079,-5.43699
14.95460,-5.42465
14.95745,-5.41516
14.96220,-5.40282
14.96695,-5.39428
14.97171,-5.36865
14.97456,-5.35821
14.97646,-5.34492
14.97741,-5.32688
14.97646,-5.31833
14.97551,-5.30978
14.97456,-5.30693
14.97266,-5.29649
14.97551,-5.26990
14.97836,-5.26326
14.98977,-5.25093
14.99928,-5.23954
14.99928,-5.23480
15.01069,-5.22626
15.01924,-5.21298
15.02590,-5.20349
15.03541,-5.19875
15.04206,-5.19591
15.05727,-5.18453
15.06583,-5.18169
15.07153,-5.17600
15.09055,-5.16463
15.11146,-5.15230
15.13048,-5.13998
15.15805,-5.12197
15.19407,-5.09650
15.20109,-5.09964
15.21417,-5.10399
15.22895,-5.10907
15.24881,-5.11656
15.27118,-5.12303
15.29020,-5.12970
15.30863,-5.13712
15.33842,-5.14703
15.35960,-5.15350
15.37101,-5.15446
15.38146,-5.15922
15.39477,-5.16018
15.41379,-5.16685
15.43851,-5.17257
15.46132,-5.17829
15.47408,-5.18571
15.48036,-5.19200
15.48615,-5.20361
15.48904,-5.21183
15.49288,-5.23069
15.49378,-5.25827
15.49473,-5.26697
15.49368,-5.30277
15.49699,-5.33953
15.50316,-5.33975
15.51076,-5.34165
15.51837,-5.34546
15.53738,-5.34928
15.55126,-5.35403
15.55514,-5.34920
15.55903,-5.34581
15.56389,-5.33904
15.56924,-5.33372
15.57264,-5.33033
15.57556,-5.32404
15.58237,-5.31824
15.58625,-5.31437
15.58966,-5.30953
15.59549,-5.30421
15.59937,-5.30130
15.60132,-5.29840
15.60326,-5.29453
15.60910,-5.28873
15.61492,-5.28437
15.61930,-5.27905
15.62367,-5.27373
15.62950,-5.26841
15.63388,-5.26309
15.63971,-5.25777
15.64311,-5.25632
15.64797,-5.25099
15.65477,-5.24422
15.66011,-5.23987
15.66400,-5.23503
15.66983,-5.23019
15.67372,-5.22584
15.67033,-5.22294
15.66888,-5.22003
15.66840,-5.21810
15.66405,-5.21326
15.65921,-5.20988
15.65679,-5.20746
15.65632,-5.20359
15.65051,-5.19924
15.64616,-5.19343
15.64520,-5.19053
15.63843,-5.18376
15.63601,-5.17989
15.62392,-5.16683
15.62296,-5.16393
15.61280,-5.15522
15.61328,-5.15426
15.60893,-5.15039
15.60797,-5.14507
15.60604,-5.14071
15.60509,-5.13152
15.60413,-5.12862
15.60318,-5.11943
15.60124,-5.11895
15.60176,-5.10734
15.60079,-5.10444
15.60032,-5.09815
15.59888,-5.09428
15.59795,-5.07687
15.59796,-5.07154
15.59943,-5.06574
15.59945,-5.05365
15.60046,-5.04010
15.60049,-5.02462
15.60386,-5.01608
15.60423,-4.99373
15.60009,-4.98883
15.59964,-4.97287
15.59868,-4.97093
15.59871,-4.95545
15.59678,-4.95207
15.59632,-4.93949
15.59439,-4.93611
15.59101,-4.93369
15.59489,-4.93175
15.59395,-4.91821
15.59154,-4.91241
15.59154,-4.90999
15.58312,-4.91070
15.58443,-4.90465
15.58623,-4.90080
15.58891,-4.89822
15.59367,-4.89573
15.59736,-4.89376
15.59692,-4.88870
15.59596,-4.88629
15.59694,-4.88435
15.60105,-4.88101
15.59987,-4.87419
15.59793,-4.87323
15.59219,-4.87297
15.59165,-4.86889
15.59504,-4.86500
15.59361,-4.85339
15.58859,-4.84824
15.58375,-4.71312
15.57969,-4.70815
15.57955,-4.70184
15.57927,-4.68277
15.58335,-4.67878
15.58627,-4.67539
15.58725,-4.66862
15.58920,-4.66378
15.59115,-4.65943
15.59165,-4.65169
15.59020,-4.64927
15.58927,-4.63524
15.58781,-4.63427
15.58736,-4.61928
15.58592,-4.61686
15.58497,-4.60767
15.58837,-4.60477
15.59031,-4.60235
15.59177,-4.59945
15.59130,-4.59413
15.59324,-4.59219
15.59665,-4.58639
15.59763,-4.58300
15.59958,-4.57720
15.60153,-4.57236
15.60202,-4.57091
15.60397,-4.56704
15.60543,-4.56365
15.60640,-4.56123
15.60933,-4.55495
15.61079,-4.55204
15.61274,-4.54624
15.61517,-4.54237
15.61712,-4.53898
15.61809,-4.53705
15.61859,-4.53221
15.61956,-4.53027
15.62297,-4.52544
15.62394,-4.52399
15.62590,-4.51528
15.62736,-4.51383
15.62931,-4.50899
15.63126,-4.50415
15.63321,-4.50125
15.63418,-4.49883
15.63516,-4.49690
15.63516,-4.49545
15.63831,-4.48978
15.63906,-4.48626
15.64187,-4.48132
15.64296,-4.47658
15.64490,-4.47319
15.64637,-4.46981
15.64686,-4.46739
15.64880,-4.46449
15.65075,-4.46062
15.65075,-4.45917
15.65270,-4.45481
15.65474,-4.45104
15.65552,-4.44914
15.65611,-4.41679
15.65405,-4.41265
15.65405,-4.40989
15.65580,-4.40437
15.65580,-4.40092
15.65408,-4.39919
15.65415,-4.36986
15.65242,-4.36675
15.65243,-4.36261
15.65452,-4.35778
15.65383,-4.35433
15.65246,-4.35088
15.65212,-4.34847
15.65765,-4.34812
15.66043,-4.34467
15.66390,-4.34087
15.66632,-4.33742
15.66944,-4.33466
15.67014,-4.33328
15.67568,-4.32845
15.67673,-4.32534
15.68053,-4.32396
15.68331,-4.32155
15.68608,-4.31948
15.69058,-4.31775
15.69266,-4.31568
15.69474,-4.31464
15.69578,-4.31361
15.69993,-4.31154
15.70512,-4.30981
15.70686,-4.30809
15.70858,-4.30809
15.71136,-4.30567
15.71378,-4.30567
15.71794,-4.30325
15.72070,-4.30256
15.72278,-4.30084
15.72451,-4.30049
15.72659,-4.29911
15.72936,-4.29842
15.73248,-4.29704
15.73214,-4.29290
15.73353,-4.29152
15.73494,-4.28013
15.73494,-4.27910
15.73564,-4.27254
15.73635,-4.26805
15.73773,-4.26633
15.73912,-4.26564
15.74050,-4.26460
15.73982,-4.26288
15.74224,-4.26115
15.74570,-4.26046
15.74538,-4.25183
15.74504,-4.24838
15.74677,-4.24562
15.74817,-4.24148
15.74921,-4.23941
15.75025,-4.23769
15.75025,-4.23630
15.75234,-4.23285
15.75234,-4.23113
15.75304,-4.22802
15.75512,-4.22664
15.75754,-4.22664
15.76135,-4.22423
15.76481,-4.22492
15.76930,-4.22492
15.77207,-4.22284
15.77830,-4.22284
15.78037,-4.22181
15.78212,-4.21698
15.78385,-4.21318
15.78525,-4.20766
15.78698,-4.20766
15.78699,-4.20248
15.78873,-4.19938
15.78943,-4.19282
15.78910,-4.18696
15.78980,-4.18212
15.78912,-4.17798
15.79051,-4.17729
15.79122,-4.17005
15.79089,-4.16315
15.79262,-4.16211
15.79297,-4.15969
15.79539,-4.15866
15.79574,-4.15659
15.79852,-4.15176
15.79991,-4.14796
15.80164,-4.14658
15.80234,-4.14416
15.80407,-4.14313
15.80477,-4.14175
15.80615,-4.14106
15.80824,-4.13864
15.81031,-4.13623
15.81136,-4.13243
15.81203,-4.12623
15.81379,-4.11757
15.81380,-4.11163
15.81580,-4.10272
15.81607,-4.09629
15.81758,-4.08689
15.81809,-4.08070
15.81910,-4.07154
15.82038,-4.05571
15.82138,-4.05076
15.82016,-4.04086
15.81618,-4.04680
15.81444,-4.04927
15.80823,-4.05125
15.80427,-4.04977
15.80030,-4.04754
15.79312,-4.04358
15.78891,-4.04062
15.78569,-4.03987
15.78346,-4.03740
15.77777,-4.03443
15.77554,-4.03369
15.77430,-4.03295
15.77059,-4.02998
15.76811,-4.02775
15.76513,-4.02775
15.76290,-4.02676
15.76018,-4.02478
15.75547,-4.02181
15.75275,-4.02058
15.74829,-4.01761
15.74557,-4.01711
15.74409,-4.01315
15.74285,-4.01291
15.73864,-4.00969
15.73518,-4.00425
15.73419,-4.00103
15.73172,-4.00004
15.72875,-3.99756
15.72726,-3.99633
15.72503,-3.99385
15.72108,-3.98841
15.71910,-3.98544
15.71737,-3.98346
15.71440,-3.98173
15.71366,-3.97851
15.70846,-3.97356
15.70599,-3.96886
15.70377,-3.96688
15.70080,-3.96367
15.69461,-3.95773
15.69362,-3.95674
15.69041,-3.95303
15.68942,-3.95179
15.68719,-3.94783
15.68348,-3.94313
15.68499,-3.93496
15.68578,-3.91764
15.68555,-3.90824
15.68382,-3.90676
15.68358,-3.90156
15.68185,-3.89809
15.67987,-3.89612
15.67988,-3.89364
15.67717,-3.88622
15.67445,-3.88251
15.67396,-3.88003
15.67247,-3.87879
15.67198,-3.87682
15.67025,-3.87483
15.65537,-3.87484
15.64941,-3.87682
15.63850,-3.87657
15.63429,-3.87533
15.63231,-3.87286
15.62859,-3.87138
15.62488,-3.86915
15.61992,-3.86568
15.61745,-3.86346
15.61150,-3.86346
15.60952,-3.86098
15.60580,-3.85876
15.60457,-3.85579
15.59887,-3.85628
15.59490,-3.85455
15.59391,-3.85381
15.59094,-3.85059
15.58921,-3.84837
15.58649,-3.84663
15.57731,-3.84639
15.57310,-3.84639
15.56987,-3.84837
15.56590,-3.85010
15.56391,-3.85233
15.55770,-3.85530
15.55422,-3.85802
15.55074,-3.85950
15.54231,-3.86000
15.53933,-3.86173
15.53437,-3.86173
15.52693,-3.86371
15.52345,-3.86545
15.51972,-3.86767
15.51724,-3.86866
15.51426,-3.87312
15.51351,-3.87510
15.51246,-3.87935
15.50950,-3.87453
15.50950,-3.87156
15.50644,-3.87166
15.50451,-3.86686
15.50393,-3.86168
15.49852,-3.85496
15.49871,-3.85017
15.49851,-3.84365
15.50043,-3.84096
15.50332,-3.83828
15.50428,-3.83253
15.50485,-3.82812
15.50426,-3.82313
15.50439,-3.81932
15.50098,-3.81756
15.49539,-3.81314
15.49538,-3.80892
15.49514,-3.80597
15.49268,-3.80278
15.49256,-3.79966
15.48862,-3.79472
15.49170,-3.78686
15.49246,-3.78130
15.49265,-3.77574
15.49245,-3.76979
15.49205,-3.76097
15.49050,-3.75598
15.48818,-3.74965
15.49184,-3.74524
15.49472,-3.74198
15.49547,-3.72089
15.49237,-3.71110
15.49175,-3.67446
15.49311,-3.67000
15.49164,-3.66481
15.48942,-3.66406
15.48595,-3.65892
15.48498,-3.65527
15.48267,-3.65124
15.48593,-3.64607
15.49171,-3.64109
15.49594,-3.63765
15.49883,-3.63497
15.50960,-3.62482
15.51653,-3.61831
15.51941,-3.61045
15.52441,-3.60605
15.52826,-3.60317
15.53210,-3.59762
15.53537,-3.59398
15.54211,-3.58958
15.54692,-3.58633
15.55270,-3.58403
15.55828,-3.57925
15.56097,-3.57676
15.56617,-3.57216
15.57488,-3.57082
15.57887,-3.56720
15.58427,-3.56701
15.59043,-3.56376
15.59736,-3.56051
15.61295,-3.55517
15.62278,-3.55499
15.63510,-3.54734
15.63586,-3.53986
15.63392,-3.53315
15.63642,-3.52740
15.64161,-3.52146
15.64489,-3.51993
15.65085,-3.51649
15.65701,-3.51266
15.66413,-3.50596
15.67183,-3.50367
15.67655,-3.50629
15.67948,-3.50864
15.68330,-3.50983
15.68599,-3.50590
15.68927,-3.50389
15.69263,-3.50236
15.70101,-3.49710
15.70351,-3.49509
15.70688,-3.49299
15.71294,-3.48743
15.71900,-3.48457
15.72911,-3.48171
15.73171,-3.47720
15.72843,-3.47365
15.72553,-3.46780
15.72551,-3.45216
15.72301,-3.45139
15.72126,-3.43979
15.71883,-3.42683
15.71613,-3.42213
15.71535,-3.41494
15.71342,-3.40774
15.71110,-3.40045
15.71051,-3.39345
15.70771,-3.38587
15.70587,-3.37694
15.70383,-3.36841
15.70142,-3.36274
15.70170,-3.35670
15.70352,-3.34769
15.70669,-3.34501
15.70572,-3.33657
15.70928,-3.33264
15.71254,-3.32363
15.71581,-3.31856
15.71647,-3.30561
15.72041,-3.30322
15.72454,-3.28827
15.72735,-3.29295
15.73144,-3.29296
15.73947,-3.29433
15.74217,-3.29539
15.74679,-3.29665
15.75412,-3.29896
15.76067,-3.30069
15.76491,-3.30137
15.76847,-3.29831
15.77366,-3.29247
15.77684,-3.29554
15.77935,-3.29651
15.78171,-3.29960
15.78171,-3.30545
15.78139,-3.30821
15.78371,-3.31426
15.78697,-3.31717
15.79106,-3.31953
15.79460,-3.32080
15.80788,-3.31362
15.80826,-3.30854
15.81143,-3.30711
15.81423,-3.31066
15.81779,-3.31038
15.82164,-3.30818
15.82838,-3.30416
15.82915,-3.29918
15.83242,-3.29573
15.83338,-3.29218
15.83635,-3.28768
15.84521,-3.28050
15.84819,-3.27773
15.85058,-3.27320
15.85165,-3.27131
15.85604,-3.26622
15.85939,-3.24605
15.86141,-3.24168
15.86072,-3.23159
15.85532,-3.23024
15.85328,-3.21914
15.85664,-3.20703
15.86203,-3.19830
15.86066,-3.18417
15.86602,-3.15021
15.86295,-3.12028
15.86461,-3.10010
15.87033,-3.08228
15.87437,-3.07119
15.87739,-3.05943
15.87942,-3.05573
15.88042,-3.04800
15.88513,-3.03220
15.89017,-3.01438
15.88948,-2.99723
15.89183,-2.98748
15.89047,-2.98142
