48.380824	-114.848538
48.247283	-114.848378
48.226159	-114.847946
48.226156	-114.99213
48.225954	-115.020079
48.162597	-115.020357
48.139183	-115.020952
48.139191	-115.011284
48.029319	-115.010916
48.022939	-115.010617
48.017256	-115.010806
48.017577	-115.011899
48.017864	-115.091425
48.017491	-115.109653
48.017725	-115.125988
48.017703	-115.154475
48.016231	-115.15476
48.014831	-115.153923
48.014059	-115.153862
48.012507	-115.152894
48.009788	-115.14919
48.007817	-115.15062
48.006208	-115.150129
48.00476	-115.150104
48.00299	-115.149577
48.00039	-115.15004
47.999944	-115.150457
47.997673	-115.150673
47.995996	-115.151213
47.994699	-115.148801
47.993465	-115.147709
47.991748	-115.147722
47.991328	-115.147254
47.990532	-115.144363
47.989509	-115.142335
47.988009	-115.141748
47.985607	-115.138665
47.984358	-115.136242
47.983374	-115.137358
47.981962	-115.137574
47.979196	-115.138859
47.978582	-115.139746
47.977547	-115.144761
47.975111	-115.145913
47.973338	-115.144221
47.971498	-115.146092
47.970119	-115.146189
47.967522	-115.147232
47.966351	-115.148048
47.96373	-115.14818
47.963358	-115.149259
47.963518	-115.151119
47.963211	-115.151922
47.962122	-115.153001
47.961362	-115.155471
47.961361	-115.15709
47.961796	-115.158421
47.963504	-115.160256
47.972477	-115.164647
47.973058	-115.165259
47.973354	-115.167262
47.974837	-115.169733
47.975037	-115.170752
47.974243	-115.176138
47.971809	-115.173942
47.971027	-115.173569
47.96947	-115.1737
47.968947	-115.173304
47.963648	-115.173818
47.960098	-115.17516
47.959799	-115.175543
47.959152	-115.177965
47.958817	-115.182977
47.958364	-115.184572
47.956758	-115.18553
47.954937	-115.184138
47.954293	-115.183167
47.953131	-115.183753
47.952399	-115.18133
47.951068	-115.181246
47.948659	-115.178547
47.948095	-115.178487
47.946399	-115.181231
47.946035	-115.181063
47.945649	-115.180248
47.945068	-115.179936
47.943883	-115.180439
47.942787	-115.179444
47.940625	-115.17949
47.940197	-115.17979
47.939599	-115.18118
47.93835	-115.181107
47.93722	-115.18149
47.935988	-115.179332
47.934504	-115.180015
47.931592	-115.180504
47.931099	-115.181043
47.930138	-115.183116
47.92975	-115.183475
47.928993	-115.182576
47.928348	-115.182336
47.926557	-115.183042
47.92491	-115.184886
47.922062	-115.186909
47.920667	-115.186405
47.919853	-115.185255
47.919079	-115.185098
47.91861	-115.186464
47.917596	-115.192501
47.920336	-115.19448
47.920263	-115.195307
47.919794	-115.196385
47.919189	-115.197007
47.918398	-115.197126
47.916317	-115.196382
47.916043	-115.196753
47.916104	-115.200287
47.916441	-115.201271
47.918762	-115.203082
47.919259	-115.206197
47.917781	-115.207717
47.915059	-115.211931
47.913716	-115.215188
47.913762	-115.216769
47.913552	-115.217656
47.912615	-115.218877
47.909976	-115.220551
47.908333	-115.225232
47.908847	-115.226287
47.908605	-115.226825
47.908811	-115.229784
47.909975	-115.233739
47.911369	-115.234545
47.914832	-115.243858
47.915143	-115.245967
47.915108	-115.248077
47.914841	-115.248603
47.912186	-115.249569
47.911379	-115.25025
47.910934	-115.251329
47.908977	-115.251328
47.907128	-115.250768
47.905303	-115.252021
47.904391	-115.253518
47.904452	-115.256273
47.903988	-115.261304
47.903673	-115.262597
47.903052	-115.263495
47.901004	-115.265266
47.900592	-115.266044
47.900147	-115.268092
47.89972	-115.268511
47.896618	-115.269264
47.895901	-115.269718
47.894223	-115.272112
47.894108	-115.273956
47.89248	-115.274769
47.892365	-115.276853
47.891962	-115.277475
47.890487	-115.278156
47.890261	-115.278707
47.89017	-115.280431
47.891084	-115.284336
47.892193	-115.286169
47.89542	-115.2881
47.895724	-115.289657
47.897615	-115.290665
47.897913	-115.291276
47.898024	-115.292534
47.89923	-115.294285
47.900381	-115.294226
47.902908	-115.295762
47.906732	-115.297323
47.907544	-115.298222
47.910909	-115.299903
47.912283	-115.301691
47.912399	-115.305428
47.913811	-115.309551
47.915618	-115.312872
47.916752	-115.313592
47.918368	-115.315752
47.920942	-115.318176
47.921471	-115.319531
47.921718	-115.321544
47.921313	-115.322741
47.918152	-115.325168
47.917343	-115.327347
47.917128	-115.331144
47.91759	-115.334213
47.915832	-115.344453
47.914403	-115.34651
47.912847	-115.347561
47.911911	-115.348601
47.910941	-115.3506
47.910826	-115.351833
47.911659	-115.3541
47.911655	-115.356568
47.912035	-115.359791
47.911593	-115.363108
47.909593	-115.364493
47.908247	-115.364945
47.907794	-115.365602
47.905944	-115.372533
47.905448	-115.377136
47.904685	-115.379882
47.904098	-115.380926
47.904219	-115.381716
47.909296	-115.391097
47.910178	-115.394795
47.911534	-115.398203
47.912333	-115.399098
47.913776	-115.399799
47.916427	-115.39943
47.917265	-115.399762
47.91762	-115.400432
47.920619	-115.40199
47.92265	-115.402245
47.926847	-115.401103
47.931843	-115.399022
47.933616	-115.398883
47.934922	-115.399753
47.936227	-115.399843
47.934744	-115.409437
47.934197	-115.410805
47.934327	-115.412614
47.934723	-115.414183
47.934804	-115.415716
47.934047	-115.41808
47.933719	-115.421617
47.931793	-115.421539
47.929908	-115.422983
47.928128	-115.424859
47.927759	-115.426562
47.927106	-115.426743
47.926381	-115.426398
47.925622	-115.425143
47.924937	-115.424714
47.922577	-115.425441
47.921311	-115.425398
47.919151	-115.424578
47.914663	-115.424307
47.91198	-115.425609
47.910933	-115.426739
47.910982	-115.428392
47.912636	-115.432351
47.912435	-115.433106
47.912469	-115.435358
47.913098	-115.437404
47.913767	-115.438433
47.914099	-115.441451
47.915535	-115.445459
47.917496	-115.452582
47.919076	-115.45568
47.919608	-115.457308
47.919802	-115.458901
47.920496	-115.461391
47.920254	-115.462063
47.91787	-115.464884
47.917321	-115.467042
47.916266	-115.468255
47.913977	-115.469075
47.913115	-115.469952
47.914195	-115.472105
47.916001	-115.477349
47.915993	-115.478499
47.917565	-115.479789
47.918105	-115.481273
47.917791	-115.482088
47.916896	-115.482989
47.91663	-115.48481
47.915671	-115.485675
47.91547	-115.486658
47.914189	-115.488314
47.913496	-115.490676
47.912625	-115.491036
47.911134	-115.493077
47.910635	-115.498768
47.909676	-115.499309
47.909039	-115.500136
47.908831	-115.502697
47.908931	-115.507239
47.909847	-115.510284
47.909209	-115.516181
47.907832	-115.519593
47.907738	-115.521201
47.908421	-115.524137
47.908957	-115.525428
47.910537	-115.526905
47.913078	-115.527137
47.914304	-115.528575
47.914609	-115.531582
47.917732	-115.538899
47.92008	-115.541681
47.92001	-115.54354
47.920192	-115.544209
47.920907	-115.544786
47.921498	-115.545935
47.923	-115.546745
47.928836	-115.54551
47.931717	-115.5477
47.932199	-115.550411
47.93315	-115.552254
47.934074	-115.555051
47.934972	-115.555988
47.936353	-115.556594
47.938269	-115.556417
47.939568	-115.557631
47.94173	-115.558267
47.942711	-115.558238
47.94639	-115.555057
47.947965	-115.55539
47.949972	-115.554188
47.953161	-115.553042
47.954429	-115.551488
47.956422	-115.547541
47.957741	-115.547646
47.958952	-115.548871
47.959724	-115.54896
47.963938	-115.546795
47.966293	-115.544688
47.967806	-115.544627
47.969067	-115.54281
47.97025	-115.542376
47.971721	-115.542721
47.974328	-115.542596
47.977649	-115.540614
47.97888	-115.540516
47.979549	-115.540043
47.981319	-115.537692
47.981705	-115.537646
47.982664	-115.539718
47.984077	-115.540707
47.986089	-115.540303
47.98804	-115.541581
47.991765	-115.541189
47.994903	-115.543551
47.996992	-115.544401
47.999436	-115.544872
48.000269	-115.546271
48.001241	-115.547001
48.001772	-115.547036
48.001887	-115.548038
48.002371	-115.549067
48.003108	-115.549647
48.004253	-115.54993
48.006183	-115.549273
48.006258	-115.550324
48.0079	-115.552162
48.010076	-115.55358
48.010026	-115.554168
48.010678	-115.555851
48.011999	-115.556979
48.012095	-115.557767
48.013101	-115.558688
48.014938	-115.564016
48.015576	-115.565149
48.020197	-115.568351
48.018987	-115.571145
48.018477	-115.574065
48.019018	-115.57678
48.020181	-115.57814
48.020121	-115.579398
48.021452	-115.584057
48.023829	-115.586383
48.024353	-115.587292
48.026486	-115.588473
48.02826	-115.590669
48.030492	-115.591335
48.030918	-115.592163
48.030678	-115.596405
48.032589	-115.59794
48.035849	-115.601754
48.037114	-115.602071
48.038991	-115.600818
48.041235	-115.600993
48.041316	-115.602775
48.042028	-115.604075
48.044209	-115.606083
48.044208	-115.606826
48.045339	-115.608188
48.046663	-115.608888
48.047866	-115.611147
48.049182	-115.61163
48.050594	-115.611382
48.051835	-115.610012
48.05277	-115.61029
48.056308	-115.608663
48.056545	-115.608262
48.060011	-115.609248
48.059888	-115.609873
48.061267	-115.612931
48.061891	-115.615168
48.063401	-115.618438
48.064579	-115.618937
48.064694	-115.620013
48.067742	-115.624518
48.070583	-115.626952
48.071519	-115.628576
48.071399	-115.629127
48.072454	-115.630619
48.072279	-115.631577
48.072763	-115.632736
48.074326	-115.634812
48.074611	-115.63693
48.07544	-115.63774
48.077581	-115.638916
48.07821	-115.640362
48.078903	-115.641125
48.080101	-115.64106
48.080534	-115.640171
48.080716	-115.637488
48.081615	-115.635423
48.085667	-115.634673
48.088094	-115.633008
48.088205	-115.632337
48.088535	-115.632168
48.090282	-115.633931
48.092576	-115.634974
48.094558	-115.637552
48.095097	-115.637681
48.095412	-115.638339
48.097332	-115.637215
48.099256	-115.637805
48.100656	-115.637799
48.103022	-115.638758
48.105675	-115.638169
48.106736	-115.637577
48.110085	-115.640101
48.111131	-115.640504
48.113141	-115.640506
48.113848	-115.639904
48.115699	-115.640362
48.116906	-115.641231
48.117423	-115.642667
48.117986	-115.64276
48.11975	-115.644537
48.121789	-115.647368
48.124229	-115.649455
48.126708	-115.64825
48.129063	-115.646592
48.132066	-115.64621
48.134188	-115.645385
48.134799	-115.646841
48.136813	-115.648668
48.138282	-115.65069
48.139216	-115.653758
48.140744	-115.656857
48.142083	-115.657216
48.143214	-115.656886
48.146305	-115.654117
48.147396	-115.65766
48.148457	-115.658302
48.149265	-115.660174
48.150592	-115.661013
48.151636	-115.663096
48.152513	-115.663168
48.153123	-115.663859
48.154691	-115.669093
48.157096	-115.670707
48.160251	-115.671726
48.161541	-115.671331
48.161525	-115.672807
48.165337	-115.677429
48.165691	-115.678955
48.16475	-115.684365
48.16496	-115.690009
48.165463	-115.691902
48.166256	-115.693213
48.170877	-115.693678
48.173079	-115.693428
48.174401	-115.693765
48.176985	-115.695567
48.177466	-115.696274
48.177483	-115.695518
48.177962	-115.695194
48.178115	-115.694422
48.180905	-115.691301
48.181003	-115.690698
48.18192	-115.690734
48.18389	-115.68995
48.184503	-115.688542
48.185437	-115.687761
48.187247	-115.687089
48.189191	-115.684577
48.19245	-115.683231
48.193481	-115.683407
48.194026	-115.678652
48.194402	-115.677562
48.194413	-115.674058
48.19497	-115.672663
48.195185	-115.674013
48.196124	-115.674564
48.198547	-115.674078
48.200599	-115.674935
48.203486	-115.67427
48.206435	-115.671766
48.206824	-115.671971
48.207433	-115.673311
48.208428	-115.673945
48.209843	-115.676164
48.215952	-115.682758
48.218121	-115.683337
48.219899	-115.685727
48.220909	-115.686132
48.221888	-115.687523
48.222867	-115.688133
48.222996	-115.690435
48.224404	-115.692895
48.225584	-115.69338
48.226647	-115.694313
48.2275	-115.694398
48.228045	-115.695056
48.229088	-115.695581
48.229831	-115.696653
48.232248	-115.697826
48.233213	-115.698654
48.236812	-115.697502
48.238239	-115.697884
48.238776	-115.699264
48.23969	-115.700597
48.240117	-115.702243
48.242366	-115.705871
48.243185	-115.705814
48.244281	-115.706746
48.247447	-115.708128
48.248585	-115.709383
48.249473	-115.715199
48.249947	-115.715952
48.249947	-115.716769
48.25158	-115.718379
48.252394	-115.718691
48.252169	-115.720644
48.252581	-115.721486
48.252638	-115.722932
48.252986	-115.723931
48.253348	-115.724135
48.252947	-115.725896
48.253544	-115.727027
48.253704	-115.728112
48.254641	-115.730351
48.255568	-115.731687
48.255779	-115.733855
48.256593	-115.734251
48.258351	-115.737068
48.260245	-115.737052
48.260745	-115.737871
48.262445	-115.737397
48.26284	-115.73695
48.263203	-115.73731
48.262045	-115.742954
48.262296	-115.743954
48.2622	-115.745606
48.26295	-115.747268
48.263322	-115.749437
48.263564	-115.749786
48.263219	-115.750994
48.263432	-115.757285
48.263708	-115.759114
48.263023	-115.760509
48.262845	-115.761801
48.261724	-115.764262
48.259815	-115.765767
48.259205	-115.767547
48.258816	-115.771458
48.257404	-115.772595
48.256421	-115.774005
48.256068	-115.775588
48.252323	-115.778645
48.250503	-115.777314
48.249945	-115.775428
48.249945	-115.776687
48.247051	-115.778687
48.24618	-115.779965
48.244047	-115.779349
48.242866	-115.780394
48.240299	-115.7817
48.239326	-115.782772
48.238974	-115.783611
48.237491	-115.785099
48.236943	-115.786357
48.236779	-115.787729
48.236502	-115.788231
48.234448	-115.788663
48.231916	-115.790656
48.230114	-115.793863
48.227843	-115.79546
48.226562	-115.795866
48.226131	-115.796378
48.225727	-115.797674
48.22488	-115.798097
48.22413	-115.79928
48.223034	-115.799591
48.222987	-115.802373
48.222565	-115.804897
48.22243	-115.80769
48.222015	-115.810238
48.221912	-115.812911
48.219269	-115.814719
48.217917	-115.820663
48.217982	-115.823471
48.217418	-115.826475
48.217579	-115.828356
48.217209	-115.829387
48.215792	-115.829645
48.213103	-115.831199
48.211181	-115.831378
48.210855	-115.831879
48.211238	-115.836015
48.210773	-115.837791
48.211058	-115.841023
48.211742	-115.841899
48.215347	-115.842442
48.216087	-115.843283
48.21524	-115.845499
48.214395	-115.845644
48.21351	-115.845245
48.212944	-115.845584
48.21247	-115.846536
48.212297	-115.847791
48.212551	-115.851613
48.212309	-115.853421
48.211261	-115.854973
48.20816	-115.857566
48.207851	-115.859122
48.208375	-115.862845
48.208334	-115.864705
48.20704	-115.868667
48.205021	-115.869358
48.204817	-115.87011
48.205014	-115.871599
48.202365	-115.883263
48.199388	-115.886772
48.196971	-115.888283
48.196491	-115.889343
48.195895	-115.892265
48.195166	-115.893673
48.194732	-115.896919
48.193981	-115.8993
48.193905	-115.900983
48.192036	-115.903838
48.187551	-115.904912
48.18504	-115.908044
48.182796	-115.908172
48.182588	-115.908449
48.182508	-115.912029
48.182183	-115.914421
48.182128	-115.918313
48.181721	-115.920512
48.182267	-115.923549
48.181898	-115.924319
48.182086	-115.925712
48.183201	-115.927955
48.183116	-115.933252
48.183482	-115.935377
48.184063	-115.936324
48.183944	-115.937033
48.183076	-115.937444
48.182266	-115.938816
48.180011	-115.941154
48.177737	-115.942398
48.173552	-115.94187
48.170477	-115.944593
48.168074	-115.945573
48.165503	-115.947273
48.163352	-115.949248
48.1609	-115.950577
48.158354	-115.952889
48.157093	-115.953493
48.155202	-115.953402
48.153492	-115.954847
48.151554	-115.955417
48.151209	-115.955934
48.150012	-115.956573
48.149176	-115.956552
48.149259	-115.958184
48.149817	-115.959743
48.151495	-115.962704
48.152575	-115.963805
48.15307	-115.966397
48.154755	-115.969022
48.154254	-115.972337
48.154297	-115.973669
48.155114	-115.976693
48.155962	-115.9783
48.158265	-115.980299
48.157187	-115.984612
48.157125	-115.985957
48.157825	-115.991334
48.158334	-115.992702
48.158335	-115.99335
48.156582	-115.99914
48.157203	-116.001
48.158415	-116.002086
48.158519	-116.003034
48.15819	-116.004884
48.158901	-116.007724
48.160377	-116.009709
48.163751	-116.009332
48.166933	-116.011653
48.167078	-116.015297
48.167449	-116.016542
48.169091	-116.018077
48.172768	-116.018747
48.173903	-116.018139
48.174475	-116.019433
48.176879	-116.018865
48.179112	-116.017149
48.180715	-116.016987
48.182059	-116.019274
48.1826	-116.021467
48.184238	-116.021504
48.185744	-116.022042
48.187481	-116.021978
48.188812	-116.02007
48.191353	-116.020598
48.193351	-116.018535
48.194281	-116.016679
48.194808	-116.014077
48.198216	-116.0139
48.20026	-116.015982
48.20251	-116.019212
48.204614	-116.018846
48.206014	-116.017985
48.206479	-116.016932
48.206947	-116.016928
48.209988	-116.028298
48.2115	-116.030985
48.211845	-116.034531
48.216094	-116.048643
48.215095	-116.049763
48.237604	-116.049977
48.249936	-116.049353
48.274668	-116.049735
48.309847	-116.048948
48.374938	-116.0499
48.413492	-116.050003
48.481247	-116.049155
48.620694	-116.049283
48.624941	-116.049027
48.657351	-116.049295
48.67913	-116.049007
48.714641	-116.049273
48.853331	-116.048898
49.000912	-116.049193
49.00127	-116.00103
49.000909	-115.990685
49.00112	-115.876026
49.000644	-115.642827
49.000837	-115.626019
49.000595	-115.619839
49.000694	-115.501016
49.000443	-115.464626
49.000357	-115.392204
48.999961	-115.376012
48.999228	-115.207912
48.999574	-115.170831
48.999355	-115.126004
48.999579	-115.006597
49.000394	-114.889862
49.000681	-114.727997
48.99997	-114.729568
48.999642	-114.729627
48.997653	-114.733464
48.996223	-114.735213
48.992612	-114.737275
48.991834	-114.738875
48.991215	-114.739292
48.98949	-114.738237
48.987408	-114.735733
48.9857	-114.735105
48.982833	-114.734762
48.982445	-114.734251
48.982554	-114.732324
48.981924	-114.731181
48.982062	-114.728035
48.979913	-114.72436
48.980145	-114.719118
48.97972	-114.716242
48.980084	-114.713388
48.979871	-114.71189
48.98014	-114.709706
48.980001	-114.708658
48.980256	-114.696734
48.978085	-114.694476
48.976986	-114.692774
48.976568	-114.689692
48.975027	-114.68848
48.973646	-114.686756
48.973343	-114.684612
48.971018	-114.684976
48.96891	-114.685888
48.967719	-114.685784
48.965901	-114.686742
48.964768	-114.690977
48.962187	-114.692463
48.960498	-114.692994
48.95957	-114.692718
48.958308	-114.693467
48.955734	-114.697816
48.953945	-114.696996
48.952679	-114.699828
48.952253	-114.703485
48.951677	-114.705376
48.949099	-114.707896
48.946372	-114.708919
48.945801	-114.709518
48.945032	-114.711141
48.944092	-114.711949
48.942409	-114.715525
48.940456	-114.717129
48.939469	-114.71857
48.938768	-114.718573
48.935899	-114.717025
48.934892	-114.716932
48.932535	-114.717952
48.931811	-114.717906
48.931495	-114.716957
48.930994	-114.716484
48.93045	-114.714416
48.930517	-114.711444
48.930287	-114.709436
48.927038	-114.707633
48.922198	-114.706959
48.918704	-114.707083
48.915207	-114.705722
48.912195	-114.705223
48.910412	-114.703843
48.906532	-114.704066
48.903801	-114.703274
48.901091	-114.704552
48.900367	-114.705248
48.897396	-114.705443
48.894424	-114.708328
48.891312	-114.710008
48.890879	-114.711007
48.887202	-114.708624
48.886226	-114.707472
48.884783	-114.706529
48.883701	-114.705134
48.883158	-114.703543
48.882103	-114.703486
48.880264	-114.702022
48.878711	-114.698865
48.877065	-114.697132
48.875376	-114.694524
48.872407	-114.692428
48.87106	-114.692551
48.870072	-114.691932
48.866719	-114.692155
48.864611	-114.690534
48.863726	-114.689443
48.860963	-114.689578
48.860148	-114.689135
48.859036	-114.68973
48.857463	-114.689918
48.855452	-114.6893
48.851556	-114.690893
48.850035	-114.693458
48.84839	-114.693096
48.847222	-114.692093
48.842091	-114.691742
48.840936	-114.694064
48.840667	-114.698415
48.83897	-114.703494
48.838701	-114.705262
48.836487	-114.705281
48.835014	-114.705789
48.832407	-114.708242
48.832865	-114.710304
48.832365	-114.713476
48.831995	-114.71451
48.831656	-114.722753
48.831147	-114.723855
48.829082	-114.725644
48.828234	-114.72688
48.826512	-114.725759
48.824299	-114.726739
48.821082	-114.727574
48.818824	-114.727274
48.818187	-114.727847
48.816649	-114.730908
48.814558	-114.731844
48.81233	-114.731204
48.810304	-114.732555
48.809234	-114.73248
48.80769	-114.730356
48.807418	-114.729239
48.807107	-114.723897
48.806318	-114.721861
48.803848	-114.718693
48.802903	-114.717905
48.801495	-114.714728
48.802446	-114.712121
48.802359	-114.711497
48.802818	-114.709968
48.802665	-114.706373
48.802808	-114.70392
48.801939	-114.700774
48.801205	-114.699337
48.800703	-114.697409
48.80103	-114.690897
48.800794	-114.688979
48.798611	-114.685909
48.797757	-114.682813
48.797123	-114.681659
48.797683	-114.680304
48.798253	-114.677781
48.798227	-114.675797
48.799353	-114.671723
48.797995	-114.671518
48.794066	-114.673146
48.792532	-114.672922
48.789248	-114.673405
48.787925	-114.670389
48.787239	-114.66786
48.786106	-114.666178
48.785674	-114.664935
48.784206	-114.663571
48.781138	-114.661981
48.781191	-114.657969
48.781973	-114.656317
48.781104	-114.653137
48.77945	-114.649091
48.77928	-114.648124
48.776443	-114.646214
48.775209	-114.645795
48.774147	-114.643108
48.771914	-114.642253
48.770672	-114.6408
48.76952	-114.640336
48.766309	-114.640238
48.765238	-114.639205
48.764833	-114.637781
48.762881	-114.636377
48.759217	-114.635401
48.758901	-114.635002
48.758412	-114.632699
48.75864	-114.629886
48.758371	-114.627956
48.759137	-114.624838
48.758767	-114.623294
48.759366	-114.621078
48.759565	-114.618666
48.759391	-114.617931
48.75472	-114.612703
48.752642	-114.612668
48.751888	-114.611925
48.750569	-114.613813
48.749695	-114.615823
48.749324	-114.617547
48.748659	-114.619003
48.746888	-114.619349
48.745265	-114.618692
48.742484	-114.619163
48.741209	-114.622587
48.740139	-114.623354
48.738333	-114.625464
48.738347	-114.627084
48.738698	-114.629093
48.737477	-114.631749
48.73446	-114.633252
48.733445	-114.635037
48.732544	-114.637988
48.731665	-114.63975
48.732216	-114.640619
48.732839	-114.642801
48.731758	-114.647596
48.731034	-114.649189
48.730299	-114.652531
48.730536	-114.65613
48.728889	-114.661269
48.728368	-114.663666
48.728202	-114.665971
48.727481	-114.669604
48.727874	-114.671224
48.725174	-114.676324
48.724712	-114.678309
48.724265	-114.678958
48.722299	-114.679611
48.719818	-114.681386
48.719182	-114.682821
48.719138	-114.683586
48.715771	-114.682871
48.713169	-114.686246
48.712821	-114.687953
48.710083	-114.689759
48.708598	-114.691802
48.708053	-114.691552
48.707543	-114.690731
48.705747	-114.68971
48.703934	-114.690085
48.702417	-114.688171
48.700712	-114.682697
48.698302	-114.68071
48.694543	-114.68102
48.694246	-114.682206
48.694578	-114.683267
48.694136	-114.684571
48.693346	-114.684912
48.692485	-114.686223
48.689509	-114.686047
48.68826	-114.686393
48.684602	-114.690139
48.684454	-114.690574
48.684727	-114.691986
48.68321	-114.691418
48.681979	-114.69151
48.681549	-114.69205
48.680372	-114.692445
48.679569	-114.692276
48.677985	-114.690713
48.675964	-114.686924
48.675881	-114.686074
48.67606	-114.685664
48.675322	-114.681214
48.676598	-114.676391
48.676077	-114.673279
48.675334	-114.671024
48.672839	-114.665543
48.672149	-114.665206
48.671582	-114.664446
48.671317	-114.662987
48.671125	-114.65863
48.670387	-114.655393
48.668278	-114.65146
48.664542	-114.643357
48.664325	-114.641861
48.658959	-114.639014
48.658905	-114.873621
48.658414	-114.875988
48.658659	-114.883362
48.658464	-114.884323
48.65849	-114.888676
48.600997	-114.88896
48.582712	-114.888439
48.57362	-114.887846
48.573549	-114.849699
48.445479	-114.849765
48.437587	-114.849289
48.399509	-114.84958
48.399589	-114.848539
48.380824	-114.848538
