47.870405	-112.942602
47.871067	-112.943892
47.873215	-112.943553
47.873603	-112.943961
47.874573	-112.943791
47.875393	-112.944738
47.875569	-112.946435
47.878562	-112.946979
47.879202	-112.948406
47.881442	-112.948576
47.882013	-112.949052
47.883292	-112.94929
47.883909	-112.949833
47.885211	-112.950241
47.886559	-112.951226
47.887222	-112.949766
47.888022	-112.950276
47.88873	-112.950276
47.889484	-112.948578
47.890238	-112.949019
47.891289	-112.948578
47.891929	-112.948748
47.892249	-112.949326
47.893117	-112.94902
47.893985	-112.950073
47.895196	-112.950788
47.896292	-112.95072
47.897069	-112.951434
47.89908	-112.951129
47.899651	-112.95208
47.900702	-112.952488
47.90486	-112.952829
47.905865	-112.953747
47.906847	-112.955548
47.907807	-112.956636
47.908195	-112.958369
47.9092	-112.959559
47.909222	-112.960646
47.909611	-112.960986
47.909976	-112.963264
47.910364	-112.964216
47.910044	-112.965507
47.910523	-112.966255
47.91098	-112.96843
47.911322	-112.968974
47.911618	-112.973018
47.912669	-112.973562
47.913308	-112.97431
47.915525	-112.974584
47.918814	-112.976183
47.923109	-112.976596
47.923886	-112.976188
47.926399	-112.976122
47.93074	-112.977519
47.934214	-112.977318
47.938577	-112.978171
47.941295	-112.980146
47.944653	-112.981101
47.948674	-112.981206
47.951365	-112.98266
47.953013	-112.984201
47.953982	-112.984705
47.955399	-112.981781
47.954718	-112.976965
47.954713	-112.973147
47.954374	-112.970067
47.953201	-112.968547
47.952027	-112.966018
47.951714	-112.963635
47.952049	-112.961899
47.951506	-112.957928
47.949741	-112.955834
47.948585	-112.955275
47.946817	-112.953673
47.945684	-112.952178
47.944714	-112.951477
47.94636	-112.948863
47.946981	-112.946484
47.946897	-112.942448
47.944883	-112.939078
47.944418	-112.936478
47.944423	-112.933441
47.945216	-112.931773
47.945275	-112.928064
47.945849	-112.920845
47.946493	-112.918538
47.946237	-112.915977
47.946604	-112.911841
47.950066	-112.909626
47.950859	-112.907934
47.951955	-112.908947
47.953462	-112.908827
47.9558	-112.907362
47.957	-112.906156
47.958772	-112.906171
47.960098	-112.906564
47.961671	-112.906216
47.962377	-112.905483
47.962548	-112.90288
47.962907	-112.902093
47.964934	-112.900214
47.9656	-112.900513
47.969634	-112.899458
47.970546	-112.898259
47.972208	-112.89772
47.972809	-112.897069
47.973309	-112.895815
47.975934	-112.893428
47.97653	-112.8922
47.976509	-112.890482
47.976122	-112.889383
47.975141	-112.88789
47.975281	-112.883797
47.975701	-112.881124
47.975766	-112.878615
47.977135	-112.878719
47.978902	-112.879491
47.981231	-112.88164
47.982099	-112.881977
47.984893	-112.884579
47.98794	-112.885406
47.993677	-112.888726
47.995294	-112.888991
47.996866	-112.889976
48.002651	-112.891489
48.006051	-112.893189
48.007451	-112.893489
48.009451	-112.894889
48.012151	-112.89549
48.013151	-112.89519
48.015951	-112.89529
48.018751	-112.89649
48.021952	-112.90139
48.027252	-112.905991
48.028852	-112.906991
48.029652	-112.907991
48.029852	-112.909691
48.029052	-112.915191
48.029352	-112.916691
48.032152	-112.921292
48.032752	-112.924292
48.032152	-112.927192
48.033552	-112.932792
48.034652	-112.935193
48.034952	-112.936893
48.033952	-112.940293
48.031551	-112.944893
48.031351	-112.946593
48.033051	-112.949293
48.034452	-112.949893
48.036652	-112.950093
48.037952	-112.949693
48.040652	-112.951594
48.042352	-112.951194
48.043252	-112.951394
48.048952	-112.950694
48.050452	-112.949694
48.052253	-112.947294
48.053153	-112.945494
48.055653	-112.937193
48.056153	-112.936693
48.057353	-112.936293
48.060553	-112.937094
48.062553	-112.940194
48.063353	-112.942494
48.063253	-112.944394
48.063453	-112.946494
48.064653	-112.950594
48.067853	-112.954895
48.069053	-112.958095
48.070453	-112.960095
48.074254	-112.962796
48.074954	-112.964396
48.074954	-112.966196
48.074553	-112.967996
48.073253	-112.969896
48.072653	-112.971696
48.073353	-112.973896
48.073553	-112.975696
48.073153	-112.976396
48.073053	-112.977596
48.073653	-112.981196
48.074153	-112.981796
48.075053	-112.981697
48.075653	-112.982097
48.076753	-112.981297
48.077453	-112.981597
48.080854	-112.978297
48.083154	-112.979597
48.084254	-112.979597
48.086654	-112.982397
48.087554	-112.979997
48.088554	-112.978897
48.088954	-112.979197
48.089854	-112.981497
48.092254	-112.983397
48.094354	-112.986098
48.095654	-112.988398
48.096854	-112.991298
48.098154	-112.993098
48.100354	-112.994198
48.105055	-112.994998
48.105955	-112.995498
48.106355	-112.995398
48.107055	-112.994398
48.107555	-112.992698
48.107455	-112.990298
48.107855	-112.989998
48.113055	-112.991599
48.114955	-112.992599
48.116455	-112.985398
48.117355	-112.983798
48.118056	-112.983198
48.119056	-112.984498
48.119656	-112.984598
48.120856	-112.985599
48.121756	-112.987499
48.124456	-112.991199
48.124956	-112.993999
48.125656	-112.995599
48.127656	-112.997899
48.130156	-113.0
48.130756	-113.0
48.130871	-113.003054
48.129682	-113.007407
48.12834	-113.01014
48.130481	-113.012764
48.131032	-113.014844
48.13246	-113.016894
48.132459	-112.826691
48.133245	-112.826697
48.132861	-112.750887
48.132413	-112.500875
48.131065	-112.250865
48.130951	-112.177676
48.087981	-112.177618
48.087463	-112.177324
48.086893	-112.047254
48.043162	-112.047652
48.043253	-111.983499
47.99996	-111.983776
47.994234	-111.983483
47.984771	-111.983753
47.984593	-111.96344
47.984636	-111.896205
47.984359	-111.888513
47.98465	-111.875841
47.98483	-111.810642
47.984614	-111.789162
47.985551	-111.731221
47.98517	-111.729802
47.98533	-111.715183
47.985855	-111.709728
47.986635	-111.688058
47.987003	-111.666167
47.986848	-111.623747
47.987026	-111.558999
47.986826	-111.500818
47.987045	-111.408495
47.900249	-111.408539
47.886148	-111.408241
47.884183	-111.40865
47.874963	-111.408485
47.873384	-111.408912
47.870524	-111.40876
47.861976	-111.409274
47.773924	-111.408897
47.749961	-111.408261
47.736457	-111.40892
47.698238	-111.408886
47.698146	-111.500805
47.697675	-111.538989
47.697915	-111.539913
47.698125	-111.571298
47.697707	-111.663969
47.697871	-111.666786
47.65664	-111.666544
47.611241	-111.6668
47.611252	-111.739856
47.611477	-111.752151
47.610887	-111.762797
47.610986	-111.783346
47.611238	-111.792234
47.610897	-111.81623
47.611141	-111.90173
47.611419	-111.92265
47.59757	-111.922417
47.596976	-111.922653
47.525078	-111.922233
47.52437	-111.922604
47.504784	-111.922542
47.504396	-111.923386
47.502796	-111.924668
47.501562	-111.926253
47.501059	-111.927366
47.500968	-111.92912
47.501631	-111.931919
47.504167	-111.935561
47.504853	-111.937382
47.505127	-111.940991
47.50595	-111.942307
47.506041	-111.943049
47.505355	-111.947163
47.505538	-111.947973
47.506795	-111.949693
47.506886	-111.953977
47.506565	-111.955866
47.505834	-111.957518
47.505879	-111.959542
47.505079	-111.961599
47.505033	-111.962678
47.505444	-111.963758
47.507889	-111.966288
47.509123	-111.96666
47.510082	-111.967841
47.511498	-111.971553
47.511521	-111.972734
47.508983	-111.97624
47.508914	-111.977083
47.509302	-111.978196
47.509506	-111.981907
47.508569	-111.982951
47.508317	-111.984773
47.508933	-111.987303
47.509069	-111.989361
47.509526	-111.990879
47.509068	-111.992059
47.507948	-111.992362
47.507491	-111.993137
47.509021	-111.994791
47.509546	-111.995871
47.509568	-111.997693
47.507788	-112.000831
47.507793	-112.001413
47.509085	-112.005386
47.510709	-112.006645
47.512343	-112.008916
47.512957	-112.010243
47.51374	-112.016895
47.514733	-112.01957
47.516004	-112.02166
47.517586	-112.02837
47.516937	-112.036605
47.517096	-112.039468
47.516907	-112.041197
47.516445	-112.04271
47.516028	-112.047308
47.515058	-112.049979
47.514934	-112.051743
47.514256	-112.0541
47.514362	-112.055255
47.515711	-112.057607
47.516547	-112.058232
47.517008	-112.058191
47.517368	-112.058785
47.516879	-112.063147
47.514834	-112.067014
47.513	-112.069519
47.511929	-112.072683
47.511824	-112.073941
47.512985	-112.07669
47.514906	-112.079286
47.515887	-112.07996
47.516437	-112.080969
47.516449	-112.081652
47.514783	-112.08682
47.51451	-112.088912
47.509509	-112.091368
47.508355	-112.092375
47.508493	-112.09472
47.508916	-112.095409
47.511856	-112.097785
47.512728	-112.101296
47.512365	-112.102421
47.510872	-112.102316
47.510223	-112.102682
47.508744	-112.106286
47.507412	-112.107395
47.506945	-112.10833
47.506872	-112.109518
47.507566	-112.111977
47.508266	-112.119253
47.508732	-112.120744
47.509961	-112.122788
47.510855	-112.123203
47.511463	-112.123954
47.511768	-112.12584
47.511133	-112.129392
47.511475	-112.131226
47.514312	-112.135518
47.514869	-112.140971
47.51404	-112.142626
47.512282	-112.142347
47.511722	-112.142604
47.51125	-112.144392
47.511663	-112.145672
47.5124	-112.146783
47.513481	-112.147515
47.515009	-112.147951
47.515153	-112.14946
47.514015	-112.15162
47.512344	-112.153063
47.511222	-112.155894
47.510061	-112.160006
47.509768	-112.163022
47.510715	-112.168337
47.510662	-112.169383
47.510087	-112.171004
47.510061	-112.172473
47.510318	-112.173255
47.510838	-112.173656
47.513174	-112.177382
47.513281	-112.178631
47.512854	-112.180633
47.511482	-112.182046
47.510641	-112.184895
47.508062	-112.18883
47.506465	-112.192848
47.50602	-112.195025
47.506389	-112.199915
47.505345	-112.202229
47.503624	-112.203727
47.502306	-112.205999
47.502342	-112.208387
47.503005	-112.211003
47.50385	-112.213129
47.504463	-112.213838
47.506006	-112.214311
47.507102	-112.215091
47.508231	-112.216449
47.508754	-112.218555
47.508684	-112.21967
47.507596	-112.222925
47.507574	-112.224042
47.508971	-112.231262
47.506829	-112.232937
47.506344	-112.234277
47.506086	-112.237564
47.506197	-112.24033
47.506861	-112.242781
47.508529	-112.24621
47.509942	-112.25085
47.509329	-112.258254
47.508589	-112.261053
47.508038	-112.2682
47.505955	-112.278406
47.506947	-112.282025
47.507768	-112.282765
47.509214	-112.282884
47.512045	-112.282452
47.513285	-112.283045
47.517044	-112.290105
47.51884	-112.292007
47.522117	-112.292934
47.52292	-112.293545
47.523271	-112.294222
47.523851	-112.297836
47.52561	-112.301481
47.527071	-112.306707
47.527669	-112.308098
47.528846	-112.309057
47.532511	-112.310168
47.535539	-112.3115
47.536767	-112.312894
47.537343	-112.315991
47.538097	-112.316604
47.54103	-112.316914
47.542394	-112.318118
47.542913	-112.319818
47.543051	-112.321193
47.54229	-112.324899
47.542402	-112.326204
47.543859	-112.328124
47.544121	-112.330003
47.543557	-112.331565
47.541301	-112.333798
47.540207	-112.33592
47.539082	-112.339631
47.539043	-112.342574
47.539606	-112.343625
47.541215	-112.34405
47.547068	-112.342343
47.548959	-112.342528
47.550706	-112.344492
47.550931	-112.347161
47.550752	-112.349623
47.54935	-112.357175
47.547933	-112.362186
47.546701	-112.369994
47.546393	-112.374282
47.546973	-112.377079
47.549503	-112.379256
47.551071	-112.381579
47.551565	-112.383177
47.552668	-112.396644
47.553867	-112.401617
47.553725	-112.405618
47.554388	-112.406839
47.555543	-112.407329
47.557036	-112.40724
47.559029	-112.405679
47.560327	-112.403779
47.561504	-112.402856
47.563927	-112.404046
47.565704	-112.403321
47.567286	-112.403326
47.568418	-112.405523
47.570025	-112.406834
47.571366	-112.407147
47.572092	-112.406943
47.573358	-112.405184
47.573882	-112.404865
47.574924	-112.40526
47.575344	-112.405977
47.576208	-112.406138
47.576418	-112.406573
47.576379	-112.408256
47.577899	-112.410569
47.577872	-112.411963
47.58109	-112.409398
47.583324	-112.408345
47.584415	-112.410641
47.58189	-112.417328
47.583983	-112.418174
47.586178	-112.416659
47.587397	-112.416442
47.588173	-112.41797
47.588529	-112.419393
47.589345	-112.420673
47.591889	-112.422006
47.594624	-112.419488
47.59606	-112.418422
47.597036	-112.418159
47.599799	-112.421105
47.6029	-112.421741
47.603288	-112.422681
47.603426	-112.424023
47.602992	-112.427252
47.603114	-112.428559
47.603712	-112.429959
47.604326	-112.430569
47.605828	-112.430305
47.606054	-112.431588
47.605023	-112.434854
47.604775	-112.437587
47.605874	-112.440481
47.607102	-112.44229
47.608987	-112.451119
47.609739	-112.453625
47.610887	-112.460606
47.610937	-112.463433
47.611785	-112.465798
47.614079	-112.470634
47.614451	-112.472812
47.614008	-112.477254
47.614187	-112.481895
47.614623	-112.484002
47.615382	-112.48612
47.615229	-112.487016
47.614656	-112.488019
47.613886	-112.488695
47.613243	-112.490355
47.613373	-112.492451
47.614503	-112.495536
47.615545	-112.496899
47.61774	-112.498873
47.620275	-112.499068
47.621069	-112.500863
47.620471	-112.505113
47.619649	-112.506342
47.618975	-112.508102
47.619196	-112.508871
47.620847	-112.510663
47.621418	-112.513104
47.622151	-112.514893
47.622989	-112.515479
47.624947	-112.515596
47.629019	-112.514424
47.630675	-112.514637
47.631869	-112.515385
47.63297	-112.518396
47.633375	-112.521137
47.633906	-112.521769
47.634994	-112.521662
47.639357	-112.518792
47.641098	-112.518587
47.64311	-112.520663
47.643167	-112.52159
47.642143	-112.525042
47.641869	-112.526798
47.642597	-112.530486
47.643159	-112.531879
47.644284	-112.53663
47.645291	-112.538192
47.646368	-112.538633
47.647654	-112.539748
47.648114	-112.540715
47.647942	-112.541302
47.646488	-112.541953
47.646379	-112.542372
47.647365	-112.543446
47.650331	-112.544824
47.650902	-112.545502
47.651925	-112.547945
47.652214	-112.553097
47.651921	-112.553675
47.649087	-112.554366
47.646211	-112.557511
47.645637	-112.56006
47.644672	-112.5622
47.644137	-112.56283
47.643363	-112.562906
47.642682	-112.562551
47.641451	-112.561172
47.64012	-112.561141
47.639595	-112.561938
47.639568	-112.566165
47.639039	-112.567414
47.636922	-112.567078
47.636149	-112.568142
47.635862	-112.572112
47.633292	-112.578048
47.633365	-112.580904
47.633767	-112.581645
47.634986	-112.586156
47.634779	-112.587398
47.634372	-112.587931
47.634058	-112.589854
47.635171	-112.593414
47.63466	-112.59683
47.633176	-112.599671
47.632396	-112.602794
47.633198	-112.604932
47.634999	-112.607919
47.635708	-112.613465
47.635409	-112.616209
47.633162	-112.623291
47.633307	-112.625109
47.633131	-112.626345
47.630176	-112.62676
47.628916	-112.627441
47.627817	-112.629037
47.626623	-112.633427
47.626313	-112.635831
47.627096	-112.638691
47.626948	-112.639302
47.626144	-112.64038
47.622589	-112.642539
47.620883	-112.645432
47.62056	-112.647666
47.622282	-112.654356
47.622744	-112.659318
47.622623	-112.661514
47.621614	-112.662726
47.617724	-112.663036
47.617391	-112.663924
47.61765	-112.665329
47.620029	-112.66922
47.620773	-112.671637
47.622314	-112.672974
47.622545	-112.67383
47.622148	-112.674989
47.620042	-112.676254
47.619294	-112.677289
47.618695	-112.68033
47.618045	-112.681321
47.617121	-112.681942
47.616678	-112.681599
47.61637	-112.680572
47.61532	-112.680341
47.614627	-112.680736
47.614307	-112.681719
47.614328	-112.684386
47.615075	-112.687029
47.616491	-112.689636
47.618579	-112.692202
47.621536	-112.693562
47.621913	-112.69432
47.622231	-112.697014
47.621544	-112.701074
47.620729	-112.702636
47.62066	-112.703244
47.621094	-112.705306
47.62079	-112.707749
47.618954	-112.711682
47.617367	-112.7124
47.616809	-112.713217
47.616743	-112.716522
47.616221	-112.720376
47.616569	-112.721381
47.617449	-112.728078
47.617062	-112.731678
47.616234	-112.73373
47.61395	-112.734627
47.611641	-112.73701
47.610548	-112.739194
47.609039	-112.740206
47.608715	-112.742371
47.607806	-112.745122
47.607687	-112.749057
47.606888	-112.751716
47.606849	-112.752958
47.607225	-112.75558
47.607059	-112.75701
47.606591	-112.75761
47.604407	-112.758655
47.602457	-112.758562
47.60182	-112.759603
47.602026	-112.761553
47.600025	-112.764863
47.599219	-112.76701
47.59832	-112.771766
47.597963	-112.775917
47.598386	-112.779685
47.60249	-112.791367
47.603847	-112.794106
47.60836	-112.798756
47.611076	-112.803342
47.611488	-112.805765
47.611291	-112.807615
47.607855	-112.811617
47.606933	-112.813396
47.607035	-112.816479
47.607782	-112.818539
47.60984	-112.821316
47.615066	-112.830268
47.617452	-112.832932
47.621188	-112.836073
47.622409	-112.837889
47.623282	-112.840674
47.623726	-112.8433
47.624464	-112.843943
47.627674	-112.845078
47.628547	-112.847138
47.629234	-112.854343
47.629051	-112.856135
47.629827	-112.857082
47.630308	-112.855866
47.631084	-112.855765
47.631998	-112.857084
47.633391	-112.85837
47.633688	-112.859283
47.634236	-112.859925
47.635401	-112.860231
47.636749	-112.860029
47.638029	-112.85932
47.640131	-112.859423
47.640976	-112.860371
47.641364	-112.862873
47.641843	-112.864293
47.64344	-112.867371
47.645131	-112.867441
47.647826	-112.868695
47.648329	-112.869338
47.648327	-112.871503
47.649195	-112.873329
47.64876	-112.875881
47.649082	-112.876875
47.650133	-112.877314
47.650795	-112.876839
47.651616	-112.875405
47.652964	-112.874484
47.654404	-112.874418
47.654769	-112.874892
47.65452	-112.87697
47.65548	-112.878288
47.656668	-112.878084
47.657399	-112.877576
47.658496	-112.877642
47.660622	-112.879195
47.660645	-112.881292
47.662863	-112.884266
47.664577	-112.884095
47.665102	-112.884602
47.665355	-112.887951
47.66563	-112.888526
47.666498	-112.888694
47.667824	-112.889742
47.668167	-112.890655
47.669081	-112.891669
47.670658	-112.892513
47.673171	-112.892308
47.676621	-112.890952
47.677169	-112.891019
47.677878	-112.892033
47.677696	-112.893556
47.675846	-112.895012
47.675778	-112.896297
47.677309	-112.897751
47.67772	-112.897717
47.679045	-112.896532
47.680873	-112.896463
47.681079	-112.896767
47.68108	-112.899913
47.683205	-112.903026
47.68476	-112.904141
47.685057	-112.90475
47.68508	-112.90607
47.685468	-112.906577
47.686382	-112.906543
47.687091	-112.907794
47.688074	-112.907895
47.688667	-112.906474
47.689718	-112.906202
47.690404	-112.906912
47.690838	-112.907927
47.692392	-112.909889
47.693878	-112.910836
47.694244	-112.913442
47.694952	-112.91422
47.697191	-112.91388
47.701554	-112.909377
47.703085	-112.908158
47.705827	-112.906938
47.706443	-112.906227
47.707882	-112.902536
47.70859	-112.902299
47.709459	-112.903517
47.710236	-112.905243
47.711493	-112.905987
47.713206	-112.904056
47.715216	-112.902938
47.716267	-112.903005
47.718095	-112.90385
47.719946	-112.90395
47.720449	-112.905812
47.720952	-112.906422
47.721455	-112.906421
47.723373	-112.904524
47.724676	-112.904726
47.725909	-112.903202
47.727578	-112.902185
47.727966	-112.901643
47.728332	-112.901609
47.728902	-112.903471
47.730411	-112.904317
47.731233	-112.903944
47.73112	-112.902894
47.731348	-112.902216
47.731713	-112.901979
47.732513	-112.902182
47.733632	-112.90445
47.735415	-112.906787
47.736649	-112.90743
47.73786	-112.906921
47.739094	-112.906988
47.741196	-112.909155
47.741059	-112.909663
47.739986	-112.910815
47.740123	-112.911967
47.741403	-112.913321
47.742499	-112.913321
47.742911	-112.913862
47.744967	-112.914505
47.746201	-112.91359
47.748097	-112.913589
47.74892	-112.914334
47.749467	-112.91535
47.751477	-112.916836
47.753031	-112.917479
47.754082	-112.919648
47.753968	-112.921308
47.754174	-112.922798
47.755157	-112.923577
47.756551	-112.925407
47.757694	-112.925474
47.758288	-112.925
47.760481	-112.925033
47.761258	-112.926354
47.761898	-112.926659
47.763635	-112.925303
47.765302	-112.924693
47.766262	-112.923879
47.76665	-112.922659
47.767427	-112.921507
47.768683	-112.920524
47.770717	-112.921031
47.77275	-112.920251
47.772841	-112.918692
47.773207	-112.918353
47.774167	-112.919946
47.775721	-112.921097
47.776155	-112.921097
47.777434	-112.919402
47.778051	-112.919063
47.779125	-112.92113
47.779925	-112.92113
47.780564	-112.919842
47.782187	-112.920994
47.782484	-112.92157
47.783123	-112.92157
47.784311	-112.920518
47.784769	-112.92201
47.786345	-112.922689
47.788676	-112.922315
47.790275	-112.921399
47.791028	-112.91916
47.791692	-112.918109
47.792309	-112.917837
47.793017	-112.918041
47.792834	-112.918753
47.792972	-112.919398
47.793794	-112.919364
47.794091	-112.918923
47.794228	-112.917667
47.795073	-112.918176
47.798021	-112.918481
47.799825	-112.915461
47.801036	-112.914545
47.801379	-112.914613
47.802202	-112.916444
47.803458	-112.916647
47.804669	-112.915901
47.807023	-112.916171
47.807251	-112.917223
47.80684	-112.918444
47.806932	-112.919291
47.807754	-112.919461
47.808691	-112.918782
47.809696	-112.916543
47.810724	-112.915017
47.812392	-112.914846
47.813579	-112.913387
47.813854	-112.913591
47.813923	-112.91549
47.814243	-112.916202
47.814951	-112.9161
47.816116	-112.91437
47.816458	-112.914268
47.818332	-112.916744
47.819612	-112.916777
47.821577	-112.915419
47.822513	-112.91569
47.82297	-112.914672
47.826443	-112.911923
47.827152	-112.912126
47.827403	-112.912567
47.827586	-112.914806
47.828501	-112.916231
47.831448	-112.916874
47.832408	-112.916365
47.832453	-112.914601
47.832704	-112.914295
47.833321	-112.914363
47.834098	-112.914973
47.834555	-112.914939
47.835035	-112.915482
47.835172	-112.917212
47.836315	-112.917789
47.837549	-112.917822
47.83844	-112.917143
47.838988	-112.917347
47.839217	-112.919621
47.839491	-112.919927
47.841045	-112.918942
47.842941	-112.919654
47.843215	-112.920367
47.842896	-112.923693
47.84333	-112.924541
47.844153	-112.925118
47.844975	-112.924914
47.845226	-112.924167
47.846094	-112.923522
47.84678	-112.92376
47.847146	-112.925083
47.847374	-112.925185
47.8479	-112.924472
47.848311	-112.924744
47.84822	-112.926067
47.848517	-112.926678
47.849659	-112.927391
47.850527	-112.927255
47.850481	-112.926067
47.851395	-112.925965
47.853657	-112.92868
47.85448	-112.928884
47.854868	-112.927288
47.855874	-112.926202
47.856399	-112.926371
47.857747	-112.927729
47.858295	-112.927899
47.859209	-112.927322
47.860146	-112.927526
47.860717	-112.929088
47.86154	-112.930378
47.862591	-112.934248
47.864259	-112.935063
47.86435	-112.936387
47.868257	-112.939443
47.869057	-112.941175
47.869399	-112.941378
47.869582	-112.942466
47.870405	-112.942602
