# GsakName=Beemster
# This County polygon is based on data © OpenStreetMap contributors
# The OpenStreetMap data is made available under the Open Database License, see http://www.openstreetmap.org/copyright
# This polygon file is made available under the same Open Database License: http://opendatacommons.org/licenses/odbl/1.0/.
# OSM RelationID=289225

52.53896	4.83391
52.54003	4.83491
52.54033	4.83518
52.54036	4.83521
52.54039	4.83524
52.54043	4.83527
52.54067	4.83550
52.54069	4.83552
52.54073	4.83556
52.54080	4.83566
52.54086	4.83574
52.54091	4.83583
52.54096	4.83592
52.54101	4.83600
52.54105	4.83610
52.54110	4.83619
52.54118	4.83638
52.54130	4.83667
52.54148	4.83709
52.54156	4.83728
52.54165	4.83749
52.54174	4.83771
52.54187	4.83800
52.54196	4.83825
52.54206	4.83847
52.54215	4.83872
52.54225	4.83895
52.54233	4.83919
52.54247	4.83957
52.54267	4.84010
52.54292	4.84082
52.54326	4.84179
52.54331	4.84191
52.54335	4.84203
52.54339	4.84211
52.54342	4.84216
52.54345	4.84221
52.54347	4.84225
52.54349	4.84228
52.54353	4.84232
52.54358	4.84238
52.54361	4.84241
52.54364	4.84243
52.54368	4.84245
52.54374	4.84249
52.54387	4.84255
52.54489	4.84306
52.54511	4.84317
52.54617	4.84371
52.54659	4.84392
52.54673	4.84401
52.54684	4.84408
52.54695	4.84417
52.54705	4.84427
52.54715	4.84438
52.54730	4.84458
52.54731	4.84459
52.54940	4.84741
52.54997	4.84817
52.55003	4.84825
52.55007	4.84831
52.55014	4.84837
52.55019	4.84842
52.55027	4.84848
52.55047	4.84862
52.55144	4.84931
52.55189	4.84963
52.55190	4.84964
52.55344	4.85074
52.55391	4.85109
52.55423	4.85133
52.55483	4.85183
52.55581	4.85286
52.55653	4.85360
52.55677	4.85384
52.55688	4.85398
52.55699	4.85413
52.55710	4.85429
52.55728	4.85467
52.55741	4.85494
52.55756	4.85524
52.55772	4.85554
52.55793	4.85589
52.55821	4.85635
52.55843	4.85670
52.55872	4.85718
52.55888	4.85743
52.55893	4.85753
52.55918	4.85811
52.55922	4.85821
52.55948	4.85865
52.55949	4.85866
52.55952	4.85871
52.55953	4.85871
52.55967	4.85889
52.55978	4.85902
52.55989	4.85913
52.55996	4.85920
52.56000	4.85922
52.56044	4.85956
52.56125	4.86018
52.56132	4.86024
52.56153	4.86046
52.56167	4.86063
52.56199	4.86105
52.56206	4.86113
52.56216	4.86123
52.56228	4.86134
52.56241	4.86145
52.56295	4.86183
52.56348	4.86220
52.56367	4.86231
52.56409	4.86245
52.56420	4.86250
52.56451	4.86267
52.56499	4.86291
52.56505	4.86294
52.56519	4.86296
52.56547	4.86298
52.56596	4.86300
52.56631	4.86298
52.56656	4.86296
52.56675	4.86296
52.56701	4.86295
52.56744	4.86296
52.56753	4.86296
52.56804	4.86297
52.56852	4.86301
52.56859	4.86301
52.56863	4.86302
52.56869	4.86303
52.56873	4.86303
52.56876	4.86304
52.56882	4.86306
52.56889	4.86308
52.56897	4.86310
52.56905	4.86313
52.56913	4.86316
52.56925	4.86320
52.56936	4.86324
52.56943	4.86327
52.56952	4.86330
52.56962	4.86334
52.56979	4.86340
52.56992	4.86345
52.57004	4.86350
52.57020	4.86356
52.57037	4.86362
52.57053	4.86369
52.57060	4.86371
52.57068	4.86374
52.57076	4.86377
52.57082	4.86379
52.57086	4.86381
52.57090	4.86382
52.57094	4.86384
52.57100	4.86387
52.57106	4.86390
52.57112	4.86393
52.57116	4.86395
52.57129	4.86403
52.57143	4.86411
52.57153	4.86418
52.57162	4.86424
52.57173	4.86430
52.57184	4.86437
52.57194	4.86443
52.57199	4.86446
52.57214	4.86456
52.57229	4.86465
52.57239	4.86471
52.57258	4.86484
52.57273	4.86494
52.57283	4.86500
52.57291	4.86505
52.57302	4.86512
52.57311	4.86518
52.57319	4.86523
52.57326	4.86527
52.57333	4.86532
52.57339	4.86536
52.57343	4.86539
52.57349	4.86544
52.57353	4.86547
52.57357	4.86550
52.57362	4.86555
52.57367	4.86559
52.57371	4.86563
52.57375	4.86567
52.57379	4.86572
52.57383	4.86577
52.57388	4.86581
52.57392	4.86587
52.57395	4.86591
52.57399	4.86596
52.57410	4.86611
52.57426	4.86633
52.57441	4.86654
52.57456	4.86675
52.57470	4.86694
52.57486	4.86716
52.57501	4.86735
52.57521	4.86763
52.57535	4.86782
52.57550	4.86802
52.57564	4.86822
52.57579	4.86842
52.57588	4.86854
52.57593	4.86860
52.57593	4.86861
52.57597	4.86867
52.57600	4.86873
52.57603	4.86880
52.57605	4.86887
52.57611	4.86904
52.57615	4.86919
52.57622	4.86941
52.57633	4.86976
52.57646	4.87018
52.57646	4.87019
52.57656	4.87049
52.57665	4.87080
52.57668	4.87088
52.57675	4.87112
52.57685	4.87144
52.57695	4.87178
52.57702	4.87198
52.57705	4.87209
52.57708	4.87220
52.57710	4.87231
52.57711	4.87243
52.57712	4.87250
52.57712	4.87256
52.57712	4.87261
52.57712	4.87266
52.57711	4.87288
52.57706	4.87341
52.57704	4.87367
52.57703	4.87382
52.57702	4.87392
52.57702	4.87397
52.57702	4.87407
52.57702	4.87417
52.57702	4.87426
52.57703	4.87436
52.57705	4.87445
52.57707	4.87454
52.57709	4.87459
52.57720	4.87491
52.57728	4.87510
52.57735	4.87526
52.57738	4.87535
52.57740	4.87538
52.57754	4.87573
52.57762	4.87591
52.57767	4.87603
52.57769	4.87609
52.57772	4.87614
52.57776	4.87624
52.57778	4.87629
52.57781	4.87633
52.57783	4.87638
52.57785	4.87642
52.57788	4.87647
52.57791	4.87652
52.57793	4.87656
52.57796	4.87660
52.57798	4.87665
52.57801	4.87669
52.57803	4.87673
52.57806	4.87677
52.57809	4.87681
52.57811	4.87685
52.57814	4.87689
52.57816	4.87693
52.57824	4.87705
52.57835	4.87721
52.57845	4.87738
52.57859	4.87758
52.57869	4.87775
52.57880	4.87792
52.57891	4.87808
52.57904	4.87828
52.57918	4.87850
52.57929	4.87867
52.57944	4.87889
52.57952	4.87902
52.57963	4.87919
52.57974	4.87935
52.57983	4.87949
52.57992	4.87964
52.58002	4.87979
52.58011	4.87993
52.58019	4.88006
52.58025	4.88014
52.58031	4.88022
52.58037	4.88028
52.58045	4.88035
52.58050	4.88039
52.58060	4.88045
52.58073	4.88053
52.58089	4.88062
52.58099	4.88068
52.58100	4.88068
52.58106	4.88072
52.58112	4.88075
52.58120	4.88080
52.58126	4.88083
52.58133	4.88087
52.58140	4.88091
52.58147	4.88095
52.58153	4.88099
52.58160	4.88103
52.58164	4.88106
52.58167	4.88108
52.58170	4.88110
52.58173	4.88113
52.58176	4.88116
52.58179	4.88120
52.58182	4.88123
52.58185	4.88127
52.58189	4.88130
52.58194	4.88137
52.58206	4.88151
52.58217	4.88165
52.58225	4.88174
52.58233	4.88184
52.58248	4.88201
52.58263	4.88220
52.58279	4.88239
52.58298	4.88263
52.58311	4.88280
52.58321	4.88293
52.58330	4.88305
52.58337	4.88315
52.58343	4.88322
52.58351	4.88335
52.58354	4.88341
52.58357	4.88346
52.58361	4.88353
52.58364	4.88357
52.58377	4.88384
52.58387	4.88404
52.58396	4.88422
52.58410	4.88449
52.58415	4.88458
52.58417	4.88463
52.58420	4.88470
52.58422	4.88473
52.58424	4.88475
52.58425	4.88477
52.58428	4.88480
52.58431	4.88483
52.58433	4.88486
52.58434	4.88488
52.58434	4.88488
52.58437	4.88491
52.58441	4.88495
52.58445	4.88499
52.58449	4.88503
52.58454	4.88507
52.58457	4.88510
52.58461	4.88514
52.58465	4.88517
52.58469	4.88521
52.58481	4.88530
52.58506	4.88551
52.58509	4.88553
52.58517	4.88560
52.58524	4.88565
52.58534	4.88573
52.58542	4.88580
52.58552	4.88588
52.58554	4.88590
52.58567	4.88600
52.58579	4.88609
52.58591	4.88618
52.58601	4.88625
52.58608	4.88631
52.58616	4.88637
52.58627	4.88644
52.58634	4.88650
52.58641	4.88654
52.58649	4.88659
52.58654	4.88662
52.58658	4.88664
52.58663	4.88666
52.58669	4.88670
52.58673	4.88671
52.58677	4.88673
52.58681	4.88675
52.58686	4.88676
52.58690	4.88678
52.58695	4.88680
52.58701	4.88682
52.58709	4.88684
52.58721	4.88689
52.58730	4.88691
52.58742	4.88695
52.58762	4.88702
52.58784	4.88708
52.58807	4.88715
52.58822	4.88719
52.58850	4.88728
52.58871	4.88734
52.58885	4.88737
52.58897	4.88741
52.58904	4.88742
52.58911	4.88743
52.58919	4.88744
52.58926	4.88746
52.58933	4.88747
52.58940	4.88749
52.58948	4.88751
52.58955	4.88753
52.58969	4.88758
52.58979	4.88761
52.58986	4.88764
52.58992	4.88765
52.58996	4.88767
52.59002	4.88769
52.59003	4.88770
52.59010	4.88772
52.59017	4.88774
52.59023	4.88777
52.59030	4.88779
52.59037	4.88782
52.59044	4.88785
52.59048	4.88787
52.59051	4.88788
52.59055	4.88790
52.59059	4.88792
52.59062	4.88793
52.59066	4.88795
52.59068	4.88796
52.59072	4.88798
52.59076	4.88800
52.59079	4.88802
52.59086	4.88806
52.59093	4.88810
52.59120	4.88825
52.59157	4.88846
52.59174	4.88856
52.59185	4.88862
52.59222	4.88882
52.59281	4.88916
52.59339	4.88948
52.59364	4.88962
52.59378	4.88971
52.59389	4.88977
52.59393	4.88980
52.59397	4.88983
52.59401	4.88986
52.59405	4.88989
52.59408	4.88992
52.59412	4.88995
52.59415	4.88998
52.59419	4.89001
52.59422	4.89004
52.59428	4.89011
52.59431	4.89014
52.59434	4.89017
52.59437	4.89021
52.59441	4.89025
52.59445	4.89031
52.59450	4.89036
52.59452	4.89039
52.59453	4.89040
52.59456	4.89044
52.59459	4.89048
52.59462	4.89052
52.59465	4.89057
52.59468	4.89061
52.59473	4.89067
52.59477	4.89073
52.59482	4.89081
52.59488	4.89089
52.59494	4.89096
52.59497	4.89100
52.59500	4.89104
52.59503	4.89108
52.59506	4.89112
52.59509	4.89115
52.59512	4.89119
52.59514	4.89122
52.59520	4.89129
52.59526	4.89136
52.59534	4.89144
52.59540	4.89151
52.59544	4.89155
52.59548	4.89159
52.59551	4.89162
52.59554	4.89165
52.59559	4.89171
52.59564	4.89176
52.59569	4.89183
52.59575	4.89188
52.59581	4.89194
52.59586	4.89201
52.59592	4.89206
52.59594	4.89209
52.59609	4.89224
52.59612	4.89227
52.59615	4.89229
52.59617	4.89232
52.59620	4.89234
52.59625	4.89239
52.59628	4.89241
52.59631	4.89242
52.59634	4.89244
52.59636	4.89246
52.59642	4.89250
52.59658	4.89262
52.59668	4.89268
52.59675	4.89274
52.59688	4.89282
52.59701	4.89291
52.59714	4.89301
52.59728	4.89310
52.59737	4.89317
52.59748	4.89324
52.59761	4.89333
52.59763	4.89335
52.59768	4.89338
52.59779	4.89346
52.59782	4.89348
52.59784	4.89350
52.59796	4.89359
52.59802	4.89367
52.59807	4.89374
52.59810	4.89378
52.59813	4.89383
52.59814	4.89388
52.59817	4.89392
52.59819	4.89396
52.59821	4.89400
52.59823	4.89404
52.59826	4.89409
52.59830	4.89416
52.59832	4.89420
52.59834	4.89424
52.59836	4.89429
52.59838	4.89434
52.59839	4.89438
52.59841	4.89441
52.59842	4.89445
52.59843	4.89448
52.59845	4.89451
52.59847	4.89458
52.59851	4.89468
52.59854	4.89478
52.59859	4.89488
52.59862	4.89495
52.59864	4.89502
52.59866	4.89506
52.59869	4.89511
52.59871	4.89515
52.59873	4.89519
52.59874	4.89522
52.59877	4.89526
52.59880	4.89531
52.59894	4.89553
52.59904	4.89569
52.59905	4.89570
52.59907	4.89574
52.59911	4.89581
52.59915	4.89586
52.59918	4.89590
52.59921	4.89594
52.59925	4.89599
52.59928	4.89603
52.59931	4.89608
52.59934	4.89611
52.59938	4.89616
52.59941	4.89620
52.59945	4.89624
52.59949	4.89628
52.59966	4.89644
52.59969	4.89648
52.59974	4.89652
52.59979	4.89656
52.59982	4.89659
52.59987	4.89664
52.59995	4.89673
52.59995	4.89673
52.59998	4.89676
52.60004	4.89683
52.60019	4.89699
52.60040	4.89722
52.60063	4.89750
52.60079	4.89769
52.60092	4.89785
52.60112	4.89811
52.60119	4.89819
52.60126	4.89829
52.60134	4.89840
52.60141	4.89849
52.60146	4.89856
52.60149	4.89861
52.60155	4.89870
52.60158	4.89874
52.60160	4.89877
52.60163	4.89883
52.60166	4.89887
52.60169	4.89892
52.60174	4.89901
52.60184	4.89920
52.60199	4.89947
52.60213	4.89973
52.60234	4.90010
52.60239	4.90020
52.60261	4.90059
52.60277	4.90087
52.60283	4.90098
52.60286	4.90104
52.60288	4.90108
52.60293	4.90117
52.60295	4.90123
52.60297	4.90127
52.60300	4.90133
52.60302	4.90138
52.60305	4.90145
52.60307	4.90151
52.60318	4.90183
52.60320	4.90189
52.60325	4.90202
52.60328	4.90212
52.60348	4.90266
52.60356	4.90287
52.60375	4.90336
52.60406	4.90415
52.60417	4.90442
52.60418	4.90445
52.60419	4.90448
52.60424	4.90459
52.60431	4.90475
52.60438	4.90492
52.60449	4.90516
52.60458	4.90534
52.60470	4.90560
52.60485	4.90592
52.60500	4.90627
52.60521	4.90671
52.60541	4.90713
52.60554	4.90741
52.60556	4.90747
52.60558	4.90753
52.60559	4.90756
52.60561	4.90761
52.60562	4.90765
52.60564	4.90769
52.60565	4.90773
52.60566	4.90778
52.60567	4.90782
52.60568	4.90787
52.60569	4.90793
52.60578	4.90836
52.60586	4.90882
52.60594	4.90920
52.60603	4.90968
52.60607	4.90993
52.60608	4.90999
52.60609	4.91003
52.60610	4.91007
52.60610	4.91010
52.60611	4.91012
52.60612	4.91015
52.60614	4.91020
52.60619	4.91033
52.60623	4.91042
52.60625	4.91046
52.60628	4.91050
52.60630	4.91054
52.60631	4.91057
52.60633	4.91061
52.60635	4.91064
52.60638	4.91069
52.60647	4.91086
52.60660	4.91108
52.60672	4.91131
52.60681	4.91147
52.60694	4.91172
52.60707	4.91196
52.60712	4.91204
52.60714	4.91209
52.60717	4.91213
52.60719	4.91217
52.60722	4.91221
52.60726	4.91229
52.60729	4.91234
52.60732	4.91238
52.60734	4.91243
52.60738	4.91248
52.60741	4.91253
52.60744	4.91259
52.60747	4.91266
52.60749	4.91270
52.60752	4.91275
52.60754	4.91279
52.60757	4.91286
52.60760	4.91292
52.60763	4.91301
52.60768	4.91312
52.60775	4.91325
52.60784	4.91344
52.60794	4.91365
52.60804	4.91388
52.60810	4.91402
52.60821	4.91427
52.60829	4.91446
52.60843	4.91479
52.60844	4.91481
52.60856	4.91513
52.60858	4.91518
52.60860	4.91523
52.60862	4.91530
52.60863	4.91534
52.60864	4.91538
52.60865	4.91542
52.60866	4.91547
52.60866	4.91551
52.60867	4.91555
52.60867	4.91560
52.60870	4.91592
52.60871	4.91600
52.60871	4.91607
52.60871	4.91612
52.60871	4.91617
52.60871	4.91621
52.60871	4.91625
52.60871	4.91638
52.60870	4.91652
52.60869	4.91685
52.60867	4.91723
52.60865	4.91759
52.60863	4.91791
52.60863	4.91803
52.60863	4.91809
52.60862	4.91815
52.60862	4.91821
52.60861	4.91831
52.60858	4.91856
52.60855	4.91896
52.60851	4.91946
52.60846	4.91999
52.60841	4.92053
52.60838	4.92091
52.60837	4.92096
52.60837	4.92103
52.60836	4.92108
52.60835	4.92117
52.60834	4.92123
52.60834	4.92129
52.60833	4.92133
52.60832	4.92138
52.60831	4.92144
52.60830	4.92150
52.60829	4.92156
52.60828	4.92163
52.60827	4.92168
52.60820	4.92201
52.60813	4.92234
52.60812	4.92242
52.60802	4.92286
52.60796	4.92315
52.60791	4.92339
52.60786	4.92365
52.60784	4.92377
52.60779	4.92404
52.60768	4.92463
52.60765	4.92478
52.60762	4.92489
52.60760	4.92501
52.60757	4.92513
52.60754	4.92523
52.60752	4.92534
52.60737	4.92576
52.60728	4.92605
52.60724	4.92615
52.60723	4.92620
52.60721	4.92625
52.60719	4.92629
52.60716	4.92633
52.60714	4.92637
52.60712	4.92641
52.60710	4.92644
52.60707	4.92648
52.60705	4.92652
52.60702	4.92655
52.60700	4.92658
52.60697	4.92661
52.60688	4.92672
52.60670	4.92693
52.60666	4.92696
52.60653	4.92711
52.60622	4.92748
52.60588	4.92787
52.60571	4.92807
52.60552	4.92834
52.60538	4.92853
52.60528	4.92867
52.60526	4.92871
52.60523	4.92874
52.60521	4.92878
52.60519	4.92883
52.60518	4.92889
52.60517	4.92895
52.60516	4.92900
52.60516	4.92906
52.60516	4.92912
52.60517	4.92918
52.60518	4.92923
52.60520	4.92929
52.60522	4.92934
52.60523	4.92940
52.60525	4.92945
52.60528	4.92955
52.60529	4.92959
52.60534	4.92977
52.60540	4.92999
52.60543	4.93010
52.60545	4.93020
52.60548	4.93032
52.60551	4.93043
52.60554	4.93054
52.60556	4.93065
52.60558	4.93073
52.60561	4.93086
52.60563	4.93097
52.60565	4.93109
52.60567	4.93120
52.60569	4.93131
52.60571	4.93143
52.60573	4.93154
52.60575	4.93166
52.60576	4.93177
52.60580	4.93201
52.60582	4.93212
52.60585	4.93235
52.60592	4.93280
52.60599	4.93325
52.60609	4.93390
52.60611	4.93405
52.60614	4.93424
52.60617	4.93442
52.60619	4.93451
52.60620	4.93457
52.60621	4.93461
52.60623	4.93467
52.60624	4.93473
52.60626	4.93479
52.60628	4.93484
52.60630	4.93488
52.60631	4.93493
52.60634	4.93499
52.60638	4.93509
52.60641	4.93519
52.60645	4.93528
52.60650	4.93538
52.60654	4.93548
52.60658	4.93558
52.60661	4.93568
52.60666	4.93578
52.60669	4.93588
52.60673	4.93598
52.60677	4.93608
52.60680	4.93616
52.60683	4.93625
52.60687	4.93636
52.60690	4.93646
52.60693	4.93656
52.60697	4.93667
52.60701	4.93677
52.60704	4.93687
52.60708	4.93697
52.60712	4.93707
52.60715	4.93716
52.60719	4.93727
52.60723	4.93737
52.60727	4.93746
52.60729	4.93751
52.60732	4.93756
52.60734	4.93761
52.60736	4.93766
52.60738	4.93770
52.60741	4.93775
52.60744	4.93779
52.60746	4.93783
52.60748	4.93787
52.60751	4.93792
52.60754	4.93795
52.60760	4.93803
52.60763	4.93807
52.60766	4.93811
52.60775	4.93820
52.60781	4.93827
52.60787	4.93834
52.60800	4.93847
52.60813	4.93862
52.60820	4.93869
52.60825	4.93876
52.60835	4.93886
52.60841	4.93894
52.60848	4.93903
52.60855	4.93911
52.60861	4.93919
52.60867	4.93926
52.60875	4.93936
52.60894	4.93961
52.60899	4.93966
52.60903	4.93971
52.60907	4.93976
52.60910	4.93981
52.60913	4.93987
52.60915	4.93992
52.60919	4.93999
52.60925	4.94009
52.60930	4.94019
52.60935	4.94031
52.60939	4.94040
52.60944	4.94051
52.60948	4.94059
52.60953	4.94072
52.60957	4.94082
52.60961	4.94092
52.60965	4.94104
52.60969	4.94116
52.60972	4.94124
52.60975	4.94132
52.60977	4.94137
52.60978	4.94143
52.60980	4.94148
52.60982	4.94153
52.60984	4.94157
52.60985	4.94163
52.60987	4.94167
52.60989	4.94173
52.60993	4.94184
52.60995	4.94188
52.60997	4.94194
52.60998	4.94198
52.61000	4.94204
52.61002	4.94208
52.61005	4.94217
52.61008	4.94223
52.61010	4.94228
52.61013	4.94234
52.61019	4.94247
52.61022	4.94255
52.61025	4.94261
52.61029	4.94270
52.61034	4.94281
52.61038	4.94289
52.61043	4.94299
52.61047	4.94307
52.61051	4.94317
52.61055	4.94324
52.61060	4.94334
52.61066	4.94347
52.61070	4.94358
52.61076	4.94369
52.61081	4.94380
52.61086	4.94391
52.61090	4.94399
52.61094	4.94407
52.61099	4.94416
52.61103	4.94423
52.61106	4.94429
52.61106	4.94431
52.61111	4.94438
52.61115	4.94446
52.61120	4.94455
52.61124	4.94461
52.61129	4.94470
52.61138	4.94485
52.61157	4.94517
52.61162	4.94525
52.61170	4.94538
52.61176	4.94547
52.61184	4.94562
52.61192	4.94575
52.61198	4.94585
52.61206	4.94597
52.61214	4.94609
52.61223	4.94626
52.61236	4.94646
52.61244	4.94660
52.61249	4.94669
52.61259	4.94685
52.61270	4.94701
52.61272	4.94706
52.61279	4.94719
52.61284	4.94726
52.61294	4.94743
52.61302	4.94756
52.61310	4.94769
52.61315	4.94777
52.61320	4.94785
52.61325	4.94794
52.61327	4.94798
52.61329	4.94801
52.61331	4.94804
52.61336	4.94811
52.61342	4.94821
52.61346	4.94829
52.61351	4.94839
52.61353	4.94845
52.61355	4.94850
52.61359	4.94862
52.61362	4.94874
52.61365	4.94885
52.61368	4.94894
52.61370	4.94900
52.61378	4.94929
52.61381	4.94940
52.61388	4.94965
52.61393	4.94983
52.61398	4.95001
52.61404	4.95022
52.61407	4.95032
52.61409	4.95042
52.61410	4.95053
52.61410	4.95065
52.61411	4.95072
52.61411	4.95082
52.61411	4.95093
52.61410	4.95102
52.61409	4.95113
52.61408	4.95122
52.61407	4.95132
52.61405	4.95141
52.61404	4.95151
52.61402	4.95162
52.61399	4.95178
52.61395	4.95191
52.61387	4.95216
52.61383	4.95227
52.61379	4.95238
52.61371	4.95256
52.61366	4.95270
52.61358	4.95288
52.61351	4.95306
52.61346	4.95319
52.61339	4.95334
52.61335	4.95343
52.61332	4.95349
52.61329	4.95357
52.61323	4.95368
52.61321	4.95372
52.61316	4.95383
52.61314	4.95386
52.61311	4.95392
52.61305	4.95403
52.61300	4.95413
52.61296	4.95421
52.61290	4.95432
52.61285	4.95441
52.61281	4.95449
52.61278	4.95454
52.61273	4.95465
52.61267	4.95474
52.61259	4.95487
52.61253	4.95498
52.61248	4.95505
52.61244	4.95512
52.61240	4.95518
52.61235	4.95523
52.61229	4.95529
52.61222	4.95535
52.61212	4.95544
52.61205	4.95551
52.61196	4.95557
52.61188	4.95564
52.61151	4.95594
52.61067	4.95663
52.61046	4.95675
52.61008	4.95695
52.60955	4.95724
52.60905	4.95751
52.60895	4.95756
52.60889	4.95760
52.60882	4.95762
52.60866	4.95770
52.60801	4.95800
52.60731	4.95832
52.60672	4.95859
52.60643	4.95871
52.60622	4.95879
52.60602	4.95887
52.60574	4.95897
52.60550	4.95907
52.60528	4.95915
52.60505	4.95922
52.60492	4.95926
52.60484	4.95928
52.60477	4.95930
52.60474	4.95931
52.60471	4.95932
52.60468	4.95932
52.60465	4.95931
52.60461	4.95930
52.60459	4.95929
52.60454	4.95927
52.60435	4.95917
52.60424	4.95913
52.60423	4.95912
52.60412	4.95907
52.60400	4.95902
52.60389	4.95896
52.60380	4.95892
52.60373	4.95889
52.60367	4.95886
52.60363	4.95883
52.60358	4.95881
52.60354	4.95880
52.60350	4.95879
52.60346	4.95879
52.60342	4.95878
52.60339	4.95876
52.60335	4.95874
52.60332	4.95871
52.60326	4.95868
52.60321	4.95861
52.60315	4.95853
52.60310	4.95843
52.60299	4.95824
52.60289	4.95803
52.60276	4.95779
52.60268	4.95764
52.60263	4.95754
52.60258	4.95746
52.60253	4.95738
52.60249	4.95731
52.60246	4.95725
52.60241	4.95718
52.60238	4.95713
52.60233	4.95707
52.60228	4.95700
52.60225	4.95697
52.60222	4.95694
52.60220	4.95687
52.60217	4.95676
52.60213	4.95659
52.60207	4.95637
52.60202	4.95618
52.60197	4.95599
52.60195	4.95587
52.60192	4.95574
52.60189	4.95558
52.60187	4.95546
52.60182	4.95519
52.60178	4.95496
52.60175	4.95479
52.60173	4.95468
52.60172	4.95463
52.60171	4.95458
52.60170	4.95453
52.60168	4.95446
52.60165	4.95435
52.60149	4.95371
52.60134	4.95316
52.60127	4.95289
52.60118	4.95256
52.60117	4.95252
52.60116	4.95249
52.60114	4.95243
52.60111	4.95237
52.60108	4.95229
52.60092	4.95190
52.60069	4.95136
52.60050	4.95094
52.60047	4.95087
52.60045	4.95083
52.60043	4.95079
52.60040	4.95074
52.60036	4.95068
52.60010	4.95023
52.59993	4.94994
52.59967	4.94947
52.59964	4.94941
52.59960	4.94936
52.59958	4.94932
52.59953	4.94926
52.59949	4.94922
52.59945	4.94918
52.59942	4.94916
52.59939	4.94913
52.59933	4.94909
52.59929	4.94906
52.59919	4.94900
52.59915	4.94897
52.59910	4.94894
52.59905	4.94893
52.59900	4.94891
52.59893	4.94888
52.59886	4.94886
52.59879	4.94884
52.59872	4.94883
52.59865	4.94883
52.59860	4.94883
52.59854	4.94885
52.59849	4.94886
52.59840	4.94889
52.59836	4.94891
52.59831	4.94893
52.59804	4.94904
52.59773	4.94918
52.59749	4.94930
52.59728	4.94940
52.59711	4.94949
52.59694	4.94959
52.59683	4.94964
52.59680	4.94965
52.59676	4.94967
52.59672	4.94969
52.59669	4.94970
52.59665	4.94971
52.59659	4.94972
52.59624	4.94978
52.59612	4.94981
52.59586	4.94985
52.59565	4.94988
52.59555	4.94991
52.59550	4.94991
52.59546	4.94991
52.59543	4.94991
52.59539	4.94992
52.59536	4.94990
52.59532	4.94987
52.59529	4.94985
52.59528	4.94985
52.59525	4.94982
52.59519	4.94976
52.59512	4.94969
52.59506	4.94962
52.59500	4.94955
52.59493	4.94949
52.59487	4.94943
52.59482	4.94939
52.59479	4.94937
52.59476	4.94936
52.59473	4.94935
52.59469	4.94935
52.59463	4.94935
52.59452	4.94936
52.59440	4.94936
52.59433	4.94937
52.59423	4.94939
52.59408	4.94942
52.59392	4.94945
52.59287	4.94966
52.59280	4.94967
52.59274	4.94968
52.59270	4.94970
52.59266	4.94971
52.59263	4.94971
52.59260	4.94972
52.59257	4.94974
52.59253	4.94976
52.59250	4.94977
52.59247	4.94979
52.59244	4.94982
52.59241	4.94985
52.59237	4.94988
52.59234	4.94991
52.59230	4.94995
52.59226	4.94999
52.59214	4.95012
52.59200	4.95026
52.59187	4.95039
52.59180	4.95046
52.59178	4.95049
52.59175	4.95053
52.59171	4.95056
52.59155	4.95072
52.59151	4.95075
52.59149	4.95077
52.59146	4.95079
52.59143	4.95082
52.59141	4.95083
52.59138	4.95086
52.59135	4.95088
52.59133	4.95089
52.59129	4.95091
52.59127	4.95092
52.59122	4.95095
52.59114	4.95099
52.59107	4.95102
52.59093	4.95107
52.59080	4.95113
52.59070	4.95117
52.59056	4.95122
52.59042	4.95128
52.59028	4.95134
52.59014	4.95139
52.58992	4.95148
52.58982	4.95152
52.58967	4.95158
52.58957	4.95162
52.58949	4.95165
52.58942	4.95169
52.58928	4.95174
52.58920	4.95178
52.58916	4.95180
52.58909	4.95184
52.58905	4.95187
52.58902	4.95189
52.58898	4.95192
52.58895	4.95196
52.58893	4.95198
52.58889	4.95202
52.58885	4.95205
52.58882	4.95208
52.58863	4.95225
52.58845	4.95243
52.58825	4.95263
52.58806	4.95280
52.58787	4.95299
52.58781	4.95307
52.58775	4.95312
52.58769	4.95317
52.58762	4.95322
52.58743	4.95340
52.58718	4.95362
52.58711	4.95369
52.58703	4.95375
52.58695	4.95381
52.58688	4.95387
52.58683	4.95391
52.58679	4.95394
52.58674	4.95397
52.58672	4.95399
52.58669	4.95401
52.58666	4.95403
52.58662	4.95404
52.58654	4.95406
52.58633	4.95412
52.58616	4.95415
52.58592	4.95420
52.58570	4.95424
52.58537	4.95430
52.58500	4.95436
52.58471	4.95440
52.58450	4.95444
52.58423	4.95448
52.58420	4.95449
52.58418	4.95449
52.58415	4.95448
52.58414	4.95448
52.58412	4.95448
52.58381	4.95442
52.58359	4.95439
52.58331	4.95434
52.58309	4.95430
52.58304	4.95428
52.58301	4.95427
52.58297	4.95427
52.58290	4.95425
52.58283	4.95423
52.58276	4.95421
52.58262	4.95417
52.58258	4.95416
52.58251	4.95414
52.58248	4.95413
52.58244	4.95413
52.58239	4.95411
52.58235	4.95411
52.58230	4.95410
52.58225	4.95408
52.58217	4.95408
52.58210	4.95406
52.58203	4.95404
52.58184	4.95401
52.58168	4.95398
52.58156	4.95396
52.58146	4.95395
52.58138	4.95393
52.58135	4.95392
52.58131	4.95392
52.58128	4.95391
52.58124	4.95391
52.58121	4.95391
52.58117	4.95392
52.58113	4.95392
52.58110	4.95393
52.58106	4.95396
52.58100	4.95401
52.58069	4.95426
52.58058	4.95436
52.58056	4.95438
52.58054	4.95440
52.58051	4.95442
52.58048	4.95446
52.58045	4.95448
52.58042	4.95451
52.58038	4.95456
52.58033	4.95462
52.58028	4.95468
52.58021	4.95475
52.58016	4.95482
52.58012	4.95489
52.58007	4.95496
52.58006	4.95500
52.58003	4.95505
52.58002	4.95508
52.58000	4.95512
52.57998	4.95517
52.57996	4.95521
52.57996	4.95524
52.57994	4.95530
52.57993	4.95536
52.57992	4.95540
52.57992	4.95550
52.57991	4.95561
52.57993	4.95573
52.57993	4.95580
52.57995	4.95594
52.57996	4.95606
52.57999	4.95628
52.58000	4.95642
52.58003	4.95666
52.58007	4.95689
52.58011	4.95724
52.58016	4.95759
52.58021	4.95793
52.58023	4.95807
52.58027	4.95834
52.58029	4.95849
52.58033	4.95868
52.58035	4.95878
52.58041	4.95897
52.58047	4.95916
52.58054	4.95933
52.58057	4.95939
52.58060	4.95947
52.58066	4.95961
52.58076	4.95985
52.58083	4.96010
52.58087	4.96027
52.58090	4.96037
52.58093	4.96049
52.58102	4.96088
52.58111	4.96122
52.58129	4.96196
52.58133	4.96212
52.58138	4.96233
52.58144	4.96263
52.58147	4.96274
52.58150	4.96285
52.58154	4.96294
52.58177	4.96341
52.58193	4.96369
52.58205	4.96391
52.58213	4.96403
52.58225	4.96420
52.58237	4.96434
52.58252	4.96448
52.58264	4.96457
52.58272	4.96465
52.58279	4.96473
52.58283	4.96480
52.58287	4.96486
52.58322	4.96562
52.58365	4.96658
52.58380	4.96694
52.58401	4.96746
52.58426	4.96811
52.58448	4.96867
52.58453	4.96883
52.58459	4.96899
52.58462	4.96911
52.58470	4.96936
52.58489	4.97008
52.58495	4.97031
52.58499	4.97047
52.58501	4.97064
52.58516	4.97155
52.58529	4.97237
52.58530	4.97246
52.58531	4.97255
52.58535	4.97322
52.58536	4.97331
52.58539	4.97351
52.58559	4.97435
52.58565	4.97455
52.58577	4.97502
52.58588	4.97544
52.58617	4.97603
52.58633	4.97639
52.58641	4.97663
52.58646	4.97683
52.58651	4.97703
52.58653	4.97709
52.58654	4.97712
52.58659	4.97732
52.58663	4.97747
52.58667	4.97770
52.58678	4.97844
52.58679	4.97846
52.58689	4.97912
52.58698	4.97973
52.58699	4.97983
52.58699	4.97992
52.58697	4.98004
52.58696	4.98010
52.58695	4.98016
52.58692	4.98023
52.58691	4.98028
52.58685	4.98045
52.58680	4.98054
52.58671	4.98067
52.58656	4.98087
52.58638	4.98110
52.58622	4.98129
52.58609	4.98145
52.58587	4.98173
52.58579	4.98182
52.58561	4.98205
52.58550	4.98222
52.58550	4.98222
52.58543	4.98232
52.58534	4.98251
52.58522	4.98284
52.58506	4.98324
52.58500	4.98341
52.58484	4.98379
52.58473	4.98405
52.58448	4.98474
52.58440	4.98498
52.58429	4.98531
52.58426	4.98541
52.58422	4.98554
52.58418	4.98569
52.58414	4.98585
52.58409	4.98601
52.58404	4.98618
52.58392	4.98660
52.58372	4.98724
52.58354	4.98785
52.58336	4.98844
52.58321	4.98898
52.58305	4.98952
52.58280	4.99039
52.58268	4.99072
52.58251	4.99124
52.58239	4.99157
52.58227	4.99183
52.58223	4.99189
52.58207	4.99209
52.58178	4.99243
52.58157	4.99266
52.58129	4.99294
52.58119	4.99306
52.58099	4.99329
52.58072	4.99360
52.58050	4.99384
52.58014	4.99421
52.57990	4.99444
52.57949	4.99482
52.57896	4.99533
52.57864	4.99563
52.57831	4.99594
52.57822	4.99602
52.57795	4.99626
52.57764	4.99651
52.57749	4.99657
52.57736	4.99660
52.57725	4.99662
52.57708	4.99664
52.57692	4.99665
52.57685	4.99666
52.57654	4.99674
52.57626	4.99681
52.57613	4.99685
52.57603	4.99689
52.57592	4.99695
52.57580	4.99698
52.57565	4.99703
52.57538	4.99710
52.57529	4.99712
52.57523	4.99714
52.57520	4.99715
52.57516	4.99717
52.57512	4.99717
52.57508	4.99715
52.57505	4.99712
52.57490	4.99696
52.57477	4.99680
52.57453	4.99649
52.57434	4.99630
52.57407	4.99611
52.57401	4.99605
52.57396	4.99602
52.57385	4.99587
52.57360	4.99551
52.57349	4.99536
52.57335	4.99513
52.57324	4.99496
52.57310	4.99471
52.57300	4.99451
52.57289	4.99430
52.57280	4.99413
52.57272	4.99400
52.57264	4.99388
52.57258	4.99378
52.57233	4.99349
52.57209	4.99323
52.57193	4.99305
52.57172	4.99280
52.57164	4.99270
52.57143	4.99240
52.57118	4.99203
52.57108	4.99189
52.57092	4.99167
52.57066	4.99138
52.57054	4.99125
52.57046	4.99116
52.57035	4.99103
52.57029	4.99094
52.57020	4.99081
52.57015	4.99072
52.56990	4.99041
52.56963	4.99007
52.56943	4.98981
52.56939	4.98976
52.56929	4.98961
52.56914	4.98936
52.56887	4.98899
52.56874	4.98879
52.56838	4.98820
52.56823	4.98787
52.56817	4.98775
52.56801	4.98746
52.56789	4.98725
52.56775	4.98701
52.56755	4.98669
52.56746	4.98650
52.56737	4.98630
52.56730	4.98608
52.56713	4.98550
52.56698	4.98517
52.56692	4.98506
52.56672	4.98468
52.56663	4.98449
52.56651	4.98427
52.56638	4.98403
52.56628	4.98386
52.56621	4.98375
52.56616	4.98367
52.56608	4.98355
52.56564	4.98296
52.56552	4.98281
52.56540	4.98264
52.56532	4.98252
52.56523	4.98240
52.56517	4.98230
52.56497	4.98195
52.56492	4.98186
52.56487	4.98177
52.56482	4.98164
52.56472	4.98140
52.56458	4.98106
52.56449	4.98081
52.56441	4.98056
52.56436	4.98042
52.56431	4.98031
52.56428	4.98024
52.56424	4.98017
52.56420	4.98010
52.56414	4.98001
52.56405	4.97991
52.56360	4.97944
52.56352	4.97938
52.56347	4.97933
52.56331	4.97920
52.56301	4.97898
52.56295	4.97893
52.56291	4.97889
52.56287	4.97883
52.56281	4.97875
52.56250	4.97832
52.56220	4.97790
52.56204	4.97767
52.56141	4.97679
52.56125	4.97661
52.56117	4.97652
52.56115	4.97651
52.56113	4.97649
52.56110	4.97649
52.56054	4.97659
52.56008	4.97668
52.55935	4.97679
52.55870	4.97689
52.55813	4.97698
52.55747	4.97708
52.55651	4.97722
52.55579	4.97734
52.55524	4.97742
52.55472	4.97749
52.55420	4.97757
52.55380	4.97764
52.55361	4.97767
52.55358	4.97768
52.55355	4.97767
52.55352	4.97766
52.55347	4.97765
52.55345	4.97764
52.55343	4.97763
52.55323	4.97753
52.55266	4.97720
52.54948	4.97556
52.54938	4.97551
52.54929	4.97546
52.54920	4.97540
52.54913	4.97537
52.54907	4.97535
52.54901	4.97533
52.54896	4.97533
52.54893	4.97534
52.54890	4.97535
52.54833	4.97575
52.54814	4.97588
52.54773	4.97612
52.54735	4.97630
52.54734	4.97630
52.54700	4.97647
52.54691	4.97649
52.54685	4.97651
52.54675	4.97650
52.54671	4.97649
52.54667	4.97648
52.54662	4.97646
52.54597	4.97604
52.54543	4.97568
52.54540	4.97566
52.54534	4.97561
52.54531	4.97558
52.54523	4.97551
52.54344	4.97350
52.54337	4.97339
52.54328	4.97323
52.54306	4.97281
52.54285	4.97239
52.54265	4.97200
52.54243	4.97155
52.54232	4.97136
52.54213	4.97095
52.54194	4.97056
52.54177	4.97021
52.54172	4.97010
52.54168	4.97003
52.54164	4.96996
52.54159	4.96987
52.54151	4.96974
52.54134	4.96950
52.54098	4.96900
52.54084	4.96881
52.54067	4.96858
52.54041	4.96822
52.54024	4.96797
52.54017	4.96787
52.54013	4.96780
52.54009	4.96772
52.53974	4.96681
52.53956	4.96633
52.53950	4.96621
52.53946	4.96611
52.53942	4.96603
52.53938	4.96597
52.53891	4.96544
52.53832	4.96481
52.53766	4.96413
52.53762	4.96408
52.53757	4.96401
52.53753	4.96396
52.53749	4.96389
52.53703	4.96304
52.53679	4.96265
52.53656	4.96224
52.53645	4.96208
52.53641	4.96203
52.53635	4.96195
52.53617	4.96179
52.53603	4.96166
52.53585	4.96152
52.53539	4.96118
52.53485	4.96078
52.53432	4.96038
52.53421	4.96028
52.53401	4.96008
52.53370	4.95976
52.53365	4.95971
52.53331	4.95946
52.53311	4.95932
52.53266	4.95902
52.53224	4.95876
52.53170	4.95840
52.53097	4.95794
52.53062	4.95775
52.53061	4.95774
52.53019	4.95751
52.52945	4.95714
52.52928	4.95705
52.52911	4.95700
52.52885	4.95692
52.52837	4.95679
52.52798	4.95669
52.52756	4.95658
52.52738	4.95653
52.52726	4.95650
52.52704	4.95644
52.52667	4.95632
52.52638	4.95622
52.52616	4.95614
52.52587	4.95602
52.52570	4.95599
52.52558	4.95596
52.52547	4.95595
52.52525	4.95595
52.52513	4.95595
52.52430	4.95594
52.52360	4.95594
52.52299	4.95593
52.52288	4.95592
52.52286	4.95592
52.52273	4.95592
52.52268	4.95590
52.52193	4.95567
52.52114	4.95543
52.52063	4.95529
52.52053	4.95526
52.52026	4.95516
52.52002	4.95510
52.51976	4.95500
52.51940	4.95487
52.51932	4.95485
52.51925	4.95483
52.51890	4.95473
52.51879	4.95470
52.51838	4.95457
52.51832	4.95455
52.51812	4.95449
52.51782	4.95443
52.51753	4.95438
52.51717	4.95431
52.51715	4.95431
52.51681	4.95424
52.51655	4.95420
52.51649	4.95419
52.51645	4.95418
52.51641	4.95415
52.51638	4.95413
52.51635	4.95410
52.51632	4.95404
52.51628	4.95398
52.51624	4.95389
52.51613	4.95362
52.51611	4.95355
52.51574	4.95267
52.51572	4.95262
52.51569	4.95254
52.51566	4.95247
52.51563	4.95238
52.51560	4.95230
52.51555	4.95217
52.51547	4.95198
52.51536	4.95177
52.51526	4.95153
52.51521	4.95127
52.51518	4.95108
52.51516	4.95103
52.51508	4.95064
52.51501	4.95040
52.51493	4.95021
52.51485	4.95008
52.51482	4.95000
52.51473	4.94981
52.51472	4.94979
52.51469	4.94976
52.51464	4.94972
52.51446	4.94951
52.51416	4.94921
52.51395	4.94900
52.51387	4.94892
52.51377	4.94881
52.51364	4.94869
52.51352	4.94856
52.51344	4.94848
52.51327	4.94830
52.51319	4.94822
52.51309	4.94810
52.51295	4.94794
52.51282	4.94778
52.51280	4.94775
52.51277	4.94771
52.51275	4.94767
52.51273	4.94762
52.51265	4.94746
52.51256	4.94726
52.51251	4.94718
52.51240	4.94693
52.51230	4.94674
52.51222	4.94657
52.51221	4.94654
52.51219	4.94649
52.51217	4.94644
52.51216	4.94640
52.51215	4.94637
52.51214	4.94635
52.51212	4.94631
52.51211	4.94628
52.51211	4.94623
52.51210	4.94619
52.51210	4.94611
52.51211	4.94600
52.51214	4.94582
52.51217	4.94565
52.51224	4.94529
52.51224	4.94529
52.51244	4.94412
52.51251	4.94336
52.51254	4.94310
52.51251	4.94218
52.51239	4.94100
52.51224	4.93961
52.51205	4.93792
52.51204	4.93786
52.51198	4.93732
52.51192	4.93668
52.51182	4.93575
52.51179	4.93542
52.51175	4.93512
52.51175	4.93512
52.51172	4.93473
52.51171	4.93466
52.51168	4.93453
52.51164	4.93435
52.51163	4.93423
52.51160	4.93407
52.51159	4.93392
52.51157	4.93374
52.51155	4.93364
52.51153	4.93350
52.51149	4.93328
52.51144	4.93300
52.51143	4.93295
52.51141	4.93283
52.51140	4.93272
52.51137	4.93258
52.51134	4.93243
52.51132	4.93229
52.51131	4.93218
52.51128	4.93203
52.51125	4.93184
52.51122	4.93163
52.51118	4.93139
52.51113	4.93104
52.51106	4.93057
52.51104	4.93042
52.51096	4.92993
52.51091	4.92958
52.51088	4.92934
52.51086	4.92919
52.51084	4.92897
52.51082	4.92879
52.51081	4.92853
52.51082	4.92826
52.51082	4.92820
52.51082	4.92814
52.51085	4.92793
52.51087	4.92770
52.51090	4.92737
52.51093	4.92700
52.51095	4.92681
52.51099	4.92645
52.51104	4.92614
52.51112	4.92563
52.51118	4.92525
52.51120	4.92502
52.51122	4.92486
52.51124	4.92469
52.51125	4.92452
52.51129	4.92404
52.51133	4.92344
52.51137	4.92301
52.51138	4.92287
52.51139	4.92275
52.51141	4.92260
52.51147	4.92230
52.51163	4.92163
52.51185	4.92092
52.51199	4.92047
52.51202	4.92039
52.51205	4.92033
52.51209	4.92022
52.51215	4.92006
52.51224	4.91982
52.51242	4.91944
52.51272	4.91880
52.51315	4.91794
52.51352	4.91725
52.51368	4.91698
52.51375	4.91687
52.51389	4.91662
52.51419	4.91618
52.51443	4.91580
52.51447	4.91574
52.51463	4.91548
52.51473	4.91527
52.51483	4.91510
52.51491	4.91492
52.51498	4.91474
52.51504	4.91454
52.51510	4.91430
52.51522	4.91386
52.51529	4.91358
52.51537	4.91331
52.51542	4.91315
52.51548	4.91296
52.51550	4.91289
52.51558	4.91271
52.51570	4.91249
52.51578	4.91232
52.51601	4.91190
52.51629	4.91143
52.51647	4.91109
52.51658	4.91088
52.51666	4.91074
52.51673	4.91057
52.51679	4.91044
52.51684	4.91026
52.51688	4.91009
52.51695	4.90982
52.51701	4.90952
52.51704	4.90937
52.51707	4.90915
52.51709	4.90900
52.51714	4.90858
52.51719	4.90785
52.51721	4.90763
52.51726	4.90710
52.51729	4.90681
52.51730	4.90673
52.51770	4.90394
52.51783	4.90304
52.51786	4.90278
52.51787	4.90255
52.51784	4.90195
52.51780	4.90103
52.51777	4.90031
52.51766	4.89742
52.51762	4.89592
52.51759	4.89473
52.51758	4.89449
52.51758	4.89430
52.51758	4.89416
52.51758	4.89402
52.51759	4.89385
52.51760	4.89368
52.51761	4.89350
52.51762	4.89333
52.51788	4.89140
52.51789	4.89132
52.51791	4.89131
52.51792	4.89120
52.51800	4.89058
52.51805	4.89006
52.51809	4.88968
52.51813	4.88945
52.51815	4.88927
52.51826	4.88867
52.51843	4.88779
52.51858	4.88697
52.51871	4.88629
52.51874	4.88616
52.51892	4.88519
52.51903	4.88458
52.51909	4.88429
52.51913	4.88408
52.51916	4.88380
52.51919	4.88347
52.51922	4.88311
52.51927	4.88257
52.51932	4.88177
52.51938	4.88103
52.51942	4.88039
52.51944	4.88015
52.51950	4.87939
52.51965	4.87809
52.51972	4.87745
52.51977	4.87704
52.51985	4.87633
52.51987	4.87611
52.51989	4.87597
52.51993	4.87564
52.51998	4.87522
52.51999	4.87510
52.52001	4.87491
52.52004	4.87469
52.52009	4.87448
52.52013	4.87431
52.52018	4.87409
52.52021	4.87397
52.52032	4.87352
52.52036	4.87334
52.52039	4.87320
52.52046	4.87295
52.52052	4.87269
52.52055	4.87255
52.52061	4.87231
52.52065	4.87214
52.52067	4.87206
52.52069	4.87201
52.52071	4.87191
52.52074	4.87181
52.52075	4.87176
52.52077	4.87169
52.52080	4.87158
52.52082	4.87153
52.52083	4.87151
52.52085	4.87146
52.52097	4.87119
52.52111	4.87087
52.52114	4.87080
52.52117	4.87073
52.52120	4.87066
52.52123	4.87058
52.52126	4.87051
52.52130	4.87040
52.52134	4.87030
52.52140	4.87013
52.52152	4.86976
52.52154	4.86967
52.52162	4.86939
52.52166	4.86922
52.52178	4.86886
52.52189	4.86849
52.52195	4.86833
52.52201	4.86816
52.52204	4.86806
52.52208	4.86793
52.52214	4.86772
52.52226	4.86743
52.52252	4.86685
52.52358	4.86455
52.52379	4.86401
52.52390	4.86367
52.52503	4.85938
52.52510	4.85901
52.52516	4.85831
52.52518	4.85797
52.52521	4.85733
52.52516	4.85675
52.52511	4.85624
52.52497	4.85470
52.52491	4.85317
52.52486	4.85149
52.52504	4.84980
52.52506	4.84967
52.52510	4.84934
52.52515	4.84888
52.52524	4.84829
52.52526	4.84819
52.52531	4.84796
52.52657	4.84394
52.52674	4.84342
52.52679	4.84330
52.52688	4.84312
52.52691	4.84307
52.52698	4.84296
52.52712	4.84275
52.52751	4.84219
52.52765	4.84198
52.52779	4.84179
52.52795	4.84155
52.52815	4.84125
52.52830	4.84104
52.52840	4.84089
52.52849	4.84077
52.52862	4.84064
52.52879	4.84046
52.52894	4.84029
52.52908	4.84014
52.52932	4.83988
52.52939	4.83979
52.52958	4.83951
52.52970	4.83933
52.52982	4.83914
52.52993	4.83896
52.53001	4.83884
52.53005	4.83875
52.53008	4.83868
52.53012	4.83858
52.53016	4.83847
52.53019	4.83837
52.53022	4.83826
52.53024	4.83819
52.53030	4.83800
52.53032	4.83794
52.53034	4.83790
52.53038	4.83781
52.53043	4.83772
52.53048	4.83764
52.53055	4.83756
52.53062	4.83749
52.53073	4.83742
52.53087	4.83733
52.53113	4.83718
52.53133	4.83708
52.53138	4.83706
52.53140	4.83705
52.53161	4.83698
52.53188	4.83690
52.53216	4.83681
52.53228	4.83677
52.53254	4.83670
52.53263	4.83667
52.53270	4.83664
52.53276	4.83662
52.53280	4.83661
52.53284	4.83659
52.53288	4.83656
52.53299	4.83650
52.53305	4.83645
52.53314	4.83639
52.53328	4.83628
52.53335	4.83623
52.53342	4.83618
52.53348	4.83614
52.53353	4.83611
52.53360	4.83607
52.53369	4.83603
52.53377	4.83600
52.53384	4.83598
52.53390	4.83596
52.53398	4.83594
52.53403	4.83594
52.53410	4.83592
52.53454	4.83582
52.53459	4.83581
52.53532	4.83571
52.53586	4.83563
52.53586	4.83563
52.53592	4.83562
52.53616	4.83559
52.53735	4.83534
52.53789	4.83510
52.53817	4.83482
52.53837	4.83463
52.53854	4.83446
52.53882	4.83409
52.53896	4.83391
