# GsakName=Beesel
# This County polygon is based on data © OpenStreetMap contributors
# The OpenStreetMap data is made available under the Open Database License, see http://www.openstreetmap.org/copyright
# This polygon file is made available under the same Open Database License: http://opendatacommons.org/licenses/odbl/1.0/.
# OSM RelationID=405004

51.25868	6.00588
51.25881	6.00579
51.25891	6.00571
51.25923	6.00553
51.25982	6.00536
51.26025	6.00529
51.26093	6.00532
51.26121	6.00537
51.26153	6.00544
51.26176	6.00552
51.26205	6.00564
51.26229	6.00576
51.26248	6.00587
51.26319	6.00635
51.26344	6.00654
51.26369	6.00674
51.26420	6.00720
51.26436	6.00736
51.26476	6.00783
51.26497	6.00810
51.26519	6.00844
51.26550	6.00902
51.26561	6.00924
51.26576	6.00961
51.26592	6.00990
51.26610	6.01041
51.26625	6.01109
51.26644	6.01211
51.26651	6.01265
51.26656	6.01317
51.26656	6.01418
51.26656	6.01442
51.26648	6.01505
51.26633	6.01583
51.26616	6.01663
51.26601	6.01740
51.26597	6.01764
51.26587	6.01859
51.26586	6.01885
51.26586	6.01929
51.26587	6.02066
51.26596	6.02222
51.26601	6.02281
51.26612	6.02377
51.26628	6.02464
51.26639	6.02501
51.26658	6.02559
51.26734	6.02726
51.26745	6.02745
51.26761	6.02768
51.26806	6.02820
51.26862	6.02854
51.26932	6.02887
51.27004	6.02910
51.27098	6.02936
51.27269	6.02969
51.27329	6.02985
51.27403	6.03054
51.27451	6.03124
51.27500	6.03207
51.27564	6.03321
51.27635	6.03424
51.27873	6.03728
51.27919	6.03789
51.27968	6.03850
51.28073	6.03991
51.28209	6.04198
51.28313	6.04300
51.28377	6.04379
51.28476	6.04513
51.28519	6.04582
51.28560	6.04642
51.28639	6.04833
51.28692	6.04906
51.28719	6.04963
51.28765	6.05059
51.28860	6.05288
51.28903	6.05407
51.28939	6.05524
51.29025	6.05843
51.28967	6.05888
51.28959	6.05917
51.28967	6.05943
51.28942	6.06035
51.28924	6.06097
51.28891	6.06224
51.28870	6.06328
51.28870	6.06362
51.28867	6.06427
51.28867	6.06484
51.28870	6.06600
51.28879	6.06638
51.28888	6.06682
51.28900	6.06706
51.28934	6.06759
51.28991	6.06838
51.29028	6.06878
51.29051	6.06905
51.29080	6.06933
51.29143	6.06997
51.29152	6.07003
51.29244	6.07050
51.29261	6.07057
51.29271	6.07059
51.29281	6.07058
51.29285	6.07077
51.29308	6.07105
51.29368	6.07089
51.29526	6.07760
51.29615	6.08051
51.29639	6.08123
51.29705	6.08364
51.29745	6.08472
51.29665	6.08557
51.29656	6.08565
51.29654	6.08569
51.29654	6.08577
51.29658	6.08584
51.29666	6.08591
51.29664	6.08595
51.29658	6.08599
51.29654	6.08611
51.29650	6.08614
51.29644	6.08616
51.29642	6.08614
51.29630	6.08591
51.29627	6.08577
51.29623	6.08574
51.29620	6.08575
51.29612	6.08584
51.29608	6.08594
51.29607	6.08597
51.29608	6.08602
51.29615	6.08612
51.29616	6.08615
51.29612	6.08622
51.29607	6.08627
51.29603	6.08630
51.29601	6.08627
51.29601	6.08623
51.29606	6.08612
51.29606	6.08609
51.29600	6.08612
51.29598	6.08610
51.29591	6.08599
51.29587	6.08598
51.29581	6.08601
51.29585	6.08610
51.29583	6.08615
51.29576	6.08614
51.29566	6.08620
51.29549	6.08634
51.29549	6.08647
51.29546	6.08656
51.29532	6.08663
51.29529	6.08667
51.29527	6.08670
51.29522	6.08694
51.29517	6.08708
51.29510	6.08724
51.29504	6.08743
51.29506	6.08753
51.29512	6.08768
51.29515	6.08776
51.29516	6.08791
51.29518	6.08795
51.29527	6.08802
51.29529	6.08810
51.29528	6.08813
51.29524	6.08816
51.29521	6.08814
51.29517	6.08806
51.29514	6.08804
51.29509	6.08804
51.29507	6.08815
51.29509	6.08832
51.29508	6.08848
51.29515	6.08859
51.29516	6.08862
51.29515	6.08875
51.29515	6.08880
51.29516	6.08883
51.29522	6.08887
51.29528	6.08883
51.29529	6.08884
51.29530	6.08887
51.29529	6.08892
51.29524	6.08901
51.29522	6.08914
51.29519	6.08919
51.29519	6.08934
51.29514	6.08944
51.29509	6.08958
51.29503	6.08955
51.29502	6.08957
51.29491	6.08994
51.29491	6.09032
51.29490	6.09044
51.29488	6.09052
51.29486	6.09055
51.29477	6.09058
51.29474	6.09060
51.29470	6.09069
51.29467	6.09071
51.29461	6.09070
51.29458	6.09070
51.29452	6.09077
51.29450	6.09081
51.29450	6.09084
51.29459	6.09102
51.29471	6.09121
51.29472	6.09124
51.29470	6.09140
51.29483	6.09166
51.29488	6.09170
51.29498	6.09171
51.29500	6.09173
51.29504	6.09178
51.29510	6.09189
51.29518	6.09200
51.29520	6.09204
51.29522	6.09214
51.29520	6.09229
51.29521	6.09241
51.29524	6.09247
51.29538	6.09267
51.29541	6.09301
51.29544	6.09323
51.29544	6.09337
51.29552	6.09349
51.29553	6.09355
51.29553	6.09360
51.29545	6.09365
51.29543	6.09363
51.29540	6.09365
51.29538	6.09376
51.29533	6.09390
51.29519	6.09406
51.29514	6.09420
51.29517	6.09428
51.29512	6.09435
51.29474	6.09458
51.29456	6.09472
51.29457	6.09493
51.29453	6.09508
51.29446	6.09518
51.29430	6.09539
51.29418	6.09566
51.29412	6.09575
51.29412	6.09576
51.29299	6.09732
51.29007	6.10128
51.28870	6.10315
51.29147	6.10701
51.29118	6.10903
51.28918	6.11446
51.28881	6.11455
51.28510	6.12007
51.28500	6.12013
51.28063	6.12275
51.27991	6.12456
51.27844	6.12451
51.27754	6.12454
51.27706	6.12450
51.27721	6.12458
51.27755	6.12476
51.27605	6.12462
51.27531	6.12455
51.27473	6.12450
51.27465	6.12439
51.27339	6.12258
51.27173	6.12022
51.27147	6.11984
51.27144	6.11980
51.27030	6.11817
51.26994	6.11765
51.26939	6.11687
51.26881	6.11603
51.26871	6.11589
51.26864	6.11580
51.26737	6.11397
51.26636	6.11253
51.26632	6.11247
51.26599	6.11200
51.26590	6.11186
51.26587	6.11183
51.26560	6.11144
51.26455	6.10993
51.26425	6.10950
51.26317	6.10796
51.26262	6.10717
51.26132	6.10531
51.26076	6.10449
51.26038	6.10396
51.26001	6.10343
51.25996	6.10334
51.25993	6.10330
51.25986	6.10321
51.25983	6.10317
51.25938	6.10252
51.25917	6.10221
51.25897	6.10193
51.25887	6.10178
51.25817	6.10077
51.25813	6.10071
51.25702	6.09911
51.25663	6.09856
51.25659	6.09850
51.25599	6.09764
51.25551	6.09696
51.25515	6.09644
51.25508	6.09633
51.25418	6.09504
51.25418	6.09503
51.25395	6.09471
51.25387	6.09459
51.25293	6.09324
51.25250	6.09263
51.25212	6.09208
51.25208	6.09202
51.25160	6.09133
51.25156	6.09127
51.25107	6.09057
51.25101	6.09048
51.25096	6.09041
51.25021	6.08933
51.25015	6.08925
51.24971	6.08862
51.24940	6.08817
51.24937	6.08813
51.24838	6.08671
51.24834	6.08664
51.24764	6.08564
51.24763	6.08562
51.24636	6.08237
51.24508	6.07910
51.24381	6.07586
51.24302	6.07384
51.24256	6.07265
51.24260	6.07254
51.24339	6.07051
51.24348	6.07028
51.24355	6.07017
51.24358	6.07000
51.24543	6.06528
51.24628	6.06325
51.24642	6.06296
51.24631	6.06296
51.24642	6.06276
51.24644	6.06273
51.24972	6.05766
51.25183	6.05450
51.25185	6.05454
51.25187	6.05450
51.25204	6.05418
51.25209	6.05404
51.25225	6.05337
51.25243	6.05247
51.25248	6.05215
51.25250	6.05152
51.25251	6.05140
51.25253	6.05133
51.25248	6.05126
51.25228	6.05079
51.25213	6.05049
51.25163	6.04956
51.25130	6.04898
51.25000	6.04689
51.24953	6.04628
51.24908	6.04574
51.24794	6.04432
51.24724	6.04342
51.24712	6.04327
51.24705	6.04312
51.24700	6.04295
51.24647	6.04020
51.24610	6.03836
51.24623	6.03799
51.24649	6.03728
51.24657	6.03701
51.24665	6.03659
51.24674	6.03560
51.24686	6.03389
51.24699	6.03252
51.24694	6.03222
51.24633	6.03000
51.24619	6.02954
51.24560	6.02796
51.24555	6.02786
51.24556	6.02747
51.24559	6.02737
51.24563	6.02740
51.24576	6.02740
51.24583	6.02735
51.24587	6.02725
51.24590	6.02711
51.24587	6.02704
51.24575	6.02684
51.24574	6.02673
51.24574	6.02664
51.24578	6.02655
51.24590	6.02638
51.24595	6.02634
51.24601	6.02632
51.24608	6.02638
51.24616	6.02650
51.24623	6.02655
51.24628	6.02654
51.24642	6.02611
51.24645	6.02607
51.24647	6.02605
51.24653	6.02607
51.24657	6.02612
51.24669	6.02643
51.24673	6.02640
51.24675	6.02635
51.24676	6.02624
51.24680	6.02603
51.24684	6.02598
51.24688	6.02598
51.24693	6.02601
51.24706	6.02613
51.24713	6.02617
51.24724	6.02617
51.24727	6.02616
51.24729	6.02609
51.24730	6.02601
51.24726	6.02569
51.24736	6.02551
51.24746	6.02539
51.24747	6.02531
51.24752	6.02512
51.24754	6.02496
51.24757	6.02485
51.24761	6.02481
51.24768	6.02483
51.24778	6.02503
51.24781	6.02505
51.24784	6.02503
51.24788	6.02498
51.24789	6.02491
51.24789	6.02469
51.24787	6.02454
51.24789	6.02449
51.24793	6.02444
51.24801	6.02438
51.24816	6.02431
51.24822	6.02425
51.24827	6.02416
51.24829	6.02403
51.24826	6.02394
51.24809	6.02370
51.24806	6.02362
51.24806	6.02350
51.24809	6.02342
51.24814	6.02337
51.24836	6.02341
51.24839	6.02340
51.24841	6.02333
51.24835	6.02288
51.24838	6.02282
51.24842	6.02280
51.24864	6.02279
51.24871	6.02277
51.24879	6.02260
51.24880	6.02250
51.24879	6.02223
51.24881	6.02219
51.24889	6.02211
51.24915	6.02211
51.24919	6.02210
51.24920	6.02206
51.24921	6.02199
51.24919	6.02181
51.24919	6.02172
51.24921	6.02161
51.24921	6.02156
51.24915	6.02125
51.24915	6.02113
51.24918	6.02107
51.24924	6.02106
51.24937	6.02106
51.24943	6.02102
51.24948	6.02097
51.24951	6.02086
51.24952	6.02078
51.24951	6.02069
51.24949	6.02061
51.24947	6.02050
51.24951	6.02032
51.24960	6.02012
51.24970	6.01973
51.24975	6.01962
51.24978	6.01960
51.24985	6.01960
51.24989	6.01966
51.24993	6.01978
51.24995	6.01990
51.24996	6.02008
51.24999	6.02023
51.25004	6.02034
51.25017	6.02041
51.25023	6.02040
51.25032	6.02036
51.25035	6.02031
51.25044	6.02010
51.25051	6.01999
51.25060	6.01987
51.25063	6.01979
51.25063	6.01972
51.25054	6.01954
51.25050	6.01943
51.25050	6.01937
51.25055	6.01916
51.25054	6.01902
51.25048	6.01879
51.25046	6.01865
51.25045	6.01847
51.25046	6.01834
51.25041	6.01799
51.25042	6.01785
51.25046	6.01773
51.25052	6.01760
51.25060	6.01728
51.25065	6.01713
51.25066	6.01702
51.25058	6.01659
51.25078	6.01665
51.25091	6.01600
51.25132	6.01634
51.25147	6.01645
51.25160	6.01655
51.25183	6.01666
51.25231	6.01676
51.25252	6.01675
51.25279	6.01672
51.25320	6.01655
51.25355	6.01639
51.25375	6.01626
51.25398	6.01608
51.25416	6.01590
51.25454	6.01547
51.25508	6.01478
51.25523	6.01454
51.25535	6.01433
51.25549	6.01407
51.25558	6.01385
51.25579	6.01330
51.25608	6.01234
51.25620	6.01195
51.25647	6.01090
51.25665	6.01012
51.25675	6.00959
51.25703	6.00846
51.25725	6.00784
51.25757	6.00721
51.25785	6.00677
51.25801	6.00655
51.25817	6.00635
51.25848	6.00604
51.25868	6.00588
