# GsakName=Bergen NH
# This County polygon is based on data © OpenStreetMap contributors
# The OpenStreetMap data is made available under the Open Database License, see http://www.openstreetmap.org/copyright
# This polygon file is made available under the same Open Database License: http://opendatacommons.org/licenses/odbl/1.0/.
# OSM RelationID=297089

52.57548	4.59407
52.57370	4.61037
52.57887	4.63550
52.58079	4.64483
52.58243	4.65285
52.58256	4.65348
52.58291	4.65517
52.58293	4.65527
52.58314	4.65528
52.58323	4.65529
52.58337	4.65530
52.58347	4.65529
52.58363	4.65529
52.58365	4.65530
52.58377	4.65532
52.58380	4.65532
52.58390	4.65532
52.58394	4.65532
52.58399	4.65532
52.58408	4.65528
52.58424	4.65525
52.58435	4.65523
52.58438	4.65523
52.58446	4.65524
52.58453	4.65525
52.58455	4.65525
52.58462	4.65527
52.58469	4.65529
52.58474	4.65531
52.58475	4.65531
52.58479	4.65532
52.58491	4.65533
52.58501	4.65534
52.58510	4.65536
52.58520	4.65536
52.58530	4.65538
52.58537	4.65538
52.58544	4.65539
52.58549	4.65540
52.58554	4.65543
52.58553	4.65553
52.58553	4.65554
52.58551	4.65571
52.58551	4.65578
52.58550	4.65579
52.58550	4.65584
52.58551	4.65590
52.58551	4.65597
52.58552	4.65602
52.58552	4.65606
52.58553	4.65611
52.58555	4.65621
52.58558	4.65631
52.58559	4.65637
52.58560	4.65641
52.58562	4.65648
52.58563	4.65655
52.58564	4.65660
52.58564	4.65661
52.58565	4.65665
52.58565	4.65666
52.58567	4.65674
52.58569	4.65685
52.58571	4.65693
52.58571	4.65702
52.58570	4.65705
52.58567	4.65716
52.58566	4.65719
52.58568	4.65730
52.58572	4.65739
52.58578	4.65755
52.58585	4.65771
52.58598	4.65817
52.58634	4.65953
52.58636	4.65958
52.58637	4.65963
52.58634	4.65966
52.58634	4.65966
52.58614	4.65984
52.58626	4.66018
52.58635	4.66046
52.58663	4.66127
52.58716	4.66279
52.58722	4.66298
52.58738	4.66343
52.58741	4.66353
52.58743	4.66351
52.58747	4.66343
52.58749	4.66338
52.58752	4.66332
52.58768	4.66376
52.58769	4.66377
52.58775	4.66395
52.58775	4.66395
52.58775	4.66395
52.58783	4.66416
52.58827	4.66541
52.58829	4.66545
52.58835	4.66563
52.58864	4.66643
52.58893	4.66724
52.58911	4.66772
52.58914	4.66782
52.58923	4.66771
52.58933	4.66761
52.58936	4.66760
52.58941	4.66758
52.58943	4.66762
52.58946	4.66767
52.58959	4.66803
52.58988	4.66896
52.59012	4.66974
52.59034	4.67052
52.59053	4.67123
52.59059	4.67143
52.59088	4.67251
52.59089	4.67252
52.59090	4.67258
52.59096	4.67242
52.59100	4.67237
52.59104	4.67233
52.59112	4.67231
52.59138	4.67227
52.59147	4.67226
52.59171	4.67223
52.59190	4.67223
52.59191	4.67224
52.59194	4.67225
52.59211	4.67230
52.59229	4.67240
52.59230	4.67240
52.59238	4.67292
52.59238	4.67293
52.59239	4.67296
52.59240	4.67298
52.59241	4.67302
52.59243	4.67307
52.59247	4.67319
52.59249	4.67326
52.59250	4.67327
52.59252	4.67338
52.59255	4.67347
52.59255	4.67349
52.59257	4.67353
52.59261	4.67363
52.59262	4.67364
52.59266	4.67370
52.59275	4.67377
52.59287	4.67385
52.59293	4.67386
52.59313	4.67381
52.59317	4.67380
52.59329	4.67376
52.59347	4.67369
52.59357	4.67362
52.59364	4.67355
52.59374	4.67344
52.59408	4.67308
52.59415	4.67301
52.59420	4.67298
52.59451	4.67295
52.59454	4.67298
52.59465	4.67314
52.59471	4.67329
52.59484	4.67359
52.59486	4.67360
52.59504	4.67353
52.59529	4.67343
52.59565	4.67333
52.59606	4.67323
52.59611	4.67321
52.59616	4.67319
52.59617	4.67319
52.59628	4.67315
52.59628	4.67315
52.59629	4.67315
52.59633	4.67314
52.59633	4.67314
52.59635	4.67314
52.59643	4.67315
52.59646	4.67315
52.59678	4.67320
52.59695	4.67324
52.59698	4.67325
52.59709	4.67328
52.59720	4.67329
52.59784	4.67337
52.59813	4.67342
52.59821	4.67344
52.59824	4.67344
52.59836	4.67346
52.59840	4.67347
52.59863	4.67350
52.59884	4.67352
52.59885	4.67352
52.59906	4.67354
52.59923	4.67356
52.59932	4.67358
52.59934	4.67358
52.59951	4.67361
52.59967	4.67363
52.60002	4.67367
52.60039	4.67373
52.60051	4.67376
52.60055	4.67377
52.60066	4.67380
52.60070	4.67381
52.60100	4.67389
52.60123	4.67394
52.60138	4.67396
52.60145	4.67396
52.60147	4.67397
52.60151	4.67396
52.60156	4.67394
52.60164	4.67390
52.60168	4.67388
52.60178	4.67390
52.60187	4.67392
52.60197	4.67395
52.60198	4.67394
52.60203	4.67394
52.60212	4.67393
52.60216	4.67393
52.60218	4.67393
52.60228	4.67390
52.60232	4.67389
52.60239	4.67390
52.60252	4.67393
52.60262	4.67395
52.60273	4.67398
52.60274	4.67398
52.60274	4.67398
52.60281	4.67401
52.60288	4.67404
52.60293	4.67408
52.60301	4.67414
52.60308	4.67420
52.60315	4.67424
52.60324	4.67430
52.60332	4.67434
52.60338	4.67436
52.60340	4.67437
52.60344	4.67438
52.60351	4.67437
52.60356	4.67438
52.60359	4.67439
52.60360	4.67439
52.60364	4.67440
52.60366	4.67441
52.60370	4.67442
52.60377	4.67444
52.60386	4.67461
52.60405	4.67485
52.60415	4.67499
52.60426	4.67526
52.60457	4.67596
52.60480	4.67641
52.60513	4.67707
52.60533	4.67749
52.60551	4.67791
52.60554	4.67798
52.60555	4.67801
52.60559	4.67810
52.60561	4.67813
52.60583	4.67837
52.60590	4.67841
52.60599	4.67840
52.60616	4.67836
52.60631	4.67833
52.60639	4.67833
52.60645	4.67836
52.60652	4.67840
52.60657	4.67845
52.60662	4.67852
52.60665	4.67859
52.60669	4.67871
52.60673	4.67886
52.60678	4.67895
52.60684	4.67902
52.60695	4.67911
52.60706	4.67918
52.60717	4.67926
52.60742	4.67944
52.60774	4.67968
52.60785	4.67978
52.60791	4.67984
52.60803	4.67995
52.60819	4.68010
52.60840	4.68030
52.60856	4.68048
52.60864	4.68053
52.60872	4.68052
52.60881	4.68048
52.60903	4.68037
52.60919	4.68032
52.60955	4.68036
52.60987	4.68045
52.61028	4.68077
52.61062	4.68106
52.61071	4.68114
52.61088	4.68152
52.61120	4.68212
52.61134	4.68233
52.61145	4.68246
52.61149	4.68250
52.61186	4.68288
52.61253	4.68359
52.61267	4.68369
52.61304	4.68384
52.61349	4.68402
52.61385	4.68416
52.61400	4.68423
52.61484	4.68437
52.61502	4.68438
52.61549	4.68465
52.61582	4.68484
52.61597	4.68489
52.61623	4.68491
52.61650	4.68495
52.61665	4.68501
52.61764	4.68573
52.61777	4.68581
52.61789	4.68581
52.61891	4.68549
52.61906	4.68546
52.61929	4.68550
52.61942	4.68556
52.61951	4.68564
52.62006	4.68636
52.62018	4.68649
52.62049	4.68671
52.62067	4.68688
52.62110	4.68737
52.62121	4.68753
52.62187	4.68872
52.62198	4.68886
52.62369	4.68996
52.62375	4.68999
52.62267	4.69647
52.62200	4.70116
52.62175	4.70310
52.62140	4.70545
52.62138	4.70560
52.62135	4.70570
52.62037	4.70786
52.62035	4.70796
52.62036	4.70805
52.62040	4.70818
52.62105	4.70945
52.62108	4.70951
52.62140	4.71010
52.62178	4.71069
52.62192	4.71088
52.62203	4.71096
52.62259	4.71114
52.62273	4.71121
52.62327	4.71207
52.62400	4.71305
52.62422	4.71349
52.62432	4.71393
52.62441	4.71406
52.62478	4.71459
52.62486	4.71469
52.62491	4.71476
52.62496	4.71480
52.62498	4.71483
52.62500	4.71485
52.62502	4.71486
52.62505	4.71488
52.62510	4.71489
52.62513	4.71490
52.62517	4.71490
52.62522	4.71490
52.62528	4.71490
52.62534	4.71490
52.62539	4.71490
52.62542	4.71490
52.62545	4.71490
52.62549	4.71491
52.62553	4.71492
52.62555	4.71494
52.62556	4.71495
52.62559	4.71497
52.62562	4.71501
52.62566	4.71504
52.62569	4.71508
52.62571	4.71511
52.62574	4.71517
52.62578	4.71523
52.62580	4.71526
52.62582	4.71529
52.62587	4.71519
52.62591	4.71514
52.62596	4.71504
52.62596	4.71504
52.62609	4.71481
52.62623	4.71455
52.62637	4.71429
52.62656	4.71393
52.62680	4.71349
52.62704	4.71303
52.62713	4.71286
52.62715	4.71282
52.62731	4.71250
52.62747	4.71218
52.62763	4.71186
52.62803	4.71110
52.62823	4.71073
52.62843	4.71034
52.62862	4.70999
52.62869	4.70986
52.62872	4.70980
52.62882	4.70993
52.62896	4.71012
52.62909	4.71029
52.62922	4.71046
52.62934	4.71063
52.62947	4.71081
52.62957	4.71094
52.62964	4.71104
52.62971	4.71114
52.62975	4.71120
52.62980	4.71127
52.62985	4.71134
52.62989	4.71142
52.62991	4.71133
52.62996	4.71119
52.63007	4.71085
52.63080	4.70859
52.63080	4.70854
52.63079	4.70847
52.63078	4.70841
52.63079	4.70834
52.63085	4.70828
52.63088	4.70831
52.63095	4.70838
52.63104	4.70847
52.63194	4.70939
52.63212	4.70953
52.63240	4.70976
52.63250	4.70982
52.63257	4.70983
52.63264	4.70982
52.63287	4.70982
52.63337	4.70978
52.63365	4.70975
52.63382	4.70976
52.63398	4.70978
52.63410	4.70979
52.63412	4.70979
52.63416	4.70977
52.63420	4.70975
52.63428	4.70968
52.63431	4.70968
52.63447	4.70950
52.63462	4.70934
52.63476	4.70921
52.63479	4.70920
52.63490	4.70917
52.63498	4.70914
52.63513	4.70908
52.63521	4.70903
52.63536	4.70887
52.63541	4.70898
52.63545	4.70894
52.63551	4.70887
52.63555	4.70876
52.63634	4.70900
52.63637	4.70900
52.63658	4.70904
52.63666	4.70908
52.63762	4.70935
52.63857	4.70960
52.63868	4.70960
52.63891	4.70960
52.63913	4.70960
52.63958	4.70964
52.64046	4.70972
52.64066	4.70974
52.64072	4.70974
52.64078	4.70975
52.64098	4.70976
52.64098	4.70976
52.64125	4.70981
52.64157	4.70987
52.64190	4.70994
52.64244	4.71003
52.64249	4.71004
52.64255	4.71043
52.64261	4.71084
52.64264	4.71113
52.64268	4.71153
52.64271	4.71193
52.64271	4.71225
52.64273	4.71254
52.64272	4.71278
52.64274	4.71320
52.64277	4.71353
52.64281	4.71375
52.64282	4.71420
52.64288	4.71418
52.64296	4.71415
52.64321	4.71404
52.64326	4.71402
52.64355	4.71390
52.64370	4.71383
52.64425	4.71361
52.64487	4.71336
52.64539	4.71315
52.64560	4.71306
52.64569	4.71302
52.64621	4.71281
52.64624	4.71312
52.64628	4.71348
52.64632	4.71387
52.64638	4.71442
52.64640	4.71467
52.64644	4.71505
52.64647	4.71550
52.64651	4.71586
52.64653	4.71611
52.64653	4.71619
52.64653	4.71623
52.64652	4.71625
52.64653	4.71628
52.64654	4.71631
52.64655	4.71634
52.64655	4.71639
52.64658	4.71670
52.64660	4.71695
52.64663	4.71733
52.64665	4.71761
52.64669	4.71760
52.64676	4.71758
52.64687	4.71756
52.64695	4.71754
52.64714	4.71750
52.64729	4.71747
52.64740	4.71745
52.64743	4.71744
52.64761	4.71742
52.64781	4.71739
52.64799	4.71737
52.64812	4.71735
52.64820	4.71733
52.64828	4.71732
52.64831	4.71731
52.64836	4.71730
52.64843	4.71730
52.64852	4.71728
52.64865	4.71727
52.64877	4.71725
52.64887	4.71723
52.64894	4.71722
52.64903	4.71720
52.64911	4.71718
52.64915	4.71716
52.64918	4.71715
52.64926	4.71709
52.64935	4.71703
52.64942	4.71698
52.64947	4.71694
52.64954	4.71687
52.64956	4.71686
52.64957	4.71687
52.64958	4.71688
52.64959	4.71691
52.64960	4.71693
52.64960	4.71701
52.64961	4.71709
52.64962	4.71717
52.64962	4.71726
52.64963	4.71739
52.64964	4.71749
52.64965	4.71760
52.64968	4.71777
52.64971	4.71796
52.64974	4.71816
52.64977	4.71841
52.64978	4.71847
52.64985	4.71893
52.64987	4.71905
52.64998	4.71969
52.65004	4.72006
52.65008	4.72032
52.65008	4.72033
52.65008	4.72039
52.65008	4.72043
52.65007	4.72046
52.65005	4.72053
52.65000	4.72068
52.64996	4.72080
52.64992	4.72091
52.64988	4.72100
52.64984	4.72109
52.64982	4.72116
52.64977	4.72122
52.64971	4.72128
52.64962	4.72134
52.64955	4.72139
52.64949	4.72145
52.64943	4.72153
52.64935	4.72166
52.64925	4.72183
52.64918	4.72194
52.64922	4.72210
52.64922	4.72211
52.64925	4.72222
52.64927	4.72228
52.64928	4.72234
52.64931	4.72246
52.64935	4.72261
52.64936	4.72268
52.64946	4.72261
52.64955	4.72256
52.64961	4.72251
52.64971	4.72245
52.64981	4.72238
52.64983	4.72237
52.64989	4.72233
52.64990	4.72233
52.64997	4.72228
52.65004	4.72223
52.65006	4.72222
52.65014	4.72217
52.65023	4.72211
52.65031	4.72207
52.65035	4.72204
52.65041	4.72200
52.65049	4.72195
52.65058	4.72189
52.65067	4.72183
52.65072	4.72179
52.65075	4.72189
52.65077	4.72196
52.65079	4.72205
52.65082	4.72214
52.65084	4.72226
52.65087	4.72236
52.65090	4.72247
52.65090	4.72248
52.65092	4.72252
52.65093	4.72258
52.65093	4.72259
52.65095	4.72264
52.65098	4.72274
52.65101	4.72285
52.65104	4.72293
52.65106	4.72301
52.65111	4.72315
52.65112	4.72318
52.65114	4.72327
52.65118	4.72341
52.65121	4.72351
52.65124	4.72364
52.65127	4.72374
52.65131	4.72385
52.65132	4.72388
52.65133	4.72388
52.65134	4.72388
52.65136	4.72387
52.65141	4.72384
52.65143	4.72386
52.65146	4.72394
52.65149	4.72405
52.65156	4.72426
52.65162	4.72446
52.65167	4.72463
52.65173	4.72482
52.65179	4.72502
52.65185	4.72522
52.65188	4.72530
52.65188	4.72527
52.65189	4.72526
52.65191	4.72525
52.65194	4.72525
52.65200	4.72525
52.65209	4.72526
52.65216	4.72527
52.65224	4.72528
52.65232	4.72528
52.65241	4.72528
52.65246	4.72528
52.65249	4.72529
52.65252	4.72531
52.65262	4.72535
52.65276	4.72542
52.65278	4.72543
52.65279	4.72545
52.65281	4.72548
52.65284	4.72559
52.65290	4.72578
52.65294	4.72592
52.65301	4.72614
52.65304	4.72611
52.65305	4.72608
52.65306	4.72607
52.65307	4.72600
52.65326	4.72609
52.65332	4.72614
52.65334	4.72616
52.65342	4.72624
52.65350	4.72631
52.65358	4.72637
52.65367	4.72643
52.65385	4.72654
52.65401	4.72662
52.65408	4.72666
52.65416	4.72671
52.65420	4.72673
52.65429	4.72677
52.65439	4.72681
52.65451	4.72685
52.65456	4.72687
52.65459	4.72687
52.65461	4.72687
52.65493	4.72684
52.65511	4.72682
52.65548	4.72675
52.65549	4.72675
52.65549	4.72682
52.65551	4.72699
52.65553	4.72716
52.65556	4.72731
52.65557	4.72745
52.65559	4.72767
52.65560	4.72779
52.65561	4.72782
52.65562	4.72788
52.65566	4.72804
52.65571	4.72824
52.65574	4.72838
52.65578	4.72852
52.65582	4.72863
52.65587	4.72872
52.65591	4.72879
52.65595	4.72885
52.65600	4.72892
52.65604	4.72904
52.65605	4.72906
52.65608	4.72911
52.65611	4.72917
52.65611	4.72917
52.65620	4.72937
52.65622	4.72935
52.65626	4.72929
52.65629	4.72923
52.65633	4.72915
52.65637	4.72907
52.65640	4.72899
52.65643	4.72891
52.65645	4.72884
52.65648	4.72876
52.65650	4.72869
52.65653	4.72860
52.65656	4.72853
52.65659	4.72847
52.65662	4.72842
52.65665	4.72837
52.65666	4.72831
52.65668	4.72825
52.65670	4.72816
52.65671	4.72805
52.65673	4.72792
52.65675	4.72773
52.65677	4.72759
52.65679	4.72743
52.65680	4.72733
52.65681	4.72723
52.65681	4.72715
52.65682	4.72706
52.65682	4.72696
52.65682	4.72687
52.65682	4.72679
52.65684	4.72672
52.65686	4.72666
52.65690	4.72658
52.65694	4.72649
52.65698	4.72641
52.65703	4.72631
52.65708	4.72621
52.65712	4.72612
52.65716	4.72603
52.65721	4.72592
52.65725	4.72583
52.65730	4.72573
52.65731	4.72571
52.65733	4.72616
52.65733	4.72619
52.65734	4.72635
52.65734	4.72638
52.65735	4.72653
52.65736	4.72682
52.65737	4.72713
52.65738	4.72734
52.65739	4.72756
52.65782	4.72755
52.65786	4.72755
52.65815	4.72755
52.65853	4.72755
52.65852	4.72757
52.65850	4.72763
52.65848	4.72773
52.65848	4.72787
52.65847	4.72798
52.65847	4.72810
52.65848	4.72819
52.65849	4.72834
52.65853	4.72835
52.65855	4.72837
52.65856	4.72844
52.65857	4.72851
52.65858	4.72861
52.65858	4.72865
52.65858	4.72865
52.65858	4.72873
52.65859	4.72884
52.65861	4.72904
52.65863	4.72932
52.65866	4.72957
52.65868	4.72985
52.65871	4.73017
52.65874	4.73050
52.65875	4.73064
52.65892	4.73077
52.65921	4.73102
52.65940	4.73118
52.65943	4.73126
52.65956	4.73135
52.65956	4.73135
52.65981	4.73153
52.65983	4.73175
52.65984	4.73211
52.65985	4.73221
52.65987	4.73251
52.65989	4.73282
52.65989	4.73285
52.65990	4.73284
52.65991	4.73283
52.65994	4.73281
52.66023	4.73249
52.66053	4.73216
52.66097	4.73168
52.66143	4.73118
52.66145	4.73115
52.66148	4.73111
52.66151	4.73112
52.66151	4.73113
52.66159	4.73115
52.66170	4.73120
52.66171	4.73120
52.66172	4.73124
52.66172	4.73127
52.66173	4.73132
52.66174	4.73153
52.66175	4.73190
52.66175	4.73195
52.66176	4.73215
52.66176	4.73221
52.66176	4.73225
52.66176	4.73231
52.66177	4.73261
52.66178	4.73288
52.66179	4.73320
52.66180	4.73348
52.66180	4.73370
52.66180	4.73374
52.66180	4.73376
52.66179	4.73378
52.66168	4.73391
52.66151	4.73410
52.66137	4.73425
52.66131	4.73431
52.66130	4.73433
52.66128	4.73435
52.66129	4.73445
52.66132	4.73459
52.66135	4.73482
52.66135	4.73485
52.66137	4.73507
52.66139	4.73521
52.66140	4.73528
52.66224	4.73462
52.66268	4.73428
52.66274	4.73425
52.66293	4.73410
52.66293	4.73418
52.66287	4.73442
52.66286	4.73451
52.66285	4.73464
52.66286	4.73479
52.66292	4.73549
52.66294	4.73575
52.66299	4.73617
52.66301	4.73650
52.66301	4.73667
52.66300	4.73683
52.66297	4.73693
52.66294	4.73698
52.66295	4.73730
52.66295	4.73734
52.66296	4.73748
52.66296	4.73776
52.66295	4.73810
52.66295	4.73838
52.66296	4.73868
52.66297	4.73890
52.66298	4.73903
52.66297	4.73913
52.66294	4.73925
52.66289	4.73945
52.66284	4.73963
52.66277	4.73981
52.66271	4.73996
52.66264	4.74010
52.66252	4.74030
52.66240	4.74051
52.66224	4.74079
52.66222	4.74081
52.66195	4.74129
52.66173	4.74164
52.66152	4.74200
52.66141	4.74220
52.66137	4.74227
52.66132	4.74232
52.66131	4.74234
52.66125	4.74244
52.66124	4.74246
52.66125	4.74247
52.66120	4.74256
52.66118	4.74261
52.66128	4.74271
52.66142	4.74285
52.66144	4.74287
52.66158	4.74299
52.66176	4.74315
52.66184	4.74323
52.66200	4.74338
52.66210	4.74350
52.66233	4.74378
52.66263	4.74416
52.66278	4.74436
52.66289	4.74450
52.66323	4.74498
52.66336	4.74516
52.66334	4.74524
52.66319	4.74564
52.66318	4.74565
52.66308	4.74593
52.66320	4.74608
52.66356	4.74656
52.66392	4.74700
52.66415	4.74725
52.66417	4.74727
52.66439	4.74747
52.66469	4.74776
52.66527	4.74837
52.66572	4.74881
52.66597	4.74901
52.66634	4.74929
52.66694	4.74971
52.66757	4.75018
52.66798	4.75047
52.66808	4.75054
52.66843	4.75079
52.66894	4.75116
52.66927	4.75142
52.66948	4.75161
52.66968	4.75175
52.67017	4.75207
52.67050	4.75225
52.67077	4.75237
52.67095	4.75244
52.67116	4.75246
52.67145	4.75241
52.67173	4.75222
52.67226	4.75180
52.67264	4.75145
52.67316	4.75098
52.67381	4.75041
52.67411	4.75013
52.67433	4.74987
52.67486	4.74918
52.67509	4.74894
52.67594	4.74841
52.67632	4.74811
52.67685	4.74771
52.67714	4.74734
52.67746	4.74680
52.67755	4.74664
52.67764	4.74648
52.67776	4.74625
52.67784	4.74607
52.67789	4.74596
52.67796	4.74579
52.67803	4.74558
52.67809	4.74532
52.67815	4.74515
52.67824	4.74486
52.67830	4.74468
52.67836	4.74455
52.67842	4.74439
52.67848	4.74422
52.67855	4.74408
52.67863	4.74395
52.67870	4.74384
52.67884	4.74365
52.67895	4.74351
52.67903	4.74341
52.67915	4.74327
52.67931	4.74309
52.67939	4.74300
52.67947	4.74292
52.67955	4.74284
52.67964	4.74275
52.68000	4.74244
52.68055	4.74196
52.68081	4.74174
52.68099	4.74158
52.68140	4.74122
52.68141	4.74121
52.68160	4.74103
52.68179	4.74086
52.68198	4.74066
52.68205	4.74058
52.68224	4.74037
52.68236	4.74023
52.68258	4.74002
52.68266	4.73993
52.68324	4.73948
52.68348	4.73928
52.68372	4.73912
52.68389	4.73896
52.68395	4.73891
52.68401	4.73885
52.68415	4.73868
52.68429	4.73849
52.68436	4.73838
52.68450	4.73815
52.68474	4.73776
52.68485	4.73753
52.68499	4.73728
52.68512	4.73707
52.68533	4.73673
52.68537	4.73668
52.68545	4.73660
52.68608	4.73603
52.68679	4.73534
52.68699	4.73509
52.68719	4.73482
52.68744	4.73447
52.68752	4.73434
52.68761	4.73422
52.68794	4.73370
52.68805	4.73354
52.68824	4.73324
52.68830	4.73314
52.68862	4.73270
52.68903	4.73213
52.69081	4.72969
52.69096	4.72948
52.69140	4.72885
52.69199	4.72801
52.69250	4.72727
52.69310	4.72637
52.69358	4.72565
52.69381	4.72529
52.69384	4.72524
52.69405	4.72492
52.69579	4.72239
52.69627	4.72170
52.69638	4.72155
52.69649	4.72141
52.69695	4.72081
52.69705	4.72068
52.69712	4.72060
52.69728	4.72041
52.69746	4.72022
52.69778	4.71994
52.69799	4.71978
52.69823	4.71963
52.69859	4.71945
52.69906	4.71923
52.69954	4.71901
52.70034	4.71871
52.70081	4.71856
52.70117	4.71846
52.70153	4.71831
52.70245	4.71794
52.70346	4.71753
52.70380	4.71740
52.70422	4.71723
52.70507	4.71690
52.70549	4.71676
52.70601	4.71660
52.70611	4.71657
52.70652	4.71645
52.70687	4.71635
52.70690	4.71634
52.70760	4.71623
52.70761	4.71622
52.70759	4.71599
52.70759	4.71596
52.70759	4.71592
52.70759	4.71588
52.70765	4.71587
52.70765	4.71592
52.70766	4.71595
52.70766	4.71598
52.70768	4.71621
52.70771	4.71621
52.70821	4.71612
52.70870	4.71604
52.70931	4.71593
52.71005	4.71581
52.71050	4.71540
52.71065	4.71526
52.71094	4.71491
52.71128	4.71446
52.71177	4.71383
52.71222	4.71324
52.71250	4.71288
52.71305	4.71220
52.71344	4.71174
52.71367	4.71148
52.71418	4.71089
52.71496	4.70996
52.71501	4.70990
52.71506	4.70984
52.71518	4.70971
52.71537	4.70953
52.71550	4.70942
52.71641	4.70873
52.71670	4.70852
52.71752	4.70790
52.71821	4.70739
52.71844	4.70722
52.71853	4.70714
52.71865	4.70704
52.71870	4.70699
52.71872	4.70696
52.71879	4.70687
52.71896	4.70662
52.71910	4.70640
52.71943	4.70591
52.71979	4.70538
52.71997	4.70511
52.72000	4.70507
52.72011	4.70487
52.72027	4.70460
52.72049	4.70421
52.72084	4.70361
52.72102	4.70329
52.72119	4.70299
52.72131	4.70279
52.72137	4.70269
52.72149	4.70252
52.72156	4.70244
52.72175	4.70223
52.72179	4.70219
52.72185	4.70212
52.72208	4.70191
52.72225	4.70177
52.72244	4.70161
52.72290	4.70119
52.72301	4.70110
52.72325	4.70092
52.72381	4.70048
52.72389	4.70040
52.72393	4.70037
52.72419	4.70010
52.72474	4.69952
52.72545	4.69876
52.72624	4.69790
52.72694	4.69714
52.72799	4.69598
52.72836	4.69558
52.73018	4.69357
52.73069	4.69302
52.73101	4.69265
52.73120	4.69240
52.73148	4.69201
52.73191	4.69140
52.73213	4.69107
52.73239	4.69070
52.73252	4.69051
52.73262	4.69035
52.73299	4.68982
52.73288	4.68917
52.73267	4.68785
52.73264	4.68767
52.73263	4.68743
52.73263	4.68715
52.73265	4.68690
52.73267	4.68669
52.73271	4.68647
52.73279	4.68616
52.73304	4.68534
52.73324	4.68462
52.73346	4.68373
52.73349	4.68363
52.73354	4.68353
52.73365	4.68338
52.73375	4.68331
52.73393	4.68323
52.73430	4.68310
52.73473	4.68293
52.73526	4.68271
52.73580	4.68235
52.73617	4.68208
52.73654	4.68177
52.73728	4.68128
52.73754	4.68113
52.73768	4.68102
52.73777	4.68091
52.73787	4.68072
52.73790	4.68066
52.73794	4.68050
52.73799	4.68012
52.73804	4.67986
52.73813	4.67965
52.73819	4.67957
52.73825	4.67949
52.73835	4.67942
52.73897	4.67906
52.73909	4.67897
52.73917	4.67890
52.73923	4.67880
52.73928	4.67869
52.73938	4.67826
52.73948	4.67777
52.73956	4.67733
52.73968	4.67662
52.73991	4.67501
52.74002	4.67431
52.74008	4.67389
52.74010	4.67364
52.74015	4.67336
52.74021	4.67307
52.74027	4.67266
52.74032	4.67242
52.74039	4.67211
52.74054	4.67137
52.74061	4.67115
52.74067	4.67101
52.74111	4.67016
52.74137	4.66964
52.74152	4.66938
52.74162	4.66928
52.74196	4.66901
52.74216	4.66880
52.74255	4.66832
52.74264	4.66821
52.74322	4.66750
52.74439	4.66603
52.74482	4.66547
52.74528	4.66486
52.74577	4.66418
52.74610	4.66375
52.74646	4.66325
52.74652	4.66316
52.74665	4.66293
52.74671	4.66281
52.74674	4.66271
52.74675	4.66260
52.74674	4.66243
52.74673	4.66232
52.74666	4.66195
52.74663	4.66178
52.74663	4.66158
52.74665	4.66085
52.74668	4.66063
52.74670	4.66046
52.74674	4.66030
52.74678	4.66018
52.74696	4.65975
52.74721	4.65933
52.74731	4.65919
52.74736	4.65914
52.74750	4.65905
52.74757	4.65901
52.74815	4.65894
52.74836	4.65893
52.74876	4.65898
52.74941	4.65903
52.74953	4.65903
52.74963	4.65896
52.74978	4.65871
52.74998	4.65822
52.75006	4.65797
52.75044	4.65660
52.75050	4.65647
52.75055	4.65637
52.75061	4.65630
52.75075	4.65618
52.75082	4.65614
52.75086	4.65614
52.75095	4.65614
52.75101	4.65616
52.75124	4.65626
52.75142	4.65636
52.75152	4.65639
52.75159	4.65637
52.75171	4.65628
52.75211	4.65583
52.75243	4.65544
52.75310	4.65460
52.75374	4.65383
52.75454	4.65278
52.75525	4.65181
52.75585	4.65104
52.75833	4.63448
52.75494	4.63310
52.75433	4.63285
52.75418	4.63279
52.74490	4.62972
52.74234	4.62893
52.74020	4.62826
52.73855	4.62775
52.73480	4.62659
52.72577	4.62376
52.71739	4.62267
52.70845	4.62122
52.70011	4.61979
52.68991	4.61709
52.68229	4.61696
52.67725	4.61546
52.67351	4.61434
52.66286	4.61119
52.65552	4.61147
52.64581	4.60848
52.64061	4.60765
52.63749	4.60715
52.62862	4.60477
52.62741	4.60445
52.61994	4.60413
52.61950	4.60411
52.61060	4.60185
52.61012	4.60173
52.60157	4.60034
52.59235	4.59812
52.58401	4.59659
52.57548	4.59407
