# GsakName=Harlingen
# This County polygon is based on data © OpenStreetMap contributors
# The OpenStreetMap data is made available under the Open Database License, see http://www.openstreetmap.org/copyright
# This polygon file is made available under the same Open Database License: http://opendatacommons.org/licenses/odbl/1.0/.
# OSM RelationID=47823

53.08711	5.09578
53.08532	5.09720
53.08498	5.09747
53.08049	5.10105
53.08025	5.10124
53.07717	5.10369
53.07601	5.10462
53.07572	5.10485
53.07153	5.10819
53.07130	5.10837
53.06704	5.11176
53.06685	5.11192
53.06256	5.11533
53.06202	5.11576
53.05829	5.11873
53.05807	5.11890
53.05761	5.11926
53.05359	5.12247
53.05334	5.12266
53.04910	5.12604
53.04884	5.12625
53.04462	5.12961
53.04452	5.12968
53.04049	5.13289
53.04013	5.13317
53.03940	5.13376
53.03564	5.13674
53.03531	5.13701
53.03116	5.14030
53.03094	5.14048
53.02667	5.14387
53.02615	5.14428
53.00100	5.16425
53.00101	5.16425
53.00331	5.16867
53.00546	5.17277
53.00764	5.17692
53.00963	5.18072
53.01182	5.18491
53.01329	5.18771
53.01341	5.18792
53.01736	5.19546
53.02049	5.20146
53.02050	5.20145
53.02051	5.20145
53.02052	5.20145
53.02052	5.20145
53.02053	5.20145
53.02054	5.20145
53.02055	5.20145
53.02056	5.20144
53.02057	5.20144
53.02057	5.20144
53.02058	5.20144
53.02059	5.20144
53.02060	5.20145
53.02061	5.20145
53.02061	5.20145
53.02062	5.20145
53.02063	5.20145
53.02064	5.20145
53.02065	5.20145
53.02065	5.20146
53.02066	5.20146
53.02067	5.20146
53.02068	5.20146
53.02068	5.20147
53.02069	5.20147
53.02070	5.20147
53.02071	5.20148
53.02072	5.20148
53.02072	5.20149
53.02073	5.20149
53.02074	5.20150
53.02075	5.20150
53.02075	5.20151
53.02076	5.20151
53.02077	5.20152
53.02078	5.20152
53.02078	5.20153
53.02079	5.20153
53.02080	5.20154
53.02080	5.20155
53.02081	5.20155
53.02082	5.20156
53.02082	5.20157
53.02083	5.20158
53.02084	5.20158
53.02084	5.20159
53.02085	5.20160
53.02086	5.20161
53.02086	5.20162
53.02087	5.20162
53.02088	5.20163
53.02088	5.20164
53.02089	5.20165
53.02089	5.20166
53.02090	5.20167
53.02090	5.20168
53.02091	5.20169
53.02092	5.20170
53.02092	5.20171
53.02093	5.20172
53.02093	5.20173
53.02094	5.20174
53.02094	5.20175
53.02209	5.20395
53.02211	5.20399
53.02213	5.20405
53.02217	5.20416
53.02241	5.20492
53.02241	5.20492
53.02241	5.20493
53.02241	5.20494
53.02241	5.20494
53.02242	5.20495
53.02242	5.20496
53.02242	5.20496
53.02242	5.20497
53.02242	5.20498
53.02242	5.20498
53.02242	5.20499
53.02242	5.20500
53.02242	5.20500
53.02242	5.20501
53.02242	5.20502
53.02242	5.20503
53.02242	5.20503
53.02242	5.20504
53.02242	5.20505
53.02242	5.20505
53.02242	5.20506
53.02242	5.20507
53.02242	5.20507
53.02242	5.20508
53.02242	5.20509
53.02242	5.20509
53.02242	5.20510
53.02241	5.20511
53.02241	5.20511
53.02241	5.20512
53.02241	5.20513
53.02398	5.20814
53.02534	5.21074
53.02616	5.21231
53.02636	5.21268
53.03067	5.22090
53.03510	5.22936
53.03915	5.23713
53.03932	5.23745
53.04158	5.24177
53.04502	5.24834
53.04944	5.25678
53.05194	5.26158
53.05228	5.26223
53.05289	5.26340
53.05346	5.26448
53.05594	5.26923
53.05713	5.27150
53.05865	5.27441
53.06030	5.27758
53.06107	5.27906
53.06257	5.28192
53.06364	5.28397
53.06488	5.28635
53.06540	5.28734
53.06582	5.28814
53.06766	5.29167
53.06807	5.29248
53.06846	5.29331
53.06882	5.29416
53.06888	5.29432
53.06908	5.29482
53.06925	5.29527
53.06957	5.29618
53.06977	5.29682
53.06989	5.29719
53.07018	5.29825
53.07044	5.29927
53.07068	5.30034
53.07090	5.30153
53.07092	5.30165
53.07150	5.30529
53.07208	5.30899
53.07249	5.31157
53.07285	5.31386
53.07306	5.31521
53.07344	5.31762
53.07372	5.31939
53.07392	5.32056
53.07461	5.32491
53.07463	5.32491
53.07470	5.32489
53.07493	5.32480
53.07860	5.32322
53.07863	5.32321
53.07868	5.32320
53.07874	5.32319
53.07878	5.32320
53.07884	5.32321
53.07889	5.32324
53.07895	5.32328
53.07900	5.32333
53.07906	5.32342
53.07910	5.32348
53.07913	5.32355
53.07916	5.32366
53.07919	5.32383
53.07959	5.32646
53.07965	5.32683
53.07980	5.32839
53.08002	5.33059
53.08024	5.33280
53.08024	5.33281
53.08025	5.33285
53.08025	5.33288
53.08024	5.33290
53.08023	5.33295
53.08017	5.33310
53.07989	5.33377
53.07971	5.33413
53.07968	5.33418
53.07966	5.33420
53.07962	5.33421
53.07846	5.33463
53.07786	5.33489
53.07714	5.33519
53.07712	5.33521
53.07712	5.33523
53.07711	5.33526
53.07728	5.33629
53.07729	5.33640
53.07729	5.33647
53.07728	5.33653
53.07726	5.33657
53.07724	5.33661
53.07720	5.33665
53.07689	5.33689
53.07651	5.33719
53.07667	5.33817
53.07699	5.34023
53.07730	5.34189
53.07757	5.34305
53.07789	5.34420
53.07828	5.34532
53.07871	5.34643
53.07917	5.34746
53.07965	5.34841
53.08089	5.35051
53.08719	5.36114
53.08719	5.36114
53.09349	5.37179
53.09378	5.37228
53.10779	5.37227
53.12098	5.39419
53.12576	5.40215
53.12918	5.40271
53.15272	5.40664
53.15165	5.41080
53.15178	5.41117
53.15192	5.41156
53.15198	5.41171
53.15198	5.41176
53.15198	5.41208
53.15197	5.41238
53.15197	5.41241
53.15197	5.41269
53.15209	5.41275
53.15230	5.41282
53.15241	5.41286
53.15271	5.41297
53.15289	5.41303
53.15283	5.41317
53.15282	5.41322
53.15281	5.41324
53.15273	5.41345
53.15260	5.41379
53.15260	5.41381
53.15249	5.41411
53.15248	5.41413
53.15234	5.41449
53.15220	5.41489
53.15180	5.41436
53.15164	5.41420
53.15082	5.41709
53.15087	5.41714
53.15090	5.41719
53.15101	5.41738
53.15109	5.41751
53.15110	5.41752
53.15116	5.41755
53.15128	5.41761
53.15133	5.41765
53.15142	5.41775
53.15152	5.41789
53.15166	5.41814
53.15178	5.41837
53.15190	5.41863
53.15199	5.41882
53.15218	5.41918
53.15235	5.41950
53.15243	5.41962
53.15268	5.41991
53.15273	5.41998
53.15276	5.41999
53.15276	5.41999
53.15279	5.42000
53.15282	5.42001
53.15289	5.42010
53.15292	5.42014
53.15305	5.42031
53.15313	5.42042
53.15356	5.42105
53.15381	5.42144
53.15379	5.42157
53.15374	5.42168
53.15372	5.42176
53.15372	5.42187
53.15373	5.42196
53.15372	5.42213
53.15371	5.42226
53.15370	5.42239
53.15368	5.42248
53.15367	5.42250
53.15372	5.42258
53.15376	5.42266
53.15376	5.42269
53.15377	5.42273
53.15375	5.42289
53.15372	5.42318
53.15370	5.42338
53.15369	5.42367
53.15369	5.42385
53.15367	5.42403
53.15365	5.42414
53.15363	5.42417
53.15341	5.42392
53.15336	5.42408
53.15334	5.42418
53.15333	5.42443
53.15333	5.42471
53.15334	5.42513
53.15332	5.42521
53.15331	5.42528
53.15330	5.42533
53.15332	5.42544
53.15337	5.42566
53.15338	5.42582
53.15340	5.42611
53.15339	5.42638
53.15338	5.42656
53.15337	5.42662
53.15314	5.42640
53.15313	5.42642
53.15313	5.42663
53.15315	5.42695
53.15319	5.42722
53.15324	5.42750
53.15329	5.42770
53.15333	5.42786
53.15336	5.42804
53.15337	5.42810
53.15337	5.42817
53.15337	5.42832
53.15337	5.42832
53.15340	5.42992
53.15341	5.43099
53.15341	5.43119
53.15336	5.43119
53.15331	5.43132
53.15330	5.43134
53.15329	5.43136
53.15329	5.43145
53.15335	5.43152
53.15340	5.43237
53.15342	5.43294
53.15342	5.43296
53.15345	5.43345
53.15347	5.43389
53.15348	5.43430
53.15348	5.43465
53.15347	5.43480
53.15346	5.43494
53.15343	5.43508
53.15342	5.43515
53.15341	5.43519
53.15339	5.43523
53.15337	5.43525
53.15333	5.43528
53.15344	5.43541
53.15353	5.43551
53.15343	5.43554
53.15334	5.43556
53.15329	5.43561
53.15325	5.43559
53.15323	5.43551
53.15322	5.43547
53.15320	5.43544
53.15312	5.43535
53.15308	5.43529
53.15296	5.43514
53.15292	5.43511
53.15287	5.43511
53.15283	5.43514
53.15278	5.43518
53.15275	5.43529
53.15271	5.43590
53.15267	5.43631
53.15267	5.43641
53.15264	5.43664
53.15264	5.43675
53.15260	5.43694
53.15258	5.43705
53.15253	5.43718
53.15248	5.43743
53.15243	5.43750
53.15237	5.43772
53.15229	5.43797
53.15227	5.43808
53.15221	5.43828
53.15218	5.43850
53.15215	5.43871
53.15216	5.43879
53.15216	5.43880
53.15213	5.43894
53.15211	5.43896
53.15209	5.43900
53.15206	5.43911
53.15196	5.43944
53.15194	5.43949
53.15189	5.43962
53.15184	5.43972
53.15181	5.43976
53.15175	5.43982
53.15157	5.44002
53.15149	5.44013
53.15145	5.44020
53.15143	5.44024
53.15126	5.44076
53.15121	5.44104
53.15119	5.44130
53.15119	5.44140
53.15120	5.44164
53.15118	5.44189
53.15116	5.44212
53.15111	5.44247
53.15110	5.44258
53.15109	5.44265
53.15098	5.44271
53.15085	5.44272
53.15066	5.44269
53.15050	5.44266
53.15040	5.44266
53.15034	5.44268
53.15027	5.44274
53.15022	5.44282
53.15017	5.44292
53.15016	5.44299
53.15010	5.44324
53.15002	5.44359
53.15001	5.44370
53.14998	5.44376
53.14994	5.44389
53.14994	5.44391
53.15000	5.44394
53.15011	5.44402
53.15044	5.44426
53.15064	5.44441
53.15071	5.44446
53.15085	5.44452
53.15099	5.44459
53.15101	5.44459
53.15103	5.44459
53.15110	5.44463
53.15108	5.44477
53.15106	5.44491
53.15093	5.44559
53.15080	5.44629
53.15074	5.44664
53.15070	5.44683
53.15067	5.44700
53.15041	5.44844
53.15035	5.44878
53.15032	5.44909
53.15031	5.44917
53.15029	5.44932
53.15027	5.44943
53.15021	5.44971
53.15011	5.45028
53.14998	5.45089
53.14992	5.45112
53.14988	5.45127
53.14983	5.45139
53.14974	5.45156
53.14970	5.45164
53.14965	5.45170
53.14959	5.45180
53.14954	5.45188
53.14944	5.45202
53.14939	5.45206
53.14927	5.45217
53.14910	5.45228
53.14874	5.45251
53.14854	5.45265
53.14836	5.45275
53.14823	5.45280
53.14809	5.45285
53.14809	5.45285
53.14804	5.45285
53.14802	5.45294
53.14765	5.45468
53.14751	5.45563
53.14749	5.45637
53.14750	5.45756
53.14751	5.45869
53.14752	5.45925
53.14753	5.45936
53.14755	5.45945
53.14756	5.45946
53.14750	5.45944
53.14752	5.45950
53.14752	5.45950
53.14748	5.46004
53.14739	5.46103
53.14737	5.46125
53.14736	5.46145
53.14733	5.46187
53.14732	5.46217
53.14727	5.46303
53.14707	5.46291
53.14679	5.46275
53.14653	5.46260
53.14636	5.46250
53.14633	5.46248
53.14631	5.46247
53.14629	5.46246
53.14627	5.46244
53.14624	5.46242
53.14621	5.46240
53.14618	5.46238
53.14609	5.46232
53.14588	5.46220
53.14563	5.46206
53.14558	5.46203
53.14555	5.46201
53.14550	5.46198
53.14549	5.46197
53.14544	5.46194
53.14502	5.46170
53.14477	5.46155
53.14467	5.46150
53.14461	5.46146
53.14455	5.46144
53.14452	5.46154
53.14448	5.46176
53.14446	5.46186
53.14445	5.46192
53.14443	5.46200
53.14441	5.46212
53.14436	5.46242
53.14432	5.46265
53.14427	5.46291
53.14426	5.46297
53.14421	5.46329
53.14417	5.46349
53.14415	5.46362
53.14413	5.46374
53.14413	5.46376
53.14411	5.46387
53.14407	5.46408
53.14403	5.46426
53.14403	5.46430
53.14403	5.46433
53.14403	5.46435
53.14403	5.46437
53.14404	5.46439
53.14404	5.46441
53.14405	5.46443
53.14406	5.46444
53.14407	5.46446
53.14415	5.46461
53.14422	5.46477
53.14425	5.46484
53.14421	5.46502
53.14413	5.46540
53.14404	5.46586
53.14396	5.46619
53.14391	5.46640
53.14367	5.46679
53.14333	5.46834
53.14335	5.46836
53.14335	5.46836
53.14339	5.46841
53.14346	5.46852
53.14358	5.46872
53.14365	5.46881
53.14376	5.46898
53.14381	5.46904
53.14384	5.46908
53.14388	5.46910
53.14392	5.46912
53.14398	5.46913
53.14401	5.46914
53.14401	5.46915
53.14404	5.46917
53.14406	5.46919
53.14411	5.46927
53.14416	5.46934
53.14419	5.46939
53.14422	5.46943
53.14426	5.46945
53.14431	5.46948
53.14440	5.46953
53.14451	5.46957
53.14458	5.46959
53.14463	5.46960
53.14466	5.46960
53.14469	5.46960
53.14472	5.46959
53.14485	5.46955
53.14491	5.46955
53.14495	5.46955
53.14499	5.46955
53.14502	5.46956
53.14506	5.46958
53.14509	5.46961
53.14513	5.46964
53.14518	5.46973
53.14521	5.46977
53.14523	5.46982
53.14525	5.46989
53.14529	5.47000
53.14531	5.47008
53.14534	5.47014
53.14535	5.47016
53.14540	5.47028
53.14546	5.47040
53.14551	5.47048
53.14556	5.47057
53.14563	5.47065
53.14570	5.47073
53.14584	5.47087
53.14588	5.47092
53.14591	5.47097
53.14593	5.47100
53.14595	5.47103
53.14598	5.47110
53.14601	5.47118
53.14604	5.47123
53.14607	5.47128
53.14609	5.47131
53.14612	5.47135
53.14634	5.47153
53.14637	5.47157
53.14640	5.47161
53.14642	5.47166
53.14644	5.47171
53.14646	5.47179
53.14648	5.47187
53.14652	5.47198
53.14656	5.47208
53.14659	5.47203
53.14663	5.47211
53.14661	5.47219
53.14667	5.47226
53.14675	5.47236
53.14679	5.47241
53.14682	5.47245
53.14685	5.47247
53.14688	5.47249
53.14692	5.47251
53.14697	5.47252
53.14702	5.47253
53.14706	5.47254
53.14709	5.47254
53.14712	5.47253
53.14731	5.47250
53.14737	5.47249
53.14742	5.47247
53.14746	5.47246
53.14750	5.47244
53.14759	5.47239
53.14763	5.47238
53.14767	5.47236
53.14771	5.47236
53.14775	5.47236
53.14779	5.47236
53.14784	5.47238
53.14789	5.47240
53.14794	5.47243
53.14800	5.47247
53.14804	5.47251
53.14809	5.47255
53.14814	5.47259
53.14818	5.47263
53.14823	5.47267
53.14826	5.47269
53.14829	5.47271
53.14829	5.47271
53.14831	5.47271
53.14839	5.47271
53.14845	5.47270
53.14850	5.47270
53.14855	5.47271
53.14860	5.47271
53.14865	5.47273
53.14872	5.47276
53.14879	5.47280
53.14886	5.47283
53.14892	5.47288
53.14898	5.47294
53.14903	5.47299
53.14909	5.47304
53.14927	5.47324
53.14937	5.47335
53.14938	5.47335
53.14952	5.47351
53.14957	5.47357
53.14962	5.47362
53.14967	5.47366
53.14971	5.47370
53.14975	5.47373
53.14979	5.47376
53.14983	5.47379
53.14986	5.47382
53.15002	5.47400
53.15009	5.47407
53.15018	5.47416
53.15027	5.47424
53.15029	5.47427
53.15032	5.47430
53.15034	5.47432
53.15036	5.47435
53.15038	5.47438
53.15040	5.47441
53.15042	5.47444
53.15047	5.47453
53.15051	5.47458
53.15053	5.47461
53.15056	5.47464
53.15060	5.47467
53.15060	5.47468
53.15071	5.47476
53.15081	5.47481
53.15089	5.47490
53.15088	5.47505
53.15078	5.47590
53.15072	5.47608
53.15059	5.47622
53.15047	5.47633
53.15042	5.47644
53.15041	5.47647
53.15036	5.47665
53.15034	5.47672
53.15055	5.47672
53.15052	5.47687
53.15068	5.47690
53.15069	5.47685
53.15077	5.47678
53.15086	5.47678
53.15097	5.47681
53.15112	5.47688
53.15118	5.47688
53.15120	5.47685
53.15133	5.47698
53.15143	5.47704
53.15148	5.47707
53.15150	5.47707
53.15170	5.47711
53.15180	5.47715
53.15199	5.47730
53.15201	5.47732
53.15226	5.47744
53.15239	5.47747
53.15252	5.47751
53.15262	5.47761
53.15290	5.47776
53.15306	5.47785
53.15312	5.47788
53.15369	5.47823
53.15385	5.47827
53.15396	5.47826
53.15406	5.47830
53.15416	5.47839
53.15441	5.47855
53.15465	5.47870
53.15476	5.47880
53.15487	5.47893
53.15497	5.47898
53.15509	5.47905
53.15524	5.47911
53.15528	5.47912
53.15539	5.47913
53.15544	5.47905
53.15560	5.47914
53.15654	5.47975
53.15717	5.48016
53.15734	5.48025
53.15727	5.48040
53.15727	5.48045
53.15728	5.48048
53.15742	5.48070
53.15759	5.48099
53.15778	5.48138
53.15796	5.48181
53.15801	5.48182
53.15805	5.48174
53.15808	5.48173
53.15815	5.48182
53.15831	5.48196
53.15853	5.48214
53.15855	5.48218
53.15856	5.48223
53.15855	5.48228
53.15858	5.48232
53.15882	5.48253
53.15891	5.48256
53.15894	5.48260
53.15896	5.48268
53.15903	5.48274
53.15913	5.48280
53.15979	5.48307
53.16061	5.48342
53.16062	5.48343
53.16065	5.48346
53.16074	5.48351
53.16086	5.48355
53.16094	5.48358
53.16109	5.48364
53.16141	5.48381
53.16194	5.48416
53.16211	5.48429
53.16227	5.48440
53.16238	5.48447
53.16303	5.48502
53.16305	5.48503
53.16377	5.48562
53.16380	5.48564
53.16401	5.48582
53.16428	5.48606
53.16457	5.48629
53.16460	5.48633
53.16462	5.48635
53.16465	5.48638
53.16468	5.48641
53.16470	5.48643
53.16475	5.48647
53.16502	5.48668
53.16504	5.48670
53.16506	5.48671
53.16507	5.48672
53.16508	5.48672
53.16510	5.48671
53.16511	5.48670
53.16512	5.48669
53.16512	5.48668
53.16520	5.48642
53.16528	5.48612
53.16539	5.48574
53.16542	5.48565
53.16544	5.48560
53.16545	5.48555
53.16554	5.48529
53.16561	5.48510
53.16563	5.48503
53.16565	5.48498
53.16566	5.48494
53.16567	5.48491
53.16568	5.48488
53.16570	5.48485
53.16571	5.48482
53.16572	5.48480
53.16573	5.48479
53.16575	5.48477
53.16577	5.48476
53.16578	5.48475
53.16580	5.48475
53.16582	5.48474
53.16583	5.48474
53.16585	5.48474
53.16587	5.48475
53.16588	5.48475
53.16589	5.48476
53.16589	5.48476
53.16590	5.48477
53.16592	5.48480
53.16595	5.48482
53.16597	5.48483
53.16599	5.48485
53.16604	5.48487
53.16621	5.48496
53.16629	5.48501
53.16637	5.48505
53.16640	5.48507
53.16643	5.48509
53.16650	5.48514
53.16664	5.48523
53.16669	5.48526
53.16672	5.48529
53.16680	5.48535
53.16689	5.48543
53.16691	5.48545
53.16692	5.48546
53.16693	5.48548
53.16694	5.48550
53.16696	5.48554
53.16698	5.48558
53.16699	5.48560
53.16700	5.48561
53.16702	5.48563
53.16704	5.48564
53.16710	5.48567
53.16717	5.48571
53.16724	5.48575
53.16732	5.48579
53.16738	5.48583
53.16745	5.48587
53.16753	5.48593
53.16766	5.48601
53.16770	5.48604
53.16772	5.48605
53.16774	5.48605
53.16775	5.48605
53.16776	5.48604
53.16778	5.48602
53.16779	5.48600
53.16779	5.48598
53.16780	5.48594
53.16780	5.48588
53.16781	5.48583
53.16782	5.48578
53.16782	5.48572
53.16783	5.48567
53.16784	5.48560
53.16787	5.48540
53.16795	5.48544
53.16816	5.48552
53.16828	5.48556
53.16839	5.48559
53.16853	5.48564
53.16863	5.48567
53.16876	5.48572
53.16900	5.48579
53.16917	5.48585
53.16938	5.48592
53.16946	5.48595
53.16968	5.48601
53.16968	5.48608
53.16965	5.48615
53.16965	5.48622
53.16969	5.48625
53.16975	5.48622
53.16975	5.48657
53.16974	5.48672
53.16974	5.48678
53.16974	5.48682
53.16974	5.48687
53.16975	5.48694
53.16976	5.48704
53.16978	5.48721
53.16980	5.48733
53.16980	5.48739
53.16981	5.48746
53.16981	5.48754
53.16982	5.48766
53.16982	5.48771
53.16983	5.48781
53.16983	5.48785
53.16983	5.48790
53.16984	5.48794
53.16985	5.48807
53.16986	5.48811
53.16986	5.48815
53.16987	5.48818
53.16989	5.48827
53.17004	5.48834
53.17025	5.48844
53.17050	5.48857
53.17074	5.48870
53.17078	5.48872
53.17109	5.48887
53.17146	5.48907
53.17164	5.48916
53.17179	5.48924
53.17195	5.48931
53.17204	5.48936
53.17208	5.48939
53.17212	5.48941
53.17215	5.48942
53.17220	5.48944
53.17220	5.48953
53.17220	5.49004
53.17220	5.49015
53.17220	5.49030
53.17220	5.49037
53.17221	5.49050
53.17221	5.49070
53.17222	5.49081
53.17222	5.49090
53.17222	5.49097
53.17222	5.49105
53.17222	5.49114
53.17222	5.49123
53.17222	5.49131
53.17222	5.49140
53.17222	5.49147
53.17222	5.49155
53.17222	5.49157
53.17222	5.49160
53.17222	5.49163
53.17223	5.49166
53.17224	5.49169
53.17224	5.49171
53.17225	5.49173
53.17227	5.49175
53.17228	5.49177
53.17229	5.49178
53.17231	5.49179
53.17233	5.49180
53.17241	5.49183
53.17243	5.49184
53.17245	5.49185
53.17246	5.49186
53.17247	5.49187
53.17248	5.49189
53.17251	5.49193
53.17254	5.49199
53.17257	5.49204
53.17263	5.49217
53.17266	5.49223
53.17269	5.49230
53.17273	5.49240
53.17276	5.49248
53.17280	5.49257
53.17284	5.49266
53.17289	5.49279
53.17290	5.49282
53.17291	5.49284
53.17296	5.49294
53.17300	5.49301
53.17303	5.49308
53.17302	5.49314
53.17300	5.49322
53.17300	5.49325
53.17300	5.49330
53.17300	5.49333
53.17300	5.49336
53.17300	5.49338
53.17301	5.49341
53.17303	5.49343
53.17304	5.49346
53.17306	5.49347
53.17308	5.49349
53.17316	5.49353
53.17334	5.49361
53.17347	5.49367
53.17350	5.49368
53.17365	5.49375
53.17380	5.49380
53.17388	5.49383
53.17397	5.49386
53.17413	5.49392
53.17419	5.49395
53.17421	5.49396
53.17427	5.49399
53.17429	5.49399
53.17430	5.49400
53.17434	5.49401
53.17438	5.49403
53.17442	5.49405
53.17446	5.49407
53.17449	5.49409
53.17453	5.49411
53.17456	5.49413
53.17460	5.49416
53.17463	5.49418
53.17466	5.49419
53.17469	5.49421
53.17472	5.49423
53.17475	5.49424
53.17478	5.49425
53.17484	5.49427
53.17488	5.49428
53.17491	5.49429
53.17495	5.49430
53.17498	5.49431
53.17501	5.49433
53.17506	5.49435
53.17516	5.49440
53.17530	5.49445
53.17544	5.49449
53.17556	5.49453
53.17558	5.49454
53.17560	5.49454
53.17561	5.49455
53.17562	5.49456
53.17564	5.49458
53.17567	5.49460
53.17569	5.49463
53.17571	5.49464
53.17572	5.49466
53.17574	5.49467
53.17576	5.49468
53.17580	5.49469
53.17587	5.49470
53.17593	5.49473
53.17598	5.49475
53.17603	5.49477
53.17607	5.49479
53.17611	5.49482
53.17614	5.49484
53.17617	5.49487
53.17619	5.49489
53.17620	5.49491
53.17621	5.49491
53.17622	5.49493
53.17622	5.49495
53.17623	5.49499
53.17624	5.49502
53.17624	5.49505
53.17625	5.49508
53.17625	5.49515
53.17625	5.49516
53.17625	5.49518
53.17626	5.49522
53.17627	5.49525
53.17628	5.49527
53.17629	5.49529
53.17631	5.49531
53.17633	5.49534
53.17635	5.49537
53.17638	5.49539
53.17641	5.49542
53.17649	5.49547
53.17654	5.49550
53.17659	5.49553
53.17665	5.49558
53.17671	5.49562
53.17680	5.49568
53.17688	5.49574
53.17693	5.49577
53.17695	5.49580
53.17701	5.49584
53.17719	5.49598
53.17725	5.49602
53.17727	5.49603
53.17734	5.49607
53.17745	5.49615
53.17755	5.49621
53.17765	5.49627
53.17772	5.49631
53.17776	5.49633
53.17779	5.49635
53.17780	5.49637
53.17781	5.49637
53.17785	5.49639
53.17798	5.49639
53.17815	5.49638
53.17838	5.49637
53.17832	5.49596
53.17726	5.48930
53.17724	5.48917
53.17717	5.48855
53.17710	5.48802
53.17702	5.48757
53.17684	5.48658
53.17677	5.48619
53.17675	5.48605
53.17672	5.48586
53.17661	5.48502
53.17654	5.48445
53.17648	5.48394
53.17646	5.48378
53.17641	5.48348
53.17633	5.48296
53.17627	5.48254
53.17618	5.48196
53.17616	5.48186
53.17612	5.48160
53.17604	5.48087
53.17596	5.48024
53.17618	5.48016
53.17620	5.48015
53.17621	5.48015
53.17630	5.48014
53.17633	5.48013
53.17640	5.48016
53.17651	5.48023
53.17661	5.48030
53.17660	5.47935
53.17668	5.47941
53.17681	5.47949
53.17692	5.47958
53.17701	5.47964
53.17706	5.47967
53.17715	5.47974
53.17725	5.47980
53.17736	5.47988
53.17749	5.47996
53.17760	5.48004
53.17770	5.48010
53.17782	5.48018
53.17794	5.48027
53.17805	5.48034
53.17812	5.48039
53.17817	5.48041
53.17818	5.48041
53.17820	5.48043
53.17822	5.48045
53.17825	5.48046
53.17831	5.48048
53.17846	5.48056
53.17857	5.48063
53.17862	5.48067
53.17868	5.48070
53.17875	5.48074
53.17882	5.48077
53.17889	5.48080
53.17895	5.48084
53.17899	5.48087
53.17905	5.48091
53.17915	5.48098
53.17927	5.48107
53.17940	5.48116
53.17952	5.48125
53.17964	5.48134
53.17979	5.48144
53.17998	5.48157
53.18004	5.48161
53.18002	5.48154
53.18001	5.48149
53.18001	5.48140
53.18001	5.48134
53.18001	5.48124
53.18003	5.48111
53.18006	5.48093
53.18009	5.48096
53.18047	5.48124
53.18076	5.48145
53.18106	5.48166
53.18137	5.48189
53.18170	5.48212
53.18206	5.48238
53.18229	5.48255
53.18312	5.48315
53.18379	5.48364
53.18387	5.48323
53.18384	5.48275
53.18378	5.48170
53.18404	5.48166
53.18406	5.48169
53.18436	5.48182
53.18475	5.48197
53.18479	5.48194
53.18485	5.48190
53.18485	5.48198
53.18504	5.48206
53.18518	5.48214
53.18536	5.48224
53.18559	5.48237
53.18567	5.48241
53.18581	5.48250
53.18589	5.48256
53.18599	5.48262
53.18605	5.48266
53.18613	5.48271
53.18621	5.48278
53.18627	5.48282
53.18633	5.48286
53.18640	5.48290
53.18647	5.48294
53.18657	5.48300
53.18666	5.48306
53.18679	5.48315
53.18690	5.48322
53.18699	5.48328
53.18703	5.48329
53.18706	5.48330
53.18715	5.48337
53.18731	5.48346
53.18741	5.48351
53.18747	5.48355
53.18764	5.48366
53.18783	5.48378
53.18804	5.48391
53.18833	5.48409
53.18866	5.48431
53.18888	5.48445
53.18899	5.48452
53.18921	5.48466
53.18937	5.48476
53.18946	5.48482
53.18954	5.48485
53.18955	5.48488
53.18956	5.48490
53.18965	5.48495
53.18970	5.48497
53.18983	5.48503
53.18992	5.48508
53.19012	5.48519
53.19025	5.48526
53.19032	5.48529
53.19061	5.48545
53.19087	5.48560
53.19106	5.48572
53.19123	5.48584
53.19176	5.48618
53.19192	5.48632
53.19200	5.48638
53.19200	5.48638
53.19207	5.48643
53.19221	5.48653
53.19245	5.48669
53.19259	5.48678
53.19268	5.48685
53.19274	5.48691
53.19278	5.48695
53.19285	5.48702
53.19287	5.48704
53.19288	5.48705
53.19293	5.48709
53.19300	5.48712
53.19302	5.48714
53.19314	5.48723
53.19326	5.48733
53.19333	5.48743
53.19334	5.48747
53.19336	5.48753
53.19337	5.48758
53.19340	5.48761
53.19342	5.48762
53.19346	5.48763
53.19351	5.48762
53.19355	5.48761
53.19358	5.48760
53.19362	5.48760
53.19364	5.48760
53.19366	5.48762
53.19366	5.48764
53.19367	5.48768
53.19374	5.48804
53.19376	5.48812
53.19380	5.48834
53.19385	5.48869
53.19388	5.48900
53.19392	5.48921
53.19396	5.48947
53.19401	5.48976
53.19406	5.49010
53.19407	5.49017
53.19407	5.49018
53.19435	5.49016
53.19470	5.49015
53.19511	5.49013
53.19551	5.49012
53.19593	5.49009
53.19632	5.49008
53.19682	5.49006
53.19726	5.49004
53.19753	5.49002
53.19774	5.49002
53.19789	5.49001
53.19789	5.49001
53.19799	5.48993
53.19800	5.48992
53.19804	5.48990
53.19813	5.48984
53.19827	5.48976
53.19832	5.48973
53.19834	5.48972
53.19852	5.48969
53.19873	5.48967
53.19877	5.48967
53.19879	5.48969
53.19884	5.48973
53.19890	5.48977
53.19894	5.48979
53.19901	5.48978
53.19937	5.48977
53.19976	5.48974
53.20023	5.48972
53.20032	5.48972
53.20038	5.48971
53.20042	5.48969
53.20048	5.48966
53.20058	5.48962
53.20058	5.48962
53.20063	5.48960
53.20073	5.48956
53.20074	5.48956
53.20063	5.48899
53.20049	5.48829
53.20032	5.48744
53.20015	5.48656
53.20000	5.48580
53.19993	5.48542
53.19991	5.48532
53.19990	5.48522
53.19988	5.48511
53.19987	5.48495
53.19987	5.48482
53.19984	5.48442
53.19982	5.48395
53.19979	5.48331
53.19977	5.48284
53.19975	5.48240
53.19974	5.48190
53.19972	5.48133
53.19971	5.48077
53.19969	5.48011
53.19967	5.47969
53.19967	5.47934
53.19967	5.47914
53.19966	5.47892
53.19965	5.47869
53.19964	5.47823
53.19962	5.47769
53.19959	5.47695
53.19957	5.47626
53.19955	5.47572
53.19954	5.47550
53.19951	5.47511
53.19953	5.47502
53.19952	5.47483
53.19950	5.47469
53.19950	5.47453
53.19949	5.47434
53.19947	5.47415
53.19947	5.47398
53.19946	5.47372
53.19945	5.47331
53.19943	5.47235
53.19942	5.47191
53.19941	5.47144
53.19941	5.47092
53.19940	5.47040
53.19939	5.46990
53.19938	5.46931
53.19938	5.46924
53.19937	5.46883
53.19937	5.46845
53.19936	5.46815
53.19935	5.46789
53.19934	5.46768
53.19934	5.46727
53.19934	5.46714
53.19935	5.46699
53.19935	5.46684
53.19937	5.46667
53.19939	5.46650
53.19941	5.46639
53.19943	5.46626
53.19948	5.46610
53.19958	5.46573
53.19971	5.46526
53.19981	5.46487
53.19989	5.46458
53.19995	5.46434
53.19998	5.46421
53.20001	5.46384
53.20000	5.46370
53.19999	5.46361
53.19996	5.46350
53.19993	5.46331
53.19990	5.46313
53.19987	5.46295
53.19986	5.46282
53.19986	5.46270
53.19989	5.46259
53.19994	5.46246
53.20000	5.46236
53.20007	5.46227
53.20014	5.46219
53.20021	5.46212
53.20028	5.46208
53.20039	5.46202
53.20051	5.46201
53.20066	5.46198
53.20080	5.46195
53.20088	5.46192
53.20094	5.46189
53.20101	5.46185
53.20108	5.46178
53.20111	5.46170
53.20114	5.46161
53.20115	5.46149
53.20114	5.46138
53.20111	5.46121
53.20104	5.46091
53.20101	5.46078
53.20097	5.46066
53.20091	5.46050
53.20086	5.46040
53.20085	5.46038
53.20081	5.46031
53.20076	5.46027
53.20071	5.46024
53.20062	5.46019
53.20051	5.46013
53.20043	5.46007
53.20038	5.46002
53.20033	5.45995
53.20030	5.45988
53.20028	5.45979
53.20026	5.45969
53.20024	5.45955
53.20022	5.45938
53.20021	5.45922
53.20020	5.45903
53.20018	5.45868
53.20018	5.45860
53.20017	5.45854
53.20014	5.45843
53.20012	5.45833
53.20010	5.45822
53.20002	5.45812
53.20007	5.45801
53.20012	5.45792
53.20015	5.45789
53.20018	5.45786
53.20022	5.45782
53.20025	5.45781
53.20038	5.45777
53.20052	5.45771
53.20059	5.45769
53.20069	5.45765
53.20079	5.45760
53.20084	5.45758
53.20112	5.45743
53.20171	5.45710
53.20211	5.45689
53.20242	5.45672
53.20264	5.45660
53.20269	5.45657
53.20279	5.45650
53.20284	5.45646
53.20290	5.45638
53.20295	5.45632
53.20299	5.45627
53.20303	5.45621
53.20308	5.45609
53.20310	5.45603
53.20313	5.45596
53.20332	5.45545
53.20345	5.45509
53.20363	5.45461
53.20375	5.45428
53.20382	5.45408
53.20391	5.45384
53.20392	5.45382
53.20394	5.45375
53.20403	5.45349
53.20407	5.45338
53.20410	5.45332
53.20415	5.45318
53.20427	5.45283
53.20445	5.45237
53.20464	5.45185
53.20474	5.45156
53.20490	5.45117
53.20501	5.45088
53.20517	5.45047
53.20536	5.44993
53.20551	5.44952
53.20571	5.44897
53.20588	5.44847
53.20603	5.44804
53.20617	5.44763
53.20632	5.44720
53.20648	5.44675
53.20651	5.44667
53.20664	5.44634
53.20669	5.44624
53.20677	5.44608
53.20684	5.44592
53.20686	5.44586
53.20689	5.44578
53.20693	5.44565
53.20699	5.44544
53.20706	5.44523
53.20709	5.44513
53.20714	5.44495
53.20716	5.44491
53.20716	5.44490
53.20718	5.44485
53.20725	5.44466
53.20734	5.44440
53.20742	5.44416
53.20760	5.44361
53.20788	5.44289
53.20816	5.44214
53.20828	5.44181
53.20836	5.44160
53.20853	5.44118
53.20877	5.44059
53.20906	5.43988
53.20920	5.43955
53.20943	5.43900
53.20947	5.43889
53.20947	5.43889
53.20948	5.43888
53.20963	5.43849
53.20987	5.43791
53.20966	5.43771
53.20963	5.43768
53.20979	5.43740
53.20994	5.43716
53.21000	5.43708
53.21005	5.43702
53.21013	5.43695
53.21019	5.43692
53.21026	5.43690
53.21035	5.43689
53.21043	5.43689
53.21053	5.43692
53.21058	5.43695
53.21064	5.43696
53.21068	5.43697
53.21078	5.43695
53.21081	5.43698
53.21084	5.43703
53.21084	5.43707
53.21561	5.43212
53.21562	5.38721
53.22123	5.34978
53.22683	5.31234
53.23353	5.26740
53.24022	5.22245
53.24578	5.18498
53.25133	5.14750
53.24233	5.14505
53.20637	5.13527
53.19738	5.13283
53.17044	5.14196
53.16880	5.14252
53.14099	5.15193
53.13452	5.15412
53.11656	5.16019
53.10758	5.16322
53.09962	5.13697
53.09854	5.13341
53.09401	5.11851
53.08949	5.10361
53.08711	5.09578
