# GsakName=Hoorn
# This County polygon is based on data © OpenStreetMap contributors
# The OpenStreetMap data is made available under the Open Database License, see http://www.openstreetmap.org/copyright
# This polygon file is made available under the same Open Database License: http://opendatacommons.org/licenses/odbl/1.0/.
# OSM RelationID=291667

52.63043	5.01354
52.63049	5.01393
52.63049	5.01396
52.63050	5.01401
52.63081	5.01610
52.63080	5.01651
52.63077	5.01656
52.63058	5.01672
52.63047	5.01679
52.63043	5.01683
52.63039	5.01685
52.63032	5.01687
52.63028	5.01686
52.63017	5.01744
52.62997	5.01856
52.62996	5.01860
52.62994	5.01866
52.62992	5.01887
52.62992	5.01896
52.63001	5.02049
52.61261	5.02703
52.61184	5.02779
52.59731	5.04221
52.59577	5.04374
52.57971	5.05967
52.57894	5.06043
52.58367	5.07459
52.60394	5.13531
52.61517	5.12522
52.63230	5.09486
52.63432	5.09942
52.63483	5.10104
52.63510	5.10144
52.63490	5.10181
52.63486	5.10191
52.63485	5.10198
52.63484	5.10204
52.63483	5.10210
52.63484	5.10217
52.63539	5.10435
52.63545	5.10444
52.63556	5.10488
52.63560	5.10505
52.63562	5.10520
52.63561	5.10537
52.63562	5.10544
52.63564	5.10562
52.63562	5.10586
52.63559	5.10596
52.63559	5.10605
52.63572	5.10617
52.63583	5.10628
52.63585	5.10628
52.63587	5.10625
52.63596	5.10613
52.63602	5.10604
52.63607	5.10596
52.63618	5.10587
52.63630	5.10582
52.63634	5.10579
52.63678	5.10550
52.63685	5.10546
52.63699	5.10538
52.63709	5.10535
52.63726	5.10527
52.63730	5.10525
52.63734	5.10523
52.63757	5.10505
52.63786	5.10492
52.63793	5.10488
52.63817	5.10474
52.63824	5.10469
52.63832	5.10464
52.63840	5.10458
52.63848	5.10454
52.63856	5.10450
52.63866	5.10447
52.63874	5.10444
52.63913	5.10436
52.63924	5.10434
52.63935	5.10430
52.63970	5.10422
52.63988	5.10415
52.64050	5.10393
52.64077	5.10385
52.64078	5.10385
52.64118	5.10373
52.64119	5.10372
52.64174	5.10360
52.64200	5.10354
52.64203	5.10356
52.64308	5.10311
52.64339	5.10300
52.64383	5.10286
52.64429	5.10273
52.64500	5.10256
52.64523	5.10249
52.64547	5.10242
52.64565	5.10238
52.64579	5.10234
52.64588	5.10231
52.64614	5.10222
52.64649	5.10209
52.64677	5.10202
52.64695	5.10198
52.64718	5.10193
52.64727	5.10223
52.64736	5.10286
52.64792	5.10589
52.64808	5.10687
52.64823	5.10766
52.64825	5.10765
52.64829	5.10780
52.64831	5.10785
52.64833	5.10798
52.64833	5.10807
52.64835	5.10820
52.64838	5.10837
52.64841	5.10850
52.64845	5.10879
52.64848	5.10895
52.64851	5.10914
52.64859	5.10956
52.64862	5.10968
52.64863	5.10978
52.64865	5.10991
52.64868	5.11007
52.64872	5.11026
52.64876	5.11053
52.64881	5.11078
52.64886	5.11109
52.64889	5.11121
52.64889	5.11126
52.64892	5.11143
52.64895	5.11156
52.64898	5.11178
52.64903	5.11202
52.64908	5.11221
52.64910	5.11230
52.64912	5.11243
52.64914	5.11257
52.64917	5.11270
52.64924	5.11311
52.64928	5.11334
52.64935	5.11371
52.64939	5.11389
52.64943	5.11413
52.64945	5.11426
52.64947	5.11424
52.64948	5.11426
52.64950	5.11441
52.64951	5.11448
52.64953	5.11455
52.64954	5.11462
52.64955	5.11467
52.64958	5.11479
52.64960	5.11493
52.64962	5.11504
52.64964	5.11513
52.64965	5.11519
52.64966	5.11524
52.64967	5.11532
52.64969	5.11541
52.64972	5.11557
52.64975	5.11573
52.64978	5.11590
52.64980	5.11604
52.64984	5.11621
52.64987	5.11640
52.64989	5.11655
52.64992	5.11670
52.64995	5.11687
52.64996	5.11693
52.64996	5.11696
52.64997	5.11699
52.64999	5.11708
52.65031	5.11675
52.65063	5.11643
52.65064	5.11642
52.65066	5.11641
52.65066	5.11641
52.65077	5.11674
52.65072	5.11679
52.65116	5.11941
52.65142	5.11934
52.65164	5.11923
52.65173	5.11916
52.65181	5.11906
52.65190	5.11886
52.65199	5.11860
52.65211	5.11838
52.65214	5.11833
52.65229	5.11810
52.65244	5.11788
52.65258	5.11770
52.65268	5.11754
52.65278	5.11740
52.65285	5.11730
52.65301	5.11712
52.65311	5.11702
52.65319	5.11694
52.65343	5.11674
52.65363	5.11658
52.65392	5.11637
52.65416	5.11620
52.65421	5.11617
52.65431	5.11612
52.65378	5.11476
52.65490	5.11363
52.65494	5.11359
52.65535	5.11317
52.65561	5.11290
52.65533	5.11215
52.65538	5.11210
52.65580	5.11167
52.65627	5.11120
52.65657	5.11089
52.65663	5.11081
52.65669	5.11070
52.65675	5.11062
52.65675	5.11062
52.65722	5.11134
52.65722	5.11134
52.65752	5.11086
52.65779	5.11042
52.65779	5.11041
52.65782	5.11037
52.65795	5.11015
52.65811	5.10988
52.65812	5.10987
52.65831	5.10955
52.65832	5.10953
52.65835	5.10949
52.65851	5.10928
52.65859	5.10917
52.65908	5.10848
52.65909	5.10847
52.65914	5.10839
52.65915	5.10839
52.65915	5.10839
52.65962	5.10773
52.65972	5.10759
52.65990	5.10797
52.65993	5.10803
52.65995	5.10807
52.65997	5.10809
52.65999	5.10808
52.66000	5.10807
52.66004	5.10802
52.66006	5.10802
52.66007	5.10803
52.66008	5.10804
52.66011	5.10809
52.66013	5.10812
52.66015	5.10813
52.66015	5.10813
52.66016	5.10812
52.66021	5.10805
52.66025	5.10800
52.66027	5.10800
52.66029	5.10802
52.66040	5.10823
52.66051	5.10812
52.66054	5.10819
52.66069	5.10803
52.66069	5.10804
52.66070	5.10806
52.66076	5.10821
52.66081	5.10837
52.66082	5.10839
52.66088	5.10833
52.66089	5.10832
52.66087	5.10825
52.66123	5.10793
52.66166	5.10754
52.66200	5.10723
52.66216	5.10763
52.66242	5.10735
52.66259	5.10716
52.66288	5.10685
52.66303	5.10669
52.66315	5.10655
52.66308	5.10641
52.66303	5.10630
52.66320	5.10614
52.66331	5.10606
52.66336	5.10600
52.66337	5.10599
52.66338	5.10597
52.66338	5.10585
52.66339	5.10581
52.66341	5.10578
52.66348	5.10571
52.66385	5.10533
52.66387	5.10531
52.66392	5.10526
52.66407	5.10510
52.66407	5.10509
52.66430	5.10486
52.66415	5.10459
52.66389	5.10413
52.66397	5.10403
52.66409	5.10391
52.66415	5.10386
52.66418	5.10382
52.66422	5.10378
52.66427	5.10373
52.66431	5.10369
52.66434	5.10365
52.66441	5.10358
52.66444	5.10355
52.66449	5.10349
52.66457	5.10341
52.66464	5.10333
52.66490	5.10310
52.66477	5.10278
52.66539	5.10211
52.66596	5.10149
52.66603	5.10142
52.66582	5.10089
52.66588	5.10082
52.66646	5.10019
52.66714	5.09945
52.66720	5.09938
52.66752	5.09904
52.66752	5.09905
52.66755	5.09903
52.66749	5.09888
52.66748	5.09886
52.66746	5.09880
52.66745	5.09878
52.66744	5.09875
52.66857	5.09751
52.66888	5.09718
52.66972	5.09627
52.66977	5.09625
52.66981	5.09621
52.66981	5.09621
52.66998	5.09661
52.66998	5.09661
52.67000	5.09666
52.67011	5.09693
52.67016	5.09688
52.67035	5.09667
52.67038	5.09663
52.67042	5.09658
52.67049	5.09677
52.67060	5.09711
52.67080	5.09767
52.67098	5.09818
52.67112	5.09858
52.67113	5.09862
52.67116	5.09870
52.67120	5.09882
52.67125	5.09878
52.67126	5.09882
52.67129	5.09879
52.67143	5.09868
52.67151	5.09862
52.67160	5.09854
52.67162	5.09853
52.67171	5.09846
52.67171	5.09847
52.67174	5.09857
52.67187	5.09848
52.67197	5.09841
52.67209	5.09832
52.67218	5.09826
52.67224	5.09821
52.67237	5.09812
52.67237	5.09811
52.67269	5.09788
52.67284	5.09778
52.67295	5.09771
52.67298	5.09769
52.67304	5.09760
52.67313	5.09745
52.67318	5.09739
52.67323	5.09734
52.67329	5.09729
52.67359	5.09706
52.67376	5.09693
52.67407	5.09669
52.67421	5.09658
52.67433	5.09648
52.67451	5.09635
52.67454	5.09634
52.67459	5.09631
52.67474	5.09621
52.67497	5.09605
52.67507	5.09594
52.67546	5.09552
52.67578	5.09517
52.67598	5.09496
52.67621	5.09473
52.67626	5.09467
52.67642	5.09451
52.67664	5.09427
52.67700	5.09389
52.67711	5.09376
52.67720	5.09367
52.67738	5.09348
52.67775	5.09310
52.67786	5.09300
52.67797	5.09289
52.67808	5.09276
52.67835	5.09244
52.67887	5.09182
52.67888	5.09180
52.67892	5.09175
52.67885	5.09153
52.67936	5.09082
52.67978	5.09030
52.68056	5.08939
52.68061	5.08933
52.68081	5.08912
52.68094	5.08896
52.68114	5.08873
52.68128	5.08858
52.68138	5.08847
52.68151	5.08834
52.68166	5.08823
52.68178	5.08812
52.68186	5.08804
52.68207	5.08782
52.68230	5.08759
52.68252	5.08737
52.68259	5.08731
52.68272	5.08722
52.68290	5.08715
52.68298	5.08711
52.68307	5.08707
52.68322	5.08702
52.68330	5.08699
52.68342	5.08696
52.68376	5.08688
52.68413	5.08679
52.68429	5.08676
52.68437	5.08673
52.68434	5.08656
52.68430	5.08624
52.68427	5.08598
52.68426	5.08586
52.68424	5.08581
52.68412	5.08547
52.68408	5.08537
52.68398	5.08509
52.68391	5.08487
52.68377	5.08448
52.68374	5.08440
52.68367	5.08443
52.68366	5.08444
52.68357	5.08449
52.68348	5.08453
52.68344	5.08428
52.68340	5.08410
52.68334	5.08374
52.68327	5.08337
52.68320	5.08300
52.68323	5.08299
52.68400	5.08261
52.68328	5.08062
52.68307	5.07987
52.68298	5.07942
52.68294	5.07944
52.68287	5.07947
52.68092	5.07383
52.68060	5.07395
52.68059	5.07396
52.68045	5.07280
52.68056	5.07276
52.67671	5.06229
52.67649	5.06256
52.67607	5.06304
52.67604	5.06307
52.67580	5.06335
52.67539	5.06244
52.67525	5.06214
52.67511	5.06232
52.67507	5.06236
52.67499	5.06243
52.67492	5.06247
52.67460	5.06265
52.67433	5.06279
52.67407	5.06294
52.67398	5.06299
52.67371	5.06314
52.67334	5.06334
52.67313	5.06346
52.67313	5.06342
52.67296	5.06195
52.67283	5.06062
52.67271	5.05914
52.67269	5.05907
52.67258	5.05892
52.67257	5.05888
52.67244	5.05715
52.67245	5.05707
52.67246	5.05700
52.67249	5.05692
52.67253	5.05678
52.67254	5.05669
52.67233	5.05344
52.67224	5.05220
52.67221	5.05149
52.67220	5.05145
52.67215	5.05045
52.67197	5.04810
52.67195	5.04768
52.67192	5.04717
52.67168	5.04479
52.67161	5.04415
52.67119	5.04004
52.67111	5.03993
52.67104	5.03979
52.67100	5.03964
52.67096	5.03949
52.67095	5.03943
52.67081	5.03831
52.67045	5.03554
52.67034	5.03559
52.66985	5.03579
52.66981	5.03551
52.66978	5.03548
52.66977	5.03548
52.66874	5.03581
52.66865	5.03582
52.66847	5.03582
52.66838	5.03580
52.66829	5.03576
52.66820	5.03572
52.66811	5.03566
52.66802	5.03560
52.66793	5.03552
52.66784	5.03544
52.66775	5.03535
52.66766	5.03525
52.66757	5.03517
52.66748	5.03510
52.66739	5.03503
52.66730	5.03498
52.66721	5.03495
52.66712	5.03492
52.66705	5.03489
52.66658	5.03490
52.66656	5.03477
52.66656	5.03476
52.66495	5.03539
52.66479	5.03548
52.66245	5.03643
52.66209	5.03657
52.65931	5.03767
52.65796	5.03821
52.65684	5.03865
52.65675	5.03868
52.65636	5.03884
52.65627	5.03888
52.65609	5.03896
52.65593	5.03902
52.65586	5.03904
52.65586	5.03899
52.65580	5.03870
52.65580	5.03868
52.65580	5.03866
52.65579	5.03865
52.65579	5.03863
52.65579	5.03861
52.65578	5.03859
52.65578	5.03859
52.65578	5.03858
52.65577	5.03857
52.65577	5.03857
52.65576	5.03856
52.65576	5.03856
52.65576	5.03855
52.65575	5.03855
52.65575	5.03855
52.65574	5.03854
52.65573	5.03854
52.65562	5.03855
52.65545	5.03856
52.65527	5.03857
52.65510	5.03858
52.65493	5.03859
52.65474	5.03858
52.65457	5.03858
52.65438	5.03856
52.65420	5.03854
52.65400	5.03852
52.65383	5.03850
52.65365	5.03847
52.65350	5.03845
52.65331	5.03841
52.65313	5.03838
52.65296	5.03834
52.65278	5.03830
52.65262	5.03826
52.65245	5.03822
52.65228	5.03818
52.65211	5.03814
52.65193	5.03808
52.65177	5.03804
52.65161	5.03799
52.65144	5.03794
52.65127	5.03789
52.65106	5.03782
52.65095	5.03778
52.65083	5.03776
52.65071	5.03773
52.65066	5.03771
52.65061	5.03770
52.65056	5.03769
52.65051	5.03768
52.65046	5.03767
52.65041	5.03767
52.65037	5.03767
52.65032	5.03767
52.65028	5.03768
52.65023	5.03768
52.65012	5.03768
52.65006	5.03769
52.65000	5.03770
52.64995	5.03772
52.64992	5.03772
52.64989	5.03773
52.64986	5.03773
52.64984	5.03774
52.64981	5.03775
52.64978	5.03776
52.64976	5.03777
52.64973	5.03779
52.64963	5.03784
52.64954	5.03788
52.64941	5.03795
52.64938	5.03796
52.64934	5.03798
52.64931	5.03799
52.64929	5.03800
52.64926	5.03801
52.64924	5.03802
52.64922	5.03803
52.64920	5.03803
52.64917	5.03803
52.64911	5.03804
52.64904	5.03804
52.64904	5.03804
52.64904	5.03804
52.64903	5.03805
52.64903	5.03805
52.64902	5.03805
52.64896	5.03814
52.64896	5.03814
52.64895	5.03814
52.64895	5.03814
52.64894	5.03814
52.64893	5.03814
52.64893	5.03814
52.64887	5.03809
52.64879	5.03803
52.64871	5.03798
52.64864	5.03794
52.64859	5.03792
52.64856	5.03790
52.64761	5.03709
52.64755	5.03704
52.64755	5.03705
52.64745	5.03695
52.64734	5.03683
52.64724	5.03671
52.64711	5.03655
52.64705	5.03644
52.64703	5.03641
52.64697	5.03632
52.64692	5.03620
52.64686	5.03606
52.64685	5.03603
52.64682	5.03594
52.64680	5.03588
52.64676	5.03577
52.64668	5.03552
52.64663	5.03535
52.64658	5.03522
52.64656	5.03519
52.64644	5.03502
52.64628	5.03479
52.64599	5.03438
52.64585	5.03418
52.64584	5.03417
52.64583	5.03416
52.64580	5.03413
52.64579	5.03412
52.64571	5.03404
52.64567	5.03399
52.64520	5.03339
52.64468	5.03275
52.64451	5.03255
52.64418	5.03216
52.64417	5.03209
52.64407	5.03112
52.64346	5.03007
52.64351	5.02992
52.64350	5.02991
52.64348	5.02987
52.64347	5.02985
52.64346	5.02982
52.64342	5.02975
52.64340	5.02973
52.64339	5.02971
52.64336	5.02966
52.64336	5.02965
52.64336	5.02966
52.64330	5.02974
52.64311	5.02942
52.64289	5.02900
52.64250	5.02819
52.64219	5.02756
52.64168	5.02622
52.64142	5.02553
52.64106	5.02451
52.64075	5.02363
52.64041	5.02253
52.64026	5.02251
52.64010	5.02248
52.64009	5.02248
52.64008	5.02248
52.64006	5.02247
52.64002	5.02234
52.63992	5.02202
52.63970	5.02135
52.63953	5.02089
52.63928	5.02028
52.63906	5.01980
52.63905	5.01976
52.63902	5.01971
52.63900	5.01966
52.63898	5.01962
52.63896	5.01957
52.63893	5.01952
52.63891	5.01947
52.63889	5.01943
52.63886	5.01938
52.63884	5.01933
52.63882	5.01929
52.63879	5.01924
52.63877	5.01919
52.63875	5.01915
52.63872	5.01910
52.63870	5.01906
52.63869	5.01904
52.63867	5.01901
52.63865	5.01897
52.63862	5.01892
52.63860	5.01888
52.63858	5.01883
52.63855	5.01879
52.63853	5.01874
52.63851	5.01871
52.63850	5.01870
52.63848	5.01865
52.63845	5.01861
52.63843	5.01856
52.63840	5.01852
52.63837	5.01848
52.63835	5.01843
52.63832	5.01839
52.63812	5.01805
52.63791	5.01774
52.63786	5.01767
52.63774	5.01750
52.63774	5.01749
52.63747	5.01713
52.63732	5.01694
52.63715	5.01674
52.63711	5.01670
52.63685	5.01641
52.63676	5.01631
52.63675	5.01629
52.63667	5.01621
52.63636	5.01591
52.63611	5.01569
52.63582	5.01545
52.63550	5.01521
52.63542	5.01516
52.63523	5.01502
52.63500	5.01487
52.63490	5.01482
52.63470	5.01470
52.63468	5.01469
52.63466	5.01468
52.63438	5.01454
52.63409	5.01441
52.63392	5.01434
52.63382	5.01430
52.63356	5.01421
52.63331	5.01414
52.63305	5.01408
52.63246	5.01396
52.63246	5.01395
52.63226	5.01391
52.63209	5.01387
52.63186	5.01383
52.63181	5.01382
52.63132	5.01372
52.63108	5.01368
52.63096	5.01365
52.63092	5.01364
52.63055	5.01356
52.63045	5.01354
52.63043	5.01354
