# GsakName=Koggenland
# This County polygon is based on data © OpenStreetMap contributors
# The OpenStreetMap data is made available under the Open Database License, see http://www.openstreetmap.org/copyright
# This polygon file is made available under the same Open Database License: http://opendatacommons.org/licenses/odbl/1.0/.
# OSM RelationID=161930

52.65365	4.86273
52.65582	4.86300
52.65647	4.86318
52.65756	4.86412
52.66009	4.86651
52.66018	4.86658
52.66029	4.86668
52.66040	4.86675
52.66048	4.86680
52.66318	4.86788
52.66339	4.86797
52.66345	4.86799
52.66350	4.86799
52.66371	4.86802
52.66421	4.86822
52.66437	4.86832
52.66453	4.86847
52.66483	4.86873
52.66568	4.86951
52.66576	4.86958
52.66586	4.86966
52.66598	4.86975
52.66622	4.86991
52.66639	4.87002
52.66657	4.87012
52.66677	4.87021
52.66715	4.87041
52.66760	4.87065
52.66782	4.87077
52.66783	4.87078
52.66784	4.87078
52.66811	4.87094
52.66834	4.87108
52.66858	4.87124
52.66887	4.87145
52.66914	4.87163
52.66938	4.87178
52.66975	4.87201
52.66982	4.87205
52.66993	4.87211
52.67004	4.87215
52.67039	4.87227
52.67056	4.87236
52.67089	4.87251
52.67128	4.87268
52.67142	4.87274
52.67158	4.87284
52.67183	4.87299
52.67193	4.87305
52.67218	4.87317
52.67269	4.87342
52.67303	4.87353
52.67332	4.87362
52.67344	4.87365
52.67362	4.87367
52.67380	4.87369
52.67418	4.87369
52.67423	4.87370
52.67429	4.87371
52.67441	4.87375
52.67472	4.87386
52.67486	4.87390
52.67498	4.87392
52.67509	4.87395
52.67517	4.87397
52.67524	4.87400
52.67534	4.87404
52.67559	4.87414
52.67574	4.87418
52.67601	4.87428
52.67612	4.87434
52.67624	4.87439
52.67633	4.87444
52.67641	4.87450
52.67650	4.87456
52.67662	4.87468
52.67685	4.87488
52.67719	4.87518
52.67749	4.87544
52.67756	4.87552
52.67765	4.87562
52.67773	4.87571
52.67779	4.87579
52.67785	4.87588
52.67795	4.87608
52.67805	4.87628
52.67815	4.87652
52.67835	4.87691
52.67857	4.87733
52.67863	4.87744
52.67867	4.87749
52.67869	4.87752
52.67873	4.87756
52.67881	4.87767
52.67882	4.87768
52.67890	4.87779
52.67916	4.87811
52.67922	4.87818
52.67995	4.87914
52.67999	4.87921
52.68007	4.87937
52.68008	4.87940
52.68019	4.87939
52.68023	4.87938
52.68030	4.87937
52.68040	4.87936
52.68082	4.87911
52.68185	4.87853
52.68251	4.87815
52.68256	4.87813
52.68261	4.87810
52.68289	4.87796
52.68337	4.87769
52.68427	4.87719
52.68449	4.87707
52.68451	4.87702
52.68451	4.87701
52.68464	4.87693
52.68511	4.87666
52.68565	4.87634
52.68567	4.87633
52.68571	4.87633
52.68573	4.87634
52.68576	4.87618
52.68578	4.87608
52.68579	4.87606
52.68580	4.87601
52.68582	4.87598
52.68586	4.87602
52.68590	4.87607
52.68598	4.87611
52.68625	4.87623
52.68629	4.87625
52.68634	4.87629
52.68637	4.87633
52.68665	4.87682
52.68677	4.87703
52.68682	4.87711
52.68686	4.87717
52.68721	4.87762
52.68726	4.87769
52.68730	4.87778
52.68783	4.87913
52.68798	4.87933
52.68802	4.87938
52.68804	4.87946
52.68811	4.87978
52.68815	4.87995
52.68816	4.88002
52.68816	4.88006
52.68815	4.88021
52.68812	4.88090
52.68808	4.88180
52.68808	4.88190
52.68810	4.88199
52.68812	4.88207
52.68814	4.88216
52.68833	4.88267
52.68845	4.88298
52.68848	4.88309
52.68861	4.88352
52.68885	4.88423
52.68906	4.88479
52.68917	4.88506
52.68967	4.88612
52.68972	4.88623
52.68980	4.88646
52.68987	4.88667
52.69041	4.88859
52.69046	4.88870
52.69050	4.88876
52.69055	4.88881
52.69066	4.88885
52.69111	4.88906
52.69231	4.88952
52.69398	4.89020
52.69412	4.89027
52.69419	4.89035
52.69425	4.89040
52.69431	4.89046
52.69494	4.89115
52.69506	4.89127
52.69513	4.89136
52.69518	4.89142
52.69520	4.89147
52.69522	4.89153
52.69524	4.89161
52.69526	4.89167
52.69550	4.89274
52.69551	4.89281
52.69555	4.89301
52.69557	4.89311
52.69560	4.89324
52.69623	4.89565
52.69662	4.89683
52.69696	4.89801
52.69727	4.89895
52.69739	4.89934
52.69748	4.89957
52.69756	4.89982
52.69759	4.89986
52.69761	4.89999
52.69988	4.91067
52.69991	4.91085
52.69991	4.91093
52.69970	4.91273
52.69963	4.91346
52.69947	4.91476
52.69944	4.91515
52.69937	4.91570
52.69934	4.91586
52.69932	4.91591
52.69930	4.91595
52.69915	4.91611
52.69815	4.91699
52.69702	4.91806
52.69697	4.91810
52.69687	4.91812
52.69683	4.91813
52.69445	4.91762
52.69421	4.91756
52.69365	4.91747
52.69331	4.91738
52.69296	4.91732
52.69291	4.91731
52.69289	4.91714
52.69150	4.91413
52.68811	4.90676
52.68790	4.90631
52.68770	4.90590
52.68766	4.90581
52.68763	4.90576
52.68758	4.90567
52.68752	4.90559
52.68747	4.90551
52.68742	4.90543
52.68738	4.90535
52.68736	4.90529
52.68733	4.90524
52.68733	4.90524
52.68733	4.90522
52.68731	4.90515
52.68728	4.90505
52.68727	4.90500
52.68727	4.90498
52.68715	4.90497
52.68711	4.90500
52.68708	4.90504
52.68702	4.90509
52.68696	4.90514
52.68678	4.90529
52.68661	4.90544
52.68653	4.90551
52.68642	4.90562
52.68641	4.90566
52.68639	4.90571
52.68637	4.90576
52.68635	4.90584
52.68633	4.90591
52.68630	4.90601
52.68628	4.90605
52.68627	4.90611
52.68625	4.90615
52.68623	4.90621
52.68621	4.90630
52.68619	4.90636
52.68617	4.90643
52.68615	4.90648
52.68613	4.90654
52.68611	4.90659
52.68610	4.90663
52.68609	4.90667
52.68607	4.90674
52.68605	4.90682
52.68603	4.90689
52.68600	4.90699
52.68597	4.90712
52.68595	4.90720
52.68593	4.90726
52.68590	4.90738
52.68588	4.90746
52.68584	4.90760
52.68581	4.90770
52.68578	4.90780
52.68574	4.90796
52.68573	4.90799
52.68572	4.90802
52.68572	4.90803
52.68572	4.90804
52.68571	4.90806
52.68571	4.90807
52.68570	4.90809
52.68570	4.90811
52.68569	4.90812
52.68569	4.90814
52.68568	4.90818
52.68566	4.90823
52.68565	4.90827
52.68564	4.90830
52.68563	4.90835
52.68558	4.90851
52.68551	4.90871
52.68545	4.90891
52.68537	4.90918
52.68532	4.90938
52.68526	4.90958
52.68522	4.90970
52.68521	4.90977
52.68519	4.90981
52.68518	4.90985
52.68508	4.91020
52.68505	4.91031
52.68503	4.91037
52.68500	4.91048
52.68498	4.91056
52.68496	4.91064
52.68494	4.91072
52.68492	4.91078
52.68491	4.91083
52.68490	4.91087
52.68488	4.91095
52.68486	4.91102
52.68484	4.91107
52.68483	4.91111
52.68481	4.91120
52.68479	4.91127
52.68478	4.91131
52.68476	4.91137
52.68475	4.91139
52.68474	4.91142
52.68473	4.91148
52.68471	4.91153
52.68469	4.91162
52.68467	4.91171
52.68462	4.91187
52.68458	4.91202
52.68453	4.91219
52.68448	4.91235
52.68444	4.91247
52.68438	4.91268
52.68436	4.91277
52.68433	4.91286
52.68427	4.91306
52.68422	4.91325
52.68420	4.91331
52.68416	4.91345
52.68410	4.91367
52.68408	4.91375
52.68404	4.91391
52.68398	4.91412
52.68393	4.91429
52.68387	4.91452
52.68385	4.91458
52.68380	4.91476
52.68366	4.91521
52.68364	4.91530
52.68360	4.91542
52.68352	4.91572
52.68347	4.91587
52.68342	4.91606
52.68329	4.91650
52.68319	4.91682
52.68312	4.91705
52.68311	4.91708
52.68301	4.91743
52.68297	4.91758
52.68291	4.91777
52.68289	4.91782
52.68289	4.91783
52.68284	4.91799
52.68266	4.91855
52.68263	4.91863
52.68260	4.91870
52.68257	4.91877
52.68256	4.91884
52.68255	4.91889
52.68257	4.91891
52.68257	4.91892
52.68256	4.91893
52.68256	4.91895
52.68256	4.91896
52.68256	4.91898
52.68256	4.91900
52.68254	4.91903
52.68253	4.91907
52.68252	4.91912
52.68251	4.91916
52.68249	4.91922
52.68247	4.91927
52.68246	4.91933
52.68244	4.91939
52.68242	4.91947
52.68239	4.91955
52.68237	4.91963
52.68235	4.91973
52.68232	4.91982
52.68228	4.91999
52.68227	4.92008
52.68226	4.92018
52.68224	4.92039
52.68221	4.92065
52.68220	4.92074
52.68218	4.92086
52.68217	4.92096
52.68216	4.92108
52.68213	4.92121
52.68211	4.92133
52.68208	4.92155
52.68205	4.92171
52.68200	4.92197
52.68196	4.92213
52.68193	4.92228
52.68192	4.92234
52.68190	4.92245
52.68186	4.92261
52.68184	4.92272
52.68182	4.92281
52.68179	4.92293
52.68175	4.92314
52.68173	4.92325
52.68169	4.92344
52.68164	4.92369
52.68163	4.92372
52.68158	4.92395
52.68156	4.92404
52.68155	4.92409
52.68153	4.92413
52.68151	4.92421
52.68148	4.92429
52.68143	4.92445
52.68129	4.92487
52.68128	4.92491
52.68125	4.92499
52.68119	4.92518
52.68109	4.92550
52.68104	4.92567
52.68097	4.92586
52.68091	4.92605
52.68086	4.92620
52.68082	4.92633
52.68078	4.92647
52.68072	4.92669
52.68070	4.92677
52.68069	4.92682
52.68067	4.92687
52.68066	4.92693
52.68063	4.92704
52.68060	4.92715
52.68055	4.92728
52.68048	4.92748
52.68046	4.92755
52.68043	4.92763
52.68042	4.92769
52.68039	4.92775
52.68037	4.92782
52.68036	4.92786
52.68033	4.92793
52.68031	4.92799
52.68029	4.92805
52.68027	4.92812
52.68026	4.92818
52.68024	4.92825
52.68022	4.92832
52.68019	4.92841
52.68018	4.92847
52.68017	4.92852
52.68015	4.92859
52.68012	4.92870
52.68009	4.92881
52.68005	4.92893
52.68002	4.92906
52.68002	4.92907
52.67996	4.92925
52.67991	4.92942
52.67987	4.92956
52.67982	4.92971
52.67978	4.92984
52.67974	4.92995
52.67972	4.93002
52.67970	4.93010
52.67967	4.93019
52.67965	4.93027
52.67963	4.93035
52.67961	4.93044
52.67959	4.93051
52.67958	4.93057
52.67956	4.93065
52.67955	4.93074
52.67953	4.93085
52.67951	4.93095
52.67949	4.93102
52.67948	4.93108
52.67947	4.93112
52.67946	4.93116
52.67945	4.93120
52.67944	4.93122
52.67944	4.93123
52.67940	4.93135
52.67939	4.93137
52.67938	4.93142
52.67934	4.93152
52.67932	4.93161
52.67921	4.93199
52.67911	4.93231
52.67908	4.93240
52.67900	4.93264
52.67900	4.93265
52.67892	4.93292
52.67887	4.93309
52.67883	4.93322
52.67881	4.93331
52.67878	4.93340
52.67865	4.93385
52.67860	4.93401
52.67847	4.93451
52.67842	4.93468
52.67830	4.93506
52.67820	4.93541
52.67813	4.93566
52.67806	4.93591
52.67800	4.93612
52.67745	4.93804
52.67744	4.93806
52.67718	4.93891
52.67699	4.93954
52.67678	4.94021
52.67669	4.94050
52.67662	4.94071
52.67662	4.94072
52.67661	4.94075
52.67645	4.94139
52.67639	4.94164
52.67636	4.94182
52.67632	4.94207
52.67628	4.94225
52.67621	4.94248
52.67598	4.94326
52.67581	4.94384
52.67565	4.94436
52.67560	4.94454
52.67543	4.94507
52.67533	4.94541
52.67527	4.94555
52.67518	4.94580
52.67517	4.94582
52.67511	4.94599
52.67511	4.94601
52.67511	4.94601
52.67521	4.94611
52.67544	4.94633
52.67509	4.94748
52.67478	4.94848
52.67458	4.94912
52.67448	4.94941
52.67439	4.94935
52.67434	4.94940
52.67399	4.94973
52.67369	4.95001
52.67348	4.95020
52.67331	4.95036
52.67329	4.95039
52.67300	4.95065
52.67287	4.95078
52.67286	4.95079
52.67286	4.95079
52.67265	4.95116
52.67230	4.95178
52.67214	4.95208
52.67177	4.95274
52.67177	4.95274
52.67181	4.95276
52.67194	4.95279
52.67205	4.95281
52.67210	4.95284
52.67213	4.95289
52.67219	4.95306
52.67225	4.95326
52.67231	4.95349
52.67233	4.95358
52.67233	4.95358
52.67233	4.95358
52.67238	4.95378
52.67245	4.95414
52.67249	4.95430
52.67256	4.95465
52.67261	4.95487
52.67261	4.95489
52.67262	4.95490
52.67262	4.95492
52.67262	4.95492
52.67264	4.95498
52.67265	4.95500
52.67267	4.95504
52.67270	4.95508
52.67272	4.95512
52.67274	4.95521
52.67277	4.95532
52.67279	4.95541
52.67282	4.95553
52.67285	4.95566
52.67289	4.95583
52.67294	4.95603
52.67297	4.95617
52.67300	4.95633
52.67303	4.95645
52.67310	4.95676
52.67312	4.95688
52.67313	4.95695
52.67314	4.95698
52.67314	4.95703
52.67314	4.95709
52.67315	4.95717
52.67317	4.95730
52.67318	4.95743
52.67322	4.95760
52.67323	4.95769
52.67324	4.95776
52.67326	4.95784
52.67327	4.95790
52.67329	4.95797
52.67331	4.95804
52.67336	4.95818
52.67338	4.95824
52.67339	4.95828
52.67340	4.95835
52.67341	4.95842
52.67342	4.95847
52.67342	4.95849
52.67341	4.95851
52.67340	4.95855
52.67338	4.95858
52.67337	4.95860
52.67336	4.95863
52.67335	4.95867
52.67336	4.95873
52.67337	4.95877
52.67341	4.95901
52.67343	4.95912
52.67345	4.95921
52.67347	4.95927
52.67348	4.95934
52.67350	4.95941
52.67352	4.95947
52.67354	4.95957
52.67355	4.95970
52.67357	4.95981
52.67359	4.95992
52.67360	4.96002
52.67362	4.96011
52.67364	4.96019
52.67366	4.96027
52.67368	4.96031
52.67368	4.96033
52.67369	4.96034
52.67374	4.96054
52.67374	4.96056
52.67374	4.96058
52.67374	4.96059
52.67373	4.96061
52.67372	4.96063
52.67368	4.96067
52.67361	4.96073
52.67357	4.96076
52.67355	4.96077
52.67352	4.96079
52.67352	4.96095
52.67353	4.96104
52.67356	4.96118
52.67359	4.96131
52.67365	4.96157
52.67366	4.96164
52.67371	4.96177
52.67375	4.96178
52.67378	4.96179
52.67380	4.96180
52.67381	4.96177
52.67385	4.96173
52.67387	4.96170
52.67395	4.96158
52.67398	4.96160
52.67398	4.96160
52.67401	4.96163
52.67404	4.96163
52.67406	4.96161
52.67413	4.96159
52.67419	4.96160
52.67427	4.96162
52.67444	4.96163
52.67453	4.96165
52.67465	4.96168
52.67473	4.96170
52.67481	4.96171
52.67496	4.96174
52.67500	4.96175
52.67505	4.96177
52.67506	4.96178
52.67506	4.96178
52.67513	4.96182
52.67529	4.96189
52.67552	4.96198
52.67565	4.96203
52.67579	4.96206
52.67592	4.96208
52.67599	4.96209
52.67603	4.96213
52.67605	4.96219
52.67606	4.96222
52.67604	4.96224
52.67601	4.96227
52.67599	4.96229
52.67596	4.96232
52.67594	4.96236
52.67591	4.96243
52.67581	4.96271
52.67577	4.96283
52.67577	4.96283
52.67573	4.96295
52.67569	4.96309
52.67565	4.96321
52.67562	4.96332
52.67560	4.96338
52.67560	4.96341
52.67560	4.96344
52.67560	4.96346
52.67560	4.96349
52.67561	4.96352
52.67562	4.96355
52.67563	4.96357
52.67564	4.96359
52.67566	4.96360
52.67569	4.96363
52.67572	4.96367
52.67576	4.96371
52.67580	4.96375
52.67584	4.96381
52.67589	4.96390
52.67598	4.96402
52.67600	4.96406
52.67604	4.96415
52.67606	4.96420
52.67608	4.96424
52.67610	4.96429
52.67612	4.96434
52.67613	4.96438
52.67614	4.96441
52.67615	4.96446
52.67617	4.96452
52.67618	4.96457
52.67619	4.96460
52.67621	4.96463
52.67624	4.96469
52.67627	4.96473
52.67628	4.96474
52.67631	4.96475
52.67637	4.96475
52.67645	4.96475
52.67666	4.96474
52.67696	4.96473
52.67705	4.96474
52.67706	4.96479
52.67706	4.96496
52.67706	4.96534
52.67706	4.96551
52.67706	4.96557
52.67707	4.96559
52.67707	4.96559
52.67708	4.96561
52.67710	4.96562
52.67714	4.96562
52.67717	4.96562
52.67722	4.96562
52.67723	4.96567
52.67723	4.96572
52.67722	4.96582
52.67722	4.96597
52.67721	4.96611
52.67720	4.96628
52.67720	4.96632
52.67726	4.96632
52.67744	4.96633
52.67776	4.96634
52.67791	4.96634
52.67802	4.96635
52.67808	4.96635
52.67815	4.96636
52.67821	4.96637
52.67828	4.96638
52.67836	4.96639
52.67843	4.96640
52.67849	4.96641
52.67855	4.96642
52.67855	4.96645
52.67854	4.96651
52.67854	4.96653
52.67854	4.96656
52.67854	4.96664
52.67855	4.96670
52.67855	4.96677
52.67856	4.96684
52.67857	4.96686
52.67857	4.96692
52.67858	4.96698
52.67859	4.96704
52.67861	4.96712
52.67862	4.96718
52.67863	4.96723
52.67863	4.96729
52.67864	4.96733
52.67864	4.96733
52.67865	4.96740
52.67867	4.96747
52.67868	4.96753
52.67868	4.96753
52.67869	4.96757
52.67869	4.96762
52.67869	4.96770
52.67871	4.96782
52.67874	4.96796
52.67876	4.96806
52.67878	4.96811
52.67880	4.96813
52.67884	4.96819
52.67888	4.96824
52.67889	4.96826
52.67890	4.96828
52.67891	4.96832
52.67892	4.96844
52.67894	4.96857
52.67896	4.96870
52.67897	4.96882
52.67898	4.96889
52.67898	4.96889
52.67899	4.96892
52.67901	4.96894
52.67900	4.96905
52.67900	4.96911
52.67898	4.96922
52.67893	4.96940
52.67890	4.96955
52.67890	4.96960
52.67893	4.96963
52.67899	4.96971
52.67916	4.96993
52.67934	4.97017
52.67949	4.97038
52.67960	4.97054
52.67963	4.97059
52.67963	4.97061
52.67963	4.97062
52.67963	4.97064
52.67962	4.97066
52.67958	4.97075
52.67952	4.97088
52.67947	4.97098
52.67943	4.97106
52.67940	4.97114
52.67939	4.97116
52.67939	4.97117
52.67936	4.97121
52.67932	4.97130
52.67925	4.97142
52.67919	4.97152
52.67916	4.97158
52.67914	4.97163
52.67872	4.97287
52.67831	4.97409
52.67794	4.97519
52.67780	4.97563
52.67772	4.97587
52.67771	4.97588
52.67771	4.97590
52.67750	4.97652
52.67750	4.97652
52.67749	4.97655
52.67746	4.97665
52.67745	4.97666
52.67742	4.97676
52.67745	4.97679
52.67748	4.97683
52.67760	4.97696
52.67772	4.97709
52.67777	4.97715
52.67782	4.97721
52.67801	4.97742
52.67814	4.97758
52.67826	4.97773
52.67842	4.97791
52.67855	4.97806
52.67865	4.97817
52.67879	4.97834
52.67893	4.97849
52.67901	4.97858
52.67903	4.97859
52.67905	4.97860
52.67907	4.97860
52.67908	4.97858
52.67908	4.97858
52.67910	4.97856
52.67912	4.97853
52.67915	4.97851
52.67918	4.97851
52.67923	4.97855
52.67928	4.97860
52.67934	4.97867
52.67942	4.97877
52.67947	4.97884
52.67956	4.97893
52.67959	4.97897
52.67962	4.97900
52.67965	4.97906
52.67967	4.97914
52.67968	4.97920
52.67966	4.97921
52.67966	4.97918
52.67964	4.97918
52.67955	4.97922
52.67944	4.97930
52.67923	4.97945
52.67910	4.97956
52.67891	4.97970
52.67868	4.97988
52.67850	4.98004
52.67826	4.98025
52.67808	4.98042
52.67799	4.98050
52.67794	4.98055
52.67789	4.98058
52.67788	4.98059
52.67788	4.98059
52.67779	4.98068
52.67765	4.98080
52.67753	4.98091
52.67744	4.98098
52.67737	4.98105
52.67734	4.98107
52.67731	4.98111
52.67726	4.98115
52.67709	4.98128
52.67706	4.98131
52.67706	4.98131
52.67700	4.98137
52.67669	4.98164
52.67648	4.98182
52.67630	4.98197
52.67611	4.98213
52.67595	4.98227
52.67576	4.98243
52.67562	4.98255
52.67543	4.98271
52.67539	4.98275
52.67510	4.98301
52.67510	4.98309
52.67510	4.98309
52.67510	4.98312
52.67510	4.98314
52.67510	4.98314
52.67507	4.98615
52.67506	4.98714
52.67506	4.98796
52.67506	4.98796
52.67506	4.98798
52.67506	4.98801
52.67505	4.98823
52.67505	4.98844
52.67503	4.99092
52.67502	4.99197
52.67495	5.00022
52.67495	5.00022
52.67493	5.00224
52.67493	5.00224
52.67493	5.00235
52.67444	5.00200
52.67391	5.00160
52.67391	5.00163
52.67388	5.00161
52.67386	5.00160
52.67386	5.00159
52.67384	5.00158
52.67384	5.00158
52.67372	5.00149
52.67372	5.00150
52.67372	5.00150
52.67372	5.00154
52.67372	5.00158
52.67373	5.00162
52.67372	5.00166
52.67372	5.00172
52.67371	5.00180
52.67369	5.00197
52.67367	5.00215
52.67363	5.00242
52.67358	5.00268
52.67356	5.00280
52.67354	5.00294
52.67352	5.00299
52.67351	5.00303
52.67349	5.00306
52.67348	5.00309
52.67346	5.00313
52.67344	5.00315
52.67342	5.00317
52.67340	5.00319
52.67338	5.00321
52.67336	5.00321
52.67335	5.00322
52.67332	5.00322
52.67329	5.00322
52.67326	5.00323
52.67322	5.00324
52.67318	5.00325
52.67315	5.00326
52.67312	5.00327
52.67309	5.00328
52.67306	5.00330
52.67303	5.00332
52.67298	5.00337
52.67293	5.00341
52.67288	5.00345
52.67284	5.00350
52.67280	5.00354
52.67276	5.00360
52.67272	5.00367
52.67269	5.00375
52.67266	5.00380
52.67263	5.00385
52.67259	5.00388
52.67250	5.00390
52.67237	5.00393
52.67224	5.00396
52.67210	5.00400
52.67194	5.00404
52.67185	5.00406
52.67182	5.00405
52.67178	5.00405
52.67174	5.00403
52.67170	5.00400
52.67168	5.00398
52.67162	5.00392
52.67157	5.00385
52.67152	5.00374
52.67148	5.00366
52.67145	5.00362
52.67139	5.00359
52.67133	5.00357
52.67133	5.00357
52.67117	5.00355
52.67107	5.00354
52.67094	5.00352
52.67086	5.00351
52.67079	5.00350
52.67063	5.00345
52.67060	5.00345
52.67052	5.00342
52.67049	5.00341
52.67036	5.00420
52.67034	5.00431
52.67033	5.00439
52.67034	5.00447
52.67037	5.00464
52.67038	5.00480
52.67038	5.00494
52.67038	5.00507
52.67038	5.00519
52.67033	5.00569
52.67031	5.00590
52.67027	5.00610
52.67018	5.00645
52.67001	5.00707
52.66996	5.00724
52.66995	5.00728
52.66978	5.00765
52.66971	5.00793
52.66962	5.00817
52.66941	5.00876
52.66923	5.00925
52.66912	5.00971
52.66903	5.01013
52.66895	5.01051
52.66880	5.01104
52.66865	5.01159
52.66854	5.01203
52.66838	5.01243
52.66828	5.01265
52.66812	5.01293
52.66796	5.01317
52.66780	5.01345
52.66759	5.01403
52.66745	5.01445
52.66727	5.01489
52.66720	5.01503
52.66709	5.01532
52.66699	5.01562
52.66695	5.01574
52.66688	5.01588
52.66679	5.01607
52.66679	5.01607
52.66674	5.01620
52.66674	5.01620
52.66666	5.01641
52.66650	5.01683
52.66641	5.01709
52.66623	5.01743
52.66611	5.01753
52.66600	5.01765
52.66599	5.01765
52.66594	5.01771
52.66591	5.01772
52.66586	5.01774
52.66575	5.01801
52.66498	5.01978
52.66471	5.02016
52.66470	5.02034
52.66470	5.02043
52.66469	5.02049
52.66467	5.02079
52.66444	5.02122
52.66442	5.02127
52.66441	5.02131
52.66440	5.02137
52.66440	5.02143
52.66442	5.02201
52.66459	5.02392
52.66546	5.02865
52.66548	5.02888
52.66552	5.02919
52.66553	5.02934
52.66553	5.02952
52.66554	5.02963
52.66556	5.02981
52.66563	5.03021
52.66583	5.03120
52.66609	5.03243
52.66635	5.03364
52.66641	5.03396
52.66643	5.03408
52.66655	5.03473
52.66656	5.03476
52.66495	5.03539
52.66479	5.03548
52.66245	5.03643
52.66209	5.03657
52.65931	5.03767
52.65796	5.03821
52.65684	5.03865
52.65675	5.03868
52.65636	5.03884
52.65627	5.03888
52.65609	5.03896
52.65593	5.03902
52.65586	5.03904
52.65586	5.03899
52.65580	5.03870
52.65580	5.03868
52.65580	5.03866
52.65579	5.03865
52.65579	5.03863
52.65579	5.03861
52.65578	5.03859
52.65578	5.03859
52.65578	5.03858
52.65577	5.03857
52.65577	5.03857
52.65576	5.03856
52.65576	5.03856
52.65576	5.03855
52.65575	5.03855
52.65575	5.03855
52.65574	5.03854
52.65573	5.03854
52.65562	5.03855
52.65545	5.03856
52.65527	5.03857
52.65510	5.03858
52.65493	5.03859
52.65474	5.03858
52.65457	5.03858
52.65438	5.03856
52.65420	5.03854
52.65400	5.03852
52.65383	5.03850
52.65365	5.03847
52.65350	5.03845
52.65331	5.03841
52.65313	5.03838
52.65296	5.03834
52.65278	5.03830
52.65262	5.03826
52.65245	5.03822
52.65228	5.03818
52.65211	5.03814
52.65193	5.03808
52.65177	5.03804
52.65161	5.03799
52.65144	5.03794
52.65127	5.03789
52.65106	5.03782
52.65095	5.03778
52.65083	5.03776
52.65071	5.03773
52.65066	5.03771
52.65061	5.03770
52.65056	5.03769
52.65051	5.03768
52.65046	5.03767
52.65041	5.03767
52.65037	5.03767
52.65032	5.03767
52.65028	5.03768
52.65023	5.03768
52.65012	5.03768
52.65006	5.03769
52.65000	5.03770
52.64995	5.03772
52.64992	5.03772
52.64989	5.03773
52.64986	5.03773
52.64984	5.03774
52.64981	5.03775
52.64978	5.03776
52.64976	5.03777
52.64973	5.03779
52.64963	5.03784
52.64954	5.03788
52.64941	5.03795
52.64938	5.03796
52.64934	5.03798
52.64931	5.03799
52.64929	5.03800
52.64926	5.03801
52.64924	5.03802
52.64922	5.03803
52.64920	5.03803
52.64917	5.03803
52.64911	5.03804
52.64904	5.03804
52.64904	5.03804
52.64904	5.03804
52.64903	5.03805
52.64903	5.03805
52.64902	5.03805
52.64896	5.03814
52.64896	5.03814
52.64895	5.03814
52.64895	5.03814
52.64894	5.03814
52.64893	5.03814
52.64893	5.03814
52.64887	5.03809
52.64879	5.03803
52.64871	5.03798
52.64864	5.03794
52.64859	5.03792
52.64856	5.03790
52.64761	5.03709
52.64755	5.03704
52.64755	5.03705
52.64745	5.03695
52.64734	5.03683
52.64724	5.03671
52.64711	5.03655
52.64705	5.03644
52.64703	5.03641
52.64697	5.03632
52.64692	5.03620
52.64686	5.03606
52.64685	5.03603
52.64682	5.03594
52.64680	5.03588
52.64676	5.03577
52.64668	5.03552
52.64663	5.03535
52.64658	5.03522
52.64656	5.03519
52.64644	5.03502
52.64628	5.03479
52.64599	5.03438
52.64585	5.03418
52.64584	5.03417
52.64583	5.03416
52.64580	5.03413
52.64579	5.03412
52.64571	5.03404
52.64567	5.03399
52.64520	5.03339
52.64468	5.03275
52.64451	5.03255
52.64418	5.03216
52.64417	5.03209
52.64407	5.03112
52.64346	5.03007
52.64351	5.02992
52.64350	5.02991
52.64348	5.02987
52.64347	5.02985
52.64346	5.02982
52.64342	5.02975
52.64340	5.02973
52.64339	5.02971
52.64336	5.02966
52.64336	5.02965
52.64336	5.02966
52.64330	5.02974
52.64311	5.02942
52.64289	5.02900
52.64250	5.02819
52.64219	5.02756
52.64168	5.02622
52.64142	5.02553
52.64106	5.02451
52.64075	5.02363
52.64041	5.02253
52.64026	5.02251
52.64010	5.02248
52.64009	5.02248
52.64008	5.02248
52.64006	5.02247
52.64002	5.02234
52.63992	5.02202
52.63970	5.02135
52.63953	5.02089
52.63928	5.02028
52.63906	5.01980
52.63905	5.01976
52.63902	5.01971
52.63900	5.01966
52.63898	5.01962
52.63896	5.01957
52.63893	5.01952
52.63891	5.01947
52.63889	5.01943
52.63886	5.01938
52.63884	5.01933
52.63882	5.01929
52.63879	5.01924
52.63877	5.01919
52.63875	5.01915
52.63872	5.01910
52.63870	5.01906
52.63869	5.01904
52.63867	5.01901
52.63865	5.01897
52.63862	5.01892
52.63860	5.01888
52.63858	5.01883
52.63855	5.01879
52.63853	5.01874
52.63851	5.01871
52.63850	5.01870
52.63848	5.01865
52.63845	5.01861
52.63843	5.01856
52.63840	5.01852
52.63837	5.01848
52.63835	5.01843
52.63832	5.01839
52.63812	5.01805
52.63791	5.01774
52.63786	5.01767
52.63774	5.01750
52.63774	5.01749
52.63747	5.01713
52.63732	5.01694
52.63715	5.01674
52.63711	5.01670
52.63685	5.01641
52.63676	5.01631
52.63675	5.01629
52.63667	5.01621
52.63636	5.01591
52.63611	5.01569
52.63582	5.01545
52.63550	5.01521
52.63542	5.01516
52.63523	5.01502
52.63500	5.01487
52.63490	5.01482
52.63470	5.01470
52.63468	5.01469
52.63466	5.01468
52.63438	5.01454
52.63409	5.01441
52.63392	5.01434
52.63382	5.01430
52.63356	5.01421
52.63331	5.01414
52.63305	5.01408
52.63246	5.01396
52.63246	5.01395
52.63226	5.01391
52.63209	5.01387
52.63186	5.01383
52.63181	5.01382
52.63132	5.01372
52.63108	5.01368
52.63096	5.01365
52.63092	5.01364
52.63055	5.01356
52.63045	5.01354
52.63043	5.01354
52.63049	5.01393
52.63049	5.01396
52.63050	5.01401
52.63081	5.01610
52.63080	5.01651
52.63077	5.01656
52.63058	5.01672
52.63047	5.01679
52.63043	5.01683
52.63039	5.01685
52.63032	5.01687
52.63028	5.01686
52.63017	5.01744
52.62997	5.01856
52.62996	5.01860
52.62994	5.01866
52.62992	5.01887
52.62992	5.01896
52.63001	5.02049
52.61261	5.02703
52.61248	5.02112
52.61246	5.01987
52.61245	5.01964
52.61245	5.01928
52.61244	5.01910
52.61244	5.01908
52.61244	5.01898
52.61244	5.01885
52.61235	5.01882
52.61212	5.01882
52.61205	5.01880
52.61200	5.01871
52.61199	5.01863
52.61196	5.01837
52.61194	5.01816
52.61193	5.01811
52.61192	5.01804
52.61190	5.01793
52.61188	5.01782
52.61185	5.01770
52.61183	5.01747
52.61184	5.01722
52.61187	5.01678
52.61184	5.01648
52.61180	5.01631
52.61171	5.01612
52.61166	5.01595
52.61164	5.01583
52.61159	5.01556
52.61157	5.01543
52.61150	5.01496
52.61148	5.01472
52.61147	5.01462
52.61144	5.01439
52.61141	5.01404
52.61140	5.01395
52.61135	5.01366
52.61132	5.01342
52.61131	5.01330
52.61129	5.01300
52.61125	5.01258
52.61107	5.01232
52.61108	5.01215
52.61108	5.01201
52.61106	5.01189
52.61105	5.01176
52.61101	5.01151
52.61097	5.01124
52.61092	5.01088
52.61086	5.01044
52.61086	5.01033
52.61093	5.01026
52.61096	5.01018
52.61095	5.01014
52.61095	5.01014
52.61094	5.01009
52.61086	5.00945
52.61086	5.00943
52.61079	5.00894
52.61078	5.00877
52.61075	5.00849
52.61072	5.00826
52.61070	5.00808
52.61065	5.00771
52.61059	5.00733
52.61052	5.00669
52.61051	5.00657
52.61043	5.00662
52.61012	5.00678
52.60964	5.00704
52.60917	5.00730
52.60860	5.00760
52.60815	5.00784
52.60793	5.00795
52.60780	5.00795
52.60733	5.00778
52.60712	5.00772
52.60682	5.00763
52.60639	5.00753
52.60608	5.00749
52.60597	5.00746
52.60565	5.00737
52.60510	5.00718
52.60497	5.00713
52.60469	5.00703
52.60465	5.00702
52.60403	5.00684
52.60326	5.00663
52.60308	5.00659
52.60253	5.00641
52.60209	5.00626
52.60205	5.00625
52.60197	5.00622
52.60190	5.00619
52.60184	5.00614
52.60186	5.00610
52.60180	5.00604
52.60172	5.00604
52.60157	5.00606
52.60157	5.00613
52.60149	5.00610
52.60122	5.00602
52.60115	5.00600
52.60103	5.00596
52.60033	5.00576
52.59979	5.00561
52.59938	5.00546
52.59931	5.00544
52.59921	5.00541
52.59846	5.00516
52.59801	5.00502
52.59767	5.00491
52.59757	5.00488
52.59757	5.00484
52.59758	5.00474
52.59758	5.00434
52.59757	5.00399
52.59757	5.00358
52.59756	5.00333
52.59756	5.00315
52.59756	5.00297
52.59756	5.00294
52.59756	5.00281
52.59756	5.00277
52.59757	5.00249
52.59757	5.00243
52.59759	5.00243
52.59759	5.00239
52.59769	5.00231
52.59769	5.00231
52.59770	5.00231
52.59770	5.00221
52.59770	5.00217
52.59770	5.00211
52.59770	5.00205
52.59770	5.00200
52.59770	5.00191
52.59768	5.00185
52.59764	5.00180
52.59760	5.00175
52.59758	5.00173
52.59756	5.00168
52.59756	5.00149
52.59756	5.00122
52.59754	5.00082
52.59753	5.00055
52.59753	5.00051
52.59753	5.00040
52.59753	5.00038
52.59752	5.00012
52.59752	4.99994
52.59752	4.99953
52.59751	4.99940
52.59750	4.99936
52.59750	4.99894
52.59751	4.99853
52.59751	4.99818
52.59749	4.99787
52.59748	4.99758
52.59747	4.99715
52.59745	4.99692
52.59745	4.99673
52.59745	4.99649
52.59745	4.99638
52.59745	4.99622
52.59743	4.99604
52.59743	4.99587
52.59742	4.99561
52.59739	4.99531
52.59737	4.99509
52.59736	4.99487
52.59735	4.99457
52.59733	4.99433
52.59732	4.99413
52.59731	4.99386
52.59730	4.99356
52.59727	4.99332
52.59726	4.99307
52.59725	4.99281
52.59724	4.99249
52.59722	4.99208
52.59721	4.99174
52.59719	4.99133
52.59718	4.99082
52.59716	4.99037
52.59716	4.98991
52.59715	4.98954
52.59712	4.98926
52.59710	4.98896
52.59707	4.98860
52.59705	4.98826
52.59703	4.98791
52.59701	4.98746
52.59699	4.98697
52.59698	4.98679
52.59697	4.98655
52.59696	4.98642
52.59695	4.98629
52.59695	4.98615
52.59694	4.98594
52.59694	4.98547
52.59692	4.98517
52.59689	4.98465
52.59689	4.98429
52.59685	4.98385
52.59683	4.98351
52.59682	4.98314
52.59682	4.98278
52.59680	4.98253
52.59678	4.98220
52.59677	4.98199
52.59676	4.98180
52.59677	4.98161
52.59676	4.98135
52.59675	4.98110
52.59675	4.98087
52.59674	4.98074
52.59672	4.98064
52.59669	4.98053
52.59668	4.98033
52.59667	4.98015
52.59668	4.97986
52.59668	4.97972
52.59668	4.97958
52.59669	4.97943
52.59668	4.97909
52.59668	4.97889
52.59667	4.97873
52.59666	4.97858
52.59665	4.97827
52.59664	4.97800
52.59661	4.97781
52.59658	4.97766
52.59656	4.97744
52.59658	4.97716
52.59657	4.97698
52.59656	4.97675
52.59653	4.97639
52.59653	4.97616
52.59652	4.97595
52.59652	4.97581
52.59651	4.97568
52.59650	4.97560
52.59648	4.97538
52.59645	4.97519
52.59644	4.97497
52.59644	4.97456
52.59642	4.97413
52.59639	4.97373
52.59637	4.97318
52.59635	4.97267
52.59636	4.97220
52.59633	4.97153
52.59631	4.97127
52.59628	4.97099
52.59627	4.97076
52.59626	4.97043
52.59624	4.97020
52.59623	4.96991
52.59622	4.96967
52.59620	4.96946
52.59616	4.96920
52.59616	4.96896
52.59617	4.96852
52.59613	4.96821
52.59610	4.96801
52.59609	4.96772
52.59608	4.96747
52.59606	4.96717
52.59604	4.96689
52.59604	4.96661
52.59605	4.96641
52.59605	4.96621
52.59605	4.96591
52.59605	4.96549
52.59604	4.96522
52.59603	4.96499
52.59601	4.96462
52.59598	4.96411
52.59596	4.96379
52.59595	4.96346
52.59594	4.96306
52.59590	4.96263
52.59588	4.96242
52.59587	4.96218
52.59586	4.96191
52.59583	4.96157
52.59580	4.96138
52.59579	4.96109
52.59580	4.96092
52.59580	4.96075
52.59579	4.96045
52.59577	4.96003
52.59576	4.95983
52.59575	4.95949
52.59575	4.95937
52.59574	4.95915
52.59573	4.95896
52.59570	4.95872
52.59569	4.95850
52.59567	4.95812
52.59567	4.95794
52.59565	4.95777
52.59564	4.95761
52.59563	4.95745
52.59561	4.95707
52.59559	4.95677
52.59558	4.95662
52.59559	4.95657
52.59559	4.95653
52.59559	4.95641
52.59559	4.95630
52.59558	4.95615
52.59557	4.95605
52.59557	4.95599
52.59557	4.95593
52.59556	4.95572
52.59555	4.95551
52.59554	4.95534
52.59554	4.95514
52.59553	4.95503
52.59553	4.95490
52.59552	4.95477
52.59551	4.95463
52.59550	4.95444
52.59550	4.95418
52.59550	4.95394
52.59549	4.95377
52.59547	4.95357
52.59546	4.95339
52.59545	4.95319
52.59544	4.95300
52.59543	4.95278
52.59542	4.95265
52.59541	4.95257
52.59540	4.95235
52.59539	4.95215
52.59539	4.95195
52.59538	4.95179
52.59537	4.95159
52.59536	4.95136
52.59535	4.95117
52.59535	4.95106
52.59534	4.95089
52.59533	4.95065
52.59532	4.95054
52.59531	4.95029
52.59529	4.95002
52.59529	4.94985
52.59532	4.94987
52.59536	4.94990
52.59539	4.94992
52.59543	4.94991
52.59546	4.94991
52.59550	4.94991
52.59555	4.94991
52.59565	4.94988
52.59586	4.94985
52.59612	4.94981
52.59624	4.94978
52.59659	4.94972
52.59665	4.94971
52.59669	4.94970
52.59672	4.94969
52.59676	4.94967
52.59680	4.94965
52.59683	4.94964
52.59694	4.94959
52.59711	4.94949
52.59728	4.94940
52.59749	4.94930
52.59773	4.94918
52.59804	4.94904
52.59831	4.94893
52.59836	4.94891
52.59840	4.94889
52.59849	4.94886
52.59854	4.94885
52.59860	4.94883
52.59865	4.94883
52.59872	4.94883
52.59879	4.94884
52.59886	4.94886
52.59893	4.94888
52.59900	4.94891
52.59905	4.94893
52.59910	4.94894
52.59915	4.94897
52.59919	4.94900
52.59929	4.94906
52.59933	4.94909
52.59939	4.94913
52.59942	4.94916
52.59945	4.94918
52.59949	4.94922
52.59953	4.94926
52.59958	4.94932
52.59960	4.94936
52.59964	4.94941
52.59967	4.94947
52.59993	4.94994
52.60010	4.95023
52.60036	4.95068
52.60040	4.95074
52.60043	4.95079
52.60045	4.95083
52.60047	4.95087
52.60050	4.95094
52.60069	4.95136
52.60092	4.95190
52.60108	4.95229
52.60111	4.95237
52.60114	4.95243
52.60116	4.95249
52.60117	4.95252
52.60118	4.95256
52.60127	4.95289
52.60134	4.95316
52.60149	4.95371
52.60165	4.95435
52.60168	4.95446
52.60170	4.95453
52.60171	4.95458
52.60172	4.95463
52.60173	4.95468
52.60175	4.95479
52.60178	4.95496
52.60182	4.95519
52.60187	4.95546
52.60189	4.95558
52.60192	4.95574
52.60195	4.95587
52.60197	4.95599
52.60202	4.95618
52.60207	4.95637
52.60213	4.95659
52.60217	4.95676
52.60220	4.95687
52.60222	4.95694
52.60225	4.95697
52.60228	4.95700
52.60233	4.95707
52.60238	4.95713
52.60241	4.95718
52.60246	4.95725
52.60249	4.95731
52.60253	4.95738
52.60258	4.95746
52.60263	4.95754
52.60268	4.95764
52.60276	4.95779
52.60289	4.95803
52.60299	4.95824
52.60310	4.95843
52.60315	4.95853
52.60321	4.95861
52.60326	4.95868
52.60332	4.95871
52.60335	4.95874
52.60339	4.95876
52.60342	4.95878
52.60346	4.95879
52.60350	4.95879
52.60354	4.95880
52.60358	4.95881
52.60363	4.95883
52.60367	4.95886
52.60373	4.95889
52.60380	4.95892
52.60389	4.95896
52.60400	4.95902
52.60412	4.95907
52.60423	4.95912
52.60424	4.95913
52.60435	4.95917
52.60454	4.95927
52.60459	4.95929
52.60461	4.95930
52.60465	4.95931
52.60468	4.95932
52.60471	4.95932
52.60474	4.95931
52.60477	4.95930
52.60484	4.95928
52.60492	4.95926
52.60505	4.95922
52.60528	4.95915
52.60550	4.95907
52.60574	4.95897
52.60602	4.95887
52.60622	4.95879
52.60643	4.95871
52.60672	4.95859
52.60731	4.95832
52.60801	4.95800
52.60866	4.95770
52.60882	4.95762
52.60889	4.95760
52.60895	4.95756
52.60905	4.95751
52.60955	4.95724
52.61008	4.95695
52.61046	4.95675
52.61067	4.95663
52.61151	4.95594
52.61188	4.95564
52.61196	4.95557
52.61205	4.95551
52.61212	4.95544
52.61222	4.95535
52.61229	4.95529
52.61235	4.95523
52.61240	4.95518
52.61244	4.95512
52.61248	4.95505
52.61253	4.95498
52.61259	4.95487
52.61267	4.95474
52.61273	4.95465
52.61278	4.95454
52.61281	4.95449
52.61285	4.95441
52.61290	4.95432
52.61296	4.95421
52.61300	4.95413
52.61305	4.95403
52.61311	4.95392
52.61314	4.95386
52.61316	4.95383
52.61321	4.95372
52.61323	4.95368
52.61329	4.95357
52.61332	4.95349
52.61335	4.95343
52.61339	4.95334
52.61346	4.95319
52.61351	4.95306
52.61358	4.95288
52.61366	4.95270
52.61371	4.95256
52.61379	4.95238
52.61383	4.95227
52.61387	4.95216
52.61395	4.95191
52.61399	4.95178
52.61402	4.95162
52.61404	4.95151
52.61405	4.95141
52.61407	4.95132
52.61408	4.95122
52.61409	4.95113
52.61410	4.95102
52.61411	4.95093
52.61411	4.95082
52.61411	4.95072
52.61410	4.95065
52.61410	4.95053
52.61409	4.95042
52.61407	4.95032
52.61404	4.95022
52.61398	4.95001
52.61393	4.94983
52.61388	4.94965
52.61381	4.94940
52.61378	4.94929
52.61370	4.94900
52.61368	4.94894
52.61365	4.94885
52.61362	4.94874
52.61359	4.94862
52.61355	4.94850
52.61353	4.94845
52.61351	4.94839
52.61346	4.94829
52.61342	4.94821
52.61336	4.94811
52.61331	4.94804
52.61329	4.94801
52.61327	4.94798
52.61325	4.94794
52.61320	4.94785
52.61315	4.94777
52.61310	4.94769
52.61302	4.94756
52.61294	4.94743
52.61284	4.94726
52.61279	4.94719
52.61272	4.94706
52.61270	4.94701
52.61259	4.94685
52.61249	4.94669
52.61244	4.94660
52.61236	4.94646
52.61223	4.94626
52.61214	4.94609
52.61206	4.94597
52.61198	4.94585
52.61192	4.94575
52.61184	4.94562
52.61176	4.94547
52.61170	4.94538
52.61162	4.94525
52.61157	4.94517
52.61138	4.94485
52.61129	4.94470
52.61124	4.94461
52.61120	4.94455
52.61115	4.94446
52.61111	4.94438
52.61106	4.94431
52.61106	4.94429
52.61103	4.94423
52.61099	4.94416
52.61094	4.94407
52.61090	4.94399
52.61086	4.94391
52.61081	4.94380
52.61076	4.94369
52.61070	4.94358
52.61066	4.94347
52.61060	4.94334
52.61055	4.94324
52.61051	4.94317
52.61047	4.94307
52.61043	4.94299
52.61038	4.94289
52.61034	4.94281
52.61029	4.94270
52.61025	4.94261
52.61022	4.94255
52.61019	4.94247
52.61013	4.94234
52.61010	4.94228
52.61008	4.94223
52.61005	4.94217
52.61002	4.94208
52.61000	4.94204
52.60998	4.94198
52.60997	4.94194
52.60995	4.94188
52.60993	4.94184
52.60989	4.94173
52.60987	4.94167
52.60985	4.94163
52.60984	4.94157
52.60982	4.94153
52.60980	4.94148
52.60978	4.94143
52.60977	4.94137
52.60975	4.94132
52.60972	4.94124
52.60969	4.94116
52.60965	4.94104
52.60961	4.94092
52.60957	4.94082
52.60953	4.94072
52.60948	4.94059
52.60944	4.94051
52.60939	4.94040
52.60935	4.94031
52.60930	4.94019
52.60925	4.94009
52.60919	4.93999
52.60915	4.93992
52.60913	4.93987
52.60910	4.93981
52.60907	4.93976
52.60903	4.93971
52.60899	4.93966
52.60894	4.93961
52.60875	4.93936
52.60867	4.93926
52.60861	4.93919
52.60855	4.93911
52.60848	4.93903
52.60841	4.93894
52.60835	4.93886
52.60825	4.93876
52.60820	4.93869
52.60813	4.93862
52.60800	4.93847
52.60787	4.93834
52.60781	4.93827
52.60775	4.93820
52.60766	4.93811
52.60763	4.93807
52.60760	4.93803
52.60754	4.93795
52.60751	4.93792
52.60748	4.93787
52.60746	4.93783
52.60744	4.93779
52.60741	4.93775
52.60738	4.93770
52.60736	4.93766
52.60734	4.93761
52.60732	4.93756
52.60729	4.93751
52.60727	4.93746
52.60723	4.93737
52.60719	4.93727
52.60715	4.93716
52.60712	4.93707
52.60708	4.93697
52.60704	4.93687
52.60701	4.93677
52.60697	4.93667
52.60693	4.93656
52.60690	4.93646
52.60687	4.93636
52.60683	4.93625
52.60680	4.93616
52.60677	4.93608
52.60673	4.93598
52.60669	4.93588
52.60666	4.93578
52.60661	4.93568
52.60658	4.93558
52.60654	4.93548
52.60650	4.93538
52.60645	4.93528
52.60641	4.93519
52.60638	4.93509
52.60634	4.93499
52.60631	4.93493
52.60630	4.93488
52.60628	4.93484
52.60626	4.93479
52.60624	4.93473
52.60623	4.93467
52.60621	4.93461
52.60620	4.93457
52.60619	4.93451
52.60617	4.93442
52.60614	4.93424
52.60611	4.93405
52.60609	4.93390
52.60599	4.93325
52.60592	4.93280
52.60585	4.93235
52.60582	4.93212
52.60580	4.93201
52.60576	4.93177
52.60575	4.93166
52.60573	4.93154
52.60571	4.93143
52.60569	4.93131
52.60567	4.93120
52.60565	4.93109
52.60563	4.93097
52.60561	4.93086
52.60558	4.93073
52.60556	4.93065
52.60554	4.93054
52.60551	4.93043
52.60548	4.93032
52.60545	4.93020
52.60543	4.93010
52.60540	4.92999
52.60534	4.92977
52.60529	4.92959
52.60528	4.92955
52.60525	4.92945
52.60523	4.92940
52.60522	4.92934
52.60520	4.92929
52.60518	4.92923
52.60517	4.92918
52.60516	4.92912
52.60516	4.92906
52.60516	4.92900
52.60517	4.92895
52.60518	4.92889
52.60519	4.92883
52.60521	4.92878
52.60523	4.92874
52.60526	4.92871
52.60528	4.92867
52.60538	4.92853
52.60552	4.92834
52.60571	4.92807
52.60588	4.92787
52.60622	4.92748
52.60653	4.92711
52.60666	4.92696
52.60670	4.92693
52.60696	4.92684
52.60709	4.92679
52.60713	4.92678
52.60726	4.92674
52.60815	4.92645
52.60889	4.92621
52.60948	4.92579
52.60981	4.92525
52.61034	4.92472
52.61062	4.92426
52.61106	4.92354
52.61124	4.92325
52.61147	4.92243
52.61148	4.92204
52.61148	4.92204
52.61150	4.92184
52.61154	4.92159
52.61160	4.92136
52.61163	4.92116
52.61164	4.92096
52.61156	4.92066
52.61153	4.92036
52.61157	4.91995
52.61158	4.91960
52.61158	4.91948
52.61159	4.91934
52.61157	4.91915
52.61156	4.91895
52.61157	4.91842
52.61157	4.91783
52.61158	4.91753
52.61157	4.91727
52.61155	4.91702
52.61155	4.91666
52.61154	4.91640
52.61159	4.91606
52.61163	4.91584
52.61164	4.91572
52.61165	4.91563
52.61170	4.91529
52.61179	4.91488
52.61180	4.91476
52.61187	4.91365
52.61197	4.91137
52.61197	4.91126
52.61195	4.91108
52.61210	4.91052
52.61217	4.91025
52.61223	4.90990
52.61226	4.90967
52.61225	4.90958
52.61229	4.90940
52.61232	4.90924
52.61235	4.90887
52.61242	4.90814
52.61245	4.90777
52.61247	4.90750
52.61247	4.90739
52.61246	4.90731
52.61245	4.90726
52.61243	4.90723
52.61240	4.90722
52.61234	4.90722
52.61235	4.90688
52.61237	4.90666
52.61242	4.90648
52.61243	4.90645
52.61243	4.90632
52.61245	4.90559
52.61247	4.90532
52.61247	4.90507
52.61250	4.90484
52.61253	4.90457
52.61253	4.90446
52.61253	4.90421
52.61253	4.90407
52.61255	4.90381
52.61256	4.90370
52.61257	4.90358
52.61267	4.90346
52.61270	4.90333
52.61280	4.90300
52.61285	4.90281
52.61287	4.90265
52.61289	4.90229
52.61297	4.90144
52.61298	4.90101
52.61297	4.90081
52.61297	4.90043
52.61300	4.90029
52.61307	4.90006
52.61310	4.89998
52.61310	4.89996
52.61310	4.89981
52.61316	4.89932
52.61324	4.89879
52.61329	4.89783
52.61335	4.89693
52.61332	4.89627
52.61331	4.89558
52.61331	4.89537
52.61332	4.89530
52.61331	4.89516
52.61330	4.89509
52.61327	4.89503
52.61320	4.89497
52.61320	4.89494
52.61319	4.89484
52.61319	4.89457
52.61320	4.89420
52.61320	4.89400
52.61318	4.89384
52.61316	4.89348
52.61312	4.89290
52.61313	4.89274
52.61310	4.89265
52.61308	4.89244
52.61305	4.89207
52.61304	4.89177
52.61305	4.89156
52.61307	4.89138
52.61313	4.89072
52.61311	4.88993
52.61305	4.88935
52.61312	4.88827
52.61317	4.88801
52.61318	4.88797
52.61319	4.88789
52.61316	4.88745
52.61312	4.88726
52.61309	4.88608
52.61309	4.88522
52.61309	4.88493
52.61310	4.88446
52.61314	4.88447
52.61314	4.88429
52.61314	4.88399
52.61314	4.88399
52.61316	4.88400
52.61357	4.88416
52.61397	4.88432
52.61438	4.88449
52.61479	4.88467
52.61520	4.88484
52.61561	4.88500
52.61602	4.88516
52.61607	4.88518
52.61644	4.88532
52.61686	4.88548
52.61697	4.88553
52.61728	4.88566
52.61770	4.88581
52.61812	4.88599
52.61855	4.88619
52.61881	4.88635
52.61932	4.88662
52.61939	4.88666
52.61951	4.88672
52.61971	4.88679
52.61981	4.88682
52.61991	4.88684
52.62021	4.88687
52.62044	4.88689
52.62098	4.88698
52.62131	4.88703
52.62147	4.88705
52.62168	4.88708
52.62240	4.88721
52.62259	4.88725
52.62266	4.88731
52.62301	4.88818
52.62315	4.88855
52.62338	4.88912
52.62345	4.88924
52.62350	4.88927
52.62366	4.88935
52.62378	4.88939
52.62381	4.88939
52.62403	4.88941
52.62406	4.88941
52.62417	4.88938
52.62436	4.88933
52.62450	4.88932
52.62456	4.88934
52.62463	4.88936
52.62472	4.88933
52.62497	4.88934
52.62514	4.88933
52.62539	4.88929
52.62554	4.88929
52.62571	4.88922
52.62597	4.88905
52.62598	4.88905
52.62610	4.88895
52.62616	4.88891
52.62632	4.88878
52.62650	4.88860
52.62665	4.88844
52.62670	4.88840
52.62679	4.88833
52.62686	4.88830
52.62695	4.88827
52.62717	4.88819
52.62731	4.88809
52.62738	4.88805
52.62764	4.88785
52.62830	4.88709
52.62888	4.88631
52.62915	4.88591
52.62935	4.88568
52.62944	4.88559
52.62951	4.88553
52.62955	4.88548
52.62963	4.88544
52.62971	4.88541
52.62977	4.88539
52.63014	4.88535
52.63045	4.88526
52.63058	4.88523
52.63075	4.88518
52.63083	4.88515
52.63092	4.88511
52.63099	4.88507
52.63105	4.88504
52.63108	4.88501
52.63110	4.88500
52.63116	4.88492
52.63127	4.88479
52.63135	4.88470
52.63141	4.88461
52.63141	4.88460
52.63249	4.88318
52.63287	4.88267
52.63293	4.88257
52.63303	4.88240
52.63319	4.88201
52.63345	4.88133
52.63348	4.88127
52.63353	4.88117
52.63357	4.88111
52.63360	4.88103
52.63362	4.88097
52.63365	4.88088
52.63368	4.88079
52.63369	4.88072
52.63370	4.88065
52.63371	4.88060
52.63372	4.88047
52.63372	4.88037
52.63371	4.88012
52.63371	4.87952
52.63386	4.87766
52.63408	4.87576
52.63427	4.87436
52.63427	4.87433
52.63423	4.87405
52.63417	4.87351
52.63445	4.87340
52.63473	4.87328
52.63476	4.87345
52.63490	4.87429
52.63496	4.87469
52.63502	4.87506
52.63503	4.87508
52.63511	4.87557
52.63511	4.87558
52.63512	4.87563
52.63515	4.87570
52.63521	4.87583
52.63531	4.87596
52.63546	4.87616
52.63557	4.87624
52.63566	4.87630
52.63585	4.87640
52.63597	4.87645
52.63618	4.87650
52.63659	4.87660
52.63699	4.87669
52.63749	4.87681
52.63829	4.87700
52.63920	4.87722
52.63940	4.87727
52.63941	4.87727
52.63947	4.87727
52.63949	4.87727
52.63956	4.87726
52.63962	4.87723
52.63972	4.87718
52.64053	4.87672
52.64070	4.87660
52.64076	4.87660
52.64081	4.87656
52.64097	4.87650
52.64103	4.87637
52.64115	4.87630
52.64129	4.87619
52.64161	4.87595
52.64193	4.87573
52.64208	4.87561
52.64215	4.87555
52.64224	4.87549
52.64228	4.87546
52.64231	4.87541
52.64243	4.87524
52.64268	4.87486
52.64362	4.87359
52.64402	4.87302
52.64452	4.87236
52.64475	4.87205
52.64507	4.87164
52.64534	4.87124
52.64544	4.87112
52.64555	4.87097
52.64591	4.87053
52.64615	4.87023
52.64620	4.87015
52.64628	4.87002
52.64643	4.86977
52.64655	4.86959
52.64658	4.86949
52.64661	4.86945
52.64668	4.86935
52.64680	4.86913
52.64684	4.86904
52.64689	4.86893
52.64694	4.86879
52.64697	4.86871
52.64744	4.86777
52.64944	4.86507
52.65039	4.86428
52.65300	4.86270
52.65365	4.86273
