# GsakName=Leidschendam-Voorburg
# This County polygon is based on data © OpenStreetMap contributors
# The OpenStreetMap data is made available under the Open Database License, see http://www.openstreetmap.org/copyright
# This polygon file is made available under the same Open Database License: http://opendatacommons.org/licenses/odbl/1.0/.
# OSM RelationID=444355

52.05939	4.35228
52.05919	4.35200
52.05912	4.35191
52.05887	4.35159
52.05877	4.35145
52.05859	4.35120
52.05849	4.35106
52.05842	4.35096
52.05821	4.35066
52.05796	4.35031
52.05778	4.35005
52.05769	4.34993
52.05767	4.34990
52.05764	4.34985
52.05744	4.34952
52.05726	4.34920
52.05705	4.34883
52.05691	4.34860
52.05687	4.34855
52.05679	4.34843
52.05670	4.34830
52.05667	4.34826
52.05667	4.34825
52.05661	4.34815
52.05657	4.34808
52.05650	4.34800
52.05668	4.34778
52.05671	4.34776
52.05698	4.34744
52.05698	4.34742
52.05705	4.34734
52.05730	4.34706
52.05760	4.34671
52.05784	4.34643
52.05806	4.34619
52.05825	4.34597
52.05842	4.34579
52.05844	4.34576
52.05879	4.34537
52.05902	4.34511
52.05950	4.34467
52.05953	4.34461
52.05977	4.34424
52.05973	4.34415
52.05972	4.34413
52.05979	4.34402
52.05988	4.34389
52.05997	4.34377
52.06001	4.34371
52.06011	4.34359
52.06020	4.34348
52.06029	4.34337
52.06035	4.34328
52.06045	4.34315
52.06052	4.34305
52.06061	4.34294
52.06065	4.34286
52.06066	4.34285
52.06068	4.34284
52.06076	4.34272
52.06090	4.34253
52.06101	4.34237
52.06113	4.34220
52.06134	4.34260
52.06150	4.34293
52.06153	4.34298
52.06151	4.34299
52.06152	4.34300
52.06153	4.34303
52.06164	4.34327
52.06176	4.34354
52.06187	4.34376
52.06193	4.34388
52.06198	4.34399
52.06220	4.34443
52.06224	4.34452
52.06225	4.34454
52.06226	4.34455
52.06226	4.34456
52.06234	4.34470
52.06237	4.34481
52.06240	4.34488
52.06241	4.34489
52.06245	4.34498
52.06282	4.34577
52.06294	4.34601
52.06313	4.34641
52.06315	4.34646
52.06318	4.34651
52.06325	4.34664
52.06334	4.34680
52.06338	4.34689
52.06350	4.34713
52.06357	4.34725
52.06363	4.34737
52.06387	4.34779
52.06397	4.34798
52.06398	4.34799
52.06399	4.34800
52.06400	4.34801
52.06402	4.34802
52.06403	4.34802
52.06404	4.34802
52.06405	4.34801
52.06412	4.34798
52.06413	4.34798
52.06413	4.34798
52.06414	4.34798
52.06415	4.34798
52.06416	4.34799
52.06417	4.34800
52.06419	4.34804
52.06442	4.34845
52.06442	4.34846
52.06443	4.34846
52.06445	4.34846
52.06447	4.34849
52.06446	4.34853
52.06446	4.34853
52.06447	4.34854
52.06486	4.34927
52.06506	4.34962
52.06513	4.34975
52.06522	4.34992
52.06533	4.35012
52.06547	4.35038
52.06553	4.35048
52.06557	4.35056
52.06561	4.35064
52.06564	4.35070
52.06566	4.35076
52.06575	4.35097
52.06579	4.35106
52.06593	4.35139
52.06595	4.35144
52.06596	4.35145
52.06597	4.35147
52.06597	4.35148
52.06603	4.35157
52.06605	4.35162
52.06612	4.35175
52.06615	4.35181
52.06618	4.35186
52.06618	4.35186
52.06619	4.35186
52.06620	4.35185
52.06621	4.35184
52.06623	4.35188
52.06622	4.35191
52.06622	4.35191
52.06622	4.35192
52.06622	4.35192
52.06624	4.35198
52.06627	4.35204
52.06630	4.35209
52.06641	4.35231
52.06644	4.35236
52.06645	4.35238
52.06651	4.35248
52.06652	4.35248
52.06653	4.35248
52.06654	4.35249
52.06655	4.35250
52.06656	4.35250
52.06657	4.35252
52.06661	4.35257
52.06663	4.35260
52.06665	4.35263
52.06666	4.35265
52.06667	4.35266
52.06668	4.35268
52.06671	4.35271
52.06672	4.35272
52.06674	4.35274
52.06676	4.35278
52.06679	4.35282
52.06681	4.35285
52.06683	4.35288
52.06685	4.35290
52.06687	4.35292
52.06689	4.35295
52.06690	4.35296
52.06691	4.35299
52.06692	4.35302
52.06695	4.35306
52.06699	4.35315
52.06718	4.35355
52.06722	4.35362
52.06725	4.35368
52.06733	4.35384
52.06744	4.35406
52.06751	4.35418
52.06756	4.35429
52.06760	4.35435
52.06763	4.35443
52.06765	4.35447
52.06766	4.35449
52.06767	4.35448
52.06768	4.35450
52.06767	4.35451
52.06769	4.35456
52.06772	4.35466
52.06776	4.35476
52.06779	4.35487
52.06785	4.35505
52.06785	4.35505
52.06786	4.35505
52.06787	4.35505
52.06787	4.35506
52.06787	4.35506
52.06787	4.35508
52.06788	4.35504
52.06790	4.35509
52.06795	4.35522
52.06797	4.35525
52.06798	4.35529
52.06799	4.35533
52.06804	4.35552
52.06808	4.35540
52.06809	4.35542
52.06842	4.35444
52.06850	4.35420
52.06862	4.35384
52.06886	4.35313
52.06886	4.35311
52.06907	4.35250
52.06910	4.35241
52.06935	4.35168
52.06942	4.35148
52.06940	4.35146
52.06949	4.35119
52.06972	4.35053
52.06986	4.35013
52.06987	4.35009
52.06989	4.35007
52.07001	4.34970
52.07003	4.34965
52.07017	4.34924
52.07022	4.34909
52.07029	4.34889
52.07034	4.34874
52.07057	4.34806
52.07058	4.34806
52.07068	4.34778
52.07107	4.34665
52.07126	4.34607
52.07147	4.34545
52.07172	4.34474
52.07173	4.34479
52.07176	4.34472
52.07189	4.34433
52.07189	4.34432
52.07191	4.34426
52.07218	4.34348
52.07229	4.34315
52.07240	4.34284
52.07267	4.34205
52.07290	4.34137
52.07305	4.34094
52.07312	4.34090
52.07323	4.34084
52.07322	4.34082
52.07330	4.34078
52.07333	4.34077
52.07341	4.34068
52.07345	4.34064
52.07349	4.34058
52.07348	4.34054
52.07337	4.34017
52.07334	4.34007
52.07337	4.33998
52.07361	4.33928
52.07394	4.33832
52.07410	4.33784
52.07414	4.33774
52.07414	4.33772
52.07427	4.33732
52.07428	4.33732
52.07438	4.33701
52.07440	4.33697
52.07460	4.33638
52.07459	4.33635
52.07469	4.33606
52.07475	4.33588
52.07476	4.33590
52.07490	4.33548
52.07491	4.33549
52.07500	4.33521
52.07515	4.33555
52.07548	4.33631
52.07576	4.33694
52.07577	4.33694
52.07585	4.33713
52.07586	4.33714
52.07588	4.33720
52.07608	4.33765
52.07613	4.33776
52.07614	4.33778
52.07631	4.33817
52.07635	4.33826
52.07637	4.33829
52.07660	4.33883
52.07671	4.33907
52.07665	4.33915
52.07657	4.33938
52.07685	4.34001
52.07719	4.34077
52.07726	4.34093
52.07739	4.34139
52.07746	4.34165
52.07752	4.34180
52.07768	4.34215
52.07791	4.34266
52.07817	4.34325
52.07846	4.34391
52.07857	4.34417
52.07865	4.34436
52.07870	4.34446
52.07891	4.34493
52.07903	4.34520
52.07915	4.34548
52.07948	4.34510
52.07951	4.34518
52.07954	4.34524
52.07955	4.34527
52.07958	4.34524
52.07968	4.34548
52.07968	4.34548
52.07961	4.34556
52.07967	4.34567
52.07994	4.34628
52.08014	4.34674
52.08016	4.34678
52.08017	4.34681
52.08013	4.34685
52.07997	4.34705
52.07998	4.34706
52.08001	4.34712
52.08000	4.34713
52.08006	4.34712
52.08028	4.34712
52.08035	4.34726
52.08049	4.34759
52.08072	4.34810
52.08094	4.34860
52.08101	4.34875
52.08118	4.34915
52.08120	4.34913
52.08156	4.34993
52.08160	4.35002
52.08160	4.35003
52.08169	4.35022
52.08170	4.35024
52.08177	4.35042
52.08210	4.35115
52.08220	4.35138
52.08244	4.35191
52.08244	4.35192
52.08256	4.35220
52.08282	4.35277
52.08302	4.35323
52.08310	4.35342
52.08323	4.35371
52.08332	4.35391
52.08345	4.35420
52.08360	4.35454
52.08370	4.35478
52.08375	4.35488
52.08399	4.35542
52.08401	4.35546
52.08417	4.35584
52.08423	4.35597
52.08439	4.35631
52.08444	4.35642
52.08453	4.35661
52.08456	4.35668
52.08461	4.35679
52.08462	4.35681
52.08462	4.35682
52.08472	4.35701
52.08473	4.35704
52.08478	4.35713
52.08478	4.35714
52.08480	4.35717
52.08486	4.35730
52.08505	4.35773
52.08522	4.35811
52.08544	4.35860
52.08546	4.35866
52.08546	4.35867
52.08552	4.35882
52.08556	4.35891
52.08590	4.35966
52.08614	4.36019
52.08642	4.36082
52.08671	4.36145
52.08698	4.36206
52.08723	4.36261
52.08743	4.36305
52.08768	4.36360
52.08778	4.36381
52.08781	4.36389
52.08798	4.36426
52.08828	4.36491
52.08846	4.36531
52.08851	4.36541
52.08870	4.36582
52.08870	4.36582
52.08887	4.36619
52.08891	4.36629
52.08899	4.36647
52.08918	4.36688
52.08925	4.36704
52.08944	4.36746
52.08950	4.36759
52.08957	4.36775
52.08957	4.36775
52.08964	4.36790
52.08981	4.36828
52.09011	4.36893
52.09025	4.36924
52.09027	4.36929
52.09031	4.36938
52.09083	4.37053
52.09100	4.37090
52.09114	4.37122
52.09136	4.37169
52.09171	4.37238
52.09187	4.37268
52.09205	4.37304
52.09230	4.37351
52.09235	4.37344
52.09235	4.37343
52.09236	4.37342
52.09239	4.37337
52.09254	4.37315
52.09257	4.37312
52.09263	4.37303
52.09279	4.37280
52.09303	4.37248
52.09319	4.37226
52.09322	4.37220
52.09332	4.37207
52.09343	4.37191
52.09361	4.37164
52.09369	4.37152
52.09383	4.37147
52.09388	4.37153
52.09402	4.37169
52.09405	4.37172
52.09438	4.37215
52.09463	4.37250
52.09469	4.37259
52.09476	4.37269
52.09477	4.37271
52.09486	4.37285
52.09487	4.37287
52.09489	4.37290
52.09493	4.37296
52.09494	4.37297
52.09494	4.37298
52.09509	4.37323
52.09516	4.37338
52.09544	4.37388
52.09545	4.37391
52.09563	4.37424
52.09616	4.37516
52.09632	4.37546
52.09638	4.37559
52.09646	4.37577
52.09654	4.37594
52.09690	4.37677
52.09691	4.37680
52.09711	4.37717
52.09742	4.37777
52.09784	4.37857
52.09798	4.37883
52.09819	4.37923
52.09857	4.37994
52.09857	4.37994
52.09869	4.38019
52.09884	4.38048
52.09910	4.38097
52.09913	4.38102
52.09919	4.38112
52.09920	4.38112
52.09923	4.38116
52.09926	4.38118
52.09930	4.38123
52.09933	4.38129
52.09952	4.38165
52.10014	4.38288
52.10039	4.38331
52.10044	4.38340
52.10105	4.38444
52.10114	4.38461
52.10139	4.38504
52.10148	4.38520
52.10162	4.38544
52.10199	4.38599
52.10217	4.38628
52.10231	4.38655
52.10238	4.38667
52.10256	4.38697
52.10265	4.38715
52.10269	4.38725
52.10283	4.38746
52.10302	4.38778
52.10302	4.38779
52.10334	4.38831
52.10336	4.38833
52.10344	4.38849
52.10356	4.38867
52.10373	4.38893
52.10384	4.38914
52.10392	4.38931
52.10395	4.38936
52.10403	4.38946
52.10419	4.38971
52.10430	4.38985
52.10441	4.38990
52.10458	4.39022
52.10459	4.39023
52.10466	4.39039
52.10489	4.39078
52.10506	4.39106
52.10510	4.39122
52.10519	4.39138
52.10525	4.39147
52.10535	4.39158
52.10551	4.39178
52.10557	4.39185
52.10569	4.39200
52.10578	4.39210
52.10587	4.39217
52.10589	4.39219
52.10595	4.39227
52.10604	4.39239
52.10605	4.39241
52.10617	4.39263
52.10639	4.39300
52.10664	4.39332
52.10689	4.39359
52.10737	4.39414
52.10739	4.39418
52.10739	4.39421
52.10734	4.39431
52.10733	4.39435
52.10735	4.39439
52.10744	4.39453
52.10747	4.39459
52.10766	4.39486
52.10785	4.39513
52.10795	4.39528
52.10801	4.39539
52.10808	4.39553
52.10815	4.39568
52.10822	4.39582
52.10828	4.39591
52.10832	4.39597
52.10851	4.39622
52.10853	4.39631
52.10856	4.39643
52.10861	4.39652
52.10866	4.39660
52.10867	4.39662
52.10872	4.39667
52.10890	4.39687
52.10895	4.39695
52.10912	4.39726
52.10923	4.39745
52.10924	4.39746
52.10952	4.39786
52.10967	4.39802
52.11004	4.39852
52.11023	4.39873
52.11049	4.39908
52.11059	4.39919
52.11077	4.39943
52.11077	4.39943
52.11080	4.39951
52.11103	4.39983
52.11121	4.40008
52.11132	4.40021
52.11136	4.40027
52.11140	4.40035
52.11146	4.40051
52.11148	4.40056
52.11160	4.40090
52.11160	4.40091
52.11162	4.40093
52.11165	4.40096
52.11187	4.40116
52.11186	4.40118
52.11185	4.40123
52.11184	4.40126
52.11184	4.40133
52.11183	4.40137
52.11183	4.40138
52.11181	4.40144
52.11180	4.40147
52.11162	4.40194
52.11139	4.40254
52.11073	4.40429
52.11068	4.40442
52.11063	4.40456
52.11014	4.40584
52.10984	4.40658
52.10956	4.40735
52.10955	4.40739
52.10954	4.40740
52.10953	4.40745
52.10950	4.40757
52.10949	4.40760
52.10946	4.40772
52.10942	4.40785
52.10941	4.40788
52.10940	4.40790
52.10937	4.40799
52.10935	4.40806
52.10933	4.40811
52.10932	4.40816
52.10930	4.40821
52.10930	4.40822
52.10925	4.40834
52.10923	4.40837
52.10922	4.40843
52.10926	4.40847
52.10924	4.40855
52.10907	4.40901
52.10907	4.40901
52.10906	4.40902
52.10906	4.40903
52.10902	4.40915
52.10888	4.40954
52.10797	4.41205
52.10797	4.41205
52.10796	4.41208
52.10789	4.41199
52.10787	4.41198
52.10783	4.41195
52.10778	4.41190
52.10765	4.41172
52.10746	4.41145
52.10738	4.41136
52.10732	4.41130
52.10731	4.41133
52.10729	4.41138
52.10664	4.41298
52.10663	4.41307
52.10694	4.41342
52.10710	4.41362
52.10750	4.41407
52.10751	4.41412
52.10751	4.41416
52.10720	4.41501
52.10716	4.41513
52.10708	4.41538
52.10695	4.41576
52.10666	4.41657
52.10643	4.41717
52.10635	4.41740
52.10625	4.41771
52.10625	4.41771
52.10625	4.41772
52.10619	4.41784
52.10619	4.41784
52.10597	4.41840
52.10592	4.41854
52.10583	4.41878
52.10571	4.41913
52.10556	4.41955
52.10554	4.41962
52.10541	4.41998
52.10532	4.42024
52.10519	4.42062
52.10509	4.42093
52.10497	4.42127
52.10488	4.42114
52.10464	4.42085
52.10461	4.42084
52.10456	4.42096
52.10449	4.42114
52.10448	4.42117
52.10447	4.42119
52.10436	4.42146
52.10424	4.42179
52.10413	4.42211
52.10404	4.42238
52.10400	4.42250
52.10390	4.42288
52.10383	4.42304
52.10379	4.42314
52.10372	4.42334
52.10359	4.42379
52.10355	4.42387
52.10353	4.42391
52.10349	4.42399
52.10322	4.42447
52.10319	4.42451
52.10300	4.42484
52.10285	4.42515
52.10277	4.42535
52.10270	4.42549
52.10268	4.42553
52.10255	4.42578
52.10232	4.42623
52.10214	4.42659
52.10202	4.42686
52.10183	4.42722
52.10165	4.42757
52.10160	4.42766
52.10157	4.42772
52.10147	4.42790
52.10153	4.42803
52.10168	4.42833
52.10184	4.42865
52.10189	4.42873
52.10233	4.42962
52.10239	4.42976
52.10267	4.43046
52.10283	4.43087
52.10297	4.43121
52.10338	4.43212
52.10359	4.43259
52.10372	4.43284
52.10401	4.43334
52.10416	4.43358
52.10437	4.43384
52.10456	4.43404
52.10507	4.43444
52.10535	4.43464
52.10570	4.43486
52.10610	4.43509
52.10639	4.43523
52.10664	4.43536
52.10690	4.43547
52.10717	4.43558
52.10723	4.43561
52.10728	4.43564
52.10733	4.43569
52.10740	4.43574
52.10754	4.43595
52.10769	4.43619
52.10773	4.43626
52.10782	4.43639
52.10793	4.43655
52.10806	4.43672
52.10814	4.43681
52.10826	4.43694
52.10838	4.43704
52.10863	4.43726
52.10878	4.43738
52.10893	4.43751
52.10903	4.43764
52.10913	4.43777
52.10928	4.43800
52.10941	4.43821
52.10949	4.43833
52.10950	4.43834
52.10958	4.43845
52.10986	4.43886
52.10993	4.43899
52.11008	4.43928
52.11012	4.43939
52.11021	4.43960
52.11055	4.44055
52.11068	4.44089
52.11085	4.44130
52.11093	4.44151
52.11094	4.44152
52.11107	4.44184
52.11140	4.44267
52.11153	4.44302
52.11166	4.44336
52.11178	4.44364
52.11182	4.44374
52.11187	4.44383
52.11201	4.44407
52.11217	4.44432
52.11236	4.44462
52.11255	4.44493
52.11274	4.44524
52.11292	4.44556
52.11316	4.44597
52.11329	4.44626
52.11338	4.44644
52.11345	4.44659
52.11354	4.44673
52.11362	4.44685
52.11372	4.44700
52.11384	4.44716
52.11395	4.44730
52.11412	4.44750
52.11423	4.44763
52.11431	4.44771
52.11442	4.44783
52.11449	4.44790
52.11462	4.44802
52.11477	4.44816
52.11490	4.44829
52.11509	4.44847
52.11524	4.44862
52.11532	4.44870
52.11537	4.44875
52.11549	4.44888
52.11562	4.44903
52.11563	4.44904
52.11591	4.44935
52.11595	4.44939
52.11604	4.44948
52.11612	4.44956
52.11625	4.44968
52.11637	4.44979
52.11648	4.44990
52.11653	4.44996
52.11678	4.45023
52.11695	4.45042
52.11700	4.45045
52.11701	4.45046
52.11704	4.45050
52.11707	4.45055
52.11708	4.45057
52.11710	4.45060
52.11724	4.45077
52.11731	4.45085
52.11754	4.45110
52.11773	4.45131
52.11775	4.45133
52.11796	4.45155
52.11807	4.45167
52.11815	4.45174
52.11819	4.45178
52.11827	4.45185
52.11838	4.45198
52.11850	4.45212
52.11853	4.45215
52.11857	4.45220
52.11875	4.45244
52.11886	4.45258
52.11892	4.45266
52.11897	4.45274
52.11900	4.45278
52.11908	4.45290
52.11944	4.45340
52.11951	4.45347
52.11952	4.45349
52.11964	4.45367
52.11981	4.45393
52.11992	4.45408
52.11996	4.45414
52.11999	4.45420
52.12002	4.45425
52.12002	4.45426
52.12006	4.45430
52.12008	4.45434
52.12009	4.45434
52.12012	4.45438
52.12016	4.45442
52.12020	4.45451
52.12023	4.45458
52.12024	4.45459
52.12026	4.45463
52.12037	4.45480
52.12045	4.45492
52.12061	4.45516
52.12061	4.45516
52.12069	4.45527
52.12080	4.45544
52.12089	4.45556
52.12098	4.45569
52.12107	4.45582
52.12111	4.45587
52.12114	4.45592
52.12124	4.45611
52.12125	4.45612
52.12130	4.45618
52.12167	4.45664
52.12192	4.45694
52.12200	4.45704
52.12214	4.45721
52.12230	4.45742
52.12242	4.45758
52.12255	4.45775
52.12263	4.45785
52.12265	4.45788
52.12267	4.45793
52.12280	4.45813
52.12296	4.45839
52.12315	4.45869
52.12317	4.45872
52.12354	4.45924
52.12360	4.45932
52.12389	4.45976
52.12400	4.45993
52.12405	4.46000
52.12416	4.46017
52.12437	4.46048
52.12444	4.46058
52.12457	4.46075
52.12484	4.46111
52.12520	4.46157
52.12547	4.46199
52.12551	4.46206
52.12553	4.46209
52.12599	4.46276
52.12623	4.46309
52.12651	4.46346
52.12674	4.46374
52.12684	4.46388
52.12704	4.46415
52.12725	4.46441
52.12731	4.46449
52.12720	4.46461
52.12719	4.46461
52.12712	4.46468
52.12712	4.46469
52.12685	4.46495
52.12661	4.46519
52.12686	4.46560
52.12699	4.46584
52.12733	4.46641
52.12733	4.46642
52.12789	4.46598
52.12817	4.46626
52.12817	4.46626
52.12842	4.46651
52.12843	4.46653
52.12846	4.46651
52.12853	4.46647
52.12855	4.46646
52.12867	4.46639
52.12876	4.46650
52.12876	4.46650
52.12881	4.46657
52.12886	4.46663
52.12887	4.46663
52.12898	4.46685
52.12887	4.46695
52.12868	4.46714
52.12832	4.46748
52.12855	4.46815
52.12846	4.46824
52.12656	4.47013
52.12655	4.47015
52.12654	4.47016
52.12652	4.47017
52.12652	4.47018
52.12514	4.47155
52.12510	4.47159
52.12466	4.47202
52.12370	4.47294
52.12346	4.47232
52.12346	4.47232
52.12286	4.47230
52.12245	4.47231
52.12243	4.47231
52.12226	4.47232
52.12123	4.47250
52.12123	4.47250
52.12045	4.47240
52.12017	4.47236
52.11963	4.47229
52.11904	4.47289
52.11895	4.47298
52.11895	4.47297
52.11771	4.47083
52.11273	4.47575
52.11175	4.47668
52.11020	4.47812
52.10892	4.47943
52.10747	4.48088
52.10689	4.48143
52.10353	4.48470
52.10360	4.48479
52.10341	4.48499
52.10173	4.48661
52.10070	4.48762
52.10060	4.48775
52.10051	4.48781
52.10027	4.48804
52.09848	4.48987
52.09811	4.49017
52.09806	4.49021
52.09786	4.49041
52.09768	4.48991
52.09003	4.49181
52.09001	4.49196
52.09001	4.49222
52.08994	4.49224
52.08777	4.49301
52.08775	4.49302
52.08592	4.47914
52.08526	4.47427
52.08280	4.47515
52.08130	4.47566
52.08111	4.47408
52.08100	4.47353
52.08094	4.47313
52.08088	4.47260
52.08071	4.47151
52.08068	4.47097
52.08061	4.47047
52.08053	4.46978
52.08042	4.46901
52.08038	4.46861
52.08030	4.46792
52.08016	4.46708
52.08002	4.46598
52.07993	4.46544
52.07981	4.46443
52.07952	4.46231
52.07941	4.46146
52.07923	4.46013
52.07920	4.45975
52.07881	4.45675
52.07867	4.45678
52.07858	4.45635
52.07831	4.45546
52.07249	4.44229
52.07149	4.44006
52.07138	4.43984
52.07081	4.43858
52.06536	4.42607
52.06330	4.42140
52.06306	4.42163
52.06289	4.42171
52.06258	4.42083
52.06293	4.42078
52.06316	4.42077
52.06331	4.42075
52.06340	4.42072
52.06346	4.42069
52.06352	4.42063
52.06412	4.41989
52.06446	4.41944
52.06503	4.41873
52.06519	4.41852
52.06564	4.41796
52.06580	4.41777
52.06622	4.41724
52.06631	4.41715
52.06639	4.41708
52.06654	4.41697
52.06667	4.41687
52.06710	4.41656
52.06727	4.41641
52.06756	4.41616
52.06770	4.41604
52.06813	4.41562
52.06813	4.41562
52.06854	4.41519
52.06877	4.41496
52.06918	4.41456
52.06964	4.41413
52.06985	4.41394
52.07021	4.41362
52.07026	4.41357
52.07064	4.41320
52.07148	4.41245
52.07173	4.41220
52.07192	4.41206
52.07208	4.41195
52.07210	4.41192
52.07215	4.41187
52.07221	4.41179
52.07331	4.41032
52.07360	4.40993
52.07372	4.40977
52.07462	4.40857
52.07471	4.40845
52.07475	4.40840
52.07649	4.40607
52.07693	4.40548
52.07693	4.40548
52.07695	4.40545
52.07706	4.40532
52.07707	4.40530
52.07701	4.40516
52.07697	4.40508
52.07704	4.40497
52.07710	4.40488
52.07713	4.40483
52.07715	4.40481
52.07718	4.40475
52.07719	4.40474
52.07723	4.40468
52.07723	4.40468
52.07725	4.40465
52.07729	4.40460
52.07730	4.40459
52.07732	4.40457
52.07734	4.40456
52.07734	4.40456
52.07750	4.40435
52.07760	4.40422
52.07771	4.40408
52.07785	4.40392
52.07780	4.40385
52.07758	4.40346
52.07724	4.40286
52.07708	4.40256
52.07691	4.40221
52.07658	4.40157
52.07671	4.40139
52.07641	4.40092
52.07633	4.40104
52.07594	4.40016
52.07563	4.39945
52.07517	4.39832
52.07496	4.39778
52.07476	4.39709
52.07490	4.39689
52.07501	4.39645
52.07516	4.39571
52.07543	4.39532
52.07544	4.39530
52.07591	4.39462
52.07546	4.39399
52.07515	4.39310
52.07493	4.39249
52.07492	4.39247
52.07480	4.39212
52.07472	4.39192
52.07461	4.39161
52.07458	4.39152
52.07457	4.39149
52.07450	4.39136
52.07413	4.39060
52.07412	4.39058
52.07411	4.39056
52.07410	4.39055
52.07409	4.39055
52.07409	4.39054
52.07408	4.39054
52.07407	4.39054
52.07406	4.39054
52.07405	4.39055
52.07392	4.39072
52.07387	4.39078
52.07386	4.39078
52.07386	4.39078
52.07385	4.39077
52.07385	4.39075
52.07338	4.38977
52.07338	4.38976
52.07338	4.38975
52.07338	4.38973
52.07338	4.38972
52.07339	4.38967
52.07340	4.38962
52.07342	4.38954
52.07340	4.38950
52.07334	4.38937
52.07333	4.38934
52.07330	4.38928
52.07314	4.38894
52.07318	4.38888
52.07315	4.38886
52.07311	4.38882
52.07311	4.38882
52.07297	4.38865
52.07298	4.38864
52.07305	4.38850
52.07309	4.38844
52.07310	4.38841
52.07310	4.38839
52.07311	4.38838
52.07321	4.38823
52.07324	4.38818
52.07326	4.38815
52.07331	4.38808
52.07333	4.38805
52.07378	4.38742
52.07394	4.38722
52.07416	4.38696
52.07436	4.38672
52.07453	4.38655
52.07454	4.38654
52.07467	4.38638
52.07501	4.38602
52.07537	4.38563
52.07571	4.38524
52.07598	4.38491
52.07600	4.38488
52.07609	4.38477
52.07623	4.38458
52.07591	4.38360
52.07570	4.38298
52.07555	4.38253
52.07551	4.38241
52.07539	4.38211
52.07516	4.38144
52.07515	4.38141
52.07505	4.38100
52.07501	4.38084
52.07498	4.38072
52.07498	4.38071
52.07494	4.38057
52.07490	4.38045
52.07485	4.38030
52.07478	4.38008
52.07475	4.38000
52.07467	4.37986
52.07451	4.37958
52.07447	4.37950
52.07432	4.37925
52.07410	4.37889
52.07384	4.37845
52.07362	4.37809
52.07350	4.37788
52.07348	4.37786
52.07339	4.37770
52.07326	4.37749
52.07315	4.37731
52.07313	4.37726
52.07309	4.37718
52.07306	4.37711
52.07302	4.37704
52.07292	4.37686
52.07283	4.37674
52.07279	4.37667
52.07269	4.37654
52.07252	4.37631
52.07244	4.37617
52.07227	4.37590
52.07219	4.37576
52.07205	4.37552
52.07182	4.37515
52.07159	4.37475
52.07130	4.37429
52.07094	4.37368
52.07084	4.37352
52.07048	4.37290
52.07007	4.37221
52.06991	4.37195
52.06960	4.37145
52.06958	4.37142
52.06952	4.37133
52.06940	4.37116
52.06877	4.37008
52.06859	4.36977
52.06849	4.36957
52.06836	4.36935
52.06800	4.36871
52.06772	4.36827
52.06763	4.36812
52.06759	4.36805
52.06755	4.36798
52.06744	4.36777
52.06703	4.36710
52.06683	4.36676
52.06669	4.36655
52.06655	4.36633
52.06655	4.36632
52.06646	4.36616
52.06641	4.36604
52.06638	4.36596
52.06625	4.36568
52.06618	4.36549
52.06596	4.36492
52.06566	4.36444
52.06534	4.36404
52.06508	4.36370
52.06507	4.36369
52.06503	4.36365
52.06502	4.36364
52.06500	4.36360
52.06497	4.36355
52.06480	4.36330
52.06474	4.36320
52.06469	4.36314
52.06465	4.36306
52.06461	4.36300
52.06456	4.36293
52.06451	4.36285
52.06441	4.36267
52.06434	4.36253
52.06429	4.36245
52.06426	4.36238
52.06422	4.36231
52.06413	4.36209
52.06407	4.36197
52.06395	4.36171
52.06387	4.36152
52.06374	4.36122
52.06369	4.36111
52.06361	4.36093
52.06354	4.36075
52.06348	4.36060
52.06341	4.36040
52.06306	4.35956
52.06305	4.35954
52.06299	4.35939
52.06295	4.35931
52.06287	4.35912
52.06269	4.35867
52.06263	4.35852
52.06253	4.35829
52.06234	4.35782
52.06226	4.35763
52.06218	4.35743
52.06207	4.35716
52.06203	4.35707
52.06195	4.35688
52.06193	4.35684
52.06186	4.35667
52.06171	4.35636
52.06170	4.35633
52.06170	4.35632
52.06167	4.35625
52.06163	4.35617
52.06157	4.35601
52.06143	4.35622
52.06143	4.35623
52.06116	4.35663
52.06083	4.35712
52.06079	4.35717
52.06018	4.35805
52.06013	4.35812
52.05999	4.35835
52.05966	4.35884
52.05941	4.35920
52.05931	4.35934
52.05899	4.35979
52.05894	4.35986
52.05870	4.36020
52.05867	4.36024
52.05867	4.36025
52.05875	4.36041
52.05870	4.36049
52.05857	4.36067
52.05847	4.36083
52.05837	4.36064
52.05827	4.36045
52.05850	4.36012
52.05847	4.36007
52.05824	4.35965
52.05820	4.35958
52.05793	4.35997
52.05784	4.35982
52.05779	4.35972
52.05773	4.35962
52.05763	4.35944
52.05737	4.35982
52.05726	4.35963
52.05726	4.35962
52.05718	4.35948
52.05734	4.35925
52.05735	4.35923
52.05719	4.35897
52.05709	4.35881
52.05701	4.35869
52.05695	4.35858
52.05709	4.35838
52.05698	4.35822
52.05698	4.35822
52.05696	4.35819
52.05693	4.35815
52.05667	4.35774
52.05657	4.35772
52.05654	4.35770
52.05649	4.35766
52.05642	4.35760
52.05641	4.35760
52.05640	4.35761
52.05639	4.35762
52.05632	4.35748
52.05630	4.35745
52.05628	4.35742
52.05628	4.35741
52.05625	4.35735
52.05630	4.35728
52.05633	4.35723
52.05655	4.35757
52.05655	4.35757
52.05662	4.35747
52.05663	4.35746
52.05662	4.35744
52.05684	4.35711
52.05685	4.35713
52.05693	4.35701
52.05692	4.35699
52.05708	4.35676
52.05707	4.35675
52.05720	4.35660
52.05720	4.35660
52.05729	4.35647
52.05746	4.35623
52.05754	4.35611
52.05769	4.35588
52.05778	4.35575
52.05783	4.35568
52.05786	4.35563
52.05794	4.35551
52.05803	4.35539
52.05811	4.35526
52.05820	4.35514
52.05820	4.35514
52.05834	4.35493
52.05838	4.35486
52.05852	4.35466
52.05853	4.35465
52.05853	4.35465
52.05862	4.35452
52.05871	4.35439
52.05899	4.35398
52.05901	4.35394
52.05902	4.35393
52.05882	4.35358
52.05867	4.35332
52.05877	4.35316
52.05893	4.35292
52.05893	4.35293
52.05894	4.35291
52.05897	4.35288
52.05897	4.35288
52.05923	4.35251
52.05925	4.35248
52.05939	4.35228
