# GsakName=Roosendaal
# This County polygon is based on data © OpenStreetMap contributors
# The OpenStreetMap data is made available under the Open Database License, see http://www.openstreetmap.org/copyright
# This polygon file is made available under the same Open Database License: http://opendatacommons.org/licenses/odbl/1.0/.
# OSM RelationID=2078302

51.55122	4.31798
51.55121	4.31805
51.55069	4.32251
51.55051	4.32407
51.55051	4.32407
51.55028	4.32604
51.55009	4.32775
51.55000	4.32849
51.55000	4.32851
51.54996	4.32882
51.54954	4.33248
51.54951	4.33270
51.54951	4.33275
51.54950	4.33284
51.54907	4.33655
51.54904	4.33679
51.54899	4.33717
51.54859	4.34060
51.54845	4.34183
51.54829	4.34318
51.54823	4.34375
51.54821	4.34394
51.54818	4.34417
51.54784	4.34713
51.54782	4.34722
51.54760	4.34917
51.54726	4.35218
51.54710	4.35357
51.54709	4.35358
51.54709	4.35362
51.54708	4.35368
51.54704	4.35407
51.54699	4.35445
51.54680	4.35574
51.54678	4.35587
51.54675	4.35609
51.54673	4.35618
51.54673	4.35620
51.54666	4.35663
51.54657	4.35725
51.54632	4.35894
51.54628	4.35919
51.54623	4.35952
51.54620	4.35974
51.54620	4.35974
51.54619	4.35978
51.54618	4.35984
51.54616	4.35997
51.54582	4.36219
51.54560	4.36364
51.54498	4.36753
51.54497	4.36754
51.54487	4.36822
51.54455	4.37020
51.54453	4.37034
51.54445	4.37082
51.54416	4.37261
51.54415	4.37268
51.54412	4.37286
51.54400	4.37360
51.54398	4.37376
51.54383	4.37468
51.54379	4.37491
51.54377	4.37508
51.54374	4.37521
51.54372	4.37536
51.54410	4.37709
51.54430	4.37802
51.54431	4.37808
51.54431	4.37809
51.54432	4.37812
51.54432	4.37814
51.54463	4.37954
51.54566	4.38425
51.54573	4.38466
51.54576	4.38481
51.54577	4.38486
51.54588	4.38526
51.54675	4.38924
51.54729	4.39173
51.54736	4.39206
51.54814	4.39565
51.54813	4.39565
51.54859	4.39779
51.54931	4.40117
51.54932	4.40123
51.54936	4.40139
51.54943	4.40173
51.54999	4.40428
51.55001	4.40437
51.55004	4.40449
51.55047	4.40645
51.55059	4.40696
51.55062	4.40708
51.55065	4.40724
51.55114	4.40943
51.55160	4.41146
51.55160	4.41147
51.55168	4.41317
51.55168	4.41328
51.55171	4.41397
51.55178	4.41517
51.55178	4.41525
51.55189	4.41743
51.55192	4.41787
51.55192	4.41797
51.55212	4.42180
51.55214	4.42220
51.55217	4.42269
51.55217	4.42269
51.55223	4.42394
51.55223	4.42396
51.55234	4.42598
51.55238	4.42678
51.55238	4.42688
51.55310	4.42771
51.55360	4.42820
51.55416	4.42856
51.55466	4.42883
51.55482	4.42888
51.55489	4.42890
51.55496	4.42890
51.55505	4.42893
51.55519	4.42896
51.55535	4.42898
51.55570	4.42903
51.55570	4.42911
51.55574	4.42983
51.55573	4.42984
51.55591	4.43178
51.55597	4.43268
51.55600	4.43315
51.55612	4.43456
51.55613	4.43468
51.55618	4.43510
51.55629	4.43673
51.55638	4.43775
51.55640	4.43809
51.55639	4.43832
51.55639	4.43838
51.55642	4.43844
51.55647	4.43852
51.55652	4.43863
51.55797	4.43911
51.55805	4.43916
51.55809	4.43921
51.55815	4.43933
51.55827	4.43985
51.55834	4.44028
51.55843	4.44067
51.55846	4.44079
51.55846	4.44080
51.55849	4.44108
51.55853	4.44108
51.55854	4.44108
51.55860	4.44112
51.55871	4.44114
51.55879	4.44114
51.55902	4.44115
51.55915	4.44110
51.55924	4.44106
51.55991	4.44092
51.56006	4.44092
51.56009	4.44091
51.56013	4.44090
51.56028	4.44093
51.56046	4.44097
51.56237	4.44119
51.56247	4.44118
51.56251	4.44118
51.56261	4.44120
51.56276	4.44128
51.56298	4.44134
51.56329	4.44135
51.56397	4.44157
51.56420	4.44163
51.56474	4.44152
51.56508	4.44157
51.56568	4.44184
51.56592	4.44180
51.56617	4.44192
51.56684	4.44194
51.56720	4.44193
51.56721	4.44194
51.56726	4.44194
51.56729	4.44195
51.56738	4.44195
51.56747	4.44198
51.56756	4.44203
51.56788	4.44218
51.56801	4.44228
51.56818	4.44239
51.56826	4.44246
51.56837	4.44255
51.56846	4.44269
51.56855	4.44287
51.56865	4.44318
51.56875	4.44333
51.56883	4.44344
51.56893	4.44358
51.56893	4.44359
51.56906	4.44388
51.56910	4.44400
51.56910	4.44402
51.56914	4.44417
51.56917	4.44431
51.56920	4.44443
51.56920	4.44445
51.56920	4.44447
51.56921	4.44449
51.56923	4.44467
51.56921	4.44469
51.56909	4.44476
51.56892	4.44488
51.56881	4.44504
51.56862	4.44540
51.56845	4.44577
51.56831	4.44609
51.56821	4.44633
51.56805	4.44663
51.56797	4.44675
51.56784	4.44688
51.56733	4.44744
51.56719	4.44758
51.56716	4.44761
51.56712	4.44765
51.56701	4.44774
51.56692	4.44780
51.56691	4.44781
51.56688	4.44783
51.56682	4.44787
51.56672	4.44792
51.56660	4.44795
51.56655	4.44796
51.56641	4.44792
51.56639	4.44792
51.56616	4.44786
51.56604	4.44783
51.56602	4.44783
51.56595	4.44802
51.56594	4.44806
51.56592	4.44816
51.56592	4.44817
51.56592	4.44818
51.56589	4.44827
51.56586	4.44836
51.56580	4.44846
51.56575	4.44853
51.56573	4.44858
51.56571	4.44865
51.56569	4.44878
51.56567	4.44892
51.56566	4.44906
51.56566	4.44913
51.56567	4.44935
51.56568	4.44948
51.56568	4.44958
51.56570	4.44970
51.56570	4.44972
51.56571	4.44981
51.56573	4.44994
51.56576	4.45005
51.56580	4.45015
51.56584	4.45025
51.56591	4.45043
51.56594	4.45049
51.56599	4.45058
51.56605	4.45069
51.56616	4.45085
51.56625	4.45099
51.56644	4.45124
51.56650	4.45133
51.56652	4.45137
51.56654	4.45142
51.56658	4.45152
51.56660	4.45159
51.56663	4.45172
51.56666	4.45189
51.56667	4.45193
51.56670	4.45218
51.56673	4.45245
51.56673	4.45252
51.56674	4.45265
51.56674	4.45269
51.56673	4.45276
51.56671	4.45286
51.56670	4.45294
51.56668	4.45301
51.56666	4.45306
51.56663	4.45314
51.56659	4.45321
51.56656	4.45326
51.56646	4.45337
51.56644	4.45340
51.56639	4.45345
51.56635	4.45349
51.56630	4.45354
51.56627	4.45356
51.56622	4.45359
51.56615	4.45363
51.56608	4.45367
51.56604	4.45369
51.56599	4.45370
51.56592	4.45372
51.56586	4.45373
51.56577	4.45375
51.56567	4.45377
51.56554	4.45377
51.56548	4.45377
51.56540	4.45376
51.56532	4.45375
51.56522	4.45374
51.56500	4.45371
51.56497	4.45370
51.56483	4.45363
51.56476	4.45358
51.56466	4.45351
51.56456	4.45344
51.56442	4.45333
51.56432	4.45325
51.56417	4.45313
51.56411	4.45307
51.56404	4.45302
51.56401	4.45300
51.56395	4.45297
51.56390	4.45294
51.56388	4.45293
51.56383	4.45292
51.56380	4.45292
51.56374	4.45292
51.56372	4.45293
51.56369	4.45295
51.56366	4.45297
51.56364	4.45298
51.56361	4.45302
51.56358	4.45310
51.56355	4.45318
51.56354	4.45325
51.56353	4.45336
51.56351	4.45348
51.56350	4.45363
51.56349	4.45374
51.56348	4.45388
51.56348	4.45400
51.56347	4.45409
51.56348	4.45416
51.56348	4.45423
51.56349	4.45435
51.56351	4.45450
51.56354	4.45474
51.56356	4.45488
51.56357	4.45496
51.56357	4.45505
51.56357	4.45514
51.56357	4.45520
51.56355	4.45527
51.56352	4.45540
51.56344	4.45569
51.56339	4.45584
51.56335	4.45595
51.56328	4.45615
51.56327	4.45616
51.56321	4.45634
51.56317	4.45644
51.56313	4.45653
51.56310	4.45659
51.56306	4.45664
51.56303	4.45669
51.56299	4.45673
51.56296	4.45676
51.56292	4.45679
51.56289	4.45683
51.56285	4.45685
51.56281	4.45688
51.56278	4.45690
51.56274	4.45691
51.56262	4.45695
51.56262	4.45695
51.56255	4.45696
51.56245	4.45699
51.56244	4.45699
51.56244	4.45699
51.56237	4.45701
51.56236	4.45703
51.56230	4.45706
51.56225	4.45710
51.56222	4.45712
51.56219	4.45713
51.56217	4.45713
51.56208	4.45713
51.56203	4.45713
51.56200	4.45713
51.56194	4.45714
51.56187	4.45716
51.56181	4.45717
51.56178	4.45719
51.56177	4.45719
51.56176	4.45720
51.56174	4.45721
51.56171	4.45724
51.56153	4.45745
51.56146	4.45754
51.56146	4.45786
51.56146	4.45786
51.56146	4.45787
51.56146	4.45790
51.56146	4.45805
51.56146	4.45809
51.56145	4.45841
51.56145	4.45881
51.56145	4.45917
51.56144	4.45966
51.56143	4.46030
51.56143	4.46089
51.56143	4.46114
51.56142	4.46135
51.56130	4.46149
51.56116	4.46165
51.56116	4.46165
51.56103	4.46179
51.56102	4.46216
51.56101	4.46242
51.56097	4.46362
51.56101	4.46445
51.56103	4.46502
51.56104	4.46552
51.56105	4.46567
51.56104	4.46580
51.56112	4.46574
51.56119	4.46577
51.56120	4.46582
51.56124	4.46594
51.56129	4.46605
51.56131	4.46610
51.56138	4.46621
51.56143	4.46626
51.56145	4.46630
51.56151	4.46635
51.56159	4.46639
51.56168	4.46640
51.56175	4.46639
51.56191	4.46638
51.56197	4.46637
51.56200	4.46638
51.56204	4.46639
51.56207	4.46645
51.56208	4.46652
51.56210	4.46663
51.56213	4.46697
51.56215	4.46708
51.56216	4.46724
51.56216	4.46724
51.56219	4.46733
51.56226	4.46746
51.56237	4.46762
51.56239	4.46765
51.56248	4.46782
51.56251	4.46789
51.56256	4.46801
51.56261	4.46813
51.56263	4.46818
51.56268	4.46836
51.56275	4.46861
51.56281	4.46880
51.56290	4.46910
51.56301	4.46952
51.56302	4.46959
51.56303	4.46968
51.56305	4.46982
51.56304	4.46991
51.56304	4.46995
51.56302	4.47002
51.56298	4.47015
51.56287	4.47050
51.56283	4.47049
51.56283	4.47051
51.56276	4.47093
51.56273	4.47110
51.56272	4.47117
51.56270	4.47133
51.56266	4.47158
51.56264	4.47167
51.56262	4.47173
51.56256	4.47194
51.56253	4.47206
51.56245	4.47232
51.56241	4.47242
51.56233	4.47268
51.56228	4.47281
51.56224	4.47295
51.56221	4.47301
51.56215	4.47311
51.56212	4.47315
51.56203	4.47324
51.56192	4.47333
51.56189	4.47335
51.56168	4.47346
51.56164	4.47347
51.56156	4.47348
51.56139	4.47351
51.56122	4.47355
51.56117	4.47355
51.56096	4.47358
51.56079	4.47360
51.56074	4.47359
51.56073	4.47376
51.56071	4.47394
51.56075	4.47401
51.56070	4.47502
51.56067	4.47580
51.56066	4.47604
51.56065	4.47620
51.56063	4.47700
51.56061	4.47775
51.56060	4.47852
51.56059	4.47859
51.56059	4.47860
51.56059	4.47867
51.56059	4.47895
51.56058	4.47902
51.56058	4.47906
51.56059	4.47915
51.56059	4.47927
51.56060	4.47934
51.56062	4.47952
51.56066	4.47967
51.56073	4.47986
51.56082	4.48011
51.56085	4.48019
51.56090	4.48038
51.56093	4.48053
51.56095	4.48061
51.56095	4.48063
51.56097	4.48084
51.56097	4.48099
51.56096	4.48128
51.56091	4.48205
51.56089	4.48224
51.56085	4.48289
51.56082	4.48341
51.56080	4.48363
51.56076	4.48427
51.56072	4.48490
51.56068	4.48556
51.56068	4.48565
51.56064	4.48608
51.56060	4.48657
51.56056	4.48669
51.56055	4.48671
51.56052	4.48674
51.56036	4.48697
51.56033	4.48700
51.56031	4.48707
51.56029	4.48713
51.56026	4.48737
51.56024	4.48760
51.56013	4.48859
51.56009	4.48894
51.56001	4.48960
51.55993	4.49030
51.55977	4.49164
51.55975	4.49187
51.55969	4.49237
51.55965	4.49272
51.55960	4.49314
51.55955	4.49363
51.55952	4.49385
51.55949	4.49418
51.55938	4.49510
51.55931	4.49573
51.55925	4.49626
51.55920	4.49671
51.55914	4.49722
51.55906	4.49787
51.55900	4.49843
51.55899	4.49853
51.55894	4.49896
51.55886	4.49960
51.55882	4.49977
51.55877	4.49992
51.55871	4.50003
51.55865	4.50012
51.55858	4.50017
51.55858	4.50017
51.55856	4.50019
51.55854	4.50020
51.55852	4.50022
51.55845	4.50026
51.55836	4.50029
51.55827	4.50028
51.55806	4.50023
51.55766	4.50013
51.55729	4.50002
51.55720	4.50000
51.55718	4.49999
51.55716	4.50001
51.55706	4.49999
51.55700	4.49997
51.55597	4.49969
51.55527	4.49952
51.55507	4.49946
51.55505	4.49946
51.55496	4.49943
51.55492	4.49942
51.55436	4.49927
51.55369	4.49909
51.55300	4.49890
51.55248	4.49876
51.55196	4.49861
51.55104	4.49837
51.55096	4.49834
51.55064	4.49826
51.55026	4.49817
51.55001	4.49811
51.54988	4.49806
51.54985	4.49805
51.54950	4.49799
51.54916	4.49794
51.54900	4.49791
51.54894	4.49790
51.54888	4.49789
51.54856	4.49784
51.54813	4.49777
51.54759	4.49768
51.54691	4.49755
51.54664	4.49751
51.54634	4.49747
51.54627	4.49747
51.54621	4.49749
51.54615	4.49753
51.54609	4.49759
51.54603	4.49767
51.54600	4.49774
51.54596	4.49789
51.54595	4.49791
51.54597	4.49792
51.54596	4.49805
51.54593	4.49824
51.54589	4.49840
51.54586	4.49849
51.54584	4.49854
51.54581	4.49861
51.54581	4.49861
51.54575	4.49872
51.54570	4.49879
51.54563	4.49885
51.54551	4.49891
51.54541	4.49894
51.54531	4.49894
51.54484	4.49884
51.54479	4.49883
51.54478	4.49883
51.54473	4.49928
51.54469	4.49965
51.54458	4.50062
51.54456	4.50082
51.54448	4.50159
51.54443	4.50192
51.54402	4.50430
51.54402	4.50443
51.54402	4.50445
51.54386	4.50543
51.54380	4.50577
51.54379	4.50581
51.54375	4.50612
51.54354	4.50735
51.54348	4.50771
51.54346	4.50779
51.54342	4.50800
51.54344	4.50806
51.54349	4.50776
51.54365	4.50854
51.54365	4.50855
51.54380	4.50932
51.54391	4.51016
51.54393	4.51028
51.54401	4.51084
51.54401	4.51109
51.54398	4.51132
51.54388	4.51165
51.54323	4.51244
51.54320	4.51248
51.54318	4.51250
51.54277	4.51299
51.54267	4.51311
51.54226	4.51360
51.54226	4.51360
51.54211	4.51378
51.54195	4.51419
51.54190	4.51444
51.54190	4.51487
51.54194	4.51510
51.54202	4.51549
51.54205	4.51562
51.54208	4.51578
51.54209	4.51583
51.54226	4.51602
51.54246	4.51608
51.54300	4.51580
51.54299	4.51587
51.54288	4.51771
51.54284	4.51840
51.54282	4.51883
51.54281	4.51899
51.54279	4.51930
51.54273	4.52029
51.54269	4.52083
51.54265	4.52161
51.54264	4.52168
51.54256	4.52316
51.54256	4.52317
51.54256	4.52319
51.54077	4.52286
51.53914	4.52257
51.53900	4.52254
51.53554	4.52187
51.53309	4.52141
51.53305	4.52143
51.53275	4.52157
51.53242	4.52174
51.53234	4.52178
51.53191	4.52194
51.53191	4.52195
51.53178	4.52197
51.53177	4.52197
51.53174	4.52197
51.53167	4.52194
51.53164	4.52189
51.53163	4.52189
51.53156	4.52179
51.53153	4.52174
51.53150	4.52171
51.53127	4.52154
51.53100	4.52139
51.52992	4.52087
51.52982	4.52082
51.52955	4.52070
51.52916	4.52049
51.52899	4.52042
51.52898	4.52066
51.52898	4.52067
51.52895	4.52119
51.52894	4.52118
51.52893	4.52117
51.52884	4.52110
51.52845	4.52075
51.52841	4.52072
51.52763	4.52002
51.52728	4.51971
51.52713	4.51958
51.52712	4.51958
51.52710	4.51958
51.52708	4.51958
51.52706	4.51959
51.52704	4.51960
51.52702	4.51961
51.52693	4.51976
51.52685	4.51992
51.52680	4.52000
51.52675	4.52006
51.52669	4.52011
51.52665	4.52013
51.52661	4.52014
51.52658	4.52014
51.52656	4.52014
51.52653	4.52014
51.52625	4.52002
51.52556	4.51974
51.52540	4.51966
51.52532	4.51949
51.52532	4.51932
51.52535	4.51909
51.52547	4.51819
51.52548	4.51804
51.52547	4.51784
51.52543	4.51772
51.52539	4.51765
51.52530	4.51757
51.52492	4.51740
51.52465	4.51729
51.52330	4.51672
51.52275	4.51650
51.52250	4.51640
51.52191	4.51616
51.52175	4.51610
51.52155	4.51606
51.52153	4.51602
51.52152	4.51595
51.52154	4.51555
51.52161	4.51428
51.52165	4.51370
51.52164	4.51361
51.52160	4.51356
51.52154	4.51353
51.52142	4.51353
51.51790	4.51433
51.51789	4.51427
51.51781	4.51351
51.51774	4.51293
51.51765	4.51228
51.51691	4.50600
51.51677	4.50306
51.51676	4.50288
51.51675	4.50266
51.51674	4.50242
51.51673	4.50223
51.51672	4.50218
51.51568	4.50163
51.51567	4.50162
51.51531	4.50144
51.51530	4.50143
51.51530	4.50143
51.51518	4.50137
51.51487	4.50120
51.51476	4.50114
51.51471	4.50112
51.51458	4.50105
51.51455	4.50103
51.51415	4.50082
51.51390	4.50069
51.51311	4.50027
51.51286	4.50014
51.51264	4.50002
51.51259	4.50000
51.51094	4.49912
51.51010	4.49867
51.50986	4.49852
51.50977	4.49840
51.50965	4.49825
51.50961	4.49821
51.50878	4.49722
51.50830	4.49665
51.50825	4.49661
51.50821	4.49657
51.50817	4.49658
51.50736	4.49677
51.50737	4.49685
51.50737	4.49691
51.50549	4.49740
51.50490	4.49755
51.50480	4.49757
51.50445	4.49766
51.50393	4.49780
51.50188	4.49832
51.50187	4.49813
51.50182	4.49814
51.50181	4.49810
51.50171	4.49804
51.50084	4.49759
51.50084	4.49758
51.50069	4.49751
51.50017	4.49723
51.50011	4.49720
51.49947	4.49686
51.49674	4.49544
51.49594	4.49501
51.49593	4.49501
51.49538	4.49472
51.49535	4.49471
51.49522	4.49463
51.49476	4.49439
51.49371	4.49384
51.49285	4.49338
51.49273	4.49333
51.49235	4.49313
51.49138	4.49262
51.49105	4.49245
51.49100	4.49242
51.49002	4.49190
51.48987	4.49183
51.48957	4.49167
51.48904	4.49139
51.48766	4.49066
51.48759	4.49063
51.48758	4.49062
51.48717	4.49040
51.48714	4.49039
51.48702	4.49033
51.48699	4.49031
51.48586	4.49111
51.48461	4.49197
51.48395	4.49242
51.48362	4.49264
51.48337	4.49281
51.48334	4.49283
51.48329	4.49286
51.48328	4.49281
51.48319	4.49250
51.48243	4.48984
51.48219	4.48898
51.48215	4.48883
51.48213	4.48870
51.48208	4.48838
51.48204	4.48805
51.48178	4.48621
51.48171	4.48581
51.48162	4.48541
51.48157	4.48540
51.48154	4.48540
51.48089	4.48538
51.48077	4.48540
51.48066	4.48543
51.48059	4.48546
51.47840	4.48629
51.47836	4.48630
51.47735	4.48668
51.47740	4.48609
51.47741	4.48600
51.47744	4.48578
51.47756	4.48506
51.47758	4.48498
51.47770	4.48413
51.47783	4.48330
51.47793	4.48258
51.47804	4.48190
51.47813	4.48123
51.47818	4.48085
51.47823	4.48048
51.47825	4.48036
51.47826	4.48032
51.47828	4.48024
51.47829	4.48010
51.47829	4.48000
51.47829	4.47987
51.47829	4.47967
51.47828	4.47957
51.47828	4.47943
51.47828	4.47935
51.47826	4.47928
51.47824	4.47925
51.47821	4.47921
51.47828	4.47912
51.47833	4.47901
51.47835	4.47896
51.47833	4.47893
51.47831	4.47891
51.47828	4.47886
51.47828	4.47881
51.47830	4.47869
51.47830	4.47861
51.47829	4.47839
51.47829	4.47830
51.47828	4.47821
51.47827	4.47812
51.47827	4.47804
51.47828	4.47800
51.47829	4.47792
51.47828	4.47782
51.47828	4.47755
51.47829	4.47734
51.47829	4.47728
51.47828	4.47716
51.47829	4.47712
51.47830	4.47704
51.47830	4.47699
51.47829	4.47691
51.47829	4.47682
51.47829	4.47670
51.47828	4.47662
51.47827	4.47651
51.47827	4.47649
51.47819	4.47621
51.47818	4.47614
51.47817	4.47606
51.47814	4.47596
51.47811	4.47587
51.47808	4.47578
51.47801	4.47562
51.47798	4.47554
51.47793	4.47548
51.47787	4.47538
51.47781	4.47526
51.47777	4.47517
51.47772	4.47509
51.47768	4.47493
51.47767	4.47489
51.47766	4.47478
51.47759	4.47456
51.47754	4.47443
51.47750	4.47431
51.47748	4.47423
51.47748	4.47422
51.47743	4.47415
51.47738	4.47408
51.47725	4.47385
51.47715	4.47367
51.47715	4.47367
51.47705	4.47348
51.47698	4.47332
51.47695	4.47323
51.47679	4.47293
51.47675	4.47281
51.47668	4.47263
51.47650	4.47216
51.47640	4.47188
51.47637	4.47179
51.47635	4.47173
51.47632	4.47165
51.47630	4.47164
51.47625	4.47165
51.47624	4.47163
51.47605	4.47136
51.47600	4.47127
51.47591	4.47113
51.47579	4.47092
51.47571	4.47080
51.47565	4.47073
51.47559	4.47068
51.47551	4.47060
51.47546	4.47057
51.47541	4.47053
51.47538	4.47049
51.47526	4.47028
51.47521	4.47015
51.47516	4.47002
51.47514	4.46997
51.47502	4.46983
51.47489	4.46970
51.47485	4.46963
51.47470	4.46946
51.47455	4.46929
51.47449	4.46923
51.47446	4.46921
51.47444	4.46919
51.47440	4.46915
51.47433	4.46905
51.47430	4.46899
51.47427	4.46892
51.47422	4.46874
51.47419	4.46862
51.47417	4.46860
51.47410	4.46851
51.47402	4.46846
51.47395	4.46840
51.47390	4.46836
51.47388	4.46833
51.47386	4.46831
51.47379	4.46826
51.47372	4.46824
51.47367	4.46822
51.47347	4.46811
51.47334	4.46798
51.47315	4.46768
51.47309	4.46754
51.47305	4.46744
51.47301	4.46737
51.47294	4.46730
51.47288	4.46726
51.47282	4.46723
51.47277	4.46718
51.47271	4.46716
51.47260	4.46712
51.47250	4.46708
51.47246	4.46705
51.47234	4.46695
51.47216	4.46681
51.47208	4.46679
51.47203	4.46676
51.47199	4.46672
51.47196	4.46666
51.47191	4.46652
51.47185	4.46640
51.47184	4.46633
51.47182	4.46627
51.47164	4.46605
51.47157	4.46597
51.47153	4.46590
51.47151	4.46584
51.47145	4.46564
51.47128	4.46519
51.47113	4.46491
51.47101	4.46472
51.47101	4.46471
51.47115	4.46456
51.47112	4.46438
51.47098	4.46366
51.47089	4.46316
51.47080	4.46265
51.47071	4.46214
51.47059	4.46143
51.47051	4.46098
51.47045	4.46065
51.47044	4.46057
51.47043	4.46054
51.47042	4.46046
51.47032	4.45986
51.47019	4.45918
51.47012	4.45876
51.47010	4.45863
51.47006	4.45842
51.47005	4.45842
51.47001	4.45821
51.46995	4.45792
51.46989	4.45757
51.46984	4.45722
51.46982	4.45705
51.46980	4.45690
51.46978	4.45663
51.46977	4.45654
51.46976	4.45641
51.46972	4.45596
51.46969	4.45562
51.46968	4.45546
51.46962	4.45484
51.46962	4.45476
51.46959	4.45442
51.46958	4.45431
51.46957	4.45414
51.46957	4.45402
51.46956	4.45391
51.46951	4.45334
51.46947	4.45278
51.46946	4.45262
51.46937	4.45156
51.46935	4.45130
51.46927	4.45026
51.46925	4.45027
51.46919	4.44955
51.46915	4.44912
51.46915	4.44908
51.46914	4.44895
51.46914	4.44890
51.46913	4.44882
51.46912	4.44874
51.46910	4.44849
51.46899	4.44719
51.46898	4.44705
51.46897	4.44701
51.46898	4.44685
51.46898	4.44663
51.46898	4.44661
51.46895	4.44606
51.46894	4.44597
51.46883	4.44447
51.46870	4.44265
51.46869	4.44261
51.46869	4.44256
51.46863	4.44243
51.46863	4.44242
51.46835	4.44159
51.46767	4.43953
51.46695	4.43736
51.46605	4.43466
51.46555	4.43314
51.46491	4.43121
51.46428	4.42932
51.46398	4.42840
51.46393	4.42824
51.46383	4.42794
51.46328	4.42629
51.46310	4.42573
51.46307	4.42564
51.46287	4.42505
51.46285	4.42498
51.46283	4.42492
51.46278	4.42480
51.46275	4.42470
51.46191	4.42215
51.46186	4.42201
51.46022	4.41706
51.45988	4.41602
51.45976	4.41566
51.45976	4.41566
51.45974	4.41559
51.45973	4.41558
51.45943	4.41468
51.45901	4.41340
51.45874	4.41260
51.45867	4.41238
51.45800	4.41035
51.45747	4.40877
51.45734	4.40836
51.45733	4.40834
51.45730	4.40823
51.45612	4.40468
51.45592	4.40408
51.45588	4.40397
51.45586	4.40390
51.45523	4.40198
51.45437	4.39948
51.45326	4.39622
51.45267	4.39450
51.45249	4.39398
51.45237	4.39362
51.45212	4.39300
51.45188	4.39244
51.45176	4.39217
51.45151	4.39128
51.45150	4.39115
51.45149	4.39108
51.45309	4.38768
51.45356	4.38668
51.45364	4.38651
51.45478	4.38411
51.45499	4.38366
51.45512	4.38341
51.45512	4.38339
51.45518	4.38306
51.45524	4.38236
51.45532	4.38152
51.45540	4.38063
51.45542	4.38045
51.45560	4.37850
51.45561	4.37843
51.45574	4.37684
51.45581	4.37611
51.45582	4.37602
51.45584	4.37586
51.45586	4.37559
51.45587	4.37548
51.45595	4.37460
51.45601	4.37401
51.45614	4.37264
51.45627	4.37117
51.45639	4.36983
51.45652	4.36844
51.45658	4.36789
51.45664	4.36740
51.45671	4.36702
51.45672	4.36697
51.45679	4.36700
51.45900	4.36614
51.45910	4.36609
51.46021	4.36566
51.46023	4.36565
51.46028	4.36564
51.46125	4.36526
51.46136	4.36522
51.46143	4.36519
51.46258	4.36473
51.46426	4.36408
51.46452	4.36398
51.46525	4.36370
51.46654	4.36320
51.46878	4.36234
51.46913	4.36221
51.47122	4.36140
51.47162	4.36249
51.47165	4.36258
51.47169	4.36267
51.47229	4.36253
51.47285	4.36241
51.47328	4.36230
51.47362	4.36222
51.47362	4.36223
51.47493	4.36195
51.47492	4.36192
51.47583	4.36173
51.47584	4.36176
51.47636	4.36164
51.47637	4.36163
51.47684	4.36342
51.47687	4.36353
51.47725	4.36496
51.47766	4.36647
51.47813	4.36820
51.47815	4.36827
51.47813	4.36828
51.47811	4.36830
51.47897	4.37154
51.47901	4.37169
51.47903	4.37168
51.47905	4.37166
51.47909	4.37166
51.47952	4.37167
51.48017	4.37169
51.48072	4.37172
51.48114	4.37173
51.48144	4.37174
51.48197	4.37176
51.48259	4.37179
51.48259	4.37182
51.48391	4.37187
51.48391	4.37182
51.48406	4.37184
51.48459	4.37195
51.48518	4.37209
51.48529	4.37211
51.48595	4.37224
51.48631	4.37234
51.48658	4.37241
51.48712	4.37253
51.48724	4.37256
51.48731	4.37258
51.48741	4.37262
51.48751	4.37268
51.48756	4.37270
51.48767	4.37277
51.48772	4.37280
51.48777	4.37264
51.48787	4.37231
51.48794	4.37211
51.48796	4.37204
51.48874	4.36971
51.48880	4.36953
51.48893	4.36915
51.48899	4.36898
51.48913	4.36853
51.48915	4.36855
51.48931	4.36809
51.48962	4.36718
51.48965	4.36711
51.49015	4.36560
51.49024	4.36539
51.49029	4.36525
51.49035	4.36512
51.49040	4.36502
51.49045	4.36494
51.49106	4.36413
51.49117	4.36398
51.49115	4.36394
51.49115	4.36393
51.49119	4.36388
51.49121	4.36384
51.49124	4.36379
51.49128	4.36370
51.49131	4.36356
51.49146	4.36292
51.49166	4.36206
51.49178	4.36157
51.49182	4.36139
51.49203	4.36047
51.49216	4.35989
51.49238	4.35884
51.49247	4.35841
51.49260	4.35817
51.49282	4.35801
51.49293	4.35793
51.49311	4.35777
51.49497	4.35611
51.49597	4.35522
51.49668	4.35456
51.49799	4.35335
51.49802	4.35330
51.49905	4.35236
51.49917	4.35226
51.49937	4.35207
51.49957	4.35190
51.49967	4.35180
51.49977	4.35171
51.49982	4.35168
51.49993	4.35159
51.50010	4.35146
51.50024	4.35137
51.50041	4.35127
51.50082	4.35104
51.50119	4.35083
51.50129	4.35077
51.50167	4.35062
51.50227	4.35028
51.50244	4.35018
51.50271	4.35001
51.50327	4.34967
51.50345	4.34956
51.50348	4.34954
51.50385	4.35118
51.50508	4.35260
51.50520	4.35274
51.50530	4.35288
51.50541	4.35311
51.50545	4.35323
51.50553	4.35350
51.50562	4.35380
51.50578	4.35440
51.50590	4.35432
51.50629	4.35407
51.50645	4.35396
51.50636	4.35360
51.50613	4.35269
51.50606	4.35240
51.50604	4.35235
51.50582	4.35146
51.50570	4.35088
51.50565	4.35060
51.50567	4.35056
51.50570	4.35055
51.50592	4.35060
51.50603	4.35063
51.50664	4.35076
51.50705	4.35085
51.50711	4.35087
51.50763	4.35098
51.50777	4.35101
51.50825	4.35112
51.50878	4.35124
51.50957	4.35141
51.50971	4.35144
51.50988	4.35147
51.50988	4.35149
51.50990	4.35150
51.51010	4.35154
51.51018	4.35155
51.51105	4.35174
51.51120	4.35177
51.51145	4.35184
51.51156	4.35186
51.51210	4.35198
51.51212	4.35198
51.51278	4.35213
51.51322	4.35222
51.51355	4.35230
51.51384	4.35236
51.51416	4.35244
51.51422	4.35245
51.51430	4.35246
51.51449	4.35242
51.51503	4.35228
51.51594	4.35204
51.51608	4.35200
51.51637	4.35192
51.51636	4.35189
51.51672	4.35180
51.51673	4.35183
51.51699	4.35176
51.51767	4.35159
51.51770	4.35160
51.51778	4.35144
51.51781	4.35139
51.51801	4.35096
51.51800	4.35093
51.51817	4.35060
51.51836	4.35022
51.51836	4.35022
51.51837	4.35018
51.51837	4.35014
51.51837	4.35013
51.51832	4.34872
51.51830	4.34849
51.51829	4.34829
51.51828	4.34826
51.51827	4.34822
51.51823	4.34732
51.51821	4.34680
51.51819	4.34633
51.51817	4.34605
51.51820	4.34604
51.51818	4.34564
51.51814	4.34490
51.51812	4.34490
51.51809	4.34436
51.51809	4.34435
51.51808	4.34412
51.51807	4.34376
51.51806	4.34295
51.51805	4.34237
51.51805	4.34237
51.51805	4.34219
51.51868	4.34197
51.51944	4.34169
51.51952	4.34165
51.51954	4.34165
51.52000	4.34147
51.52028	4.34137
51.52082	4.34117
51.52132	4.34100
51.52173	4.34084
51.52179	4.34082
51.52221	4.34066
51.52222	4.34071
51.52266	4.34056
51.52267	4.34056
51.52267	4.34046
51.52268	4.34046
51.52275	4.34050
51.52285	4.34059
51.52311	4.34077
51.52337	4.34096
51.52346	4.34102
51.52349	4.34105
51.52355	4.34110
51.52377	4.34123
51.52377	4.34120
51.52390	4.34126
51.52401	4.34131
51.52428	4.34149
51.52475	4.34178
51.52485	4.34185
51.52490	4.34189
51.52530	4.34217
51.52559	4.34238
51.52597	4.34266
51.52614	4.34277
51.52618	4.34280
51.52622	4.34282
51.52627	4.34281
51.52639	4.34278
51.52655	4.34195
51.52666	4.34130
51.52681	4.34066
51.52712	4.33944
51.52723	4.33898
51.52756	4.33765
51.52752	4.33738
51.52750	4.33729
51.52745	4.33712
51.52743	4.33696
51.52741	4.33685
51.52742	4.33675
51.52742	4.33659
51.52744	4.33643
51.52751	4.33607
51.52784	4.33453
51.52792	4.33414
51.52827	4.33247
51.52828	4.33236
51.52828	4.33227
51.52828	4.33219
51.52827	4.33174
51.52826	4.33090
51.52826	4.33055
51.52827	4.33014
51.52828	4.33009
51.52824	4.32989
51.52825	4.32989
51.52826	4.32989
51.52838	4.32985
51.52915	4.32959
51.52922	4.32957
51.52932	4.32954
51.52933	4.32949
51.52936	4.32910
51.52961	4.32565
51.52969	4.32567
51.52994	4.32574
51.53003	4.32622
51.53013	4.32655
51.53073	4.32841
51.53075	4.32839
51.53078	4.32836
51.53082	4.32829
51.53097	4.32795
51.53175	4.32873
51.53320	4.32824
51.53323	4.32823
51.53519	4.32757
51.53559	4.32656
51.53567	4.32638
51.53574	4.32622
51.53603	4.32562
51.53618	4.32529
51.53618	4.32529
51.53623	4.32526
51.53663	4.32440
51.53717	4.32325
51.53784	4.32170
51.53788	4.32160
51.53797	4.32163
51.53799	4.32157
51.53802	4.32148
51.53806	4.32135
51.53808	4.32115
51.53812	4.32104
51.53818	4.32089
51.53825	4.32072
51.53830	4.32058
51.53845	4.32022
51.53866	4.31972
51.53884	4.31928
51.53904	4.31879
51.53918	4.31846
51.53922	4.31837
51.53931	4.31813
51.53932	4.31810
51.53954	4.31754
51.53982	4.31684
51.54009	4.31615
51.54014	4.31603
51.54016	4.31599
51.54026	4.31572
51.54108	4.31462
51.54108	4.31460
51.54169	4.31267
51.54171	4.31262
51.54345	4.30708
51.54350	4.30691
51.54350	4.30688
51.54352	4.30681
51.54355	4.30686
51.54358	4.30690
51.54360	4.30692
51.54362	4.30694
51.54365	4.30696
51.54367	4.30698
51.54370	4.30699
51.54377	4.30702
51.54419	4.30720
51.54466	4.30739
51.54512	4.30756
51.54557	4.30774
51.54607	4.30794
51.54636	4.30805
51.54645	4.30809
51.54660	4.30815
51.54671	4.30819
51.54673	4.30820
51.54672	4.30828
51.54600	4.31224
51.54598	4.31235
51.54597	4.31243
51.54597	4.31251
51.54597	4.31258
51.54598	4.31265
51.54604	4.31295
51.54604	4.31303
51.54603	4.31313
51.54582	4.31433
51.54550	4.31619
51.54549	4.31627
51.54550	4.31631
51.54647	4.31670
51.54719	4.31699
51.54740	4.31707
51.54755	4.31712
51.54770	4.31718
51.54891	4.31763
51.54968	4.31792
51.55026	4.31813
51.55048	4.31817
51.55065	4.31819
51.55073	4.31819
51.55079	4.31818
51.55084	4.31815
51.55113	4.31802
51.55122	4.31798
