# GsakName=Stein
# This County polygon is based on data © OpenStreetMap contributors
# The OpenStreetMap data is made available under the Open Database License, see http://www.openstreetmap.org/copyright
# This polygon file is made available under the same Open Database License: http://opendatacommons.org/licenses/odbl/1.0/.
# OSM RelationID=2078288

50.95518	5.72688
50.95496	5.72810
50.95495	5.72875
50.95494	5.72966
50.95488	5.73124
50.95519	5.73281
50.95545	5.73416
50.95606	5.73528
50.95646	5.73655
50.95674	5.73733
50.95689	5.73775
50.95743	5.73901
50.95842	5.73931
50.95916	5.73999
50.95920	5.74002
50.95990	5.74101
50.96056	5.74204
50.96097	5.74303
50.96109	5.74333
50.96135	5.74408
50.96154	5.74463
50.96164	5.74623
50.96147	5.74740
50.96143	5.74762
50.96108	5.74903
50.96074	5.75052
50.96021	5.75169
50.95966	5.75284
50.95912	5.75364
50.95899	5.75383
50.95772	5.75605
50.95690	5.75680
50.95641	5.75723
50.95604	5.75755
50.95569	5.75785
50.95525	5.75823
50.95461	5.75867
50.95442	5.75880
50.95357	5.75912
50.95254	5.75919
50.95236	5.75911
50.95166	5.75882
50.95075	5.75811
50.95036	5.75718
50.95025	5.75692
50.95012	5.75652
50.94984	5.75567
50.94983	5.75551
50.94979	5.75445
50.94960	5.75295
50.94924	5.75158
50.94877	5.75030
50.94828	5.74909
50.94786	5.74777
50.94730	5.74659
50.94650	5.74588
50.94566	5.74623
50.94543	5.74633
50.94449	5.74627
50.94356	5.74616
50.94341	5.74599
50.94300	5.74658
50.94285	5.74678
50.94288	5.74677
50.94315	5.74669
50.94306	5.74679
50.94288	5.74696
50.94273	5.74712
50.94260	5.74729
50.94250	5.74745
50.94203	5.74813
50.94201	5.74796
50.94187	5.74814
50.94166	5.74841
50.94150	5.74861
50.94133	5.74877
50.94116	5.74884
50.94100	5.74891
50.94092	5.74891
50.94087	5.74891
50.94073	5.74891
50.94053	5.74890
50.94046	5.74887
50.94047	5.74904
50.94021	5.74900
50.93995	5.74890
50.93957	5.74868
50.93923	5.74846
50.93898	5.74824
50.93910	5.74924
50.93910	5.74925
50.93911	5.74929
50.93911	5.74930
50.93920	5.75012
50.93666	5.74892
50.93591	5.74856
50.93575	5.74900
50.93565	5.74927
50.93558	5.74946
50.93522	5.75020
50.93516	5.75033
50.93512	5.75040
50.93507	5.75047
50.93506	5.75049
50.93505	5.75053
50.93496	5.75071
50.93488	5.75089
50.93477	5.75110
50.93474	5.75123
50.93472	5.75140
50.93464	5.75158
50.93455	5.75172
50.93448	5.75184
50.93445	5.75188
50.93445	5.75189
50.93445	5.75189
50.93440	5.75211
50.93439	5.75221
50.93438	5.75224
50.93431	5.75229
50.93420	5.75248
50.93418	5.75251
50.93417	5.75262
50.93417	5.75265
50.93418	5.75268
50.93414	5.75278
50.93420	5.75284
50.93407	5.75309
50.93406	5.75317
50.93403	5.75321
50.93398	5.75345
50.93390	5.75360
50.93377	5.75367
50.93382	5.75375
50.93376	5.75385
50.93373	5.75380
50.93367	5.75386
50.93361	5.75403
50.93356	5.75408
50.93355	5.75414
50.93349	5.75425
50.93339	5.75431
50.93333	5.75432
50.93331	5.75438
50.93326	5.75442
50.93321	5.75437
50.93315	5.75449
50.93309	5.75453
50.93308	5.75457
50.93304	5.75458
50.93295	5.75469
50.93293	5.75468
50.93285	5.75479
50.93279	5.75478
50.93244	5.75479
50.93234	5.75483
50.93232	5.75486
50.93227	5.75485
50.93223	5.75487
50.93215	5.75499
50.93200	5.75524
50.93200	5.75525
50.93200	5.75526
50.93194	5.75535
50.93177	5.75543
50.93175	5.75543
50.93163	5.75604
50.93155	5.75654
50.93146	5.75703
50.93145	5.75708
50.93146	5.75708
50.93159	5.75714
50.93184	5.75724
50.93206	5.75735
50.93214	5.75739
50.93230	5.75746
50.93214	5.75812
50.93209	5.75831
50.93191	5.75898
50.93170	5.75972
50.93146	5.76054
50.93124	5.76131
50.93123	5.76133
50.93118	5.76153
50.93050	5.76110
50.93043	5.76123
50.92990	5.76295
50.92941	5.76454
50.92919	5.76526
50.92907	5.76563
50.92899	5.76589
50.92894	5.76602
50.92876	5.76655
50.92865	5.76692
50.92860	5.76709
50.92852	5.76739
50.92830	5.76814
50.92819	5.76854
50.92852	5.76875
50.92854	5.76877
50.92860	5.76881
50.92876	5.76895
50.92882	5.76901
50.92883	5.76902
50.92797	5.77084
50.92796	5.77088
50.92793	5.77094
50.92798	5.77109
50.92800	5.77118
50.92802	5.77122
50.92808	5.77137
50.92817	5.77160
50.92829	5.77190
50.92847	5.77234
50.92859	5.77253
50.92864	5.77262
50.92873	5.77273
50.92884	5.77289
50.92890	5.77297
50.92900	5.77306
50.92905	5.77312
50.92920	5.77327
50.92926	5.77332
50.92929	5.77333
50.92930	5.77333
50.92931	5.77334
50.92936	5.77337
50.92939	5.77341
50.92939	5.77341
50.92939	5.77345
50.92961	5.77363
50.92963	5.77362
50.92970	5.77368
50.92982	5.77379
50.93002	5.77394
50.93032	5.77417
50.93046	5.77429
50.93060	5.77440
50.93068	5.77448
50.93076	5.77455
50.93084	5.77465
50.93090	5.77472
50.93098	5.77482
50.93115	5.77506
50.93129	5.77533
50.93135	5.77544
50.93140	5.77556
50.93145	5.77569
50.93149	5.77581
50.93154	5.77594
50.93157	5.77605
50.93161	5.77619
50.93165	5.77633
50.93167	5.77644
50.93169	5.77655
50.93172	5.77670
50.93174	5.77684
50.93177	5.77700
50.93177	5.77700
50.93195	5.77691
50.93208	5.77709
50.93233	5.77743
50.93252	5.77769
50.93269	5.77792
50.93301	5.77723
50.93322	5.77758
50.93368	5.77832
50.93382	5.77855
50.93418	5.77767
50.93461	5.77798
50.93510	5.77825
50.93536	5.77840
50.93556	5.77850
50.93565	5.77856
50.93568	5.77857
50.93576	5.77861
50.93584	5.77864
50.93598	5.77866
50.93620	5.77870
50.93627	5.77849
50.93657	5.77855
50.93687	5.77860
50.93696	5.77862
50.93701	5.77863
50.93705	5.77864
50.93720	5.77867
50.93718	5.77890
50.93744	5.77898
50.93749	5.77899
50.93781	5.77909
50.93789	5.77912
50.93804	5.77909
50.93807	5.77910
50.93817	5.77916
50.93865	5.77945
50.93898	5.77965
50.93924	5.77923
50.93996	5.78021
50.94003	5.78008
50.94048	5.78084
50.94050	5.78088
50.94091	5.78156
50.94105	5.78180
50.94118	5.78202
50.94177	5.78273
50.94181	5.78261
50.94263	5.78320
50.94259	5.78348
50.94300	5.78373
50.94313	5.78198
50.94317	5.78147
50.94358	5.78002
50.94367	5.77970
50.94373	5.77951
50.94378	5.77932
50.94382	5.77917
50.94392	5.77924
50.94398	5.77904
50.94501	5.77979
50.94505	5.77982
50.94506	5.77982
50.94507	5.77983
50.94510	5.77984
50.94512	5.77985
50.94534	5.77995
50.94545	5.78061
50.94549	5.78083
50.94555	5.78111
50.94559	5.78134
50.94565	5.78148
50.94569	5.78167
50.94572	5.78182
50.94574	5.78190
50.94582	5.78219
50.94588	5.78243
50.94598	5.78280
50.94599	5.78283
50.94625	5.78370
50.94625	5.78374
50.94629	5.78380
50.94635	5.78379
50.94635	5.78378
50.94636	5.78378
50.94637	5.78380
50.94644	5.78400
50.94676	5.78478
50.94677	5.78477
50.94687	5.78499
50.94688	5.78500
50.94694	5.78514
50.94709	5.78544
50.94714	5.78549
50.94723	5.78558
50.94725	5.78561
50.94779	5.78668
50.94793	5.78696
50.94801	5.78711
50.94812	5.78731
50.94812	5.78732
50.94822	5.78749
50.94835	5.78772
50.94857	5.78805
50.94861	5.78811
50.94861	5.78811
50.94890	5.78806
50.94940	5.78799
50.94945	5.78798
50.94989	5.78786
50.95002	5.78781
50.95027	5.78772
50.95042	5.78767
50.95074	5.78754
50.95117	5.78738
50.95142	5.78727
50.95145	5.78726
50.95146	5.78726
50.95380	5.78647
50.95390	5.78645
50.95413	5.78641
50.95452	5.78631
50.95467	5.78627
50.95487	5.78620
50.95496	5.78621
50.95498	5.78622
50.95509	5.78623
50.95510	5.78623
50.95511	5.78623
50.95618	5.78600
50.95627	5.78598
50.95631	5.78597
50.95633	5.78597
50.95815	5.78581
50.95819	5.78586
50.95861	5.78582
50.95901	5.78582
50.95907	5.78582
50.95994	5.78582
50.96043	5.78586
50.96098	5.78589
50.96165	5.78595
50.96225	5.78600
50.96263	5.78596
50.96303	5.78586
50.96325	5.78576
50.96327	5.78575
50.96336	5.78571
50.96351	5.78562
50.96366	5.78553
50.96411	5.78513
50.96451	5.78488
50.96508	5.78470
50.96550	5.78461
50.96555	5.78460
50.96801	5.78417
50.96833	5.78412
50.96872	5.78396
50.96888	5.78390
50.96912	5.78438
50.96935	5.78470
50.96961	5.78512
50.96957	5.78523
50.97000	5.78571
50.97013	5.78581
50.97034	5.78598
50.97066	5.78619
50.97088	5.78631
50.97137	5.78654
50.97171	5.78664
50.97217	5.78672
50.97249	5.78674
50.97286	5.78677
50.97357	5.78671
50.97429	5.78655
50.97430	5.78655
50.97446	5.78650
50.97464	5.78644
50.97503	5.78626
50.97562	5.78604
50.97566	5.78602
50.97599	5.78586
50.97616	5.78577
50.97618	5.78577
50.97672	5.78546
50.97685	5.78537
50.97685	5.78537
50.97699	5.78529
50.97699	5.78529
50.97724	5.78514
50.97736	5.78507
50.97737	5.78499
50.97743	5.78502
50.97782	5.78476
50.97792	5.78469
50.97781	5.78463
50.97829	5.78435
50.97836	5.78438
50.97847	5.78431
50.97849	5.78432
50.97849	5.78431
50.97861	5.78421
50.97861	5.78421
50.97890	5.78401
50.97892	5.78388
50.97945	5.78351
50.97972	5.78333
50.97984	5.78338
50.97994	5.78328
50.97997	5.78329
50.98022	5.78314
50.98030	5.78317
50.98055	5.78306
50.98045	5.78302
50.98078	5.78287
50.98122	5.78268
50.98150	5.78259
50.98158	5.78256
50.98168	5.78253
50.98213	5.78239
50.98258	5.78229
50.98304	5.78222
50.98350	5.78217
50.98396	5.78215
50.98440	5.78215
50.98456	5.78223
50.98457	5.78224
50.98459	5.78225
50.98461	5.78225
50.98462	5.78220
50.98488	5.78220
50.98534	5.78225
50.98537	5.78225
50.98542	5.78214
50.98581	5.78218
50.98599	5.78220
50.98601	5.78221
50.98616	5.78223
50.98641	5.78228
50.98656	5.78231
50.98661	5.78239
50.98681	5.78242
50.98718	5.78249
50.98754	5.78254
50.98775	5.78261
50.98839	5.78280
50.98854	5.78295
50.98898	5.78309
50.98942	5.78325
50.98974	5.78338
50.98975	5.78333
50.98987	5.78338
50.98991	5.78340
50.99018	5.78351
50.99028	5.78355
50.99048	5.78362
50.99073	5.78371
50.99097	5.78378
50.99119	5.78388
50.99140	5.78402
50.99160	5.78417
50.99164	5.78420
50.99191	5.78445
50.99200	5.78454
50.99231	5.78481
50.99234	5.78483
50.99250	5.78499
50.99254	5.78502
50.99270	5.78518
50.99272	5.78520
50.99274	5.78521
50.99280	5.78527
50.99318	5.78555
50.99321	5.78557
50.99326	5.78561
50.99328	5.78562
50.99344	5.78574
50.99358	5.78585
50.99362	5.78588
50.99375	5.78596
50.99386	5.78602
50.99398	5.78608
50.99405	5.78612
50.99441	5.78629
50.99448	5.78632
50.99456	5.78636
50.99470	5.78643
50.99479	5.78647
50.99490	5.78652
50.99494	5.78654
50.99497	5.78655
50.99521	5.78667
50.99599	5.78701
50.99607	5.78704
50.99612	5.78706
50.99681	5.78739
50.99701	5.78748
50.99710	5.78753
50.99722	5.78759
50.99764	5.78779
50.99791	5.78792
50.99793	5.78793
50.99876	5.78837
50.99910	5.78854
50.99945	5.78872
50.99957	5.78879
51.00001	5.78895
51.00030	5.78905
51.00083	5.78924
51.00084	5.78925
51.00120	5.78920
51.00122	5.78900
51.00126	5.78858
51.00127	5.78845
51.00129	5.78818
51.00129	5.78812
51.00132	5.78795
51.00133	5.78783
51.00139	5.78753
51.00128	5.78749
51.00151	5.78642
51.00158	5.78608
51.00200	5.78404
51.00243	5.78203
51.00255	5.78146
51.00283	5.78015
51.00307	5.77903
51.00316	5.77862
51.00352	5.77688
51.00359	5.77670
51.00364	5.77665
51.00372	5.77677
51.00380	5.77625
51.00399	5.77575
51.00408	5.77551
51.00403	5.77546
51.00399	5.77543
51.00402	5.77532
51.00419	5.77485
51.00551	5.77603
51.00682	5.77721
51.00726	5.77760
51.00817	5.77841
51.00848	5.77870
51.01116	5.78113
51.01296	5.78276
51.01354	5.78329
51.01431	5.78397
51.01511	5.78460
51.01593	5.78516
51.01744	5.78613
51.01758	5.78622
51.01917	5.78725
51.01914	5.78656
51.01914	5.78656
51.01913	5.78623
51.01912	5.78598
51.01905	5.78416
51.01905	5.78411
51.01905	5.78410
51.01905	5.78409
51.01904	5.78404
51.01899	5.78403
51.01891	5.78398
51.01882	5.78397
51.01874	5.78391
51.01872	5.78389
51.01872	5.78372
51.01877	5.78260
51.01874	5.78259
51.01865	5.78263
51.01878	5.77920
51.01882	5.77827
51.01882	5.77817
51.01882	5.77812
51.01882	5.77812
51.01882	5.77806
51.01882	5.77806
51.01884	5.77773
51.01887	5.77673
51.01891	5.77584
51.01891	5.77583
51.01896	5.77457
51.01900	5.77341
51.01859	5.77293
51.01788	5.77203
51.01777	5.77197
51.01749	5.77182
51.01699	5.77156
51.01630	5.77056
51.01559	5.76985
51.01471	5.76934
51.01394	5.76817
51.01326	5.76749
51.01301	5.76735
51.01237	5.76697
51.01142	5.76662
51.01056	5.76628
51.00964	5.76597
51.00876	5.76602
51.00860	5.76603
51.00852	5.76603
51.00780	5.76604
51.00691	5.76607
51.00687	5.76609
51.00608	5.76645
51.00500	5.76711
51.00436	5.76744
51.00402	5.76749
51.00340	5.76759
51.00249	5.76764
51.00156	5.76762
51.00065	5.76767
50.99985	5.76763
50.99974	5.76763
50.99952	5.76750
50.99884	5.76708
50.99838	5.76671
50.99810	5.76650
50.99731	5.76572
50.99652	5.76494
50.99599	5.76373
50.99541	5.76272
50.99505	5.76214
50.99476	5.76169
50.99417	5.76071
50.99347	5.75968
50.99330	5.75937
50.99305	5.75893
50.99288	5.75863
50.99235	5.75752
50.99233	5.75747
50.99161	5.75652
50.99086	5.75574
50.99057	5.75547
50.99012	5.75502
50.98898	5.75513
50.98818	5.75449
50.98737	5.75377
50.98672	5.75265
50.98609	5.75248
50.98579	5.75240
50.98497	5.75199
50.98414	5.75150
50.98351	5.75100
50.98328	5.75082
50.98254	5.74988
50.98186	5.74879
50.98161	5.74836
50.98125	5.74775
50.98066	5.74665
50.98028	5.74534
50.98027	5.74528
50.98016	5.74400
50.98011	5.74318
50.98008	5.74263
50.97989	5.74117
50.97980	5.73978
50.97938	5.73831
50.97869	5.73730
50.97791	5.73638
50.97715	5.73612
50.97704	5.73608
50.97651	5.73594
50.97616	5.73584
50.97530	5.73555
50.97467	5.73544
50.97437	5.73539
50.97359	5.73488
50.97274	5.73430
50.97266	5.73421
50.97188	5.73338
50.97186	5.73336
50.97162	5.73213
50.97158	5.73193
50.97129	5.73129
50.97103	5.73071
50.97047	5.72963
50.97005	5.72887
50.96987	5.72854
50.96903	5.72802
50.96832	5.72705
50.96819	5.72696
50.96744	5.72646
50.96669	5.72567
50.96621	5.72427
50.96549	5.72346
50.96478	5.72260
50.96410	5.72178
50.96371	5.72145
50.96318	5.72101
50.96242	5.72013
50.96151	5.71979
50.96053	5.71963
50.95959	5.71990
50.95922	5.72018
50.95875	5.72054
50.95792	5.72126
50.95713	5.72201
50.95645	5.72308
50.95595	5.72412
50.95556	5.72532
50.95518	5.72688
