# GsakName=Venray
# This County polygon is based on data © OpenStreetMap contributors
# The OpenStreetMap data is made available under the Open Database License, see http://www.openstreetmap.org/copyright
# This polygon file is made available under the same Open Database License: http://opendatacommons.org/licenses/odbl/1.0/.
# OSM RelationID=298932

51.56641	5.83824
51.56481	5.83861
51.56391	5.83881
51.56255	5.83912
51.56035	5.83963
51.55970	5.83978
51.55962	5.83980
51.55893	5.83996
51.55680	5.84044
51.55645	5.84052
51.55395	5.84109
51.55360	5.84117
51.55161	5.84163
51.54985	5.84203
51.54884	5.84228
51.54808	5.84247
51.54791	5.84251
51.54684	5.84275
51.54665	5.84279
51.54620	5.84290
51.54359	5.84350
51.54238	5.84378
51.54024	5.84427
51.53899	5.84455
51.53851	5.84466
51.53850	5.84467
51.53844	5.84468
51.53843	5.84468
51.53826	5.84472
51.53825	5.84472
51.53821	5.84473
51.53787	5.84481
51.53650	5.84513
51.53532	5.84540
51.53516	5.84543
51.53305	5.84592
51.53286	5.84596
51.53107	5.84637
51.52857	5.84694
51.52769	5.84715
51.52689	5.84733
51.52626	5.84748
51.52619	5.84750
51.52572	5.84760
51.52545	5.84766
51.52543	5.84767
51.52542	5.84767
51.52532	5.84768
51.52530	5.84769
51.52091	5.84870
51.51903	5.84913
51.51890	5.84917
51.51084	5.85102
51.51011	5.85119
51.51005	5.85120
51.50998	5.85122
51.50930	5.85137
51.50722	5.85185
51.50720	5.85186
51.50707	5.85189
51.50706	5.85189
51.50570	5.85220
51.50563	5.85222
51.50473	5.85242
51.50467	5.85244
51.50430	5.85252
51.50418	5.85255
51.50414	5.85257
51.50289	5.85342
51.49664	5.85759
51.49515	5.85860
51.49515	5.85860
51.49364	5.85960
51.49348	5.85971
51.49347	5.85972
51.49197	5.86072
51.49195	5.86073
51.49167	5.86080
51.48975	5.86131
51.48916	5.86146
51.48912	5.86147
51.48839	5.86166
51.48583	5.86234
51.48540	5.86245
51.48410	5.86279
51.48405	5.86280
51.48069	5.86369
51.47973	5.86394
51.47847	5.86427
51.47832	5.86431
51.47789	5.86442
51.47716	5.86461
51.47646	5.86480
51.47574	5.86499
51.47502	5.86518
51.47467	5.86527
51.47396	5.86545
51.47325	5.86564
51.47283	5.86575
51.47254	5.86583
51.47183	5.86601
51.47112	5.86620
51.47076	5.86629
51.46825	5.86695
51.46617	5.86749
51.46407	5.86804
51.46197	5.86859
51.45930	5.86928
51.45840	5.86952
51.45576	5.87021
51.45574	5.87022
51.45309	5.87092
51.45176	5.87126
51.45043	5.87161
51.45011	5.87170
51.45007	5.87172
51.44990	5.87182
51.44959	5.87210
51.44732	5.87423
51.44676	5.87477
51.44656	5.87496
51.44656	5.87497
51.44658	5.87507
51.44668	5.87553
51.44669	5.87554
51.44670	5.87558
51.44671	5.87566
51.44675	5.87583
51.44675	5.87584
51.44696	5.87682
51.44770	5.88016
51.44868	5.88465
51.44892	5.88574
51.45026	5.89188
51.45032	5.89213
51.45032	5.89216
51.45294	5.90410
51.45294	5.90411
51.45300	5.90439
51.45520	5.91446
51.45538	5.91531
51.45563	5.91638
51.45569	5.91665
51.45569	5.91666
51.45572	5.91682
51.45574	5.91691
51.45618	5.91893
51.45683	5.92199
51.45807	5.92758
51.45810	5.92769
51.45823	5.92831
51.46026	5.93774
51.46035	5.93812
51.46035	5.93812
51.46073	5.93996
51.46075	5.94005
51.46082	5.94039
51.46105	5.94144
51.46141	5.94312
51.46353	5.95294
51.46354	5.95300
51.46421	5.95547
51.46480	5.95771
51.46519	5.95918
51.46582	5.96157
51.46604	5.96241
51.46648	5.96405
51.46671	5.96493
51.46687	5.96554
51.46738	5.96740
51.46738	5.96741
51.46744	5.96765
51.46744	5.96765
51.46891	5.97317
51.47032	5.97851
51.47042	5.97889
51.47048	5.97909
51.47084	5.98026
51.47140	5.98203
51.47206	5.98411
51.47216	5.98442
51.47328	5.98798
51.47429	5.99119
51.47451	5.99187
51.47451	5.99188
51.47457	5.99206
51.47461	5.99219
51.47521	5.99412
51.47523	5.99420
51.47525	5.99435
51.47557	5.99740
51.47565	5.99812
51.47569	5.99843
51.47577	5.99907
51.47590	6.00017
51.47605	6.00154
51.47629	6.00367
51.47630	6.00376
51.47639	6.00425
51.47647	6.00472
51.47653	6.00500
51.47676	6.00613
51.47681	6.00642
51.47683	6.00647
51.47685	6.00652
51.47687	6.00661
51.47687	6.00663
51.47694	6.00718
51.47696	6.00720
51.47720	6.00967
51.47709	6.00971
51.47705	6.00984
51.47710	6.01001
51.47710	6.01003
51.47710	6.01004
51.47707	6.01017
51.47706	6.01018
51.47702	6.01037
51.47699	6.01089
51.47702	6.01141
51.47718	6.01188
51.47718	6.01188
51.47719	6.01192
51.47713	6.01197
51.47749	6.01300
51.47699	6.01327
51.47704	6.01350
51.47704	6.01351
51.47704	6.01353
51.47715	6.01405
51.47723	6.01444
51.47731	6.01481
51.47739	6.01512
51.47747	6.01541
51.47766	6.01612
51.47795	6.01723
51.47822	6.01824
51.47825	6.01838
51.47830	6.01856
51.47934	6.02241
51.47937	6.02253
51.47945	6.02286
51.47945	6.02287
51.47949	6.02306
51.47951	6.02322
51.47953	6.02335
51.47958	6.02380
51.47958	6.02382
51.47966	6.02440
51.47970	6.02474
51.47973	6.02498
51.47973	6.02499
51.47982	6.02561
51.47992	6.02696
51.47995	6.02804
51.48001	6.02866
51.47985	6.03021
51.48144	6.03350
51.48181	6.03386
51.48192	6.03402
51.48198	6.03414
51.48206	6.03424
51.48206	6.03424
51.48211	6.03431
51.48219	6.03442
51.48220	6.03443
51.48231	6.03458
51.48235	6.03521
51.48277	6.03538
51.48305	6.03549
51.48321	6.03498
51.48322	6.03497
51.48325	6.03487
51.48328	6.03489
51.48366	6.03536
51.48382	6.03556
51.48406	6.03586
51.48420	6.03604
51.48433	6.03620
51.48439	6.03609
51.48444	6.03599
51.48451	6.03584
51.48463	6.03604
51.48468	6.03612
51.48472	6.03619
51.48490	6.03664
51.48490	6.03664
51.48528	6.03761
51.48538	6.03783
51.48554	6.03817
51.48567	6.03843
51.48572	6.03849
51.48578	6.03857
51.48599	6.03899
51.48599	6.03899
51.48639	6.03979
51.48683	6.03986
51.48700	6.03979
51.48710	6.03968
51.48716	6.03954
51.48727	6.03943
51.48734	6.03949
51.48738	6.03954
51.48738	6.03954
51.48742	6.03960
51.48744	6.03960
51.48759	6.03969
51.48759	6.03969
51.48761	6.03970
51.48766	6.03975
51.48776	6.03980
51.48792	6.03994
51.48799	6.04008
51.48801	6.04016
51.48811	6.04032
51.48817	6.04044
51.48817	6.04045
51.48826	6.04079
51.48825	6.04106
51.48825	6.04126
51.48826	6.04134
51.48826	6.04135
51.48827	6.04144
51.48829	6.04157
51.48829	6.04164
51.48829	6.04169
51.48828	6.04177
51.48826	6.04186
51.48823	6.04190
51.48820	6.04193
51.48820	6.04197
51.48823	6.04204
51.48824	6.04215
51.48822	6.04223
51.48821	6.04230
51.48824	6.04238
51.48827	6.04246
51.48838	6.04307
51.48835	6.04322
51.48835	6.04324
51.48834	6.04328
51.48834	6.04337
51.48834	6.04345
51.48835	6.04353
51.48839	6.04361
51.48844	6.04364
51.48849	6.04369
51.48851	6.04369
51.48851	6.04369
51.48863	6.04374
51.48864	6.04375
51.48866	6.04378
51.48867	6.04380
51.48879	6.04410
51.48879	6.04417
51.48879	6.04420
51.48879	6.04421
51.48876	6.04445
51.48876	6.04445
51.48876	6.04448
51.48877	6.04453
51.48877	6.04458
51.48878	6.04463
51.48880	6.04467
51.48882	6.04469
51.48885	6.04472
51.48886	6.04474
51.48891	6.04479
51.48897	6.04499
51.48909	6.04519
51.48915	6.04539
51.48919	6.04551
51.48921	6.04564
51.48927	6.04600
51.48928	6.04609
51.48928	6.04614
51.48930	6.04641
51.48941	6.04662
51.48943	6.04665
51.48957	6.04691
51.48959	6.04700
51.48962	6.04718
51.48967	6.04724
51.48970	6.04738
51.48967	6.04750
51.48975	6.04783
51.48979	6.04788
51.48986	6.04802
51.48990	6.04804
51.48991	6.04805
51.48997	6.04809
51.49000	6.04814
51.49002	6.04822
51.49003	6.04841
51.49003	6.04845
51.49003	6.04848
51.49003	6.04849
51.49003	6.04872
51.49002	6.04873
51.49002	6.04877
51.49009	6.04897
51.49013	6.04903
51.49030	6.04926
51.49030	6.04927
51.49034	6.04932
51.49038	6.04939
51.49040	6.04947
51.49038	6.04961
51.49038	6.04965
51.49034	6.04991
51.49035	6.04994
51.49035	6.04995
51.49037	6.04999
51.49037	6.05003
51.49036	6.05006
51.49034	6.05009
51.49031	6.05012
51.49029	6.05012
51.49029	6.05012
51.49028	6.05011
51.49025	6.05011
51.49022	6.05011
51.49020	6.05010
51.49017	6.05010
51.49016	6.05012
51.49016	6.05016
51.49017	6.05018
51.49019	6.05021
51.49021	6.05023
51.49021	6.05024
51.49022	6.05025
51.49022	6.05026
51.49023	6.05030
51.49023	6.05033
51.49023	6.05037
51.49022	6.05040
51.49020	6.05042
51.49018	6.05042
51.49016	6.05043
51.49012	6.05041
51.49010	6.05041
51.49010	6.05041
51.49010	6.05041
51.49006	6.05041
51.49004	6.05042
51.49002	6.05044
51.49001	6.05048
51.49000	6.05053
51.49000	6.05054
51.49000	6.05055
51.49000	6.05058
51.48999	6.05062
51.48997	6.05066
51.48996	6.05070
51.48993	6.05070
51.48990	6.05069
51.48990	6.05069
51.48988	6.05068
51.48986	6.05071
51.48981	6.05071
51.48973	6.05074
51.48967	6.05083
51.48966	6.05087
51.48967	6.05090
51.48967	6.05095
51.48965	6.05098
51.48955	6.05111
51.48943	6.05117
51.48942	6.05117
51.48936	6.05120
51.48928	6.05125
51.48926	6.05128
51.48925	6.05130
51.48925	6.05134
51.48931	6.05145
51.48932	6.05149
51.48932	6.05150
51.48932	6.05153
51.48931	6.05158
51.48926	6.05159
51.48923	6.05159
51.48921	6.05161
51.48920	6.05164
51.48921	6.05168
51.48928	6.05179
51.48929	6.05180
51.48931	6.05183
51.48932	6.05188
51.48932	6.05193
51.48931	6.05198
51.48930	6.05200
51.48929	6.05200
51.48929	6.05200
51.48927	6.05199
51.48919	6.05195
51.48914	6.05194
51.48911	6.05215
51.48911	6.05217
51.48906	6.05244
51.48907	6.05247
51.48908	6.05252
51.48911	6.05253
51.48926	6.05259
51.48928	6.05262
51.48930	6.05266
51.48933	6.05279
51.48934	6.05281
51.48942	6.05310
51.48943	6.05317
51.48944	6.05341
51.48943	6.05349
51.48941	6.05358
51.48938	6.05363
51.48938	6.05364
51.48931	6.05374
51.48929	6.05376
51.48928	6.05381
51.48928	6.05385
51.48927	6.05422
51.48927	6.05432
51.48926	6.05436
51.48924	6.05438
51.48922	6.05441
51.48920	6.05443
51.48918	6.05445
51.48916	6.05448
51.48913	6.05451
51.48911	6.05454
51.48909	6.05457
51.48908	6.05461
51.48908	6.05466
51.48909	6.05470
51.48911	6.05474
51.48913	6.05475
51.48916	6.05476
51.48919	6.05476
51.48921	6.05477
51.48922	6.05481
51.48922	6.05484
51.48922	6.05489
51.48919	6.05498
51.48917	6.05501
51.48915	6.05503
51.48915	6.05507
51.48915	6.05510
51.48917	6.05514
51.48919	6.05516
51.48922	6.05517
51.48923	6.05516
51.48923	6.05516
51.48924	6.05516
51.48920	6.05559
51.48918	6.05562
51.48918	6.05563
51.48907	6.05579
51.48904	6.05586
51.48899	6.05587
51.48895	6.05587
51.48890	6.05581
51.48884	6.05572
51.48874	6.05587
51.48874	6.05589
51.48875	6.05593
51.48880	6.05602
51.48883	6.05611
51.48884	6.05616
51.48885	6.05618
51.48887	6.05618
51.48889	6.05619
51.48891	6.05621
51.48892	6.05626
51.48891	6.05629
51.48890	6.05632
51.48889	6.05633
51.48889	6.05633
51.48888	6.05637
51.48888	6.05645
51.48889	6.05649
51.48891	6.05653
51.48900	6.05675
51.48901	6.05678
51.48901	6.05681
51.48901	6.05685
51.48894	6.05732
51.48892	6.05737
51.48888	6.05745
51.48884	6.05752
51.48884	6.05753
51.48883	6.05755
51.48884	6.05758
51.48885	6.05761
51.48886	6.05765
51.48888	6.05770
51.48888	6.05773
51.48887	6.05778
51.48886	6.05781
51.48884	6.05784
51.48883	6.05787
51.48881	6.05789
51.48879	6.05791
51.48877	6.05794
51.48876	6.05797
51.48876	6.05801
51.48876	6.05805
51.48877	6.05809
51.48877	6.05810
51.48878	6.05812
51.48880	6.05818
51.48880	6.05818
51.48882	6.05821
51.48873	6.05850
51.48843	6.05919
51.48841	6.05921
51.48839	6.05922
51.48838	6.05922
51.48835	6.05924
51.48826	6.05925
51.48804	6.05923
51.48797	6.05929
51.48794	6.05931
51.48785	6.05937
51.48776	6.05944
51.48769	6.05966
51.48765	6.05970
51.48764	6.05972
51.48762	6.05975
51.48758	6.05987
51.48757	6.05989
51.48758	6.05993
51.48758	6.05997
51.48767	6.06032
51.48765	6.06039
51.48764	6.06047
51.48764	6.06054
51.48762	6.06062
51.48759	6.06067
51.48756	6.06069
51.48754	6.06070
51.48754	6.06070
51.48753	6.06070
51.48748	6.06081
51.48748	6.06078
51.48742	6.06095
51.48735	6.06119
51.48733	6.06122
51.48730	6.06123
51.48725	6.06119
51.48720	6.06122
51.48715	6.06126
51.48713	6.06129
51.48712	6.06132
51.48713	6.06137
51.48719	6.06149
51.48719	6.06150
51.48727	6.06165
51.48727	6.06166
51.48733	6.06178
51.48724	6.06177
51.48722	6.06178
51.48717	6.06187
51.48716	6.06194
51.48719	6.06201
51.48726	6.06209
51.48727	6.06213
51.48727	6.06216
51.48724	6.06222
51.48721	6.06230
51.48724	6.06240
51.48725	6.06245
51.48736	6.06247
51.48742	6.06249
51.48743	6.06252
51.48743	6.06254
51.48743	6.06257
51.48745	6.06265
51.48748	6.06276
51.48751	6.06283
51.48764	6.06298
51.48766	6.06302
51.48766	6.06306
51.48761	6.06314
51.48760	6.06317
51.48761	6.06321
51.48765	6.06335
51.48766	6.06339
51.48766	6.06344
51.48762	6.06349
51.48761	6.06353
51.48762	6.06357
51.48780	6.06372
51.48790	6.06380
51.48805	6.06389
51.48807	6.06397
51.48808	6.06423
51.48817	6.06472
51.48814	6.06505
51.48816	6.06517
51.48816	6.06521
51.48816	6.06525
51.48810	6.06534
51.48808	6.06535
51.48808	6.06535
51.48799	6.06541
51.48797	6.06545
51.48796	6.06550
51.48796	6.06557
51.48797	6.06566
51.48799	6.06575
51.48806	6.06586
51.48819	6.06603
51.48829	6.06614
51.48833	6.06623
51.48834	6.06630
51.48827	6.06686
51.48826	6.06691
51.48823	6.06696
51.48822	6.06698
51.48808	6.06723
51.48806	6.06726
51.48804	6.06731
51.48804	6.06733
51.48804	6.06734
51.48803	6.06741
51.48803	6.06768
51.48809	6.06791
51.48807	6.06807
51.48790	6.06839
51.48790	6.06839
51.48806	6.06829
51.48818	6.06821
51.48837	6.06808
51.48847	6.06819
51.48916	6.06892
51.48999	6.06980
51.49203	6.07136
51.49213	6.07143
51.49216	6.07145
51.49222	6.07150
51.49237	6.07161
51.49244	6.07166
51.49284	6.07197
51.49339	6.07239
51.49414	6.07296
51.49431	6.07310
51.49517	6.07376
51.49560	6.07354
51.49688	6.07289
51.49693	6.07286
51.49698	6.07284
51.49719	6.07273
51.49724	6.07271
51.49726	6.07270
51.49741	6.07263
51.49741	6.07263
51.49752	6.07258
51.49781	6.07243
51.49958	6.07154
51.49959	6.07153
51.49967	6.07149
51.49968	6.07149
51.50149	6.07057
51.50230	6.07017
51.50230	6.07017
51.50326	6.06969
51.50329	6.06967
51.50354	6.06948
51.50355	6.06948
51.50388	6.06923
51.50404	6.06912
51.50405	6.06911
51.50421	6.06900
51.50438	6.06887
51.50454	6.06875
51.50487	6.06851
51.50521	6.06827
51.50573	6.06788
51.50585	6.06780
51.50588	6.06778
51.50617	6.06756
51.50649	6.06733
51.50649	6.06732
51.50656	6.06728
51.50656	6.06728
51.50718	6.06682
51.50718	6.06682
51.50718	6.06682
51.50739	6.06667
51.50778	6.06638
51.50788	6.06631
51.50791	6.06629
51.50795	6.06626
51.50797	6.06626
51.50800	6.06625
51.50808	6.06623
51.50848	6.06615
51.50848	6.06615
51.50851	6.06615
51.50864	6.06612
51.50900	6.06605
51.51007	6.06583
51.51040	6.06576
51.51042	6.06576
51.51099	6.06564
51.51100	6.06564
51.51148	6.06554
51.51160	6.06551
51.51162	6.06551
51.51168	6.06550
51.51170	6.06549
51.51201	6.06543
51.51205	6.06542
51.51214	6.06540
51.51241	6.06535
51.51252	6.06533
51.51261	6.06531
51.51281	6.06527
51.51326	6.06518
51.51330	6.06517
51.51334	6.06516
51.51337	6.06515
51.51362	6.06510
51.51394	6.06504
51.51397	6.06503
51.51429	6.06496
51.51433	6.06496
51.51469	6.06488
51.51537	6.06474
51.51539	6.06474
51.51570	6.06468
51.51575	6.06467
51.51607	6.06460
51.51667	6.06477
51.51703	6.06488
51.51704	6.06488
51.51773	6.06508
51.51774	6.06508
51.51844	6.06528
51.51844	6.06528
51.51879	6.06538
51.51879	6.06538
51.51888	6.06540
51.51889	6.06540
51.51944	6.06556
51.51948	6.06557
51.51954	6.06559
51.51957	6.06560
51.51967	6.06563
51.52006	6.06574
51.52014	6.06576
51.52048	6.06586
51.52049	6.06586
51.52084	6.06596
51.52084	6.06596
51.52085	6.06596
51.52120	6.06606
51.52120	6.06606
51.52155	6.06616
51.52156	6.06617
51.52191	6.06627
51.52191	6.06627
51.52192	6.06627
51.52227	6.06637
51.52294	6.06656
51.52294	6.06656
51.52369	6.06677
51.52369	6.06678
51.52391	6.06870
51.52395	6.06899
51.52395	6.06899
51.52395	6.06900
51.52395	6.06902
51.52398	6.06930
51.52398	6.06930
51.52409	6.07026
51.52413	6.07064
51.52414	6.07073
51.52417	6.07100
51.52424	6.07168
51.52424	6.07169
51.52424	6.07170
51.52436	6.07275
51.52436	6.07276
51.52463	6.07538
51.52463	6.07538
51.52465	6.07552
51.52465	6.07553
51.52465	6.07556
51.52472	6.07623
51.52475	6.07651
51.52478	6.07676
51.52471	6.07687
51.52462	6.07702
51.52458	6.07709
51.52450	6.07718
51.52428	6.07742
51.52420	6.07762
51.52419	6.07764
51.52415	6.07778
51.52406	6.07807
51.52398	6.07829
51.52397	6.07831
51.52391	6.07850
51.52394	6.07870
51.52405	6.07903
51.52408	6.07909
51.52396	6.07914
51.52366	6.07926
51.52347	6.07951
51.52347	6.07951
51.52344	6.07955
51.52333	6.07962
51.52330	6.07964
51.52322	6.07969
51.52295	6.07993
51.52300	6.08129
51.52300	6.08141
51.52303	6.08205
51.52304	6.08227
51.52307	6.08394
51.52307	6.08394
51.52307	6.08398
51.52307	6.08407
51.52309	6.08418
51.52309	6.08421
51.52310	6.08424
51.52331	6.08554
51.52332	6.08560
51.52334	6.08574
51.52335	6.08579
51.52337	6.08592
51.52338	6.08602
51.52340	6.08615
51.52343	6.08628
51.52343	6.08633
51.52357	6.08717
51.52350	6.08768
51.52350	6.08770
51.52304	6.09131
51.52302	6.09142
51.52285	6.09275
51.52285	6.09275
51.52285	6.09277
51.52284	6.09286
51.52283	6.09293
51.52272	6.09377
51.52194	6.09502
51.52194	6.09502
51.52184	6.09519
51.52176	6.09532
51.52160	6.09563
51.52179	6.09670
51.52214	6.09832
51.52244	6.09964
51.52269	6.10046
51.52271	6.10100
51.52270	6.10150
51.52269	6.10238
51.52267	6.10277
51.52256	6.10377
51.52239	6.10474
51.52235	6.10490
51.52212	6.10581
51.52188	6.10675
51.52177	6.10704
51.52180	6.10712
51.52162	6.10730
51.52149	6.10739
51.52146	6.10741
51.52140	6.10757
51.52139	6.10755
51.51955	6.10692
51.51951	6.10691
51.51891	6.10670
51.51865	6.10663
51.51830	6.10661
51.51764	6.10801
51.51685	6.10969
51.51683	6.10973
51.51655	6.11033
51.51581	6.11193
51.51581	6.11195
51.51572	6.11212
51.51501	6.11364
51.51458	6.11457
51.51458	6.11457
51.51454	6.11465
51.51339	6.11684
51.51329	6.11704
51.51301	6.11753
51.51231	6.11878
51.51183	6.11964
51.51134	6.12033
51.51073	6.12120
51.51048	6.12156
51.51018	6.12199
51.51018	6.12200
51.51042	6.12256
51.51112	6.12334
51.51135	6.12359
51.51138	6.12363
51.51257	6.12488
51.51282	6.12515
51.51322	6.12559
51.51324	6.12562
51.51322	6.12565
51.51435	6.12687
51.51436	6.12687
51.51437	6.12688
51.51438	6.12687
51.51439	6.12686
51.51438	6.12688
51.51433	6.12703
51.51367	6.12852
51.51333	6.12928
51.51280	6.13024
51.51230	6.13114
51.51176	6.13213
51.51175	6.13214
51.51174	6.13215
51.51173	6.13215
51.51147	6.13200
51.51176	6.13234
51.51390	6.13485
51.51446	6.13552
51.51448	6.13556
51.51451	6.13548
51.51461	6.13558
51.51703	6.13827
51.51952	6.14109
51.51956	6.14103
51.52037	6.13999
51.52134	6.13859
51.52271	6.13637
51.52339	6.13514
51.52449	6.13345
51.52585	6.13121
51.52670	6.12967
51.52914	6.12447
51.52959	6.12339
51.53015	6.12222
51.53040	6.12178
51.53058	6.12151
51.53097	6.12087
51.53184	6.11968
51.53273	6.11881
51.53382	6.11804
51.53422	6.11778
51.53563	6.11696
51.53643	6.11651
51.53741	6.11600
51.53923	6.11533
51.54180	6.11471
51.54205	6.11463
51.54241	6.11451
51.54363	6.11418
51.54424	6.11388
51.54433	6.11382
51.54501	6.11335
51.54552	6.11288
51.54597	6.11232
51.54625	6.11192
51.54644	6.11160
51.54670	6.11107
51.54712	6.10999
51.54735	6.10926
51.54761	6.10833
51.54792	6.10704
51.54818	6.10550
51.54821	6.10466
51.54822	6.10459
51.54823	6.10424
51.54823	6.10395
51.54824	6.10367
51.54826	6.10329
51.54827	6.10305
51.54828	6.10281
51.54828	6.10277
51.54828	6.10252
51.54827	6.10219
51.54827	6.10185
51.54827	6.10163
51.54826	6.10140
51.54826	6.10119
51.54826	6.10116
51.54824	6.10098
51.54821	6.10064
51.54819	6.10032
51.54817	6.10010
51.54816	6.09999
51.54814	6.09985
51.54810	6.09947
51.54806	6.09913
51.54802	6.09876
51.54798	6.09828
51.54793	6.09781
51.54789	6.09742
51.54784	6.09691
51.54779	6.09645
51.54775	6.09605
51.54769	6.09552
51.54764	6.09510
51.54760	6.09477
51.54758	6.09453
51.54755	6.09431
51.54753	6.09416
51.54751	6.09388
51.54749	6.09365
51.54748	6.09346
51.54745	6.09319
51.54743	6.09296
51.54741	6.09273
51.54737	6.09226
51.54735	6.09203
51.54733	6.09174
51.54731	6.09151
51.54730	6.09133
51.54729	6.09116
51.54727	6.09099
51.54726	6.09081
51.54724	6.09044
51.54720	6.09000
51.54717	6.08955
51.54708	6.08895
51.54704	6.08849
51.54700	6.08805
51.54698	6.08764
51.54694	6.08703
51.54691	6.08646
51.54686	6.08560
51.54685	6.08535
51.54686	6.08497
51.54686	6.08466
51.54687	6.08423
51.54688	6.08370
51.54689	6.08308
51.54690	6.08252
51.54692	6.08186
51.54693	6.08123
51.54694	6.08072
51.54697	6.08034
51.54701	6.07998
51.54706	6.07958
51.54709	6.07939
51.54712	6.07927
51.54721	6.07885
51.54724	6.07873
51.54728	6.07858
51.54741	6.07818
51.54753	6.07780
51.54764	6.07745
51.54781	6.07696
51.54791	6.07668
51.54805	6.07633
51.54819	6.07596
51.54825	6.07580
51.54833	6.07562
51.54847	6.07535
51.54862	6.07503
51.54883	6.07459
51.54906	6.07414
51.54924	6.07376
51.54926	6.07371
51.54951	6.07321
51.54971	6.07278
51.54976	6.07268
51.54997	6.07225
51.55005	6.07208
51.55030	6.07153
51.55054	6.07103
51.55075	6.07061
51.55103	6.07001
51.55109	6.06988
51.55141	6.06923
51.55149	6.06908
51.55152	6.06902
51.55156	6.06894
51.55177	6.06855
51.55190	6.06831
51.55201	6.06811
51.55222	6.06775
51.55234	6.06755
51.55253	6.06722
51.55258	6.06715
51.55273	6.06688
51.55295	6.06656
51.55306	6.06641
51.55327	6.06612
51.55340	6.06594
51.55361	6.06564
51.55384	6.06531
51.55407	6.06498
51.55431	6.06464
51.55452	6.06436
51.55471	6.06408
51.55495	6.06369
51.55506	6.06351
51.55527	6.06318
51.55545	6.06289
51.55566	6.06255
51.55572	6.06246
51.55588	6.06213
51.55603	6.06167
51.55618	6.06119
51.55634	6.06073
51.55650	6.06025
51.55662	6.05985
51.55678	6.05935
51.55692	6.05890
51.55698	6.05872
51.55703	6.05850
51.55711	6.05821
51.55719	6.05793
51.55726	6.05766
51.55734	6.05736
51.55742	6.05709
51.55749	6.05685
51.55755	6.05666
51.55758	6.05651
51.55760	6.05605
51.55763	6.05544
51.55766	6.05475
51.55768	6.05438
51.55769	6.05398
51.55771	6.05356
51.55773	6.05314
51.55774	6.05295
51.55776	6.05257
51.55777	6.05224
51.55779	6.05190
51.55780	6.05156
51.55781	6.05124
51.55783	6.05094
51.55785	6.05062
51.55787	6.05037
51.55793	6.04994
51.55799	6.04957
51.55803	6.04936
51.55807	6.04917
51.55816	6.04885
51.55822	6.04863
51.55829	6.04847
51.55834	6.04836
51.55843	6.04819
51.55846	6.04812
51.55807	6.04722
51.55800	6.04708
51.55787	6.04677
51.55764	6.04643
51.55833	6.04559
51.55830	6.04552
51.55903	6.04466
51.55869	6.04287
51.55868	6.04278
51.55854	6.04292
51.55811	6.04348
51.55749	6.04438
51.55745	6.04433
51.55681	6.04239
51.55677	6.04222
51.55663	6.04091
51.55667	6.04014
51.55673	6.03997
51.55686	6.03977
51.55736	6.03880
51.55764	6.03820
51.55804	6.03747
51.55815	6.03731
51.55802	6.03687
51.55769	6.03597
51.55757	6.03481
51.55753	6.03443
51.55750	6.03432
51.55717	6.03396
51.55711	6.03385
51.55687	6.03273
51.55685	6.03260
51.55682	6.03263
51.55607	6.03321
51.55579	6.03330
51.55552	6.03353
51.55545	6.03369
51.55523	6.03353
51.55518	6.03346
51.55510	6.03339
51.55503	6.03334
51.55495	6.03332
51.55488	6.03337
51.55475	6.03351
51.55468	6.03349
51.55461	6.03344
51.55452	6.03328
51.55444	6.03316
51.55432	6.03303
51.55354	6.03227
51.55243	6.03172
51.55242	6.03171
51.55234	6.03167
51.55315	6.03067
51.55443	6.02912
51.55480	6.02867
51.55491	6.02853
51.55585	6.02737
51.55751	6.02534
51.55891	6.02363
51.55891	6.02363
51.56047	6.02172
51.56141	6.02059
51.56141	6.02058
51.56169	6.02023
51.56169	6.02022
51.56333	6.01821
51.56343	6.01801
51.56344	6.01801
51.56347	6.01794
51.56347	6.01794
51.56354	6.01780
51.56354	6.01780
51.56354	6.01779
51.56383	6.01721
51.56414	6.01658
51.56416	6.01655
51.56423	6.01640
51.56502	6.01480
51.56506	6.01474
51.56596	6.01291
51.56639	6.01204
51.56648	6.01186
51.56665	6.01152
51.56750	6.00980
51.56759	6.00961
51.56822	6.00834
51.56825	6.00828
51.56827	6.00825
51.56961	6.00554
51.56984	6.00506
51.56985	6.00506
51.57018	6.00439
51.57020	6.00434
51.57023	6.00428
51.57024	6.00425
51.56998	6.00349
51.56988	6.00318
51.56986	6.00308
51.56981	6.00290
51.56979	6.00281
51.56923	6.00068
51.56902	5.99988
51.56879	5.99898
51.56876	5.99887
51.56867	5.99864
51.56859	5.99842
51.56834	5.99778
51.56796	5.99676
51.56793	5.99668
51.56783	5.99642
51.56779	5.99633
51.56716	5.99468
51.56698	5.99419
51.56693	5.99406
51.56687	5.99390
51.56670	5.99345
51.56664	5.99325
51.56664	5.99324
51.56660	5.99311
51.56609	5.99127
51.56607	5.99121
51.56604	5.99112
51.56591	5.99066
51.56499	5.98737
51.56496	5.98725
51.56468	5.98625
51.56420	5.98469
51.56396	5.98391
51.56384	5.98353
51.56234	5.97865
51.56230	5.97851
51.56212	5.97791
51.56164	5.97635
51.56149	5.97560
51.56147	5.97548
51.56106	5.97339
51.56087	5.97241
51.56054	5.97072
51.56050	5.97049
51.56027	5.96932
51.55914	5.96353
51.55842	5.95978
51.55830	5.95920
51.55823	5.95885
51.55794	5.95732
51.55762	5.95569
51.55709	5.95298
51.55698	5.95240
51.55697	5.95238
51.55695	5.95228
51.55693	5.95218
51.55630	5.94901
51.55608	5.94791
51.55608	5.94790
51.55570	5.94598
51.55564	5.94569
51.55542	5.94459
51.55540	5.94449
51.55484	5.94167
51.55461	5.94050
51.55460	5.94045
51.55415	5.93820
51.55412	5.93805
51.55360	5.93544
51.55353	5.93423
51.55344	5.93255
51.55328	5.92950
51.55328	5.92949
51.55320	5.92804
51.55312	5.92662
51.55304	5.92518
51.55293	5.92307
51.55288	5.92229
51.55283	5.92138
51.55279	5.92054
51.55277	5.92013
51.55275	5.91979
51.55266	5.91825
51.55266	5.91812
51.55264	5.91784
51.55255	5.91616
51.55245	5.91441
51.55234	5.91241
51.55216	5.90897
51.55203	5.90666
51.55298	5.90489
51.55551	5.90020
51.55554	5.90013
51.55560	5.90002
51.55721	5.89703
51.55834	5.89494
51.55838	5.89485
51.55933	5.89310
51.55940	5.89295
51.56020	5.89147
51.56029	5.89078
51.56030	5.89065
51.56032	5.89047
51.56080	5.88648
51.56252	5.87196
51.56264	5.87089
51.56307	5.86739
51.56392	5.86022
51.56443	5.85586
51.56476	5.85300
51.56556	5.84587
51.56635	5.83884
51.56636	5.83878
51.56636	5.83876
51.56641	5.83824
