# GsakName=Vijfheerenlanden
# This County polygon is based on data © OpenStreetMap contributors
# The OpenStreetMap data is made available under the Open Database License, see http://www.openstreetmap.org/copyright
# This polygon file is made available under the same Open Database License: http://opendatacommons.org/licenses/odbl/1.0/.
# OSM RelationID=9172184

51.95093	4.92630
51.95019	4.92948
51.94988	4.92955
51.94981	4.92959
51.94975	4.92958
51.94951	4.92964
51.94941	4.92971
51.94885	4.92995
51.94882	4.92996
51.94875	4.93003
51.94865	4.93013
51.94897	4.93068
51.94901	4.93073
51.94897	4.93081
51.94889	4.93102
51.94886	4.93104
51.94874	4.93117
51.94867	4.93130
51.94861	4.93137
51.94840	4.93152
51.94775	4.93198
51.94757	4.93212
51.94755	4.93213
51.94734	4.93224
51.94709	4.93239
51.94666	4.93262
51.94606	4.93286
51.94492	4.93326
51.94492	4.93324
51.94443	4.93340
51.94308	4.93390
51.94278	4.93401
51.94278	4.93398
51.94272	4.93401
51.94254	4.93409
51.94232	4.93419
51.94221	4.93425
51.94213	4.93429
51.94179	4.93441
51.94139	4.93455
51.93859	4.93562
51.93806	4.93582
51.93663	4.93635
51.93656	4.93638
51.93641	4.93642
51.93639	4.93642
51.93434	4.93720
51.93430	4.93721
51.93415	4.93728
51.93410	4.93730
51.93337	4.93756
51.93231	4.93798
51.93193	4.93810
51.93192	4.93810
51.93073	4.93858
51.92962	4.93899
51.92936	4.93909
51.92915	4.93918
51.92906	4.93920
51.92896	4.93923
51.92894	4.93924
51.92896	4.93937
51.92898	4.93946
51.92904	4.93981
51.92908	4.94000
51.92912	4.94016
51.92916	4.94026
51.92926	4.94052
51.92941	4.94080
51.92957	4.94101
51.92962	4.94107
51.92977	4.94125
51.92980	4.94132
51.92987	4.94149
51.92997	4.94179
51.93006	4.94208
51.93010	4.94218
51.93017	4.94229
51.93024	4.94238
51.93038	4.94253
51.93055	4.94269
51.93062	4.94277
51.93070	4.94287
51.93082	4.94301
51.93100	4.94320
51.93106	4.94329
51.93121	4.94358
51.93131	4.94376
51.93140	4.94391
51.93149	4.94404
51.93167	4.94429
51.93183	4.94451
51.93212	4.94487
51.93233	4.94511
51.93240	4.94517
51.93247	4.94521
51.93253	4.94525
51.93270	4.94539
51.93291	4.94555
51.93305	4.94565
51.93323	4.94584
51.93329	4.94594
51.93334	4.94605
51.93336	4.94612
51.93340	4.94626
51.93350	4.94673
51.93362	4.94724
51.93371	4.94762
51.93371	4.94764
51.93372	4.94770
51.93363	4.94773
51.93321	4.94786
51.93283	4.94800
51.93212	4.94824
51.93148	4.94845
51.93137	4.94849
51.93123	4.94855
51.93125	4.94860
51.93126	4.94860
51.93165	4.94949
51.93163	4.94952
51.93163	4.94952
51.93157	4.94960
51.93153	4.94961
51.93141	4.94965
51.93118	4.94975
51.93115	4.94971
51.92989	4.95029
51.92966	4.95038
51.92923	4.95057
51.92872	4.95077
51.92831	4.95095
51.92807	4.95104
51.92799	4.95108
51.92770	4.95120
51.92729	4.95138
51.92710	4.95147
51.92682	4.95160
51.92661	4.95167
51.92637	4.95176
51.92617	4.95184
51.92584	4.95198
51.92574	4.95202
51.92563	4.95206
51.92532	4.95218
51.92517	4.95223
51.92484	4.95236
51.92426	4.95261
51.92372	4.95283
51.92307	4.95309
51.92238	4.95337
51.92164	4.95366
51.92080	4.95400
51.92068	4.95405
51.92004	4.95433
51.91918	4.95468
51.91825	4.95506
51.91741	4.95541
51.91677	4.95568
51.91620	4.95591
51.91579	4.95607
51.91559	4.95616
51.91560	4.95622
51.91560	4.95623
51.91562	4.95632
51.91555	4.95645
51.91553	4.95651
51.91550	4.95659
51.91547	4.95669
51.91544	4.95681
51.91535	4.95772
51.91531	4.95829
51.91530	4.95844
51.91529	4.95856
51.91514	4.95873
51.91495	4.95892
51.91474	4.95911
51.91444	4.95937
51.91425	4.95953
51.91409	4.95966
51.91405	4.95969
51.91468	4.96025
51.91475	4.96031
51.91483	4.96038
51.91476	4.96049
51.91466	4.96064
51.91445	4.96142
51.91426	4.96213
51.91411	4.96271
51.91399	4.96315
51.91369	4.96438
51.91356	4.96468
51.91352	4.96479
51.91347	4.96467
51.91347	4.96467
51.91329	4.96431
51.91316	4.96407
51.91306	4.96387
51.91297	4.96366
51.91289	4.96349
51.91283	4.96333
51.91280	4.96326
51.91279	4.96329
51.91274	4.96336
51.91262	4.96356
51.91229	4.96411
51.91228	4.96414
51.91227	4.96416
51.91201	4.96419
51.91197	4.96419
51.91183	4.96416
51.91173	4.96416
51.91173	4.96416
51.91156	4.96416
51.91143	4.96417
51.91128	4.96416
51.91116	4.96414
51.91103	4.96414
51.91092	4.96413
51.91081	4.96413
51.91069	4.96413
51.91064	4.96413
51.91063	4.96415
51.91062	4.96427
51.91059	4.96448
51.91057	4.96466
51.91051	4.96496
51.91045	4.96526
51.91039	4.96562
51.91037	4.96575
51.91033	4.96601
51.91031	4.96616
51.91027	4.96643
51.91026	4.96666
51.91025	4.96672
51.91025	4.96672
51.91021	4.96711
51.91014	4.96761
51.91009	4.96779
51.91000	4.96810
51.90990	4.96833
51.90980	4.96855
51.90975	4.96867
51.90960	4.96902
51.90925	4.96989
51.90900	4.97050
51.90872	4.97119
51.90860	4.97145
51.90835	4.97206
51.90830	4.97219
51.90823	4.97237
51.90811	4.97272
51.90802	4.97297
51.90790	4.97327
51.90783	4.97341
51.90770	4.97369
51.90767	4.97374
51.90763	4.97376
51.90758	4.97377
51.90752	4.97378
51.90752	4.97378
51.90746	4.97377
51.90729	4.97377
51.90727	4.97377
51.90697	4.97377
51.90662	4.97377
51.90654	4.97377
51.90628	4.97375
51.90613	4.97375
51.90597	4.97375
51.90562	4.97373
51.90556	4.97373
51.90546	4.97372
51.90525	4.97372
51.90471	4.97371
51.90425	4.97368
51.90393	4.97367
51.90319	4.97363
51.90302	4.97362
51.90278	4.97361
51.90228	4.97359
51.90183	4.97356
51.90156	4.97355
51.90120	4.97353
51.90105	4.97353
51.90077	4.97353
51.90030	4.97351
51.89993	4.97350
51.89992	4.97349
51.89916	4.97348
51.89828	4.97344
51.89823	4.97343
51.89767	4.97341
51.89743	4.97342
51.89739	4.97341
51.89725	4.97341
51.89726	4.97343
51.89726	4.97346
51.89727	4.97349
51.89727	4.97352
51.89727	4.97355
51.89726	4.97359
51.89724	4.97375
51.89723	4.97378
51.89722	4.97384
51.89721	4.97390
51.89709	4.97435
51.89717	4.97453
51.89722	4.97467
51.89725	4.97480
51.89750	4.97576
51.89794	4.97748
51.89814	4.97822
51.89830	4.97883
51.89852	4.97963
51.89852	4.97965
51.89853	4.97968
51.89853	4.97968
51.89870	4.98031
51.89872	4.98038
51.89911	4.98182
51.89957	4.98353
51.89958	4.98354
51.89983	4.98459
51.89990	4.98481
51.89997	4.98504
51.89999	4.98511
51.90018	4.98585
51.90032	4.98636
51.90066	4.98770
51.90076	4.98808
51.90081	4.98828
51.90081	4.98829
51.90090	4.98857
51.90127	4.98997
51.90166	4.99146
51.90167	4.99145
51.90181	4.99197
51.90195	4.99246
51.90195	4.99267
51.90197	4.99273
51.90202	4.99291
51.90213	4.99332
51.90223	4.99376
51.90228	4.99401
51.90232	4.99424
51.90233	4.99424
51.90235	4.99434
51.90235	4.99435
51.90224	4.99436
51.90224	4.99438
51.90224	4.99448
51.90226	4.99448
51.90227	4.99470
51.90228	4.99484
51.90229	4.99488
51.90229	4.99497
51.90209	4.99499
51.90171	4.99506
51.90139	4.99512
51.90104	4.99518
51.90069	4.99524
51.90066	4.99525
51.90053	4.99532
51.90052	4.99539
51.90042	4.99542
51.90020	4.99549
51.89988	4.99557
51.89961	4.99564
51.89955	4.99565
51.89938	4.99571
51.89913	4.99578
51.89889	4.99585
51.89864	4.99591
51.89839	4.99596
51.89836	4.99597
51.89809	4.99603
51.89781	4.99609
51.89758	4.99613
51.89737	4.99619
51.89715	4.99623
51.89692	4.99627
51.89669	4.99630
51.89647	4.99632
51.89619	4.99634
51.89594	4.99635
51.89570	4.99634
51.89545	4.99633
51.89524	4.99628
51.89501	4.99622
51.89478	4.99615
51.89459	4.99608
51.89436	4.99599
51.89419	4.99593
51.89404	4.99588
51.89387	4.99584
51.89381	4.99583
51.89365	4.99581
51.89348	4.99577
51.89328	4.99576
51.89298	4.99577
51.89277	4.99581
51.89254	4.99584
51.89242	4.99586
51.89241	4.99586
51.89219	4.99591
51.89196	4.99596
51.89168	4.99604
51.89133	4.99616
51.89108	4.99624
51.89100	4.99627
51.89076	4.99633
51.89052	4.99644
51.89030	4.99656
51.89011	4.99667
51.88995	4.99679
51.88977	4.99691
51.88956	4.99704
51.88938	4.99715
51.88938	4.99715
51.88921	4.99721
51.88901	4.99726
51.88884	4.99729
51.88872	4.99733
51.88869	4.99735
51.88861	4.99738
51.88852	4.99742
51.88848	4.99745
51.88845	4.99748
51.88826	4.99757
51.88783	4.99780
51.88729	4.99807
51.88614	4.99866
51.88583	4.99883
51.88575	4.99888
51.88544	4.99903
51.88524	4.99912
51.88507	4.99920
51.88493	4.99926
51.88489	4.99927
51.88486	4.99928
51.88477	4.99932
51.88461	4.99938
51.88442	4.99943
51.88428	4.99945
51.88425	4.99945
51.88409	4.99944
51.88395	4.99943
51.88376	4.99940
51.88358	4.99938
51.88344	4.99935
51.88330	4.99932
51.88317	4.99928
51.88307	4.99925
51.88298	4.99921
51.88292	4.99918
51.88291	4.99918
51.88286	4.99915
51.88281	4.99914
51.88276	4.99911
51.88262	4.99904
51.88243	4.99893
51.88228	4.99884
51.88210	4.99872
51.88210	4.99871
51.88190	4.99856
51.88177	4.99844
51.88162	4.99830
51.88139	4.99804
51.88115	4.99775
51.88086	4.99735
51.88056	4.99697
51.88039	4.99678
51.88039	4.99677
51.88029	4.99667
51.88015	4.99653
51.88014	4.99653
51.88003	4.99643
51.87994	4.99635
51.87984	4.99626
51.87975	4.99617
51.87972	4.99616
51.87959	4.99605
51.87945	4.99594
51.87933	4.99585
51.87921	4.99577
51.87907	4.99568
51.87892	4.99559
51.87879	4.99551
51.87857	4.99541
51.87840	4.99533
51.87826	4.99527
51.87808	4.99520
51.87795	4.99515
51.87777	4.99510
51.87775	4.99509
51.87762	4.99505
51.87755	4.99504
51.87736	4.99501
51.87715	4.99498
51.87696	4.99495
51.87695	4.99495
51.87676	4.99494
51.87654	4.99495
51.87625	4.99497
51.87602	4.99501
51.87589	4.99504
51.87574	4.99508
51.87561	4.99512
51.87555	4.99513
51.87538	4.99518
51.87521	4.99524
51.87500	4.99532
51.87480	4.99541
51.87478	4.99542
51.87398	4.99580
51.87372	4.99595
51.87336	4.99612
51.87312	4.99624
51.87321	4.99655
51.87323	4.99654
51.87325	4.99661
51.87326	4.99665
51.87327	4.99665
51.87329	4.99671
51.87332	4.99669
51.87340	4.99663
51.87348	4.99672
51.87355	4.99679
51.87355	4.99680
51.87355	4.99681
51.87356	4.99682
51.87371	4.99733
51.87380	4.99766
51.87389	4.99797
51.87400	4.99824
51.87434	4.99929
51.87472	5.00043
51.87497	5.00121
51.87499	5.00127
51.87473	5.00124
51.87505	5.00236
51.87537	5.00352
51.87561	5.00434
51.87569	5.00466
51.87589	5.00537
51.87592	5.00547
51.87600	5.00577
51.87606	5.00599
51.87607	5.00601
51.87610	5.00612
51.87614	5.00627
51.87623	5.00659
51.87624	5.00663
51.87624	5.00664
51.87633	5.00694
51.87639	5.00719
51.87647	5.00746
51.87652	5.00762
51.87659	5.00787
51.87662	5.00796
51.87675	5.00844
51.87695	5.00915
51.87700	5.00932
51.87708	5.00962
51.87719	5.01000
51.87724	5.01019
51.87726	5.01026
51.87748	5.01103
51.87751	5.01113
51.87771	5.01184
51.87772	5.01187
51.87791	5.01252
51.87795	5.01269
51.87805	5.01304
51.87812	5.01328
51.87817	5.01346
51.87822	5.01363
51.87822	5.01365
51.87831	5.01396
51.87836	5.01414
51.87834	5.01412
51.87835	5.01415
51.87845	5.01452
51.87862	5.01514
51.87883	5.01590
51.87900	5.01650
51.87921	5.01723
51.87956	5.01848
51.87978	5.01925
51.87983	5.01946
51.88014	5.02054
51.88017	5.02068
51.88047	5.02171
51.88050	5.02184
51.88060	5.02213
51.88080	5.02286
51.88098	5.02346
51.88100	5.02351
51.88101	5.02356
51.88108	5.02385
51.88111	5.02394
51.88116	5.02411
51.88143	5.02511
51.88146	5.02522
51.88155	5.02557
51.88167	5.02597
51.88168	5.02604
51.88170	5.02611
51.88184	5.02665
51.88185	5.02670
51.88191	5.02693
51.88192	5.02696
51.88186	5.02700
51.88168	5.02713
51.88165	5.02716
51.88153	5.02725
51.88151	5.02720
51.88150	5.02706
51.88149	5.02701
51.88146	5.02693
51.88143	5.02685
51.88143	5.02675
51.88141	5.02669
51.88140	5.02663
51.88135	5.02646
51.88133	5.02640
51.88132	5.02634
51.88129	5.02625
51.88128	5.02620
51.88127	5.02617
51.88125	5.02613
51.88122	5.02608
51.88120	5.02605
51.88117	5.02601
51.88113	5.02597
51.88110	5.02593
51.88106	5.02591
51.88104	5.02587
51.88100	5.02582
51.88098	5.02579
51.88096	5.02577
51.88093	5.02574
51.88092	5.02570
51.88090	5.02567
51.88088	5.02565
51.88077	5.02557
51.88063	5.02547
51.88059	5.02545
51.88048	5.02541
51.88046	5.02540
51.88034	5.02536
51.88026	5.02533
51.88015	5.02530
51.88005	5.02526
51.87988	5.02520
51.87972	5.02515
51.87968	5.02514
51.87958	5.02512
51.87954	5.02511
51.87940	5.02505
51.87934	5.02502
51.87919	5.02494
51.87912	5.02489
51.87907	5.02486
51.87902	5.02484
51.87891	5.02480
51.87889	5.02480
51.87886	5.02479
51.87884	5.02478
51.87883	5.02477
51.87881	5.02476
51.87880	5.02475
51.87877	5.02473
51.87876	5.02474
51.87874	5.02475
51.87872	5.02475
51.87871	5.02476
51.87868	5.02475
51.87864	5.02474
51.87858	5.02473
51.87854	5.02471
51.87839	5.02464
51.87836	5.02462
51.87831	5.02460
51.87826	5.02458
51.87821	5.02457
51.87817	5.02454
51.87810	5.02449
51.87807	5.02448
51.87805	5.02447
51.87796	5.02443
51.87792	5.02440
51.87783	5.02432
51.87780	5.02430
51.87773	5.02427
51.87768	5.02424
51.87762	5.02419
51.87758	5.02416
51.87757	5.02414
51.87756	5.02413
51.87754	5.02411
51.87751	5.02410
51.87746	5.02406
51.87742	5.02403
51.87739	5.02402
51.87732	5.02398
51.87729	5.02396
51.87726	5.02394
51.87723	5.02392
51.87713	5.02387
51.87705	5.02383
51.87699	5.02381
51.87694	5.02381
51.87691	5.02381
51.87688	5.02379
51.87682	5.02376
51.87677	5.02372
51.87674	5.02371
51.87669	5.02373
51.87663	5.02372
51.87657	5.02371
51.87652	5.02370
51.87649	5.02369
51.87647	5.02367
51.87643	5.02365
51.87638	5.02361
51.87636	5.02359
51.87634	5.02358
51.87632	5.02357
51.87630	5.02357
51.87628	5.02355
51.87626	5.02354
51.87622	5.02351
51.87619	5.02348
51.87615	5.02345
51.87606	5.02338
51.87600	5.02334
51.87598	5.02333
51.87587	5.02328
51.87580	5.02325
51.87574	5.02323
51.87570	5.02322
51.87562	5.02322
51.87558	5.02321
51.87554	5.02319
51.87548	5.02318
51.87540	5.02316
51.87534	5.02315
51.87529	5.02314
51.87526	5.02313
51.87518	5.02311
51.87503	5.02303
51.87498	5.02301
51.87498	5.02301
51.87495	5.02300
51.87487	5.02297
51.87486	5.02297
51.87484	5.02296
51.87469	5.02292
51.87451	5.02288
51.87445	5.02287
51.87443	5.02286
51.87436	5.02284
51.87426	5.02284
51.87398	5.02288
51.87384	5.02291
51.87374	5.02293
51.87364	5.02295
51.87360	5.02295
51.87353	5.02299
51.87344	5.02303
51.87335	5.02305
51.87328	5.02305
51.87321	5.02309
51.87312	5.02314
51.87284	5.02314
51.87270	5.02315
51.87264	5.02314
51.87248	5.02314
51.87238	5.02314
51.87210	5.02315
51.87205	5.02316
51.87203	5.02317
51.87195	5.02315
51.87169	5.02305
51.87151	5.02297
51.87148	5.02295
51.87147	5.02294
51.87142	5.02285
51.87120	5.02276
51.87117	5.02273
51.87113	5.02271
51.87109	5.02272
51.87102	5.02269
51.87096	5.02268
51.87091	5.02266
51.87077	5.02257
51.87068	5.02250
51.87061	5.02245
51.87053	5.02239
51.87049	5.02236
51.87043	5.02234
51.87035	5.02232
51.87033	5.02232
51.87028	5.02231
51.87011	5.02226
51.86999	5.02224
51.86997	5.02224
51.86986	5.02223
51.86980	5.02221
51.86974	5.02219
51.86967	5.02216
51.86953	5.02209
51.86939	5.02199
51.86925	5.02190
51.86912	5.02182
51.86898	5.02176
51.86882	5.02175
51.86870	5.02178
51.86861	5.02183
51.86836	5.02206
51.86810	5.02239
51.86787	5.02271
51.86768	5.02298
51.86759	5.02311
51.86728	5.02342
51.86712	5.02357
51.86701	5.02364
51.86699	5.02365
51.86691	5.02369
51.86673	5.02373
51.86663	5.02377
51.86656	5.02379
51.86647	5.02386
51.86635	5.02398
51.86617	5.02424
51.86615	5.02427
51.86592	5.02458
51.86578	5.02484
51.86568	5.02502
51.86559	5.02516
51.86545	5.02534
51.86530	5.02553
51.86518	5.02573
51.86503	5.02602
51.86498	5.02611
51.86493	5.02616
51.86480	5.02629
51.86464	5.02647
51.86443	5.02676
51.86427	5.02696
51.86422	5.02703
51.86410	5.02711
51.86400	5.02719
51.86391	5.02728
51.86374	5.02739
51.86360	5.02744
51.86353	5.02745
51.86339	5.02745
51.86325	5.02742
51.86299	5.02741
51.86251	5.02740
51.86249	5.02740
51.86215	5.02741
51.86210	5.02740
51.86210	5.02740
51.86198	5.02738
51.86197	5.02738
51.86185	5.02736
51.86148	5.02734
51.86092	5.02730
51.86074	5.02730
51.86074	5.02733
51.86074	5.02741
51.86031	5.02741
51.86029	5.02736
51.86028	5.02731
51.86028	5.02728
51.86028	5.02713
51.86022	5.02709
51.86022	5.02711
51.86022	5.02714
51.86022	5.02717
51.86022	5.02719
51.86022	5.02728
51.86022	5.02728
51.86022	5.02731
51.86021	5.02735
51.86021	5.02739
51.86020	5.02742
51.86017	5.02740
51.86014	5.02738
51.85998	5.02727
51.85995	5.02739
51.85993	5.02745
51.85990	5.02750
51.85988	5.02751
51.85985	5.02751
51.85982	5.02750
51.85974	5.02745
51.85964	5.02741
51.85954	5.02735
51.85944	5.02729
51.85935	5.02725
51.85925	5.02720
51.85914	5.02714
51.85901	5.02708
51.85889	5.02703
51.85877	5.02698
51.85861	5.02691
51.85863	5.02710
51.85862	5.02824
51.85861	5.02910
51.85862	5.02972
51.85861	5.03002
51.85861	5.03067
51.85860	5.03159
51.85860	5.03210
51.85861	5.03260
51.85863	5.03354
51.85864	5.03426
51.85866	5.03518
51.85868	5.03600
51.85874	5.03644
51.85880	5.03685
51.85883	5.03704
51.85891	5.03758
51.85894	5.03777
51.85895	5.03791
51.85897	5.03809
51.85898	5.03829
51.85899	5.03844
51.85899	5.03869
51.85899	5.03909
51.85898	5.04018
51.85896	5.04106
51.85896	5.04134
51.85898	5.04163
51.85902	5.04207
51.85904	5.04227
51.85909	5.04274
51.85913	5.04297
51.85916	5.04316
51.85922	5.04363
51.85923	5.04373
51.85923	5.04385
51.85920	5.04417
51.85918	5.04440
51.85912	5.04491
51.85909	5.04516
51.85903	5.04555
51.85897	5.04589
51.85893	5.04614
51.85887	5.04661
51.85883	5.04690
51.85881	5.04713
51.85875	5.04761
51.85868	5.04810
51.85858	5.04811
51.85854	5.04837
51.85852	5.04847
51.85851	5.04853
51.85848	5.04884
51.85842	5.04909
51.85832	5.04953
51.85830	5.04961
51.85825	5.04973
51.85819	5.04987
51.85811	5.05008
51.85808	5.05012
51.85788	5.05050
51.85782	5.05062
51.85757	5.05126
51.85751	5.05158
51.85748	5.05181
51.85749	5.05214
51.85744	5.05267
51.85736	5.05300
51.85736	5.05334
51.85736	5.05351
51.85739	5.05381
51.85745	5.05430
51.85755	5.05486
51.85765	5.05561
51.85772	5.05636
51.85777	5.05679
51.85784	5.05733
51.85796	5.05825
51.85806	5.05878
51.85811	5.05897
51.85815	5.05919
51.85822	5.05938
51.85835	5.05979
51.85849	5.06022
51.85862	5.06064
51.85881	5.06110
51.85903	5.06152
51.85915	5.06189
51.85936	5.06236
51.85966	5.06285
51.85985	5.06307
51.85992	5.06312
51.86027	5.06341
51.86061	5.06363
51.86082	5.06368
51.86106	5.06364
51.86128	5.06358
51.86142	5.06347
51.86168	5.06329
51.86186	5.06306
51.86203	5.06278
51.86219	5.06246
51.86239	5.06205
51.86265	5.06140
51.86275	5.06114
51.86285	5.06088
51.86307	5.06022
51.86329	5.05947
51.86351	5.05869
51.86365	5.05822
51.86383	5.05764
51.86405	5.05700
51.86433	5.05622
51.86460	5.05547
51.86471	5.05520
51.86510	5.05420
51.86545	5.05360
51.86559	5.05338
51.86566	5.05328
51.86587	5.05300
51.86621	5.05260
51.86643	5.05239
51.86664	5.05220
51.86689	5.05207
51.86706	5.05200
51.86707	5.05199
51.86720	5.05194
51.86750	5.05186
51.86789	5.05180
51.86827	5.05181
51.86848	5.05184
51.86876	5.05187
51.86908	5.05195
51.86947	5.05209
51.86959	5.05214
51.86976	5.05222
51.86998	5.05231
51.87013	5.05239
51.87030	5.05251
51.87048	5.05260
51.87111	5.05298
51.87138	5.05317
51.87147	5.05323
51.87157	5.05332
51.87165	5.05338
51.87190	5.05361
51.87235	5.05416
51.87274	5.05482
51.87304	5.05536
51.87320	5.05575
51.87326	5.05596
51.87330	5.05621
51.87334	5.05645
51.87338	5.05695
51.87345	5.05755
51.87355	5.05815
51.87366	5.05901
51.87378	5.05965
51.87391	5.06028
51.87408	5.06110
51.87413	5.06129
51.87424	5.06180
51.87432	5.06237
51.87435	5.06274
51.87441	5.06339
51.87443	5.06443
51.87440	5.06530
51.87435	5.06573
51.87434	5.06581
51.87424	5.06652
51.87414	5.06723
51.87409	5.06774
51.87409	5.06777
51.87408	5.06786
51.87405	5.06852
51.87407	5.06906
51.87412	5.06960
51.87416	5.07029
51.87416	5.07094
51.87412	5.07161
51.87405	5.07228
51.87403	5.07268
51.87403	5.07276
51.87405	5.07309
51.87405	5.07333
51.87404	5.07351
51.87404	5.07366
51.87407	5.07383
51.87414	5.07412
51.87433	5.07488
51.87447	5.07553
51.87461	5.07595
51.87470	5.07646
51.87485	5.07723
51.87495	5.07791
51.87506	5.07862
51.87523	5.07952
51.87531	5.07986
51.87543	5.08027
51.87552	5.08053
51.87566	5.08082
51.87583	5.08107
51.87591	5.08118
51.87605	5.08132
51.87614	5.08144
51.87616	5.08146
51.87649	5.08191
51.87673	5.08223
51.87674	5.08224
51.87702	5.08257
51.87727	5.08285
51.87764	5.08318
51.87804	5.08345
51.87809	5.08348
51.87836	5.08366
51.87866	5.08393
51.87881	5.08410
51.87907	5.08443
51.87937	5.08481
51.87975	5.08529
51.87980	5.08534
51.87996	5.08555
51.88008	5.08569
51.88009	5.08570
51.88037	5.08601
51.88065	5.08624
51.88077	5.08634
51.88107	5.08655
51.88128	5.08669
51.88151	5.08681
51.88171	5.08692
51.88207	5.08707
51.88223	5.08713
51.88250	5.08721
51.88273	5.08728
51.88307	5.08738
51.88335	5.08742
51.88344	5.08744
51.88363	5.08746
51.88379	5.08747
51.88388	5.08748
51.88413	5.08749
51.88430	5.08749
51.88496	5.08755
51.88515	5.08758
51.88554	5.08765
51.88639	5.08787
51.88674	5.08800
51.88709	5.08816
51.88740	5.08835
51.88755	5.08845
51.88784	5.08869
51.88809	5.08904
51.88826	5.08942
51.88840	5.08972
51.88861	5.09023
51.88861	5.09024
51.88867	5.09040
51.88867	5.09040
51.88878	5.09079
51.88888	5.09071
51.88889	5.09073
51.88893	5.09081
51.88898	5.09097
51.88899	5.09105
51.88900	5.09111
51.88900	5.09119
51.88901	5.09131
51.88902	5.09143
51.88902	5.09149
51.88903	5.09155
51.88903	5.09160
51.88903	5.09181
51.88905	5.09241
51.88899	5.09305
51.88896	5.09325
51.88892	5.09354
51.88887	5.09388
51.88878	5.09454
51.88874	5.09483
51.88851	5.09587
51.88825	5.09645
51.88822	5.09660
51.88805	5.09657
51.88803	5.09669
51.88785	5.09763
51.88784	5.09800
51.88787	5.09854
51.88793	5.09889
51.88821	5.09988
51.88834	5.10066
51.88854	5.10243
51.88861	5.10278
51.88866	5.10313
51.88869	5.10339
51.88872	5.10395
51.88881	5.10576
51.88865	5.10680
51.88850	5.10760
51.88840	5.10788
51.88834	5.10811
51.88832	5.10817
51.88831	5.10824
51.88829	5.10833
51.88826	5.10845
51.88824	5.10855
51.88823	5.10865
51.88819	5.10884
51.88817	5.10905
51.88811	5.10946
51.88805	5.11011
51.88799	5.11082
51.88797	5.11100
51.88794	5.11121
51.88794	5.11128
51.88789	5.11174
51.88785	5.11213
51.88780	5.11256
51.88778	5.11274
51.88819	5.11319
51.88826	5.11326
51.88829	5.11331
51.88838	5.11339
51.88857	5.11361
51.88874	5.11377
51.88884	5.11387
51.88894	5.11397
51.88901	5.11405
51.88903	5.11406
51.88905	5.11408
51.88907	5.11410
51.88911	5.11414
51.88915	5.11417
51.88919	5.11420
51.88927	5.11427
51.88937	5.11437
51.88956	5.11454
51.88962	5.11459
51.88965	5.11462
51.88971	5.11467
51.88979	5.11474
51.88996	5.11490
51.89006	5.11500
51.89013	5.11505
51.89015	5.11508
51.89018	5.11511
51.89021	5.11515
51.89029	5.11523
51.89035	5.11530
51.89044	5.11539
51.89049	5.11545
51.89064	5.11564
51.89070	5.11571
51.89079	5.11584
51.89092	5.11601
51.89096	5.11607
51.89104	5.11620
51.89119	5.11644
51.89132	5.11661
51.89142	5.11675
51.89148	5.11682
51.89152	5.11687
51.89156	5.11692
51.89164	5.11701
51.89173	5.11710
51.89180	5.11717
51.89187	5.11723
51.89194	5.11729
51.89196	5.11731
51.89213	5.11744
51.89218	5.11748
51.89220	5.11749
51.89237	5.11758
51.89238	5.11759
51.89241	5.11760
51.89247	5.11763
51.89257	5.11767
51.89267	5.11770
51.89291	5.11773
51.89311	5.11776
51.89337	5.11780
51.89373	5.11791
51.89393	5.11796
51.89417	5.11801
51.89421	5.11802
51.89425	5.11803
51.89491	5.11818
51.89510	5.11822
51.89554	5.11832
51.89570	5.11836
51.89576	5.11837
51.89586	5.11839
51.89588	5.11840
51.89600	5.11843
51.89602	5.11843
51.89603	5.11843
51.89619	5.11846
51.89626	5.11847
51.89638	5.11850
51.89644	5.11843
51.89646	5.11841
51.89646	5.11840
51.89647	5.11838
51.89651	5.11824
51.89653	5.11818
51.89655	5.11810
51.89682	5.11713
51.89691	5.11699
51.89698	5.11693
51.89705	5.11689
51.89712	5.11687
51.89736	5.11684
51.89774	5.11685
51.89789	5.11686
51.89803	5.11689
51.89810	5.11695
51.89818	5.11703
51.89823	5.11718
51.89826	5.11738
51.89827	5.11751
51.89829	5.11779
51.89828	5.11822
51.89828	5.11827
51.89828	5.11842
51.89828	5.11870
51.89827	5.11885
51.89827	5.11907
51.89838	5.11915
51.89857	5.11937
51.89861	5.11941
51.89871	5.11949
51.89948	5.12014
51.89948	5.12014
51.90031	5.12082
51.90077	5.12119
51.90078	5.12119
51.90086	5.12126
51.90201	5.12216
51.90321	5.12310
51.90355	5.12337
51.90426	5.12393
51.90459	5.12419
51.90508	5.12456
51.90542	5.12483
51.90543	5.12484
51.90546	5.12487
51.90574	5.12509
51.90631	5.12554
51.90643	5.12563
51.90652	5.12570
51.90754	5.12651
51.90771	5.12665
51.90799	5.12687
51.90802	5.12689
51.90924	5.12785
51.90970	5.12821
51.90977	5.12827
51.90977	5.12827
51.90982	5.12831
51.90984	5.12833
51.91006	5.12850
51.91052	5.12886
51.91143	5.12959
51.91221	5.13021
51.91270	5.13060
51.91270	5.13060
51.91274	5.13058
51.91341	5.13111
51.91383	5.13144
51.91446	5.13194
51.91479	5.13220
51.91481	5.13222
51.91488	5.13228
51.91490	5.13230
51.91491	5.13232
51.91491	5.13235
51.91490	5.13237
51.91489	5.13238
51.91486	5.13238
51.91472	5.13301
51.91454	5.13394
51.91433	5.13511
51.91420	5.13572
51.91423	5.13574
51.91426	5.13596
51.91429	5.13607
51.91433	5.13617
51.91438	5.13626
51.91439	5.13627
51.91443	5.13633
51.91450	5.13642
51.91451	5.13644
51.91469	5.13657
51.91469	5.13657
51.91469	5.13657
51.91481	5.13665
51.91523	5.13658
51.91549	5.13653
51.91556	5.13649
51.91589	5.13644
51.91589	5.13644
51.91657	5.13627
51.91672	5.13625
51.91690	5.13621
51.91696	5.13622
51.91728	5.13618
51.91743	5.13618
51.91757	5.13617
51.91774	5.13617
51.91779	5.13606
51.91785	5.13597
51.91790	5.13594
51.91805	5.13578
51.91809	5.13571
51.91819	5.13570
51.91822	5.13567
51.91833	5.13578
51.91840	5.13586
51.91844	5.13591
51.91879	5.13626
51.91911	5.13659
51.91927	5.13675
51.91979	5.13727
51.91981	5.13729
51.92091	5.13844
51.92092	5.13841
51.92093	5.13841
51.92122	5.13871
51.92132	5.13881
51.92136	5.13884
51.92137	5.13885
51.92224	5.13974
51.92225	5.13976
51.92226	5.13977
51.92255	5.14008
51.92268	5.14022
51.92271	5.14025
51.92277	5.14031
51.92316	5.14068
51.92325	5.14076
51.92326	5.14078
51.92339	5.14088
51.92354	5.14105
51.92377	5.14127
51.92399	5.14143
51.92416	5.14157
51.92425	5.14167
51.92434	5.14177
51.92467	5.14214
51.92475	5.14222
51.92486	5.14235
51.92486	5.14235
51.92494	5.14243
51.92494	5.14243
51.92505	5.14256
51.92516	5.14272
51.92517	5.14273
51.92539	5.14300
51.92540	5.14301
51.92539	5.14302
51.92572	5.14347
51.92572	5.14348
51.92589	5.14373
51.92591	5.14375
51.92648	5.14453
51.92651	5.14456
51.92685	5.14498
51.92694	5.14509
51.92716	5.14540
51.92719	5.14543
51.92764	5.14602
51.92795	5.14644
51.92842	5.14702
51.92893	5.14773
51.92908	5.14795
51.92923	5.14816
51.92935	5.14833
51.92949	5.14846
51.92966	5.14858
51.93023	5.14891
51.93036	5.14898
51.93054	5.14901
51.93102	5.14855
51.93104	5.14854
51.93121	5.14843
51.93139	5.14834
51.93149	5.14821
51.93178	5.14803
51.93179	5.14802
51.93195	5.14797
51.93204	5.14795
51.93216	5.14796
51.93237	5.14805
51.93251	5.14813
51.93260	5.14819
51.93274	5.14828
51.93291	5.14848
51.93308	5.14867
51.93319	5.14883
51.93344	5.14924
51.93352	5.14941
51.93353	5.14944
51.93357	5.14964
51.93336	5.15039
51.93332	5.15069
51.93335	5.15094
51.93339	5.15108
51.93352	5.15130
51.93362	5.15147
51.93394	5.15171
51.93394	5.15171
51.93407	5.15180
51.93442	5.15206
51.93561	5.15289
51.93563	5.15290
51.93581	5.15304
51.93605	5.15318
51.93612	5.15323
51.93637	5.15338
51.93654	5.15348
51.93654	5.15349
51.93665	5.15355
51.93729	5.15396
51.93729	5.15396
51.93747	5.15417
51.93771	5.15444
51.93784	5.15459
51.93794	5.15466
51.93794	5.15467
51.93795	5.15467
51.93800	5.15473
51.93802	5.15475
51.93814	5.15486
51.93828	5.15500
51.93840	5.15511
51.93847	5.15519
51.93850	5.15521
51.93869	5.15538
51.93893	5.15562
51.93901	5.15570
51.93923	5.15588
51.93937	5.15602
51.93951	5.15618
51.93956	5.15622
51.93966	5.15632
51.93970	5.15638
51.93995	5.15663
51.94022	5.15689
51.94059	5.15723
51.94062	5.15726
51.94087	5.15751
51.94089	5.15753
51.94092	5.15755
51.94118	5.15776
51.94155	5.15811
51.94167	5.15822
51.94186	5.15839
51.94199	5.15851
51.94218	5.15868
51.94229	5.15877
51.94259	5.15907
51.94265	5.15912
51.94267	5.15913
51.94308	5.15957
51.94339	5.15987
51.94346	5.15993
51.94347	5.15994
51.94358	5.16005
51.94367	5.16016
51.94370	5.16019
51.94410	5.16056
51.94445	5.16089
51.94500	5.16142
51.94517	5.16159
51.94554	5.16194
51.94614	5.16253
51.94635	5.16275
51.94655	5.16301
51.94664	5.16314
51.94666	5.16320
51.94668	5.16324
51.94679	5.16336
51.94686	5.16343
51.94704	5.16358
51.94749	5.16391
51.94793	5.16424
51.94827	5.16450
51.94946	5.16536
51.94963	5.16549
51.94995	5.16572
51.95031	5.16596
51.95112	5.16652
51.95155	5.16685
51.95187	5.16705
51.95349	5.16820
51.95416	5.16865
51.95435	5.16878
51.95435	5.16879
51.95479	5.16911
51.95501	5.16929
51.95508	5.16934
51.95547	5.16966
51.95583	5.17000
51.95709	5.17109
51.95808	5.17198
51.95852	5.17238
51.95910	5.17291
51.95942	5.17319
51.95995	5.17363
51.95999	5.17367
51.95999	5.17368
51.96000	5.17369
51.96035	5.17400
51.96070	5.17430
51.96072	5.17432
51.96074	5.17434
51.96082	5.17441
51.96304	5.17636
51.96342	5.17669
51.96425	5.17742
51.96427	5.17744
51.96579	5.17876
51.96617	5.17907
51.96620	5.17909
51.96626	5.17915
51.96644	5.17932
51.96745	5.18023
51.96752	5.18007
51.96753	5.18004
51.96781	5.17936
51.96784	5.17929
51.96790	5.17912
51.96827	5.17810
51.96869	5.17681
51.96905	5.17548
51.96936	5.17411
51.96962	5.17272
51.96964	5.17254
51.96991	5.17000
51.96996	5.16960
51.97000	5.16926
51.97001	5.16892
51.97004	5.16846
51.97006	5.16827
51.97014	5.16681
51.97023	5.16535
51.97027	5.16453
51.97031	5.16389
51.97032	5.16352
51.97034	5.16306
51.97037	5.16242
51.97047	5.16095
51.97064	5.15954
51.97069	5.15924
51.97070	5.15921
51.97078	5.15879
51.97107	5.15740
51.97118	5.15691
51.97141	5.15588
51.97151	5.15545
51.97159	5.15509
51.97177	5.15460
51.97186	5.15436
51.97193	5.15415
51.97196	5.15409
51.97202	5.15395
51.97244	5.15294
51.97258	5.15268
51.97275	5.15235
51.97301	5.15183
51.97322	5.15147
51.97341	5.15114
51.97362	5.15076
51.97388	5.15034
51.97427	5.14971
51.97452	5.14936
51.97492	5.14878
51.97517	5.14852
51.97549	5.14818
51.97592	5.14773
51.97628	5.14739
51.97638	5.14729
51.97666	5.14703
51.97682	5.14688
51.97723	5.14659
51.97783	5.14611
51.97803	5.14596
51.97816	5.14588
51.97855	5.14562
51.97866	5.14555
51.97867	5.14555
51.97868	5.14554
51.97910	5.14532
51.97922	5.14525
51.97965	5.14507
51.97966	5.14507
51.97986	5.14499
51.98009	5.14490
51.98030	5.14482
51.98141	5.14442
51.98158	5.14436
51.98266	5.14402
51.98284	5.14397
51.98377	5.14371
51.98395	5.14366
51.98406	5.14363
51.98415	5.14361
51.98415	5.14361
51.98422	5.14360
51.98454	5.14353
51.98537	5.14337
51.98557	5.14333
51.98594	5.14326
51.98621	5.14319
51.98643	5.14313
51.98716	5.14294
51.98736	5.14288
51.98811	5.14268
51.98831	5.14263
51.98831	5.14263
51.98864	5.14255
51.98903	5.14245
51.98920	5.14241
51.98925	5.14240
51.98954	5.14232
51.98996	5.14218
51.99014	5.14211
51.99073	5.14188
51.99091	5.14180
51.99134	5.14161
51.99162	5.14146
51.99180	5.14136
51.99224	5.14113
51.99227	5.14111
51.99244	5.14100
51.99269	5.14083
51.99283	5.14072
51.99300	5.14058
51.99327	5.14037
51.99338	5.14027
51.99349	5.14019
51.99379	5.13985
51.99390	5.13973
51.99394	5.13968
51.99432	5.13913
51.99449	5.13887
51.99552	5.13705
51.99567	5.13677
51.99608	5.13564
51.99620	5.13530
51.99658	5.13417
51.99669	5.13387
51.99697	5.13276
51.99705	5.13246
51.99732	5.13105
51.99737	5.13071
51.99755	5.12948
51.99759	5.12923
51.99760	5.12916
51.99764	5.12889
51.99772	5.12842
51.99775	5.12822
51.99776	5.12817
51.99783	5.12791
51.99829	5.12607
51.99837	5.12576
51.99837	5.12574
51.99842	5.12551
51.99858	5.12479
51.99866	5.12446
51.99960	5.12070
51.99981	5.11986
51.99989	5.11965
51.99991	5.11959
51.99992	5.11956
52.00003	5.11928
52.00105	5.11637
52.00116	5.11598
52.00132	5.11537
52.00142	5.11496
52.00163	5.11407
52.00167	5.11392
52.00194	5.11281
52.00205	5.11227
52.00215	5.11165
52.00229	5.11096
52.00238	5.11051
52.00240	5.11041
52.00241	5.11031
52.00243	5.11021
52.00244	5.11011
52.00246	5.11000
52.00247	5.10991
52.00249	5.10979
52.00251	5.10966
52.00252	5.10955
52.00254	5.10946
52.00255	5.10934
52.00257	5.10924
52.00258	5.10917
52.00259	5.10906
52.00261	5.10896
52.00262	5.10885
52.00264	5.10872
52.00265	5.10863
52.00267	5.10851
52.00269	5.10841
52.00270	5.10832
52.00271	5.10821
52.00273	5.10812
52.00274	5.10804
52.00275	5.10792
52.00277	5.10778
52.00280	5.10762
52.00281	5.10755
52.00283	5.10739
52.00284	5.10729
52.00285	5.10724
52.00286	5.10714
52.00287	5.10710
52.00289	5.10694
52.00290	5.10679
52.00291	5.10665
52.00292	5.10654
52.00292	5.10643
52.00293	5.10636
52.00293	5.10623
52.00293	5.10609
52.00294	5.10597
52.00294	5.10584
52.00295	5.10574
52.00295	5.10565
52.00295	5.10555
52.00295	5.10543
52.00296	5.10530
52.00296	5.10528
52.00297	5.10513
52.00297	5.10501
52.00297	5.10492
52.00298	5.10478
52.00298	5.10470
52.00298	5.10459
52.00299	5.10449
52.00299	5.10436
52.00299	5.10425
52.00300	5.10412
52.00300	5.10401
52.00301	5.10388
52.00301	5.10376
52.00301	5.10364
52.00302	5.10357
52.00302	5.10341
52.00303	5.10326
52.00303	5.10321
52.00303	5.10317
52.00303	5.10303
52.00303	5.10290
52.00303	5.10278
52.00303	5.10265
52.00303	5.10254
52.00303	5.10246
52.00303	5.10237
52.00303	5.10223
52.00303	5.10215
52.00303	5.10201
52.00303	5.10193
52.00303	5.10177
52.00303	5.10169
52.00303	5.10159
52.00303	5.10150
52.00303	5.10140
52.00304	5.10130
52.00303	5.10121
52.00303	5.10114
52.00303	5.10106
52.00303	5.10092
52.00303	5.10082
52.00303	5.10071
52.00303	5.10066
52.00303	5.10059
52.00303	5.10052
52.00303	5.10042
52.00303	5.10035
52.00302	5.10025
52.00302	5.10016
52.00301	5.10005
52.00300	5.09998
52.00300	5.09993
52.00299	5.09983
52.00298	5.09971
52.00297	5.09962
52.00297	5.09959
52.00296	5.09952
52.00294	5.09940
52.00293	5.09932
52.00292	5.09921
52.00290	5.09906
52.00288	5.09894
52.00287	5.09881
52.00285	5.09869
52.00284	5.09860
52.00282	5.09844
52.00280	5.09829
52.00278	5.09816
52.00276	5.09802
52.00275	5.09787
52.00272	5.09765
52.00270	5.09745
52.00268	5.09728
52.00267	5.09717
52.00265	5.09705
52.00264	5.09692
52.00262	5.09681
52.00260	5.09663
52.00259	5.09650
52.00256	5.09629
52.00255	5.09616
52.00254	5.09608
52.00253	5.09595
52.00251	5.09582
52.00250	5.09567
52.00248	5.09552
52.00247	5.09542
52.00246	5.09530
52.00245	5.09521
52.00244	5.09510
52.00242	5.09497
52.00241	5.09481
52.00239	5.09469
52.00238	5.09456
52.00237	5.09445
52.00235	5.09429
52.00234	5.09419
52.00232	5.09408
52.00231	5.09398
52.00229	5.09380
52.00226	5.09363
52.00224	5.09347
52.00221	5.09329
52.00218	5.09313
52.00216	5.09298
52.00214	5.09290
52.00212	5.09277
52.00210	5.09266
52.00207	5.09253
52.00205	5.09243
52.00203	5.09230
52.00201	5.09218
52.00199	5.09210
52.00197	5.09198
52.00194	5.09185
52.00193	5.09177
52.00190	5.09165
52.00187	5.09151
52.00185	5.09142
52.00183	5.09131
52.00179	5.09115
52.00177	5.09105
52.00175	5.09093
52.00174	5.09088
52.00171	5.09077
52.00167	5.09060
52.00163	5.09040
52.00161	5.09031
52.00159	5.09025
52.00156	5.09011
52.00152	5.08995
52.00148	5.08983
52.00145	5.08970
52.00142	5.08961
52.00139	5.08948
52.00135	5.08933
52.00131	5.08920
52.00127	5.08904
52.00122	5.08889
52.00119	5.08879
52.00115	5.08863
52.00108	5.08839
52.00103	5.08822
52.00097	5.08805
52.00094	5.08794
52.00088	5.08778
52.00081	5.08757
52.00075	5.08739
52.00071	5.08728
52.00065	5.08721
52.00059	5.08713
52.00053	5.08705
52.00047	5.08698
52.00042	5.08691
52.00037	5.08684
52.00032	5.08677
52.00028	5.08669
52.00024	5.08663
52.00020	5.08656
52.00017	5.08650
52.00012	5.08642
52.00010	5.08638
52.00007	5.08632
52.00005	5.08629
52.00003	5.08625
52.00001	5.08618
51.99999	5.08615
51.99997	5.08608
51.99993	5.08593
51.99991	5.08587
51.99989	5.08580
51.99985	5.08567
51.99981	5.08555
51.99976	5.08539
51.99971	5.08522
51.99964	5.08500
51.99963	5.08497
51.99962	5.08492
51.99960	5.08486
51.99957	5.08479
51.99954	5.08471
51.99951	5.08462
51.99947	5.08451
51.99944	5.08440
51.99941	5.08431
51.99938	5.08422
51.99935	5.08414
51.99932	5.08405
51.99928	5.08394
51.99925	5.08386
51.99923	5.08378
51.99919	5.08368
51.99917	5.08360
51.99914	5.08353
51.99911	5.08345
51.99910	5.08340
51.99907	5.08333
51.99905	5.08327
51.99905	5.08327
51.99902	5.08318
51.99897	5.08302
51.99892	5.08289
51.99888	5.08275
51.99884	5.08265
51.99878	5.08245
51.99873	5.08229
51.99867	5.08213
51.99864	5.08203
51.99860	5.08190
51.99858	5.08182
51.99854	5.08172
51.99851	5.08161
51.99849	5.08154
51.99848	5.08149
51.99845	5.08140
51.99844	5.08138
51.99840	5.08125
51.99837	5.08113
51.99833	5.08099
51.99828	5.08084
51.99826	5.08074
51.99823	5.08062
51.99820	5.08050
51.99817	5.08040
51.99815	5.08029
51.99813	5.08024
51.99811	5.08015
51.99808	5.08005
51.99805	5.07992
51.99801	5.07979
51.99798	5.07967
51.99794	5.07953
51.99790	5.07939
51.99787	5.07926
51.99785	5.07916
51.99781	5.07901
51.99778	5.07891
51.99775	5.07879
51.99773	5.07872
51.99769	5.07856
51.99768	5.07854
51.99765	5.07843
51.99763	5.07831
51.99761	5.07823
51.99759	5.07812
51.99757	5.07804
51.99755	5.07799
51.99753	5.07787
51.99746	5.07755
51.99745	5.07754
51.99742	5.07742
51.99739	5.07728
51.99735	5.07712
51.99732	5.07697
51.99727	5.07675
51.99722	5.07656
51.99721	5.07651
51.99703	5.07583
51.99598	5.07173
51.99580	5.07100
51.99557	5.07010
51.99407	5.06629
51.99123	5.06264
51.99048	5.06167
51.98914	5.05935
51.98793	5.05684
51.98792	5.05681
51.98776	5.05647
51.98718	5.05516
51.98634	5.05325
51.98498	5.05033
51.98398	5.04846
51.98360	5.04775
51.98196	5.04500
51.98038	5.04286
51.97849	5.04104
51.97826	5.04090
51.97744	5.04040
51.97676	5.03998
51.97544	5.03939
51.97490	5.03916
51.97414	5.03883
51.97292	5.03793
51.97272	5.03778
51.97133	5.03613
51.97039	5.03445
51.97017	5.03405
51.96975	5.03285
51.96956	5.03207
51.96938	5.03092
51.96927	5.03024
51.96926	5.03011
51.96920	5.02967
51.96917	5.02871
51.96917	5.02790
51.96916	5.02724
51.96924	5.02586
51.96926	5.02546
51.96929	5.02508
51.96931	5.02479
51.96955	5.02340
51.96973	5.02238
51.97035	5.02060
51.97044	5.02034
51.97137	5.01777
51.97214	5.01610
51.97281	5.01498
51.97289	5.01486
51.97426	5.01264
51.97426	5.01262
51.97481	5.01153
51.97554	5.01008
51.97647	5.00762
51.97814	5.00301
51.97822	5.00218
51.97820	5.00187
51.97819	5.00156
51.97787	4.99807
51.97692	4.99495
51.97668	4.99423
51.97585	4.99186
51.97479	4.98956
51.97474	4.98946
51.97420	4.98840
51.97404	4.98813
51.97399	4.98805
51.97331	4.98700
51.97255	4.98594
51.97022	4.98353
51.96908	4.98233
51.96883	4.98206
51.96846	4.98158
51.96815	4.98124
51.96777	4.98083
51.96678	4.97977
51.96571	4.97863
51.96515	4.97802
51.96497	4.97779
51.96461	4.97734
51.96447	4.97717
51.96441	4.97708
51.96430	4.97690
51.96412	4.97660
51.96345	4.97614
51.96289	4.97544
51.96194	4.97400
51.96187	4.97387
51.96120	4.97264
51.96115	4.97255
51.96047	4.97094
51.95952	4.96866
51.95942	4.96839
51.95939	4.96833
51.95938	4.96829
51.95937	4.96824
51.95935	4.96819
51.95934	4.96814
51.95934	4.96810
51.95926	4.96747
51.95921	4.96713
51.95916	4.96678
51.95921	4.96547
51.95922	4.96530
51.95922	4.96529
51.95943	4.96385
51.95972	4.96241
51.96006	4.96092
51.96038	4.95946
51.96050	4.95892
51.96076	4.95799
51.96098	4.95733
51.96114	4.95692
51.96137	4.95633
51.96174	4.95536
51.96178	4.95524
51.96193	4.95482
51.96200	4.95462
51.96202	4.95457
51.96212	4.95429
51.96222	4.95401
51.96230	4.95376
51.96240	4.95349
51.96244	4.95336
51.96277	4.95225
51.96283	4.95203
51.96314	4.95070
51.96320	4.95046
51.96347	4.94869
51.96369	4.94690
51.96388	4.94510
51.96394	4.94331
51.96383	4.94157
51.96344	4.93982
51.96287	4.93833
51.96223	4.93701
51.96187	4.93641
51.96172	4.93616
51.96146	4.93574
51.96108	4.93522
51.96106	4.93519
51.96061	4.93456
51.96002	4.93392
51.95971	4.93358
51.95920	4.93310
51.95868	4.93261
51.95811	4.93217
51.95705	4.93140
51.95655	4.93097
51.95556	4.93011
51.95491	4.92960
51.95464	4.92938
51.95394	4.92879
51.95315	4.92814
51.95249	4.92761
51.95204	4.92723
51.95093	4.92630
