#GsakName=Kayanza
-2.78680,29.64963
-2.78760,29.65141
-2.78776,29.65250
-2.78746,29.65340
-2.78749,29.65496
-2.78721,29.65799
-2.78705,29.65914
-2.78712,29.65953
-2.78735,29.66078
-2.78784,29.66187
-2.78845,29.66264
-2.78861,29.66357
-2.79072,29.66562
-2.79108,29.66635
-2.79089,29.66775
-2.79092,29.66821
-2.79096,29.66892
-2.79179,29.66805
-2.79282,29.66566
-2.79436,29.66545
-2.79371,29.66410
-2.79724,29.66196
-2.79883,29.66143
-2.80072,29.66067
-2.80301,29.65976
-2.80564,29.66028
-2.80709,29.66056
-2.80933,29.66085
-2.81120,29.66272
-2.81579,29.66405
-2.81783,29.66369
-2.81979,29.66300
-2.82124,29.66238
-2.82201,29.66234
-2.82652,29.66211
-2.82939,29.66177
-2.83274,29.65953
-2.83105,29.65300
-2.82906,29.65129
-2.82790,29.64865
-2.82782,29.64847
-2.82788,29.64773
-2.83053,29.64760
-2.83222,29.64467
-2.83316,29.64339
-2.83435,29.64180
-2.83553,29.64112
-2.84006,29.63852
-2.84265,29.63711
-2.84410,29.63631
-2.84562,29.63617
-2.84763,29.63597
-2.84941,29.63766
-2.85179,29.63902
-2.85222,29.64043
-2.85441,29.64207
-2.85446,29.64278
-2.85686,29.64366
-2.85840,29.64450
-2.85995,29.64572
-2.86143,29.64689
-2.86208,29.64799
-2.86579,29.64865
-2.86697,29.64886
-2.86815,29.64949
-2.86722,29.65249
-2.86708,29.65410
-2.86760,29.65604
-2.86672,29.65785
-2.86799,29.65949
-2.86833,29.66012
-2.86856,29.66055
-2.86945,29.66222
-2.86965,29.66259
-2.87163,29.66419
-2.87249,29.66489
-2.87138,29.66789
-2.87357,29.67236
-2.87342,29.67294
-2.87294,29.67477
-2.87370,29.67543
-2.87291,29.67767
-2.87323,29.67798
-2.87374,29.67849
-2.87437,29.67826
-2.87570,29.67862
-2.87776,29.67994
-2.87800,29.68161
-2.87711,29.68308
-2.87733,29.68573
-2.87764,29.68731
-2.87702,29.68808
-2.87452,29.68938
-2.87543,29.69088
-2.87496,29.69206
-2.87322,29.69643
-2.87417,29.69729
-2.87521,29.69642
-2.87553,29.69647
-2.87665,29.69879
-2.87519,29.70209
-2.87735,29.70186
-2.88161,29.70142
-2.88310,29.70030
-2.88333,29.70041
-2.88456,29.70104
-2.88903,29.70450
-2.88926,29.70902
-2.89114,29.70853
-2.89160,29.70864
-2.89380,29.70916
-2.89945,29.71131
-2.90026,29.71215
-2.90108,29.71220
-2.90609,29.71249
-2.90759,29.71297
-2.90771,29.71276
-2.90892,29.71017
-2.90918,29.70824
-2.91346,29.70543
-2.91445,29.70478
-2.91712,29.70442
-2.92542,29.70362
-2.92709,29.70542
-2.92896,29.70743
-2.92925,29.70785
-2.93317,29.71366
-2.93647,29.71855
-2.93667,29.71885
-2.93751,29.71935
-2.93712,29.72151
-2.93670,29.72383
-2.93659,29.72444
-2.93315,29.73124
-2.93088,29.73238
-2.92913,29.73327
-2.92719,29.73396
-2.92690,29.73424
-2.92625,29.73836
-2.92573,29.73904
-2.92532,29.73958
-2.92348,29.74089
-2.92064,29.74363
-2.91566,29.74676
-2.91360,29.74951
-2.91318,29.75022
-2.91552,29.74906
-2.91925,29.74818
-2.92051,29.74877
-2.92069,29.74889
-2.92228,29.74988
-2.92394,29.75184
-2.92389,29.75529
-2.92623,29.75846
-2.92891,29.75858
-2.93332,29.75783
-2.93617,29.75763
-2.93670,29.75770
-2.94312,29.75856
-2.95436,29.75711
-2.95935,29.75663
-2.96049,29.75901
-2.96206,29.76155
-2.96757,29.76449
-2.96876,29.76505
-2.97287,29.76700
-2.97368,29.76733
-2.97461,29.76781
-2.97561,29.76833
-2.97889,29.77062
-2.97965,29.77162
-2.98052,29.77322
-2.98071,29.77357
-2.98160,29.77531
-2.98319,29.77815
-2.98405,29.77970
-2.98469,29.78086
-2.98505,29.78201
-2.98515,29.78235
-2.98614,29.78361
-2.98959,29.78835
-2.99019,29.78905
-2.99095,29.78992
-2.99259,29.79176
-2.99301,29.79222
-2.99628,29.79587
-2.99908,29.79838
-2.99925,29.79853
-2.99936,29.79866
-3.00286,29.79954
-3.00543,29.79975
-3.00634,29.80020
-3.00836,29.79986
-3.00989,29.79949
-3.01163,29.79897
-3.01267,29.79830
-3.01331,29.79800
-3.01480,29.79734
-3.01514,29.79825
-3.01529,29.79931
-3.01583,29.80013
-3.01651,29.80118
-3.01715,29.80223
-3.01644,29.80740
-3.01564,29.81325
-3.01504,29.81759
-3.01230,29.82463
-3.01078,29.82884
-3.00991,29.82972
-3.00635,29.83492
-3.00633,29.83703
-3.00628,29.83933
-3.00758,29.84149
-3.00854,29.84243
-3.00961,29.84357
-3.01048,29.84432
-3.01328,29.84629
-3.01355,29.84648
-3.01167,29.85161
-3.01099,29.85448
-3.01066,29.85804
-3.01064,29.85866
-3.01063,29.85909
-3.01063,29.85925
-3.00991,29.86144
-3.00924,29.86264
-3.00829,29.86433
-3.00724,29.86584
-3.00571,29.86929
-3.00562,29.87165
-3.00586,29.87478
-3.00621,29.87681
-3.00537,29.87924
-3.00725,29.87726
-3.00802,29.87633
-3.00861,29.87604
-3.00966,29.87523
-3.01002,29.87499
-3.01096,29.87470
-3.01154,29.87464
-3.01290,29.87429
-3.01337,29.87406
-3.01349,29.87397
-3.01431,29.87342
-3.01484,29.87307
-3.01560,29.87255
-3.01613,29.87255
-3.01695,29.87272
-3.01715,29.87268
-3.01754,29.87260
-3.01813,29.87196
-3.01836,29.87121
-3.01889,29.87034
-3.01913,29.86970
-3.01990,29.86860
-3.02119,29.86848
-3.02277,29.86865
-3.02342,29.86856
-3.02365,29.86853
-3.02518,29.86783
-3.02771,29.86708
-3.02941,29.86730
-3.03141,29.86812
-3.03258,29.86736
-3.03552,29.86643
-3.03797,29.86515
-3.03887,29.86468
-3.03902,29.86468
-3.04087,29.86462
-3.04187,29.86445
-3.04249,29.86470
-3.04328,29.86502
-3.04416,29.86496
-3.04437,29.86495
-3.04486,29.86491
-3.04756,29.86513
-3.04974,29.86513
-3.05156,29.86490
-3.05209,29.86461
-3.05321,29.86356
-3.05328,29.86321
-3.05344,29.86246
-3.05497,29.86170
-3.05538,29.86193
-3.05638,29.86175
-3.05709,29.86158
-3.06125,29.86233
-3.06091,29.85973
-3.06250,29.85588
-3.06484,29.85388
-3.06704,29.85300
-3.06751,29.85265
-3.06827,29.85210
-3.06984,29.84827
-3.07181,29.84599
-3.07314,29.84536
-3.07441,29.84441
-3.07500,29.84396
-3.07527,29.84378
-3.07647,29.84295
-3.08121,29.83833
-3.08511,29.83621
-3.09116,29.83095
-3.09211,29.82984
-3.09304,29.83007
-3.09459,29.82658
-3.09602,29.82456
-3.09753,29.82263
-3.10128,29.82303
-3.10413,29.82305
-3.10668,29.82252
-3.10924,29.82330
-3.10935,29.82334
-3.11094,29.82400
-3.11258,29.82494
-3.11374,29.82726
-3.11762,29.82746
-3.11896,29.82801
-3.11966,29.82892
-3.11996,29.82931
-3.12047,29.83054
-3.12061,29.83085
-3.12041,29.83227
-3.12046,29.83444
-3.12605,29.84222
-3.12673,29.84294
-3.12734,29.84357
-3.12783,29.84502
-3.12656,29.84954
-3.12608,29.85071
-3.12976,29.85032
-3.13371,29.85052
-3.13509,29.85045
-3.13873,29.85117
-3.14015,29.85128
-3.14413,29.85100
-3.15047,29.84964
-3.15070,29.84864
-3.15083,29.84805
-3.15164,29.84576
-3.15281,29.84250
-3.15424,29.84081
-3.15441,29.84061
-3.15661,29.83868
-3.16142,29.83514
-3.16256,29.83429
-3.16422,29.83277
-3.16797,29.82978
-3.16983,29.82739
-3.17608,29.82061
-3.17820,29.81815
-3.17861,29.81747
-3.17884,29.81709
-3.17957,29.81486
-3.18207,29.81280
-3.19126,29.81080
-3.19330,29.80939
-3.19607,29.80897
-3.19619,29.80892
-3.19646,29.80743
-3.19485,29.80651
-3.19437,29.80447
-3.19277,29.80302
-3.19182,29.79962
-3.19210,29.79730
-3.19231,29.79565
-3.19247,29.79430
-3.19246,29.79142
-3.19246,29.78914
-3.19246,29.78805
-3.19246,29.78707
-3.19716,29.78002
-3.20076,29.77354
-3.20492,29.76763
-3.20523,29.76729
-3.20826,29.76406
-3.20993,29.76203
-3.21069,29.76031
-3.21005,29.75995
-3.20656,29.75875
-3.20695,29.75638
-3.20980,29.75275
-3.21281,29.75187
-3.21463,29.75134
-3.21515,29.75131
-3.21822,29.75113
-3.21908,29.75107
-3.22086,29.75094
-3.22180,29.75087
-3.22248,29.75048
-3.22430,29.74939
-3.22630,29.74695
-3.22726,29.74481
-3.22779,29.74365
-3.22926,29.73856
-3.22853,29.73555
-3.22677,29.73419
-3.22518,29.73295
-3.22181,29.73046
-3.22167,29.72998
-3.22097,29.72756
-3.22075,29.72648
-3.22056,29.72592
-3.21767,29.71732
-3.21706,29.71361
-3.21660,29.71081
-3.21512,29.71011
-3.21351,29.71010
-3.21259,29.70898
-3.21219,29.70806
-3.21215,29.70764
-3.21200,29.70602
-3.21089,29.70499
-3.21001,29.70436
-3.20800,29.70291
-3.20050,29.70140
-3.19567,29.69897
-3.19375,29.69801
-3.19081,29.69556
-3.19048,29.69529
-3.18968,29.69507
-3.18927,29.69496
-3.18671,29.69305
-3.18532,29.69130
-3.18485,29.68995
-3.18202,29.68705
-3.18151,29.68531
-3.17926,29.68376
-3.17484,29.68038
-3.17528,29.67985
-3.17348,29.67667
-3.17147,29.67578
-3.16954,29.67605
-3.16812,29.67573
-3.16676,29.67542
-3.16499,29.67436
-3.16294,29.67470
-3.16234,29.67456
-3.15944,29.67490
-3.15713,29.67725
-3.15690,29.67728
-3.15481,29.67494
-3.15531,29.67371
-3.15541,29.67160
-3.15655,29.66860
-3.15631,29.66785
-3.15732,29.66755
-3.15868,29.66626
-3.15851,29.66192
-3.15865,29.66171
-3.16129,29.65991
-3.16155,29.65937
-3.16239,29.65768
-3.16217,29.65549
-3.16335,29.65445
-3.16341,29.65306
-3.16489,29.65218
-3.16483,29.65049
-3.16383,29.64805
-3.16485,29.64731
-3.16684,29.64714
-3.16752,29.64599
-3.16726,29.64531
-3.16684,29.64458
-3.16619,29.64397
-3.16665,29.64303
-3.16698,29.64149
-3.16610,29.64020
-3.16687,29.63921
-3.16738,29.63774
-3.16651,29.63460
-3.16721,29.63263
-3.16739,29.63212
-3.16709,29.63100
-3.16699,29.62921
-3.16434,29.62901
-3.16298,29.62881
-3.16313,29.62672
-3.16265,29.62624
-3.16236,29.62508
-3.16209,29.62392
-3.16086,29.62308
-3.15724,29.62173
-3.15639,29.62125
-3.15472,29.62029
-3.15352,29.61944
-3.15255,29.61852
-3.15225,29.61823
-3.15229,29.61665
-3.15021,29.61535
-3.14638,29.61444
-3.14651,29.61182
-3.14625,29.61074
-3.14580,29.60886
-3.14499,29.60549
-3.14414,29.60164
-3.14438,29.59762
-3.14377,29.59640
-3.14310,29.59503
-3.14304,29.59478
-3.14270,29.59253
-3.14332,29.59067
-3.14312,29.58796
-3.14305,29.58703
-3.14008,29.58410
-3.13979,29.58399
-3.13800,29.58332
-3.13244,29.58119
-3.13198,29.58083
-3.13051,29.57927
-3.12816,29.57753
-3.12744,29.57689
-3.12523,29.57626
-3.12242,29.57641
-3.12071,29.57625
-3.11760,29.57566
-3.11622,29.57519
-3.11201,29.57466
-3.11333,29.57186
-3.11305,29.57105
-3.11108,29.56665
-3.11051,29.56526
-3.10996,29.56388
-3.10988,29.56368
-3.10930,29.56236
-3.10911,29.55952
-3.10947,29.55779
-3.10958,29.55476
-3.10853,29.55217
-3.10749,29.54939
-3.10751,29.54815
-3.10256,29.54888
-3.10089,29.54912
-3.10004,29.54957
-3.09838,29.55057
-3.09800,29.55058
-3.09695,29.55128
-3.09432,29.55128
-3.09311,29.55241
-3.09178,29.55304
-3.08926,29.55190
-3.08652,29.55117
-3.08537,29.55068
-3.08291,29.55162
-3.08175,29.55229
-3.08106,29.55356
-3.08045,29.55438
-3.07757,29.55415
-3.07570,29.55418
-3.07491,29.55443
-3.07356,29.55400
-3.07239,29.55290
-3.07109,29.55197
-3.06962,29.55103
-3.06888,29.54995
-3.06702,29.54899
-3.06579,29.54892
-3.06562,29.54873
-3.06482,29.54788
-3.06445,29.54729
-3.06377,29.54660
-3.06248,29.54592
-3.06094,29.54573
-3.05999,29.54458
-3.05928,29.54373
-3.05748,29.54353
-3.05674,29.54387
-3.05599,29.54487
-3.05561,29.54538
-3.05444,29.54493
-3.05162,29.54330
-3.05043,29.54313
-3.04874,29.54323
-3.04834,29.54174
-3.04778,29.53895
-3.04542,29.53873
-3.04514,29.53846
-3.04498,29.53832
-3.04482,29.53816
-3.04451,29.53787
-3.04453,29.53655
-3.04331,29.53800
-3.04365,29.53862
-3.04265,29.53886
-3.04214,29.53950
-3.04041,29.53957
-3.03957,29.54007
-3.03729,29.53985
-3.03677,29.54021
-3.03658,29.54078
-3.03570,29.54081
-3.03529,29.53875
-3.03486,29.53786
-3.03399,29.53745
-3.03263,29.53766
-3.03196,29.53736
-3.03167,29.53665
-3.03145,29.53617
-3.03118,29.53503
-3.03108,29.53487
-3.02965,29.53484
-3.02877,29.53379
-3.02752,29.53249
-3.02556,29.53362
-3.02322,29.53008
-3.01965,29.52910
-3.01916,29.52765
-3.01439,29.52734
-3.01160,29.52485
-3.00910,29.52519
-3.00651,29.52341
-3.00192,29.52299
-3.00103,29.52138
-2.99631,29.51994
-2.99017,29.52251
-2.98616,29.51999
-2.98318,29.51906
-2.98216,29.51878
-2.98022,29.51827
-2.97861,29.51904
-2.97373,29.51703
-2.97303,29.51592
-2.97208,29.51366
-2.96655,29.51325
-2.96565,29.51211
-2.96177,29.51172
-2.95775,29.50951
-2.95667,29.50864
-2.95240,29.50859
-2.94786,29.51004
-2.94372,29.50716
-2.93852,29.50842
-2.92709,29.51272
-2.92354,29.50951
-2.92382,29.50718
-2.92302,29.50536
-2.92173,29.50573
-2.91745,29.50430
-2.91542,29.50195
-2.91502,29.49909
-2.91723,29.49489
-2.91652,29.49186
-2.91729,29.48704
-2.91644,29.48520
-2.90599,29.47917
-2.90247,29.47407
-2.90086,29.47335
-2.89399,29.47382
-2.89006,29.47275
-2.88487,29.46842
-2.88417,29.46563
-2.88072,29.46446
-2.87903,29.46434
-2.87810,29.46568
-2.87295,29.46721
-2.86647,29.46071
-2.86376,29.46035
-2.86281,29.45889
-2.85885,29.45686
-2.85066,29.45548
-2.84926,29.45499
-2.84511,29.45695
-2.84132,29.45520
-2.83854,29.45199
-2.82935,29.45269
-2.82704,29.45307
-2.81766,29.44565
-2.81511,29.44519
-2.81210,29.44322
-2.81222,29.44021
-2.81428,29.43687
-2.81318,29.43250
-2.80959,29.43193
-2.80788,29.43340
-2.80625,29.43130
-2.80428,29.43028
-2.80417,29.43063
-2.80354,29.43102
-2.80168,29.43131
-2.80071,29.43186
-2.79973,29.43285
-2.79968,29.43317
-2.79962,29.43361
-2.79997,29.43449
-2.79923,29.43481
-2.79871,29.43470
-2.79819,29.43536
-2.79805,29.43610
-2.79753,29.43670
-2.79712,29.43735
-2.79690,29.43817
-2.79708,29.43876
-2.79720,29.43916
-2.79756,29.43981
-2.79816,29.44025
-2.79854,29.44046
-2.79876,29.44058
-2.79882,29.44132
-2.79857,29.44419
-2.79805,29.44553
-2.79756,29.44752
-2.79735,29.44823
-2.79734,29.44826
-2.79844,29.44943
-2.79962,29.45058
-2.79984,29.45124
-2.79945,29.45203
-2.79934,29.45345
-2.79921,29.45512
-2.80014,29.45730
-2.80080,29.45755
-2.80313,29.45722
-2.80390,29.45733
-2.80453,29.45799
-2.80486,29.45834
-2.80620,29.46075
-2.80758,29.46272
-2.80969,29.46422
-2.80991,29.46488
-2.80985,29.46575
-2.80939,29.46586
-2.80862,29.46673
-2.80791,29.46815
-2.80714,29.46996
-2.80697,29.47078
-2.80799,29.47171
-2.80856,29.47286
-2.80884,29.47395
-2.80802,29.47419
-2.80725,29.47458
-2.80670,29.47534
-2.80656,29.47595
-2.80736,29.47687
-2.80799,29.47731
-2.80752,29.47780
-2.80686,29.47753
-2.80604,29.47816
-2.80522,29.47950
-2.80327,29.48136
-2.80162,29.48291
-2.80129,29.48324
-2.80110,29.48343
-2.80167,29.48485
-2.80118,29.48625
-2.80192,29.48682
-2.80382,29.48791
-2.80467,29.48843
-2.80533,29.48950
-2.80631,29.49027
-2.80722,29.49087
-2.80793,29.49188
-2.80887,29.49319
-2.80963,29.49529
-2.80983,29.49767
-2.81114,29.49898
-2.81158,29.49931
-2.81177,29.50010
-2.81317,29.50136
-2.81581,29.50412
-2.81678,29.50516
-2.81748,29.50590
-2.81853,29.50680
-2.82001,29.50740
-2.82132,29.50817
-2.82187,29.50784
-2.82193,29.50891
-2.82228,29.50981
-2.82207,29.51104
-2.82226,29.51205
-2.82297,29.51336
-2.82509,29.51451
-2.82654,29.51530
-2.82791,29.51664
-2.82860,29.51814
-2.82871,29.51973
-2.82895,29.52115
-2.82939,29.52249
-2.82917,29.52421
-2.82909,29.52445
-2.82890,29.52503
-2.82830,29.52579
-2.82830,29.52793
-2.82817,29.52833
-2.82799,29.52888
-2.82712,29.53022
-2.82687,29.53093
-2.82698,29.53200
-2.82701,29.53328
-2.82692,29.53475
-2.82693,29.53476
-2.82693,29.53477
-2.82733,29.53552
-2.82797,29.53588
-2.82791,29.53684
-2.82723,29.53722
-2.82712,29.53787
-2.82788,29.53853
-2.82835,29.53932
-2.82830,29.54074
-2.82862,29.54135
-2.82890,29.54187
-2.82893,29.54225
-2.82849,29.54258
-2.82637,29.54277
-2.82519,29.54278
-2.82410,29.54279
-2.82152,29.54219
-2.81866,29.54121
-2.81789,29.54137
-2.81734,29.54203
-2.81650,29.54320
-2.81641,29.54452
-2.81674,29.54621
-2.81729,29.54831
-2.81732,29.55025
-2.81721,29.55179
-2.81625,29.55375
-2.81556,29.55534
-2.81345,29.55952
-2.81202,29.56255
-2.81147,29.56482
-2.81141,29.56515
-2.81109,29.56695
-2.81087,29.56901
-2.81076,29.57135
-2.81101,29.57217
-2.81114,29.57297
-2.81114,29.57299
-2.81109,29.57381
-2.81038,29.57444
-2.80961,29.57474
-2.80922,29.57592
-2.80903,29.57647
-2.80851,29.57668
-2.80780,29.57715
-2.80714,29.57797
-2.80704,29.57833
-2.80686,29.57901
-2.80585,29.57999
-2.80497,29.58119
-2.80423,29.58261
-2.80423,29.58428
-2.80338,29.58573
-2.80228,29.58753
-2.80231,29.58950
-2.80321,29.59002
-2.80552,29.59010
-2.80634,29.59005
-2.80703,29.59057
-2.80730,29.59114
-2.80714,29.59185
-2.80604,29.59325
-2.80623,29.59382
-2.80711,29.59418
-2.80675,29.59505
-2.80695,29.59576
-2.80711,29.59650
-2.80549,29.59737
-2.80544,29.59827
-2.80612,29.59929
-2.80644,29.59974
-2.80683,29.60033
-2.80689,29.60128
-2.80647,29.60203
-2.80615,29.60259
-2.80585,29.60527
-2.80596,29.60609
-2.80683,29.60696
-2.80697,29.60787
-2.80706,29.60869
-2.80771,29.60910
-2.80892,29.60940
-2.80925,29.60962
-2.80937,29.61024
-2.80941,29.61047
-2.80948,29.61086
-2.80955,29.61128
-2.81021,29.61191
-2.81051,29.61238
-2.80993,29.61309
-2.80950,29.61358
-2.80917,29.61495
-2.80865,29.61629
-2.80801,29.61702
-2.80708,29.61762
-2.80626,29.61806
-2.80571,29.61861
-2.80634,29.61946
-2.80571,29.61981
-2.80489,29.62014
-2.80447,29.62055
-2.80453,29.62073
-2.80478,29.62161
-2.80498,29.62252
-2.80511,29.62309
-2.80552,29.62364
-2.80511,29.62468
-2.80494,29.62555
-2.80390,29.62700
-2.80329,29.62793
-2.80319,29.62836
-2.80291,29.62946
-2.80151,29.63055
-2.80052,29.63154
-2.80003,29.63222
-2.79871,29.63301
-2.79775,29.63317
-2.79635,29.63307
-2.79567,29.63304
-2.79514,29.63388
-2.79484,29.63460
-2.79380,29.63492
-2.79309,29.63577
-2.79188,29.63613
-2.79040,29.63689
-2.78886,29.63804
-2.78828,29.63913
-2.78836,29.64008
-2.78839,29.64053
-2.78853,29.64211
-2.78846,29.64234
-2.78828,29.64293
-2.78746,29.64386
-2.78699,29.64591
-2.78718,29.64679
-2.78647,29.64821
-2.78680,29.64963
