# GsakName=Center
# This County polygon is based on data © OpenStreetMap contributors
# The OpenStreetMap data is made available under the Open Database License, see http://www.openstreetmap.org/copyright
# This polygon file is made available under the same Open Database License: http://opendatacommons.org/licenses/odbl/1.0/.

31.86060	34.66693
31.85700	34.67414
31.85518	34.67620
31.85161	34.67672
31.85139	34.67526
31.85022	34.67500
31.84964	34.67663
31.85153	34.67903
31.85387	34.68161
31.85736	34.68204
31.86159	34.68298
31.86196	34.69423
31.85987	34.69873
31.85882	34.70100
31.85139	34.70143
31.85073	34.70203
31.85445	34.70984
31.84789	34.70983
31.84789	34.70710
31.84723	34.70650
31.84227	34.70693
31.84103	34.70632
31.84038	34.69337
31.83331	34.69457
31.83221	34.69337
31.83136	34.69085
31.83014	34.68726
31.82995	34.68638
31.82740	34.67921
31.82789	34.67539
31.82789	34.67200
31.82567	34.67188
31.82098	34.67079
31.81756	34.67071
31.81588	34.67019
31.81070	34.67028
31.80734	34.66908
31.80661	34.67037
31.80559	34.67011
31.80225	34.66995
31.80056	34.67011
31.79998	34.67260
31.80202	34.67225
31.80292	34.67305
31.80370	34.67260
31.80552	34.67277
31.80815	34.67603
31.80990	34.67800
31.80815	34.68084
31.80866	34.68195
31.80756	34.68401
31.80341	34.68745
31.80169	34.68946
31.79497	34.68526
31.79276	34.68205
31.78595	34.67424
31.78153	34.66965
31.78111	34.67003
31.77970	34.67131
31.78021	34.67354
31.78130	34.67509
31.78174	34.67886
31.78072	34.68101
31.78188	34.68444
31.78055	34.68866
31.78043	34.68890
31.77802	34.69079
31.77831	34.69260
31.77627	34.69328
31.77196	34.69937
31.77349	34.70040
31.77116	34.70341
31.77065	34.70478
31.76948	34.70590
31.76963	34.70830
31.77685	34.71319
31.77649	34.71585
31.78152	34.71989
31.78064	34.72160
31.78196	34.72306
31.78050	34.72340
31.77933	34.72366
31.77736	34.72332
31.77685	34.72478
31.77787	34.72478
31.77802	34.72564
31.77743	34.72761
31.78220	34.72976
31.78765	34.73225
31.78933	34.72761
31.78794	34.72632
31.78911	34.72237
31.79093	34.72220
31.79290	34.72280
31.79589	34.72066
31.79713	34.72109
31.80098	34.71025
31.80851	34.71208
31.80741	34.71474
31.80705	34.71723
31.80632	34.72143
31.80464	34.72590
31.80442	34.72778
31.80479	34.73019
31.80596	34.73182
31.80792	34.73353
31.80989	34.73396
31.81471	34.73748
31.81163	34.74282
31.81106	34.74572
31.81055	34.74798
31.81004	34.75105
31.80596	34.76006
31.80412	34.76436
31.80179	34.76349
31.80091	34.76317
31.79898	34.76365
31.79791	34.76201
31.79233	34.75930
31.79252	34.75555
31.78779	34.75377
31.78734	34.75871
31.78542	34.75854
31.78470	34.75988
31.78414	34.76074
31.78277	34.76163
31.78179	34.76352
31.78648	34.76400
31.79421	34.76409
31.79516	34.76658
31.79297	34.77079
31.79251	34.77278
31.78960	34.77536
31.78696	34.77624
31.78370	34.77645
31.77893	34.77710
31.77698	34.77759
31.77582	34.77800
31.77304	34.77912
31.76660	34.78243
31.76288	34.78426
31.76043	34.78420
31.75976	34.78627
31.76014	34.78872
31.76123	34.79164
31.75722	34.79593
31.75984	34.79980
31.76386	34.79559
31.77356	34.80898
31.77947	34.81516
31.78392	34.81782
31.78799	34.82084
31.79035	34.82399
31.79297	34.82949
31.80260	34.84220
31.80720	34.86735
31.80830	34.87237
31.80844	34.87301
31.80887	34.87850
31.81026	34.88665
31.81041	34.89953
31.81223	34.90700
31.81318	34.91386
31.81485	34.91635
31.81573	34.91678
31.81570	34.91661
31.81690	34.91412
31.81821	34.91266
31.82237	34.91154
31.83170	34.91051
31.83644	34.91772
31.83921	34.92039
31.83958	34.92167
31.84060	34.92236
31.84220	34.92382
31.84220	34.92665
31.83987	34.93000
31.84031	34.93129
31.84089	34.93446
31.84241	34.93577
31.84344	34.93644
31.84628	34.93764
31.84847	34.93875
31.84716	34.94184
31.84782	34.94339
31.84811	34.94571
31.84913	34.94665
31.84869	34.94819
31.84878	34.94852
31.84920	34.95008
31.85095	34.95206
31.85080	34.95377
31.85197	34.95540
31.85183	34.95669
31.85314	34.95719
31.85416	34.96081
31.85445	34.96296
31.85416	34.97643
31.85401	34.99480
31.85263	34.99660
31.85416	35.00527
31.85474	35.01094
31.85540	35.03085
31.85613	35.03300
31.86364	35.03574
31.86713	35.03651
31.86961	35.03746
31.87442	35.03754
31.87610	35.03857
31.88259	35.03935
31.88514	35.03978
31.88805	35.03840
31.89272	35.03960
31.89709	35.03892
31.90204	35.03917
31.90627	35.03917
31.91075	35.03835
31.91692	35.03579
31.92274	35.03216
31.92454	35.02953
31.92548	35.02697
31.92595	35.02263
31.92674	35.01417
31.92910	35.00958
31.93228	35.00546
31.93495	35.00323
31.93744	35.00257
31.93901	35.00286
31.94059	35.00505
31.94342	35.00887
31.94606	35.00653
31.94867	35.00564
31.95028	35.00216
31.95125	34.99930
31.95489	34.99520
31.95686	34.99492
31.95839	34.99321
31.96032	34.99112
31.96299	34.98978
31.96705	34.98888
31.96756	34.98758
31.96857	34.98720
31.97045	34.98681
31.97078	34.98808
31.97081	34.98819
31.97083	34.98830
31.97086	34.98840
31.97088	34.98850
31.97090	34.98861
31.97092	34.98872
31.97094	34.98882
31.97095	34.98893
31.97096	34.98903
31.97099	34.98927
31.97103	34.98950
31.97107	34.98973
31.97110	34.98997
31.97112	34.99004
31.97115	34.99037
31.97114	34.99069
31.97110	34.99095
31.97107	34.99110
31.97107	34.99126
31.97109	34.99140
31.97112	34.99152
31.97122	34.99181
31.97131	34.99211
31.97140	34.99241
31.97149	34.99271
31.97155	34.99293
31.97163	34.99316
31.97174	34.99338
31.97189	34.99357
31.97206	34.99372
31.97225	34.99383
31.97244	34.99391
31.97552	34.99485
31.97718	34.99533
31.97924	34.99591
31.98016	34.99618
31.98070	34.99635
31.98118	34.99650
31.98167	34.99664
31.98216	34.99677
31.98262	34.99688
31.98295	34.99695
31.98311	34.99699
31.98362	34.99709
31.98375	34.99711
31.98568	34.99745
31.98761	34.99775
31.98785	34.99779
31.98963	34.99805
31.99001	34.99809
31.99038	34.99821
31.99072	34.99840
31.99084	34.99848
31.99116	34.99854
31.99123	34.99856
31.99184	34.99872
31.99198	34.99876
31.99223	34.99878
31.99228	34.99878
31.99263	34.99884
31.99364	34.99910
31.99397	34.99918
31.99427	34.99922
31.99432	34.99923
31.99440	34.99925
31.99450	34.99927
31.99459	34.99928
31.99469	34.99929
31.99478	34.99931
31.99488	34.99932
31.99497	34.99933
31.99507	34.99933
31.99544	34.99935
31.99614	34.99937
31.99665	34.99938
31.99720	34.99935
31.99724	34.99934
31.99728	34.99935
31.99732	34.99934
31.99736	34.99933
31.99740	34.99930
31.99745	34.99927
31.99748	34.99926
31.99777	34.99924
31.99851	34.99925
31.99943	34.99924
31.99979	34.99922
32.00000	34.99919
32.00022	34.99919
32.00059	34.99920
32.00180	34.99918
32.00229	34.99919
32.00232	34.99918
32.00244	34.99915
32.00250	34.99913
32.00257	34.99912
32.00299	34.99912
32.00410	34.99914
32.00491	34.99912
32.00558	34.99908
32.00596	34.99904
32.00669	34.99902
32.00722	34.99902
32.00759	34.99897
32.00810	34.99895
32.00828	34.99893
32.00874	34.99891
32.00928	34.99890
32.00981	34.99889
32.00983	34.99889
32.00990	34.99889
32.00994	34.99888
32.01003	34.99884
32.01013	34.99882
32.01081	34.99884
32.01119	34.99882
32.01129	34.99880
32.01134	34.99879
32.01141	34.99880
32.01148	34.99882
32.01155	34.99884
32.01163	34.99885
32.01186	34.99885
32.01236	34.99884
32.01238	34.99884
32.01244	34.99884
32.01250	34.99883
32.01255	34.99880
32.01258	34.99878
32.01263	34.99877
32.01268	34.99877
32.01291	34.99876
32.01327	34.99874
32.01359	34.99876
32.01377	34.99887
32.01402	34.99885
32.01417	34.99893
32.01442	34.99891
32.01460	34.99897
32.01467	34.99900
32.01476	34.99903
32.01484	34.99903
32.01493	34.99903
32.01505	34.99901
32.01525	34.99901
32.01548	34.99904
32.01606	34.99914
32.01651	34.99922
32.01654	34.99924
32.01664	34.99927
32.01675	34.99928
32.01689	34.99929
32.01711	34.99933
32.01724	34.99937
32.01740	34.99938
32.01744	34.99938
32.01749	34.99939
32.01754	34.99940
32.01759	34.99944
32.01764	34.99948
32.01781	34.99966
32.01798	34.99982
32.01803	35.00000
32.01819	35.00021
32.01831	35.00042
32.01832	35.00066
32.01837	35.00088
32.01837	35.00096
32.01838	35.00102
32.01840	35.00109
32.01841	35.00112
32.01842	35.00114
32.01842	35.00116
32.01843	35.00118
32.01843	35.00120
32.01844	35.00121
32.01844	35.00123
32.01844	35.00125
32.01845	35.00126
32.01847	35.00133
32.01850	35.00148
32.01852	35.00162
32.01855	35.00179
32.01862	35.00202
32.01869	35.00226
32.01869	35.00230
32.01874	35.00249
32.01875	35.00254
32.01877	35.00260
32.01878	35.00267
32.01880	35.00273
32.01882	35.00280
32.01883	35.00287
32.01884	35.00294
32.01885	35.00297
32.01888	35.00308
32.01893	35.00319
32.01900	35.00328
32.01916	35.00347
32.01930	35.00367
32.01940	35.00387
32.01953	35.00399
32.01954	35.00401
32.01962	35.00411
32.01970	35.00418
32.01981	35.00427
32.01999	35.00447
32.02058	35.00499
32.02062	35.00503
32.02073	35.00509
32.02085	35.00511
32.02136	35.00508
32.02192	35.00501
32.02229	35.00491
32.02256	35.00489
32.02981	35.00421
32.02994	35.00415
32.03010	35.00414
32.03099	35.00406
32.03214	35.00395
32.03295	35.00394
32.03312	35.00394
32.03335	35.00393
32.03591	35.00354
32.03626	35.00348
32.03658	35.00341
32.03676	35.00336
32.03700	35.00335
32.03727	35.00331
32.03748	35.00330
32.03772	35.00323
32.03810	35.00317
32.03857	35.00308
32.03859	35.00308
32.03862	35.00308
32.03865	35.00308
32.03867	35.00308
32.03870	35.00308
32.03873	35.00308
32.03876	35.00308
32.03876	35.00309
32.03895	35.00308
32.03913	35.00303
32.03921	35.00301
32.03939	35.00298
32.03941	35.00298
32.03945	35.00297
32.03950	35.00297
32.03954	35.00297
32.03958	35.00296
32.03962	35.00295
32.03966	35.00294
32.03971	35.00294
32.03972	35.00293
32.03976	35.00293
32.03979	35.00292
32.03982	35.00292
32.03985	35.00291
32.03988	35.00291
32.03991	35.00291
32.03995	35.00290
32.03995	35.00290
32.04001	35.00290
32.04007	35.00290
32.04013	35.00289
32.04019	35.00288
32.04025	35.00287
32.04031	35.00286
32.04034	35.00286
32.04054	35.00282
32.04073	35.00278
32.04077	35.00277
32.04108	35.00269
32.04134	35.00263
32.04159	35.00255
32.04194	35.00241
32.04222	35.00234
32.04261	35.00220
32.04304	35.00209
32.04330	35.00202
32.04350	35.00196
32.04389	35.00185
32.04429	35.00172
32.04469	35.00160
32.04504	35.00150
32.04536	35.00142
32.04562	35.00135
32.04598	35.00122
32.04625	35.00116
32.04645	35.00110
32.04670	35.00098
32.04703	35.00089
32.04731	35.00082
32.04772	35.00068
32.04806	35.00059
32.04840	35.00047
32.04860	35.00042
32.04869	35.00039
32.04903	35.00030
32.04957	35.00013
32.04995	35.00002
32.05041	34.99989
32.05076	34.99977
32.05105	34.99969
32.05139	34.99960
32.05159	34.99953
32.05197	34.99943
32.05225	34.99936
32.05250	34.99928
32.05275	34.99919
32.05304	34.99910
32.05306	34.99946
32.05343	34.99899
32.05370	34.99892
32.05390	34.99884
32.05409	34.99876
32.05430	34.99869
32.05445	34.99867
32.05479	34.99855
32.05505	34.99851
32.05532	34.99849
32.05547	34.99846
32.05587	34.99843
32.05627	34.99838
32.05646	34.99830
32.05666	34.99821
32.05700	34.99809
32.05717	34.99801
32.05734	34.99798
32.05745	34.99787
32.05766	34.99783
32.05777	34.99776
32.05788	34.99772
32.05816	34.99763
32.05851	34.99751
32.05875	34.99741
32.05898	34.99732
32.05925	34.99721
32.05964	34.99704
32.05979	34.99700
32.05998	34.99688
32.06018	34.99680
32.06037	34.99673
32.06050	34.99662
32.06071	34.99662
32.06085	34.99653
32.06108	34.99644
32.06132	34.99636
32.06148	34.99627
32.06165	34.99618
32.06188	34.99611
32.06218	34.99592
32.06256	34.99575
32.06276	34.99565
32.06297	34.99553
32.06312	34.99546
32.06335	34.99537
32.06366	34.99526
32.06414	34.99509
32.06461	34.99492
32.06500	34.99478
32.06562	34.99450
32.06592	34.99438
32.06647	34.99413
32.06684	34.99399
32.06738	34.99378
32.06778	34.99361
32.06826	34.99338
32.06870	34.99323
32.06928	34.99300
32.06934	34.99297
32.06941	34.99296
32.06948	34.99295
32.06952	34.99295
32.06958	34.99294
32.06964	34.99292
32.06970	34.99289
32.06973	34.99286
32.06979	34.99284
32.06986	34.99282
32.06992	34.99282
32.07003	34.99282
32.07016	34.99280
32.07020	34.99278
32.07027	34.99276
32.07033	34.99274
32.07039	34.99271
32.07041	34.99271
32.07045	34.99268
32.07048	34.99266
32.07049	34.99265
32.07054	34.99260
32.07061	34.99256
32.07067	34.99254
32.07077	34.99251
32.07095	34.99243
32.07101	34.99240
32.07112	34.99237
32.07133	34.99232
32.07160	34.99220
32.07211	34.99207
32.07294	34.99185
32.07295	34.99184
32.07298	34.99182
32.07300	34.99180
32.07302	34.99177
32.07303	34.99175
32.07305	34.99174
32.07306	34.99172
32.07308	34.99172
32.07310	34.99171
32.07336	34.99167
32.07451	34.99126
32.07546	34.99098
32.07560	34.99087
32.07660	34.99058
32.07789	34.99018
32.07822	34.99000
32.07859	34.98988
32.07965	34.98952
32.08048	34.98925
32.08059	34.98915
32.08079	34.98908
32.08107	34.98902
32.08137	34.98889
32.08159	34.98886
32.08169	34.98878
32.08177	34.98878
32.08203	34.98865
32.08223	34.98864
32.08250	34.98854
32.08285	34.98841
32.08322	34.98821
32.08359	34.98812
32.08404	34.98797
32.08467	34.98782
32.08497	34.98776
32.08526	34.98764
32.08551	34.98761
32.08575	34.98747
32.08607	34.98743
32.08652	34.98734
32.08698	34.98720
32.08727	34.98713
32.08779	34.98694
32.08857	34.98665
32.08892	34.98654
32.08945	34.98639
32.08958	34.98635
32.08965	34.98631
32.08967	34.98623
32.08965	34.98615
32.08957	34.98604
32.08947	34.98587
32.08928	34.98557
32.08911	34.98523
32.08890	34.98472
32.08880	34.98412
32.08879	34.98366
32.08890	34.98327
32.08902	34.98303
32.08929	34.98276
32.08954	34.98261
32.08982	34.98251
32.09021	34.98250
32.09057	34.98255
32.09083	34.98262
32.09116	34.98275
32.09167	34.98297
32.09288	34.98348
32.09370	34.98384
32.09418	34.98412
32.09445	34.98435
32.09462	34.98455
32.09474	34.98477
32.09480	34.98493
32.09488	34.98509
32.09497	34.98522
32.09509	34.98532
32.09523	34.98539
32.09532	34.98543
32.09561	34.98546
32.09584	34.98548
32.09621	34.98557
32.09722	34.98582
32.09796	34.98591
32.09849	34.98593
32.09931	34.98604
32.09978	34.98610
32.10004	34.98609
32.10016	34.98604
32.10026	34.98595
32.10044	34.98585
32.10055	34.98583
32.10062	34.98590
32.10067	34.98606
32.10082	34.98646
32.10097	34.98685
32.10112	34.98716
32.10125	34.98735
32.10130	34.98751
32.10132	34.98766
32.10137	34.98780
32.10147	34.98790
32.10163	34.98805
32.10172	34.98819
32.10177	34.98831
32.10181	34.98869
32.10184	34.98907
32.10193	34.98967
32.10203	34.99011
32.10218	34.99041
32.10235	34.99063
32.10251	34.99078
32.10263	34.99083
32.10275	34.99083
32.10288	34.99073
32.10328	34.99043
32.10384	34.99001
32.10418	34.98984
32.10434	34.98979
32.10454	34.98980
32.10470	34.98987
32.10524	34.99019
32.10543	34.99036
32.10552	34.99047
32.10557	34.99072
32.10560	34.99105
32.10562	34.99159
32.10569	34.99189
32.10582	34.99215
32.10593	34.99237
32.10608	34.99253
32.10626	34.99269
32.10668	34.99303
32.10706	34.99319
32.10733	34.99326
32.10843	34.99330
32.10940	34.99325
32.11001	34.99319
32.11038	34.99310
32.11068	34.99296
32.11097	34.99272
32.11133	34.99240
32.11178	34.99205
32.11208	34.99191
32.11233	34.99184
32.11266	34.99172
32.11276	34.99167
32.11286	34.99157
32.11333	34.99096
32.11404	34.99011
32.11451	34.98961
32.11480	34.98924
32.11503	34.98894
32.11516	34.98890
32.11543	34.98883
32.11572	34.98882
32.11683	34.98887
32.11859	34.98885
32.11898	34.98884
32.11936	34.98881
32.11963	34.98865
32.12009	34.98834
32.12053	34.98792
32.12088	34.98759
32.12131	34.98735
32.12185	34.98696
32.12265	34.98635
32.12280	34.98626
32.12329	34.98598
32.12423	34.98570
32.12473	34.98558
32.12558	34.98539
32.12629	34.98532
32.12701	34.98531
32.12725	34.98536
32.12821	34.98539
32.12877	34.98542
32.12933	34.98550
32.12976	34.98559
32.13014	34.98570
32.13042	34.98588
32.13133	34.98646
32.13258	34.98751
32.13362	34.98817
32.13387	34.98834
32.13403	34.98841
32.13422	34.98834
32.13458	34.98826
32.13578	34.98776
32.13606	34.98762
32.13616	34.98757
32.13643	34.98746
32.13685	34.98731
32.13734	34.98736
32.13767	34.98744
32.13783	34.98746
32.13801	34.98749
32.13841	34.98770
32.13845	34.98787
32.13844	34.98806
32.13848	34.98841
32.13853	34.98859
32.13854	34.98893
32.13858	34.98911
32.13867	34.98920
32.13883	34.98926
32.14053	34.98985
32.14170	34.99033
32.14197	34.99043
32.14215	34.99043
32.14225	34.99039
32.14245	34.99027
32.14274	34.99009
32.14361	34.98957
32.14438	34.98915
32.14460	34.98903
32.14553	34.98844
32.14637	34.98788
32.14658	34.98778
32.14676	34.98771
32.14710	34.98749
32.14755	34.98717
32.14833	34.98670
32.14844	34.98664
32.14849	34.98651
32.14850	34.98632
32.14850	34.98626
32.14851	34.98594
32.14853	34.98566
32.14853	34.98519
32.14855	34.98473
32.14865	34.98427
32.14873	34.98377
32.14881	34.98329
32.14888	34.98272
32.14891	34.98203
32.14890	34.98186
32.14889	34.98128
32.14886	34.98054
32.14878	34.97994
32.14874	34.97963
32.14873	34.97945
32.14874	34.97939
32.14877	34.97930
32.14883	34.97920
32.14926	34.97855
32.14975	34.97779
32.15026	34.97702
32.15073	34.97632
32.15128	34.97559
32.15195	34.97479
32.15213	34.97451
32.15228	34.97442
32.15240	34.97443
32.15299	34.97447
32.15386	34.97481
32.15438	34.97508
32.15469	34.97529
32.15516	34.97559
32.15566	34.97597
32.15608	34.97624
32.15650	34.97659
32.15718	34.97705
32.15745	34.97723
32.15766	34.97733
32.15778	34.97734
32.15792	34.97734
32.15828	34.97734
32.15861	34.97731
32.15874	34.97729
32.15887	34.97722
32.15907	34.97704
32.15932	34.97680
32.15984	34.97636
32.16035	34.97593
32.16058	34.97573
32.16090	34.97544
32.16119	34.97516
32.16136	34.97505
32.16151	34.97498
32.16176	34.97480
32.16198	34.97464
32.16213	34.97447
32.16221	34.97436
32.16229	34.97424
32.16286	34.97326
32.16418	34.97111
32.16435	34.97083
32.16448	34.97060
32.16457	34.97056
32.16476	34.97056
32.16519	34.97065
32.16589	34.97085
32.16600	34.97090
32.16618	34.97093
32.16634	34.97088
32.16648	34.97071
32.16676	34.97033
32.16741	34.96943
32.16796	34.96866
32.16854	34.96786
32.16896	34.96738
32.16903	34.96727
32.16904	34.96711
32.16900	34.96666
32.16894	34.96569
32.16893	34.96508
32.16890	34.96443
32.16889	34.96429
32.16893	34.96422
32.16908	34.96422
32.17101	34.96440
32.17171	34.96447
32.17314	34.96456
32.17322	34.96456
32.17328	34.96452
32.17331	34.96438
32.17343	34.96352
32.17358	34.96223
32.17363	34.96191
32.17367	34.96184
32.17389	34.96161
32.17465	34.96069
32.17530	34.95997
32.17566	34.95959
32.17724	34.95922
32.17811	34.95909
32.17913	34.95897
32.17937	34.95894
32.18016	34.95880
32.18145	34.95857
32.18241	34.95840
32.18359	34.95822
32.18424	34.95813
32.18593	34.95783
32.18656	34.95772
32.18733	34.95757
32.18808	34.95742
32.18841	34.95736
32.18919	34.95721
32.18979	34.95677
32.19003	34.95704
32.19015	34.95702
32.19054	34.95730
32.19153	34.95808
32.19249	34.95886
32.19285	34.95914
32.19328	34.95936
32.19339	34.95938
32.19341	34.95973
32.19343	34.96008
32.19354	34.96008
32.19375	34.96006
32.19437	34.96006
32.19468	34.96010
32.19507	34.96016
32.19540	34.96024
32.19566	34.96033
32.19613	34.96054
32.19641	34.96067
32.19670	34.96083
32.19712	34.96099
32.19728	34.96106
32.19737	34.96113
32.19744	34.96130
32.19744	34.96141
32.19746	34.96153
32.19750	34.96164
32.19757	34.96172
32.19764	34.96179
32.19774	34.96185
32.19790	34.96192
32.19806	34.96194
32.19816	34.96197
32.19845	34.96210
32.19863	34.96221
32.19872	34.96229
32.19882	34.96244
32.19894	34.96263
32.19914	34.96294
32.19943	34.96347
32.19977	34.96405
32.19996	34.96435
32.20007	34.96459
32.20017	34.96482
32.20036	34.96516
32.20048	34.96538
32.20054	34.96555
32.20058	34.96580
32.20059	34.96605
32.20061	34.96636
32.20060	34.96669
32.20060	34.96696
32.20058	34.96714
32.20055	34.96730
32.20052	34.96757
32.20053	34.96781
32.20056	34.96807
32.20061	34.96828
32.20063	34.96869
32.20069	34.96910
32.20074	34.96960
32.20078	34.96986
32.20086	34.97012
32.20092	34.97038
32.20094	34.97053
32.20091	34.97075
32.20086	34.97100
32.20066	34.97140
32.20046	34.97196
32.20031	34.97253
32.20022	34.97300
32.20020	34.97345
32.20020	34.97361
32.20023	34.97374
32.20030	34.97393
32.20044	34.97426
32.20049	34.97441
32.20051	34.97459
32.20051	34.97476
32.20050	34.97494
32.20052	34.97518
32.20058	34.97536
32.20067	34.97555
32.20084	34.97577
32.20103	34.97600
32.20123	34.97623
32.20150	34.97644
32.20200	34.97684
32.20254	34.97724
32.20277	34.97745
32.20290	34.97764
32.20301	34.97782
32.20307	34.97804
32.20310	34.97826
32.20313	34.97842
32.20317	34.97852
32.20320	34.97865
32.20328	34.97899
32.20337	34.97946
32.20341	34.97974
32.20342	34.98005
32.20341	34.98033
32.20338	34.98057
32.20337	34.98074
32.20337	34.98087
32.20340	34.98101
32.20345	34.98119
32.20356	34.98145
32.20379	34.98193
32.20404	34.98237
32.20439	34.98293
32.20453	34.98311
32.20478	34.98334
32.20502	34.98352
32.20531	34.98372
32.20566	34.98397
32.20630	34.98435
32.20662	34.98458
32.20671	34.98468
32.20675	34.98479
32.20675	34.98494
32.20673	34.98507
32.20669	34.98534
32.20664	34.98570
32.20661	34.98623
32.20659	34.98652
32.20673	34.98764
32.20681	34.98750
32.20710	34.98815
32.20723	34.98858
32.20754	34.98909
32.20802	34.98945
32.20862	34.98984
32.20949	34.99039
32.20998	34.99065
32.21116	34.99112
32.21163	34.99118
32.21204	34.99107
32.21265	34.99130
32.21292	34.99159
32.21329	34.99201
32.21369	34.99242
32.21443	34.99315
32.21492	34.99357
32.21550	34.99420
32.21604	34.99503
32.21651	34.99570
32.21728	34.99685
32.21774	34.99760
32.21798	34.99790
32.21927	34.99912
32.22005	35.00008
32.22117	35.00143
32.22188	35.00231
32.22254	35.00323
32.22305	35.00386
32.22358	35.00472
32.22388	35.00510
32.22430	35.00540
32.22517	35.00611
32.22546	35.00634
32.22596	35.00672
32.22661	35.00721
32.22727	35.00772
32.22767	35.00805
32.22860	35.00887
32.22914	35.00924
32.22969	35.00972
32.23012	35.01003
32.23054	35.01039
32.23109	35.01091
32.23120	35.01079
32.23142	35.01062
32.23158	35.01053
32.23173	35.01049
32.23247	35.01090
32.23260	35.01101
32.23287	35.01121
32.23301	35.01134
32.23309	35.01143
32.23315	35.01152
32.23321	35.01169
32.23336	35.01219
32.23342	35.01244
32.23345	35.01253
32.23350	35.01259
32.23354	35.01263
32.23360	35.01265
32.23372	35.01271
32.23398	35.01289
32.23438	35.01321
32.23470	35.01352
32.23540	35.01410
32.23555	35.01422
32.23560	35.01430
32.23563	35.01437
32.23562	35.01445
32.23560	35.01451
32.23555	35.01461
32.23546	35.01479
32.23536	35.01498
32.23516	35.01526
32.23495	35.01553
32.23471	35.01586
32.23463	35.01594
32.23401	35.01676
32.23377	35.01708
32.23363	35.01737
32.23355	35.01762
32.23352	35.01775
32.23351	35.01787
32.23349	35.01801
32.23350	35.01815
32.23352	35.01828
32.23358	35.01841
32.23365	35.01855
32.23380	35.01890
32.23426	35.01986
32.23439	35.02014
32.23443	35.02019
32.23448	35.02021
32.23455	35.02021
32.23460	35.02020
32.23466	35.02017
32.23490	35.02005
32.23530	35.01989
32.23548	35.01983
32.23560	35.01981
32.23583	35.01981
32.23599	35.01981
32.23609	35.01981
32.23617	35.01984
32.23658	35.01996
32.23712	35.02004
32.23778	35.02007
32.23815	35.02009
32.23868	35.02013
32.23935	35.02015
32.23969	35.02015
32.23993	35.02014
32.24007	35.02011
32.24017	35.02008
32.24030	35.02000
32.24072	35.01979
32.24190	35.01919
32.24215	35.01916
32.24232	35.01919
32.24246	35.01923
32.24301	35.01960
32.24332	35.01983
32.24381	35.02027
32.24419	35.02056
32.24435	35.02069
32.24459	35.02082
32.24474	35.02093
32.24486	35.02105
32.24518	35.02132
32.24574	35.02177
32.24626	35.02218
32.24658	35.02240
32.24679	35.02254
32.24824	35.02360
32.24854	35.02383
32.24870	35.02392
32.24879	35.02397
32.24886	35.02399
32.24908	35.02398
32.24970	35.02398
32.25036	35.02396
32.25219	35.02391
32.25283	35.02388
32.25339	35.02387
32.25412	35.02385
32.25437	35.02383
32.25469	35.02382
32.25493	35.02387
32.25528	35.02397
32.25552	35.02407
32.25589	35.02427
32.25619	35.02447
32.25652	35.02464
32.25764	35.02523
32.25813	35.02551
32.25895	35.02594
32.25939	35.02626
32.25958	35.02647
32.25963	35.02660
32.25966	35.02671
32.25967	35.02683
32.25969	35.02692
32.25975	35.02704
32.25979	35.02710
32.25986	35.02723
32.25994	35.02737
32.26014	35.02767
32.26025	35.02784
32.26031	35.02798
32.26032	35.02814
32.26032	35.02826
32.26031	35.02838
32.26031	35.02844
32.26032	35.02852
32.26037	35.02857
32.26056	35.02868
32.26094	35.02886
32.26140	35.02905
32.26187	35.02917
32.26223	35.02927
32.26242	35.02929
32.26256	35.02927
32.26273	35.02922
32.26289	35.02918
32.26304	35.02919
32.26329	35.02926
32.26346	35.02932
32.26361	35.02940
32.26386	35.02961
32.26422	35.02993
32.26461	35.03025
32.26504	35.03049
32.26529	35.03060
32.26552	35.03063
32.26566	35.03063
32.26579	35.03060
32.26594	35.03053
32.26614	35.03040
32.26659	35.03010
32.26695	35.02986
32.26732	35.02960
32.26784	35.02925
32.26816	35.02909
32.26835	35.02899
32.26892	35.02871
32.26948	35.02838
32.27000	35.02809
32.27060	35.02777
32.27112	35.02750
32.27171	35.02708
32.27193	35.02689
32.27235	35.02664
32.27311	35.02625
32.27365	35.02595
32.27383	35.02586
32.27388	35.02581
32.27393	35.02571
32.27396	35.02560
32.27399	35.02542
32.27402	35.02515
32.27405	35.02483
32.27410	35.02456
32.27420	35.02427
32.27431	35.02399
32.27445	35.02374
32.27462	35.02352
32.27484	35.02330
32.27505	35.02309
32.27532	35.02297
32.27561	35.02292
32.27592	35.02289
32.27615	35.02287
32.27625	35.02285
32.27637	35.02277
32.27651	35.02268
32.27687	35.02245
32.27708	35.02234
32.27717	35.02229
32.27725	35.02221
32.27731	35.02211
32.27736	35.02193
32.27744	35.02164
32.27757	35.02135
32.27771	35.02115
32.27796	35.02096
32.27826	35.02080
32.27853	35.02065
32.27886	35.02049
32.27908	35.02033
32.27927	35.02012
32.27948	35.01980
32.27965	35.01933
32.27982	35.01876
32.28000	35.01807
32.28014	35.01753
32.28024	35.01718
32.28030	35.01692
32.28035	35.01660
32.28036	35.01634
32.28039	35.01594
32.28037	35.01570
32.28033	35.01544
32.28026	35.01523
32.28011	35.01501
32.27996	35.01485
32.27976	35.01469
32.27964	35.01457
32.27959	35.01451
32.27953	35.01440
32.27949	35.01429
32.27947	35.01411
32.27945	35.01379
32.27944	35.01345
32.27946	35.01312
32.27950	35.01282
32.27955	35.01256
32.27961	35.01231
32.27973	35.01192
32.27982	35.01171
32.27995	35.01149
32.28006	35.01126
32.28010	35.01112
32.28009	35.01095
32.28012	35.01084
32.28018	35.01065
32.28023	35.01043
32.28026	35.01023
32.28027	35.00999
32.28029	35.00982
32.28035	35.00970
32.28043	35.00959
32.28055	35.00945
32.28084	35.00924
32.28109	35.00905
32.28122	35.00899
32.28139	35.00899
32.28146	35.00900
32.28148	35.00908
32.28158	35.00926
32.28172	35.00940
32.28193	35.00949
32.28217	35.00954
32.28236	35.00957
32.28270	35.00967
32.28318	35.00973
32.28369	35.00977
32.28399	35.00983
32.28421	35.00992
32.28437	35.00999
32.28468	35.01016
32.28514	35.01042
32.28576	35.01068
32.28638	35.01091
32.28672	35.01101
32.28707	35.01107
32.28740	35.01110
32.28776	35.01124
32.28806	35.01135
32.28827	35.01143
32.28844	35.01151
32.28881	35.01170
32.28934	35.01202
32.29015	35.01245
32.29137	35.01291
32.29164	35.01304
32.29257	35.01340
32.29323	35.01360
32.29344	35.01363
32.29358	35.01365
32.29365	35.01365
32.29370	35.01361
32.29373	35.01355
32.29375	35.01342
32.29377	35.01327
32.29378	35.01310
32.29379	35.01290
32.29379	35.01269
32.29378	35.01261
32.29378	35.01250
32.29381	35.01247
32.29386	35.01247
32.29398	35.01249
32.29437	35.01263
32.29496	35.01283
32.29536	35.01292
32.29590	35.01299
32.29673	35.01321
32.29777	35.01358
32.29947	35.01411
32.29986	35.01423
32.30014	35.01426
32.30039	35.01426
32.30063	35.01427
32.30092	35.01435
32.30119	35.01447
32.30210	35.01476
32.30274	35.01491
32.30323	35.01494
32.30399	35.01498
32.30526	35.01505
32.30908	35.01537
32.31057	35.01540
32.31153	35.01537
32.31184	35.01537
32.31360	35.01536
32.31407	35.01538
32.31472	35.01541
32.31514	35.01544
32.31567	35.01545
32.31608	35.01546
32.31656	35.01549
32.31745	35.01553
32.31894	35.01560
32.31962	35.01562
32.32074	35.01561
32.32247	35.01558
32.32371	35.01568
32.32372	35.01568
32.32441	35.01571
32.32517	35.01575
32.32640	35.01582
32.32818	35.01583
32.33045	35.01601
32.33073	35.01603
32.33078	35.01621
32.33154	35.01607
32.33186	35.01607
32.33203	35.01620
32.33226	35.01607
32.33310	35.01612
32.33347	35.01612
32.33433	35.01616
32.33543	35.01617
32.33564	35.01616
32.33594	35.01616
32.33620	35.01616
32.33673	35.01620
32.33711	35.01621
32.33728	35.01621
32.33791	35.01621
32.33814	35.01619
32.33829	35.01618
32.33838	35.01619
32.33846	35.01621
32.33852	35.01626
32.33857	35.01632
32.33865	35.01643
32.33905	35.01701
32.33953	35.01781
32.34007	35.01873
32.34062	35.01943
32.34075	35.01960
32.34084	35.01973
32.34091	35.01987
32.34101	35.02016
32.34107	35.02033
32.34107	35.02047
32.34105	35.02058
32.34101	35.02078
32.34097	35.02117
32.34095	35.02151
32.34092	35.02174
32.34086	35.02206
32.34077	35.02240
32.34071	35.02262
32.34065	35.02280
32.34057	35.02301
32.34050	35.02332
32.34046	35.02350
32.34044	35.02369
32.34044	35.02380
32.34045	35.02391
32.34044	35.02405
32.34044	35.02413
32.34042	35.02425
32.34039	35.02433
32.34035	35.02437
32.34030	35.02442
32.34024	35.02447
32.34011	35.02457
32.34002	35.02470
32.33997	35.02479
32.33995	35.02489
32.33995	35.02495
32.33995	35.02503
32.33997	35.02516
32.34000	35.02533
32.34002	35.02551
32.34004	35.02566
32.34004	35.02593
32.34005	35.02640
32.34006	35.02671
32.34007	35.02683
32.34008	35.02689
32.34010	35.02694
32.34014	35.02698
32.34020	35.02703
32.34031	35.02706
32.34045	35.02711
32.34074	35.02721
32.34104	35.02732
32.34125	35.02740
32.34138	35.02744
32.34153	35.02746
32.34164	35.02747
32.34174	35.02747
32.34187	35.02746
32.34200	35.02745
32.34220	35.02745
32.34253	35.02747
32.34281	35.02750
32.34298	35.02755
32.34305	35.02757
32.34311	35.02760
32.34317	35.02768
32.34324	35.02777
32.34333	35.02785
32.34345	35.02795
32.34360	35.02801
32.34375	35.02806
32.34390	35.02809
32.34417	35.02814
32.34456	35.02820
32.34499	35.02827
32.34536	35.02831
32.34589	35.02833
32.34633	35.02836
32.34658	35.02837
32.34681	35.02841
32.34694	35.02856
32.34699	35.02874
32.34698	35.02889
32.34696	35.02897
32.34691	35.02910
32.34685	35.02923
32.34675	35.02944
32.34661	35.02975
32.34641	35.03025
32.34636	35.03044
32.34634	35.03060
32.34634	35.03094
32.34635	35.03117
32.34636	35.03151
32.34633	35.03187
32.34630	35.03223
32.34624	35.03250
32.34618	35.03282
32.34610	35.03310
32.34602	35.03336
32.34591	35.03378
32.34586	35.03400
32.34583	35.03420
32.34581	35.03434
32.34581	35.03450
32.34583	35.03470
32.34585	35.03490
32.34590	35.03521
32.34598	35.03565
32.34602	35.03591
32.34604	35.03616
32.34605	35.03636
32.34604	35.03654
32.34603	35.03672
32.34600	35.03697
32.34598	35.03721
32.34597	35.03735
32.34594	35.03758
32.34592	35.03771
32.34586	35.03785
32.34580	35.03800
32.34576	35.03814
32.34572	35.03829
32.34571	35.03840
32.34572	35.03853
32.34577	35.03862
32.34582	35.03871
32.34589	35.03880
32.34596	35.03890
32.34599	35.03899
32.34604	35.03910
32.34607	35.03925
32.34610	35.03949
32.34611	35.03975
32.34612	35.03997
32.34615	35.04015
32.34623	35.04039
32.34634	35.04061
32.34650	35.04089
32.34666	35.04109
32.34687	35.04129
32.34707	35.04143
32.34729	35.04150
32.34743	35.04153
32.34762	35.04154
32.34792	35.04154
32.34818	35.04154
32.34832	35.04157
32.34839	35.04163
32.34845	35.04168
32.34848	35.04175
32.34851	35.04187
32.34853	35.04201
32.34860	35.04211
32.34865	35.04212
32.34870	35.04212
32.34890	35.04212
32.34914	35.04211
32.34953	35.04210
32.34982	35.04212
32.35039	35.04210
32.35096	35.04212
32.35149	35.04211
32.35164	35.04208
32.35179	35.04205
32.35194	35.04201
32.35214	35.04190
32.35237	35.04176
32.35267	35.04159
32.35288	35.04150
32.35315	35.04140
32.35331	35.04134
32.35347	35.04125
32.35380	35.04107
32.35403	35.04099
32.35425	35.04096
32.35447	35.04097
32.35471	35.04100
32.35491	35.04106
32.35513	35.04116
32.35532	35.04127
32.35554	35.04142
32.35602	35.04173
32.35645	35.04205
32.35677	35.04227
32.35701	35.04248
32.35720	35.04271
32.35731	35.04284
32.35736	35.04291
32.35738	35.04303
32.35738	35.04313
32.35737	35.04324
32.35736	35.04332
32.35735	35.04340
32.35734	35.04347
32.35739	35.04354
32.35747	35.04359
32.35757	35.04364
32.35784	35.04373
32.35817	35.04385
32.35841	35.04394
32.35860	35.04400
32.35875	35.04408
32.35888	35.04418
32.35895	35.04427
32.35899	35.04437
32.35902	35.04446
32.35903	35.04457
32.35900	35.04469
32.35894	35.04486
32.35891	35.04499
32.35886	35.04515
32.35881	35.04528
32.35877	35.04539
32.35873	35.04552
32.35873	35.04565
32.35875	35.04575
32.35878	35.04586
32.35882	35.04599
32.35886	35.04608
32.35890	35.04612
32.35897	35.04614
32.35902	35.04616
32.35906	35.04622
32.35910	35.04633
32.35912	35.04642
32.35917	35.04654
32.35921	35.04664
32.35926	35.04672
32.35936	35.04681
32.35943	35.04688
32.35948	35.04695
32.35951	35.04703
32.35952	35.04711
32.35951	35.04719
32.35947	35.04727
32.35941	35.04735
32.35936	35.04743
32.35934	35.04754
32.35934	35.04766
32.35935	35.04783
32.35939	35.04794
32.35950	35.04812
32.35963	35.04827
32.35990	35.04850
32.36011	35.04870
32.36043	35.04891
32.36071	35.04908
32.36117	35.04931
32.36140	35.04943
32.36166	35.04953
32.36184	35.04962
32.36211	35.04970
32.36231	35.04975
32.36257	35.04984
32.36269	35.04991
32.36281	35.04996
32.36291	35.05004
32.36306	35.05011
32.36332	35.05024
32.36352	35.05034
32.36372	35.05047
32.36386	35.05058
32.36398	35.05068
32.36405	35.05074
32.36415	35.05075
32.36423	35.05074
32.36429	35.05071
32.36448	35.05059
32.36467	35.05052
32.36477	35.05050
32.36484	35.05050
32.36495	35.05055
32.36528	35.05071
32.36617	35.05117
32.36672	35.05151
32.36688	35.05158
32.36694	35.05160
32.36700	35.05161
32.36708	35.05158
32.36735	35.05150
32.36773	35.05138
32.36789	35.05134
32.36804	35.05127
32.36821	35.05118
32.36856	35.05109
32.36890	35.05100
32.36935	35.05088
32.36962	35.05082
32.36994	35.05072
32.37009	35.05066
32.37017	35.05062
32.37025	35.05057
32.37034	35.05054
32.37057	35.05051
32.37081	35.05047
32.37095	35.05044
32.37120	35.05036
32.37155	35.05024
32.37190	35.05014
32.37209	35.05009
32.37227	35.05007
32.37240	35.05006
32.37603	35.04913
32.37630	35.04910
32.37650	35.04904
32.37655	35.04896
32.37664	35.04874
32.37677	35.04845
32.37689	35.04811
32.37698	35.04777
32.37705	35.04751
32.37714	35.04720
32.37720	35.04696
32.37726	35.04673
32.37730	35.04656
32.37733	35.04627
32.37736	35.04593
32.37738	35.04558
32.37740	35.04509
32.37744	35.04477
32.37747	35.04452
32.37755	35.04414
32.37766	35.04357
32.37774	35.04313
32.37780	35.04278
32.37780	35.04255
32.37778	35.04234
32.37776	35.04221
32.37772	35.04210
32.37769	35.04200
32.37767	35.04189
32.37767	35.04181
32.37768	35.04175
32.37773	35.04166
32.37648	35.03943
32.37655	35.03883
32.37590	35.03548
32.37590	35.03145
32.37496	35.03068
32.37402	35.02999
32.37329	35.02948
32.37184	35.02982
32.37213	35.02810
32.37380	35.02810
32.37568	35.02508
32.37329	35.02219
32.37443	35.01723
32.37090	35.01617
32.36713	35.01566
32.36329	35.00476
32.36307	35.00253
32.36713	35.00192
32.37373	35.00381
32.37938	35.00416
32.38141	35.00321
32.39315	34.99763
32.40040	34.98364
32.40272	34.98115
32.40475	34.98021
32.40512	34.97971
32.40374	34.97759
32.40539	34.96813
32.40539	34.96013
32.40787	34.95214
32.40787	34.94920
32.40884	34.94724
32.40975	34.93320
32.41118	34.93304
32.41269	34.92325
32.41283	34.91901
32.41145	34.91281
32.40374	34.91101
32.40443	34.90677
32.40760	34.88442
32.40952	34.88148
32.40966	34.87413
32.41145	34.86963
32.41016	34.86879
32.40866	34.86821
32.40525	34.86692
32.40464	34.86649
32.40398	34.86631
32.40354	34.86644
32.40316	34.86584
32.40315	34.86586
32.40350	34.86648
32.40346	34.86674
32.40338	34.86687
32.40328	34.86685
32.40320	34.86689
32.40313	34.86696
32.40302	34.86700
32.40279	34.86697
32.40270	34.86689
32.40260	34.86653
32.40257	34.86618
32.40260	34.86609
32.40258	34.86604
32.40253	34.86601
32.40248	34.86603
32.40247	34.86611
32.40250	34.86616
32.40253	34.86657
32.40265	34.86692
32.40262	34.86695
32.40247	34.86693
32.40238	34.86684
32.40231	34.86673
32.40226	34.86661
32.40167	34.86626
32.40164	34.86616
32.40187	34.86566
32.40204	34.86556
32.40222	34.86558
32.40232	34.86558
32.40282	34.86572
32.40283	34.86566
32.40201	34.86533
32.40183	34.86513
32.40142	34.86534
32.39977	34.86597
32.39914	34.86601
32.39656	34.86552
32.39567	34.86527
32.38725	34.86299
32.38388	34.86221
32.37867	34.86057
32.37185	34.85918
32.36562	34.85714
32.35106	34.85366
32.26878	34.83150
32.26126	34.82947
32.25961	34.82887
32.24984	34.82588
32.23677	34.82176
32.22769	34.81838
32.22079	34.81661
32.21644	34.81420
32.21005	34.81249
32.20715	34.81094
32.20217	34.80930
32.20181	34.81025
32.20198	34.81036
32.20174	34.81098
32.20168	34.81095
32.20142	34.81159
32.20136	34.81156
32.20094	34.81266
32.19844	34.81126
32.19601	34.81842
32.19515	34.81821
32.19390	34.81777
32.19378	34.81818
32.19330	34.81802
32.19392	34.82049
32.19421	34.82055
32.19450	34.82071
32.19443	34.82170
32.19427	34.82217
32.19407	34.82278
32.19386	34.82317
32.19367	34.82334
32.19347	34.82343
32.19309	34.82390
32.19234	34.82927
32.19195	34.83206
32.19143	34.83693
32.19106	34.83696
32.19060	34.83701
32.18955	34.83692
32.18748	34.83674
32.18741	34.83718
32.18658	34.83712
32.18637	34.84013
32.18598	34.84260
32.18191	34.84703
32.18122	34.84791
32.18045	34.84928
32.17987	34.85061
32.17896	34.85326
32.17847	34.85523
32.17776	34.85698
32.17742	34.85652
32.17739	34.85673
32.17573	34.85639
32.17573	34.85666
32.17314	34.85692
32.17269	34.85699
32.17102	34.86440
32.16470	34.86297
32.16303	34.86364
32.15971	34.86451
32.15890	34.86458
32.15902	34.86165
32.15359	34.86041
32.15347	34.86244
32.15334	34.86256
32.15296	34.86197
32.15265	34.86089
32.15180	34.85953
32.15039	34.85707
32.14953	34.85621
32.14892	34.85580
32.14871	34.85541
32.14842	34.85500
32.14826	34.85504
32.14818	34.85501
32.14809	34.85509
32.14801	34.85506
32.14793	34.85512
32.14785	34.85513
32.14759	34.85523
32.14740	34.85515
32.14651	34.85510
32.14603	34.85520
32.14573	34.85533
32.14547	34.85526
32.14534	34.85515
32.14511	34.85527
32.14485	34.85519
32.14461	34.85504
32.14428	34.85504
32.14376	34.85541
32.14349	34.85536
32.14323	34.85521
32.14302	34.85581
32.14286	34.85588
32.14271	34.85607
32.14265	34.85623
32.14247	34.85621
32.14234	34.85625
32.14219	34.85641
32.14202	34.85661
32.14185	34.85678
32.14170	34.85682
32.14152	34.85681
32.14139	34.85705
32.14125	34.85724
32.14103	34.85741
32.14088	34.85770
32.14071	34.85781
32.14063	34.85800
32.14038	34.85819
32.14023	34.85823
32.14009	34.85835
32.14011	34.85844
32.13998	34.85874
32.13975	34.85884
32.13967	34.85898
32.13950	34.85904
32.13921	34.85928
32.13916	34.85953
32.13901	34.85974
32.13894	34.85977
32.13868	34.85957
32.13855	34.85955
32.13835	34.85965
32.13821	34.85972
32.13799	34.85974
32.13785	34.85985
32.13774	34.85993
32.13761	34.85995
32.13749	34.86005
32.13731	34.86007
32.13722	34.86012
32.13706	34.86013
32.13690	34.86023
32.13666	34.86026
32.13648	34.85999
32.13594	34.86303
32.13275	34.86323
32.13240	34.86331
32.13162	34.86542
32.12955	34.86251
32.12906	34.86347
32.12877	34.86376
32.12591	34.86488
32.12329	34.86534
32.12251	34.86547
32.12238	34.86567
32.12218	34.86587
32.12228	34.86635
32.12222	34.86674
32.12207	34.86703
32.12198	34.86757
32.12174	34.86788
32.12133	34.86785
32.12100	34.86730
32.12044	34.86706
32.11985	34.86719
32.11892	34.86646
32.11834	34.86616
32.11813	34.86565
32.11780	34.86514
32.11748	34.86493
32.11699	34.86476
32.11675	34.86454
32.11674	34.86430
32.11726	34.86329
32.11725	34.86306
32.11683	34.86230
32.11627	34.86145
32.11586	34.86162
32.11570	34.86240
32.11519	34.86254
32.11371	34.86220
32.11225	34.86004
32.11190	34.85770
32.11455	34.85763
32.11461	34.85502
32.11404	34.85301
32.11340	34.85074
32.10708	34.84930
32.10533	34.84889
32.10343	34.84840
32.10127	34.84779
32.10047	34.84754
32.09598	34.84604
32.09558	34.84594
32.09426	34.84583
32.09189	34.84587
32.09103	34.84587
32.09022	34.84588
32.08530	34.84583
32.08219	34.84523
32.08099	34.84496
32.07359	34.84352
32.07291	34.84332
32.07252	34.84438
32.07428	34.84550
32.07407	34.84645
32.07480	34.84692
32.07312	34.85123
32.06936	34.85035
32.06948	34.84843
32.06961	34.84849
32.07028	34.84725
32.07085	34.84756
32.07131	34.84552
32.07117	34.84545
32.06962	34.84534
32.06832	34.84536
32.06552	34.84508
32.06699	34.84988
32.06809	34.85923
32.06824	34.86031
32.07105	34.86771
32.07058	34.86766
32.06722	34.86730
32.06389	34.86696
32.06390	34.86651
32.06220	34.86656
32.06064	34.86663
32.05872	34.86658
32.05845	34.86653
32.05647	34.86657
32.05526	34.86675
32.05418	34.86700
32.05106	34.86750
32.04879	34.86769
32.04793	34.86842
32.04769	34.86812
32.04751	34.86800
32.04695	34.86766
32.04679	34.86755
32.04670	34.86733
32.04641	34.86724
32.04647	34.86577
32.04560	34.86596
32.04503	34.86601
32.04125	34.86649
32.04085	34.86655
32.03753	34.86701
32.03674	34.86707
32.03640	34.86704
32.03442	34.86656
32.03301	34.86626
32.03299	34.86690
32.03327	34.86881
32.03277	34.86867
32.03220	34.86859
32.03145	34.86851
32.02994	34.86825
32.02959	34.86795
32.02926	34.86781
32.02910	34.86778
32.02838	34.86751
32.02801	34.86740
32.02796	34.86787
32.02788	34.86785
32.02779	34.86814
32.02765	34.86822
32.02784	34.86887
32.02808	34.86992
32.02818	34.87054
32.02846	34.87285
32.02797	34.87289
32.02806	34.87362
32.02691	34.87384
32.02613	34.87395
32.02587	34.87386
32.02512	34.87399
32.02491	34.87424
32.02408	34.87386
32.02380	34.87381
32.02445	34.87528
32.02412	34.87547
32.02425	34.87569
32.02151	34.87601
32.02140	34.87529
32.02111	34.87445
32.02042	34.87341
32.01987	34.87248
32.01965	34.87183
32.01957	34.87109
32.01961	34.87037
32.01980	34.86947
32.02006	34.86838
32.02007	34.86763
32.01990	34.86697
32.01961	34.86633
32.01891	34.86509
32.01863	34.86432
32.01847	34.86342
32.01842	34.86276
32.01883	34.86264
32.01882	34.86206
32.01892	34.86215
32.01897	34.86135
32.01976	34.86088
32.01920	34.85769
32.01781	34.85671
32.01648	34.85439
32.01669	34.85319
32.02139	34.85438
32.02244	34.84925
32.02012	34.84857
32.02016	34.84808
32.01963	34.84733
32.01963	34.84693
32.01987	34.84651
32.02094	34.84562
32.02156	34.84561
32.02195	34.84582
32.02230	34.84542
32.02240	34.84467
32.02226	34.84393
32.02217	34.84318
32.02169	34.84295
32.02123	34.84250
32.02136	34.84192
32.02192	34.84136
32.02216	34.84071
32.02121	34.83997
32.02130	34.83941
32.02182	34.83890
32.02296	34.83884
32.02336	34.83852
32.02371	34.83792
32.02387	34.83704
32.02450	34.83677
32.02510	34.83686
32.02562	34.83680
32.02591	34.83577
32.02579	34.83476
32.02649	34.83370
32.02676	34.83293
32.02649	34.83158
32.02655	34.83064
32.02707	34.83021
32.02735	34.82965
32.02699	34.82917
32.02644	34.82876
32.02631	34.82836
32.02640	34.82810
32.02681	34.82738
32.02103	34.82321
32.01812	34.82132
32.01735	34.82075
32.01657	34.82018
32.01587	34.81960
32.01486	34.81863
32.01365	34.81727
32.01252	34.81592
32.01194	34.81540
32.01135	34.81494
32.01036	34.81437
32.00991	34.81471
32.00693	34.81193
31.99427	34.80732
31.99589	34.79977
31.99476	34.79963
31.99400	34.79942
31.99325	34.79910
31.99243	34.79843
31.99156	34.79841
31.99082	34.79807
31.99033	34.79733
31.98869	34.79649
31.98886	34.79274
31.98923	34.79048
31.98953	34.78740
31.99023	34.78418
31.99094	34.77945
31.99341	34.77351
31.99468	34.76965
31.99671	34.76499
31.99284	34.76184
31.99303	34.76140
31.99362	34.76112
31.99529	34.75839
31.99269	34.75814
31.99439	34.75472
31.99625	34.75091
31.99636	34.75067
31.99671	34.74988
31.99651	34.74979
31.99696	34.74893
31.99554	34.74781
31.99590	34.74633
31.99804	34.74728
31.99813	34.74702
32.00008	34.74787
32.00099	34.74621
32.00015	34.74571
32.00009	34.74583
31.99874	34.74522
31.99864	34.74538
31.99750	34.74484
31.99773	34.74406
31.99787	34.74414
32.00366	34.73292
32.00277	34.73270
32.00193	34.73216
32.00152	34.73221
32.00088	34.73200
32.00055	34.73164
31.99992	34.73150
31.99935	34.73139
31.99812	34.73097
31.99800	34.73093
31.99733	34.73057
31.99678	34.73045
31.99613	34.73014
31.99203	34.72875
31.98829	34.72718
31.97667	34.72231
31.95369	34.71267
31.94824	34.71038
31.94353	34.70841
31.94251	34.70798
31.93552	34.70472
31.93399	34.70225
31.93297	34.70158
31.93255	34.70109
31.93240	34.70040
31.92975	34.69813
31.92859	34.69831
31.92699	34.69676
31.92480	34.69573
31.92290	34.69402
31.92284	34.69380
31.92299	34.69314
31.92284	34.69296
31.92265	34.69300
31.92249	34.69325
31.92190	34.69308
31.92130	34.69303
31.91981	34.69234
31.91541	34.69032
31.89936	34.68285
31.88602	34.67643
31.87903	34.67323
31.87770	34.67560
31.86060	34.66693
