# GsakName=North
# This County polygon is based on data © OpenStreetMap contributors
# The OpenStreetMap data is made available under the Open Database License, see http://www.openstreetmap.org/copyright
# This polygon file is made available under the same Open Database License: http://opendatacommons.org/licenses/odbl/1.0/.

32.58516	35.03155
32.58733	35.03258
32.59094	35.03082
32.59282	35.03223
32.59125	35.03740
32.59341	35.03567
32.59514	35.03207
32.59659	35.03379
32.59833	35.03482
32.59934	35.03276
32.59775	35.03087
32.59934	35.02881
32.60266	35.02915
32.60379	35.03223
32.60394	35.04084
32.61155	35.04847
32.61220	35.04909
32.61276	35.04953
32.61851	35.05354
32.62157	35.05611
32.62353	35.05777
32.62588	35.05071
32.62651	35.04413
32.62995	35.04429
32.63149	35.04731
32.63387	35.05197
32.64045	35.04664
32.64547	35.04554
32.64721	35.04691
32.64600	35.05022
32.64641	35.05623
32.64602	35.05634
32.64340	35.05704
32.64280	35.06085
32.64490	35.06366
32.64239	35.06747
32.63828	35.06586
32.63818	35.07088
32.63895	35.07461
32.64129	35.08020
32.64871	35.07880
32.65623	35.06967
32.65904	35.06295
32.66225	35.06255
32.66165	35.06546
32.65272	35.07860
32.65222	35.08221
32.65543	35.08692
32.65704	35.09547
32.65986	35.09704
32.65986	35.10315
32.66127	35.10487
32.66503	35.10424
32.66691	35.10221
32.66895	35.10362
32.67098	35.10268
32.67632	35.10706
32.67961	35.10657
32.68084	35.10639
32.68408	35.10591
32.68399	35.10809
32.68392	35.10994
32.68390	35.11052
32.68655	35.11130
32.68802	35.11047
32.69092	35.11205
32.69661	35.10983
32.69808	35.11239
32.70023	35.11311
32.70241	35.11124
32.70440	35.11438
32.70355	35.11999
32.70131	35.12173
32.70319	35.12941
32.70147	35.13349
32.70570	35.13631
32.70789	35.13584
32.70852	35.13302
32.71275	35.13176
32.71477	35.13182
32.71792	35.13192
32.72121	35.13709
32.72372	35.14445
32.72795	35.14555
32.72889	35.15088
32.73218	35.15119
32.73243	35.15059
32.73290	35.14967
32.73538	35.15003
32.73828	35.14957
32.73999	35.15178
32.74232	35.15168
32.74283	35.14922
32.74249	35.14835
32.74142	35.14762
32.73900	35.14626
32.73786	35.14599
32.73700	35.14470
32.73600	35.14316
32.73533	35.14274
32.73492	35.14292
32.73485	35.14422
32.73462	35.14474
32.73446	35.14490
32.73414	35.14486
32.73366	35.14419
32.73309	35.14326
32.73241	35.14261
32.73286	35.14203
32.73321	35.14101
32.73225	35.14024
32.73067	35.14019
32.73062	35.13988
32.73027	35.13750
32.73087	35.13539
32.73205	35.13384
32.73129	35.13314
32.72929	35.13041
32.72996	35.12843
32.73173	35.13017
32.73451	35.13208
32.73845	35.13394
32.73855	35.13537
32.73938	35.13831
32.74023	35.14287
32.74296	35.14156
32.75128	35.14352
32.75162	35.14360
32.75317	35.14548
32.75346	35.14675
32.75352	35.14799
32.75227	35.14961
32.75113	35.15052
32.75202	35.15132
32.76299	35.15504
32.76965	35.15367
32.77173	35.15947
32.77239	35.16131
32.77576	35.16071
32.77670	35.16033
32.77944	35.16229
32.77961	35.16206
32.78093	35.15758
32.78238	35.14929
32.78451	35.14891
32.78987	35.15164
32.78778	35.15410
32.79041	35.15465
32.79570	35.15915
32.80040	35.15171
32.80255	35.15171
32.80471	35.15484
32.80524	35.15117
32.80731	35.14799
32.82200	35.15174
32.82260	35.14228
32.82312	35.13418
32.82674	35.12251
32.83254	35.12314
32.83238	35.11860
32.82721	35.11750
32.82880	35.11096
32.83175	35.11180
32.83526	35.10998
32.84055	35.11410
32.84603	35.10665
32.84975	35.11096
32.85014	35.11038
32.85308	35.10606
32.86096	35.10674
32.86095	35.10330
32.86562	35.10450
32.86875	35.10332
32.87267	35.10411
32.87306	35.10038
32.87345	35.09706
32.85974	35.09510
32.85920	35.09208
32.85982	35.09006
32.86199	35.08635
32.87815	35.09157
32.88305	35.08981
32.88500	35.08888
32.88677	35.08805
32.88801	35.07702
32.88808	35.07654
32.90108	35.07940
32.91140	35.07972
32.91734	35.07779
32.92033	35.07317
32.91965	35.07129
32.91826	35.06943
32.91874	35.06486
32.92180	35.06513
32.92694	35.06750
32.93172	35.06938
32.93538	35.07118
32.94072	35.07193
32.94793	35.07279
32.95733	35.07384
32.97002	35.07564
32.97916	35.07862
32.98825	35.08048
32.99622	35.08330
33.02137	35.09056
33.03124	35.09396
33.04148	35.09667
33.04340	35.09825
33.04434	35.09903
33.04968	35.09966
33.05515	35.10154
33.07572	35.10451
33.08510	35.10423
33.09172	35.10504
33.09237	35.10335
33.09415	35.10329
33.09421	35.10359
33.09429	35.10430
33.09432	35.10549
33.09431	35.10597
33.09417	35.10629
33.09413	35.10671
33.09421	35.10743
33.09423	35.10796
33.09381	35.11071
33.09338	35.11274
33.09294	35.11425
33.09249	35.11563
33.09248	35.11657
33.09270	35.12494
33.09267	35.12588
33.09255	35.12656
33.09240	35.12758
33.09205	35.12986
33.09181	35.13137
33.09116	35.13505
33.09160	35.13712
33.09176	35.13844
33.09197	35.13969
33.09208	35.14062
33.09200	35.14297
33.09191	35.14516
33.09164	35.14634
33.09112	35.14855
33.09087	35.15050
33.09120	35.15133
33.09133	35.15179
33.09153	35.15557
33.09126	35.15575
33.09106	35.15558
33.09105	35.15507
33.09089	35.15396
33.09062	35.15254
33.09046	35.15231
33.09007	35.15216
33.08970	35.15202
33.08923	35.15134
33.08881	35.15053
33.08895	35.14985
33.08937	35.14893
33.08929	35.14889
33.08911	35.14933
33.08896	35.14953
33.08863	35.14998
33.08847	35.15044
33.08834	35.15103
33.08825	35.15169
33.08831	35.15234
33.08858	35.15290
33.08888	35.15325
33.08894	35.15350
33.08874	35.15372
33.08849	35.15373
33.08831	35.15340
33.08774	35.15296
33.08744	35.15260
33.08730	35.15198
33.08701	35.15013
33.08714	35.14940
33.08736	35.14900
33.08742	35.14890
33.08735	35.14888
33.08716	35.14919
33.08690	35.14957
33.08653	35.15065
33.08604	35.15286
33.08570	35.15516
33.08570	35.15562
33.08616	35.15704
33.08616	35.15746
33.08595	35.15795
33.08553	35.15823
33.08479	35.15851
33.08451	35.15862
33.08433	35.15879
33.08471	35.15894
33.08558	35.15898
33.08624	35.15885
33.08645	35.15904
33.08648	35.15933
33.08632	35.15951
33.08597	35.15953
33.08520	35.16047
33.08520	35.16058
33.08531	35.16050
33.08558	35.16019
33.08591	35.15997
33.08619	35.15995
33.08716	35.16002
33.08751	35.16030
33.08757	35.16085
33.08759	35.16191
33.08771	35.16278
33.08788	35.16348
33.08811	35.16465
33.08831	35.16586
33.08843	35.16656
33.08865	35.16690
33.08888	35.16721
33.08929	35.16769
33.08939	35.16794
33.08940	35.16894
33.08942	35.16930
33.08966	35.17024
33.08975	35.17078
33.08975	35.17169
33.08941	35.17273
33.08934	35.17297
33.08933	35.17319
33.08955	35.17357
33.09000	35.17377
33.09043	35.17374
33.09076	35.17348
33.09106	35.17321
33.09148	35.17298
33.09188	35.17307
33.09219	35.17353
33.09218	35.17424
33.09206	35.17471
33.09190	35.17512
33.09192	35.17561
33.09207	35.17612
33.09243	35.17666
33.09258	35.17705
33.09259	35.17734
33.09252	35.17770
33.09209	35.17817
33.09157	35.17868
33.09138	35.17900
33.09126	35.17947
33.09130	35.18142
33.09130	35.18265
33.09128	35.18310
33.09087	35.18384
33.08960	35.18562
33.08955	35.18609
33.08953	35.18739
33.08944	35.18811
33.08890	35.18866
33.08829	35.18900
33.08723	35.18968
33.08687	35.18965
33.08648	35.18945
33.08615	35.18932
33.08493	35.18969
33.08410	35.18927
33.08366	35.18916
33.08352	35.18927
33.08354	35.18947
33.08397	35.18968
33.08418	35.18993
33.08435	35.19028
33.08454	35.19066
33.08493	35.19100
33.08557	35.19141
33.08616	35.19135
33.08652	35.19137
33.08670	35.19163
33.08667	35.19188
33.08647	35.19201
33.08613	35.19193
33.08566	35.19233
33.08503	35.19245
33.08472	35.19249
33.08459	35.19267
33.08464	35.19296
33.08479	35.19321
33.08526	35.19358
33.08562	35.19399
33.08583	35.19474
33.08595	35.19520
33.08597	35.19550
33.08586	35.19626
33.08596	35.19686
33.08646	35.19745
33.08695	35.19824
33.08718	35.19874
33.08737	35.19933
33.08749	35.19982
33.08749	35.20034
33.08734	35.20090
33.08729	35.20148
33.08734	35.20185
33.08758	35.20257
33.08778	35.20309
33.08808	35.20392
33.08817	35.20426
33.08820	35.20476
33.08755	35.20714
33.08752	35.20738
33.08757	35.20752
33.08766	35.20756
33.08776	35.20752
33.08786	35.20743
33.08824	35.20713
33.08860	35.20715
33.08954	35.20761
33.09035	35.20820
33.09081	35.20853
33.09129	35.20857
33.09172	35.20848
33.09216	35.20887
33.09231	35.20893
33.09240	35.20887
33.09257	35.20868
33.09275	35.20825
33.09299	35.20797
33.09406	35.20765
33.09441	35.20771
33.09468	35.20786
33.09507	35.20829
33.09571	35.20906
33.09609	35.20912
33.09657	35.20915
33.09697	35.20916
33.09736	35.20926
33.09774	35.20950
33.09797	35.20991
33.09807	35.21016
33.09820	35.21054
33.09833	35.21079
33.09857	35.21104
33.09895	35.21120
33.09917	35.21127
33.09941	35.21134
33.09975	35.21170
33.09986	35.21224
33.09986	35.21318
33.09984	35.21402
33.09988	35.21492
33.09999	35.21572
33.10000	35.21626
33.09986	35.21686
33.09955	35.21759
33.09930	35.21829
33.09923	35.21866
33.09931	35.21905
33.09944	35.21969
33.09942	35.22042
33.09931	35.22217
33.09904	35.22307
33.09881	35.22381
33.09875	35.22525
33.09865	35.22622
33.09839	35.22684
33.09742	35.22764
33.09677	35.22783
33.09632	35.22800
33.09532	35.22908
33.09490	35.22956
33.09452	35.23016
33.09389	35.23119
33.09339	35.23197
33.09331	35.23256
33.09329	35.23327
33.09285	35.23480
33.09260	35.23551
33.09244	35.23619
33.09230	35.23724
33.09225	35.23847
33.09239	35.23918
33.09266	35.24000
33.09351	35.24311
33.09417	35.24419
33.09445	35.24484
33.09472	35.24550
33.09487	35.24655
33.09512	35.24770
33.09567	35.25027
33.09589	35.25149
33.09548	35.25484
33.09572	35.25616
33.09645	35.25826
33.09676	35.25950
33.09707	35.26135
33.09735	35.26167
33.09785	35.26208
33.09829	35.26268
33.09845	35.26321
33.09849	35.26396
33.09855	35.26509
33.09901	35.26638
33.09941	35.26779
33.09987	35.26936
33.10027	35.27062
33.10039	35.27128
33.10050	35.27250
33.10058	35.27369
33.10062	35.27608
33.10061	35.27708
33.10074	35.27795
33.10071	35.27875
33.10072	35.27962
33.10084	35.28003
33.10096	35.28057
33.10138	35.28147
33.10230	35.28295
33.10348	35.28490
33.10430	35.28605
33.10521	35.28702
33.10582	35.28796
33.10666	35.28984
33.10748	35.29189
33.10800	35.29330
33.10805	35.29371
33.10809	35.29416
33.10803	35.29462
33.10783	35.29510
33.10671	35.29693
33.10576	35.29854
33.10517	35.29950
33.10390	35.30015
33.10278	35.30049
33.10214	35.30036
33.10158	35.30006
33.10105	35.29985
33.10059	35.30004
33.10047	35.30057
33.10052	35.30189
33.10063	35.30497
33.10069	35.30802
33.10083	35.30921
33.10448	35.31596
33.10491	35.31683
33.10468	35.31740
33.10435	35.31753
33.10341	35.31760
33.10217	35.31758
33.10164	35.31731
33.10128	35.31694
33.10111	35.31659
33.10097	35.31664
33.10090	35.31675
33.10095	35.31686
33.10129	35.31752
33.10164	35.31804
33.10219	35.31837
33.10241	35.31862
33.10233	35.31907
33.10184	35.31934
33.10134	35.31928
33.10068	35.31901
33.10042	35.31857
33.10028	35.31829
33.10020	35.31836
33.10039	35.31879
33.10085	35.31967
33.10103	35.32007
33.10086	35.32035
33.10074	35.32045
33.10060	35.32050
33.10037	35.32048
33.09988	35.32047
33.09919	35.32087
33.09864	35.32119
33.09839	35.32125
33.09823	35.32121
33.09806	35.32103
33.09791	35.32056
33.09744	35.31936
33.09726	35.31931
33.09720	35.31946
33.09740	35.31993
33.09746	35.32043
33.09742	35.32087
33.09719	35.32165
33.09721	35.32190
33.09769	35.32247
33.09765	35.32283
33.09637	35.32382
33.09611	35.32399
33.09566	35.32404
33.09494	35.32399
33.09424	35.32375
33.09129	35.32229
33.08956	35.32141
33.08860	35.32097
33.08827	35.32078
33.08793	35.32086
33.08739	35.32100
33.08628	35.32185
33.08531	35.32258
33.08374	35.32379
33.08073	35.32647
33.07972	35.32737
33.07917	35.32758
33.07854	35.32674
33.07799	35.32585
33.07764	35.32593
33.07745	35.32634
33.07747	35.32702
33.07750	35.32820
33.07762	35.32947
33.07787	35.33088
33.07756	35.33123
33.07725	35.33124
33.07698	35.33062
33.07681	35.33002
33.07662	35.32982
33.07645	35.33012
33.07660	35.33116
33.07664	35.33228
33.07649	35.33322
33.07623	35.33398
33.07582	35.33438
33.07528	35.33454
33.07470	35.33464
33.07406	35.33502
33.07343	35.33512
33.07310	35.33514
33.07259	35.33549
33.07195	35.33596
33.07167	35.33631
33.07135	35.33688
33.06995	35.33709
33.06955	35.33746
33.06914	35.33788
33.06816	35.33858
33.06769	35.33909
33.06745	35.33960
33.06701	35.34068
33.06623	35.34176
33.06560	35.34324
33.06536	35.34367
33.06497	35.34399
33.06408	35.34450
33.06280	35.34528
33.06153	35.34616
33.06111	35.34682
33.06048	35.34745
33.05997	35.34785
33.05964	35.34813
33.05902	35.35000
33.05838	35.35169
33.05803	35.35240
33.05760	35.35298
33.05704	35.35362
33.05661	35.35404
33.05646	35.35421
33.05659	35.35435
33.05691	35.35461
33.05709	35.35485
33.05721	35.35513
33.05722	35.35574
33.05716	35.35638
33.05699	35.35726
33.05697	35.35781
33.05704	35.35829
33.05683	35.35892
33.05673	35.35916
33.05648	35.35933
33.05613	35.35924
33.05556	35.35902
33.05519	35.35895
33.05416	35.35892
33.05193	35.35941
33.05103	35.36008
33.05041	35.36064
33.04981	35.36154
33.04965	35.36192
33.05012	35.36287
33.05025	35.36350
33.05011	35.36393
33.04980	35.36435
33.04944	35.36506
33.04940	35.36545
33.04952	35.36580
33.04967	35.36608
33.04986	35.36624
33.05037	35.36666
33.05131	35.36727
33.05153	35.36722
33.05188	35.36700
33.05234	35.36652
33.05294	35.36593
33.05353	35.36566
33.05388	35.36565
33.05418	35.36584
33.05440	35.36675
33.05457	35.36775
33.05426	35.36894
33.05419	35.37027
33.05385	35.37099
33.05271	35.37194
33.05262	35.37209
33.05277	35.37244
33.05335	35.37286
33.05404	35.37328
33.05486	35.37381
33.05518	35.37405
33.05519	35.37452
33.05499	35.37478
33.05472	35.37484
33.05433	35.37483
33.05393	35.37510
33.05361	35.37534
33.05277	35.37569
33.05227	35.37589
33.05180	35.37621
33.05122	35.37644
33.05058	35.37634
33.05023	35.37665
33.04972	35.37694
33.04952	35.37729
33.04937	35.37770
33.04908	35.37833
33.04852	35.37891
33.04816	35.37947
33.04801	35.37970
33.04799	35.37991
33.04821	35.38005
33.04833	35.38004
33.04841	35.37978
33.04860	35.37948
33.04881	35.37914
33.04953	35.37826
33.05020	35.37779
33.05098	35.37744
33.05177	35.37728
33.05256	35.37719
33.05353	35.37726
33.05435	35.37776
33.05505	35.37828
33.05734	35.37971
33.05826	35.37999
33.05908	35.38055
33.06018	35.38127
33.06080	35.38164
33.06150	35.38218
33.06143	35.38577
33.06133	35.38650
33.06113	35.38687
33.06010	35.38708
33.05948	35.38715
33.05910	35.38719
33.05890	35.38725
33.05882	35.38739
33.05904	35.38736
33.05924	35.38745
33.05988	35.38758
33.06066	35.38746
33.06086	35.38754
33.06106	35.38791
33.06095	35.38821
33.06010	35.38860
33.05946	35.38862
33.05911	35.38857
33.05887	35.38844
33.05872	35.38846
33.05865	35.38861
33.05881	35.38877
33.05940	35.38890
33.06056	35.38963
33.06077	35.38978
33.06094	35.39011
33.06083	35.39052
33.06059	35.39069
33.06018	35.39058
33.05985	35.39039
33.05956	35.39022
33.05928	35.39025
33.05908	35.39033
33.05892	35.39044
33.05879	35.39060
33.05867	35.39088
33.05868	35.39128
33.05877	35.39152
33.05943	35.39201
33.06083	35.39306
33.06101	35.39339
33.06092	35.39370
33.06073	35.39390
33.06041	35.39386
33.06020	35.39390
33.05996	35.39400
33.05984	35.39417
33.05976	35.39440
33.05985	35.39511
33.06006	35.39642
33.06110	35.39810
33.06145	35.39853
33.06200	35.40160
33.06227	35.40340
33.06233	35.40428
33.06254	35.40588
33.06224	35.40634
33.06171	35.40634
33.06148	35.40600
33.06134	35.40514
33.06124	35.40487
33.06112	35.40479
33.06099	35.40488
33.06100	35.40539
33.06094	35.40591
33.06088	35.40633
33.06118	35.40667
33.06144	35.40685
33.06169	35.40697
33.06201	35.40700
33.06255	35.40694
33.06282	35.40722
33.06288	35.40768
33.06278	35.40812
33.06243	35.40834
33.06128	35.40843
33.06082	35.40830
33.06084	35.40836
33.06130	35.40878
33.06201	35.40931
33.06253	35.41006
33.06298	35.41072
33.06293	35.41100
33.06333	35.41137
33.06408	35.41687
33.06431	35.41862
33.06446	35.41991
33.06480	35.42239
33.06524	35.42543
33.06552	35.42724
33.06550	35.42837
33.06544	35.42985
33.06544	35.43095
33.06544	35.43144
33.06582	35.43174
33.06626	35.43241
33.06691	35.43248
33.06780	35.43258
33.06850	35.43292
33.06886	35.43347
33.06898	35.43385
33.06898	35.43413
33.06942	35.43436
33.06975	35.43469
33.07010	35.43498
33.07047	35.43528
33.07375	35.43618
33.07479	35.43638
33.07596	35.43700
33.07861	35.43858
33.08043	35.43969
33.08214	35.44076
33.08413	35.44192
33.08468	35.44235
33.08501	35.44275
33.08526	35.44353
33.08532	35.44381
33.08546	35.44405
33.08568	35.44408
33.08592	35.44408
33.08777	35.44399
33.08785	35.44430
33.08751	35.44476
33.08742	35.44496
33.08745	35.44510
33.08757	35.44518
33.08770	35.44513
33.08805	35.44493
33.08868	35.44470
33.08899	35.44478
33.09035	35.44552
33.09065	35.44587
33.09083	35.44644
33.09096	35.44739
33.09135	35.44997
33.09173	35.45253
33.09186	35.45345
33.09182	35.45426
33.09179	35.45541
33.09180	35.45632
33.09225	35.45712
33.09244	35.45767
33.09259	35.45880
33.09289	35.46110
33.09314	35.46294
33.09309	35.46612
33.09302	35.46932
33.09293	35.47265
33.09281	35.47828
33.09276	35.47899
33.09258	35.47941
33.09229	35.47960
33.09181	35.47960
33.09147	35.47957
33.09145	35.47977
33.09194	35.48036
33.09225	35.48151
33.09243	35.48245
33.09245	35.48301
33.09235	35.48366
33.09213	35.48413
33.09131	35.48505
33.09079	35.48555
33.09054	35.48613
33.09039	35.48665
33.09043	35.48752
33.09040	35.48845
33.08995	35.48962
33.08972	35.49007
33.08970	35.49045
33.08974	35.49063
33.09003	35.49082
33.09134	35.49164
33.09154	35.49204
33.09152	35.49249
33.09116	35.49277
33.09025	35.49304
33.08933	35.49330
33.08880	35.49345
33.08861	35.49366
33.08862	35.49393
33.08878	35.49406
33.08928	35.49414
33.09007	35.49422
33.09099	35.49439
33.09132	35.49460
33.09146	35.49497
33.09085	35.49827
33.09054	35.49990
33.08998	35.50202
33.08973	35.50291
33.08951	35.50333
33.08948	35.50351
33.08960	35.50359
33.08982	35.50359
33.09182	35.50346
33.09417	35.50336
33.10211	35.50322
33.10774	35.50307
33.11082	35.50308
33.11327	35.50311
33.11578	35.50521
33.11588	35.50581
33.11602	35.51041
33.11610	35.51466
33.11621	35.51974
33.11771	35.52079
33.11938	35.52201
33.12109	35.52326
33.12118	35.52351
33.12115	35.52398
33.12088	35.52430
33.11960	35.52500
33.11909	35.52541
33.11889	35.52611
33.11913	35.52688
33.12011	35.52754
33.12106	35.52806
33.12139	35.52777
33.12161	35.52733
33.12215	35.52656
33.12334	35.52584
33.12404	35.52546
33.12453	35.52551
33.12492	35.52600
33.12600	35.52736
33.12802	35.53200
33.12843	35.53246
33.12975	35.53309
33.13237	35.53254
33.13391	35.53215
33.13554	35.53049
33.13710	35.52889
33.13831	35.52806
33.13954	35.52758
33.14108	35.52777
33.14131	35.52762
33.14149	35.52722
33.14165	35.52707
33.14196	35.52711
33.14315	35.52844
33.14365	35.52887
33.14392	35.52861
33.14444	35.52810
33.14493	35.52789
33.14630	35.52811
33.14773	35.52850
33.15034	35.52905
33.15241	35.52955
33.15462	35.53005
33.15491	35.53021
33.15506	35.53107
33.15522	35.53135
33.15538	35.53118
33.15571	35.53064
33.15599	35.53048
33.15952	35.53172
33.16253	35.53272
33.16365	35.53320
33.16422	35.53390
33.16455	35.53468
33.16484	35.53601
33.16506	35.53625
33.16575	35.53606
33.16610	35.53623
33.16701	35.53706
33.16731	35.53713
33.16766	35.53698
33.16809	35.53655
33.16858	35.53592
33.16905	35.53558
33.16953	35.53561
33.17060	35.53617
33.17138	35.53656
33.17178	35.53704
33.17224	35.53805
33.17241	35.53835
33.17251	35.53832
33.17256	35.53725
33.17273	35.53624
33.17292	35.53599
33.17343	35.53606
33.17406	35.53637
33.17411	35.53682
33.17416	35.53734
33.17432	35.53760
33.17456	35.53784
33.17514	35.53801
33.17545	35.53813
33.17582	35.53847
33.17608	35.53892
33.17639	35.53962
33.17680	35.54008
33.17708	35.54024
33.17723	35.54029
33.17736	35.54023
33.17746	35.54008
33.17752	35.53990
33.17738	35.53913
33.17727	35.53876
33.17724	35.53836
33.17730	35.53803
33.17744	35.53777
33.17778	35.53742
33.17821	35.53729
33.17882	35.53738
33.18039	35.53780
33.18184	35.53814
33.18335	35.53855
33.18602	35.53917
33.18848	35.53982
33.19029	35.54079
33.19160	35.54157
33.19208	35.54184
33.19243	35.54181
33.19279	35.54159
33.19320	35.54119
33.19352	35.54115
33.19399	35.54120
33.19502	35.54138
33.19512	35.54158
33.19505	35.54177
33.19487	35.54187
33.19473	35.54211
33.19467	35.54234
33.19476	35.54245
33.19490	35.54241
33.19525	35.54192
33.19548	35.54181
33.19591	35.54171
33.19637	35.54178
33.19867	35.54222
33.19973	35.54173
33.20151	35.54073
33.20360	35.54004
33.20545	35.53873
33.20696	35.53781
33.20822	35.53717
33.20876	35.53683
33.20911	35.53681
33.20958	35.53683
33.20972	35.53692
33.20983	35.53712
33.20983	35.53731
33.20974	35.53750
33.20943	35.53770
33.20889	35.53816
33.20855	35.53862
33.20838	35.53862
33.20833	35.53880
33.21104	35.53818
33.21233	35.53786
33.21266	35.53774
33.21310	35.53741
33.21353	35.53699
33.21383	35.53689
33.21418	35.53699
33.21494	35.53755
33.21539	35.53758
33.21579	35.53741
33.21625	35.53709
33.21665	35.53697
33.21694	35.53712
33.21759	35.53767
33.21826	35.53795
33.21874	35.53803
33.21911	35.53799
33.21942	35.53789
33.21964	35.53767
33.21997	35.53710
33.22030	35.53711
33.22175	35.53725
33.22217	35.53744
33.22271	35.53801
33.22359	35.53862
33.22421	35.53903
33.22451	35.53909
33.22487	35.53903
33.22627	35.53862
33.22672	35.53847
33.22694	35.53831
33.22714	35.53808
33.22737	35.53762
33.22751	35.53736
33.22782	35.53719
33.22921	35.53720
33.23059	35.53724
33.23097	35.53747
33.23176	35.53800
33.23323	35.53915
33.23390	35.53979
33.23427	35.54033
33.23459	35.54118
33.23473	35.54227
33.23489	35.54432
33.23506	35.54557
33.23529	35.54603
33.23552	35.54633
33.23609	35.54671
33.23771	35.54772
33.23812	35.54774
33.23851	35.54753
33.23884	35.54736
33.23905	35.54727
33.23943	35.54718
33.24008	35.54724
33.24235	35.54761
33.24318	35.54778
33.24383	35.54804
33.24467	35.54760
33.24505	35.54719
33.24538	35.54696
33.24602	35.54670
33.24683	35.54643
33.24731	35.54631
33.24781	35.54626
33.24825	35.54634
33.24867	35.54640
33.24957	35.54612
33.24987	35.54616
33.25056	35.54660
33.25122	35.54700
33.25145	35.54719
33.25161	35.54743
33.25164	35.54783
33.25149	35.54841
33.25117	35.54901
33.25085	35.54999
33.25049	35.55027
33.25055	35.55038
33.25094	35.55017
33.25140	35.54963
33.25184	35.54922
33.25222	35.54884
33.25299	35.54814
33.25388	35.54772
33.25420	35.54750
33.25437	35.54725
33.25456	35.54717
33.25470	35.54731
33.25475	35.54759
33.25503	35.54823
33.25527	35.54876
33.25541	35.54903
33.25541	35.54943
33.25538	35.54995
33.25537	35.55051
33.25539	35.55093
33.25548	35.55125
33.25581	35.55178
33.25605	35.55209
33.25631	35.55239
33.25702	35.55287
33.25764	35.55431
33.25832	35.55566
33.25855	35.55582
33.26113	35.55649
33.26189	35.55659
33.26362	35.55686
33.26436	35.55699
33.26471	35.55717
33.26497	35.55758
33.26566	35.55859
33.26625	35.55944
33.26652	35.55952
33.26767	35.55947
33.26795	35.55952
33.26869	35.55989
33.26940	35.56037
33.26966	35.56069
33.27014	35.56137
33.27083	35.56222
33.27128	35.56265
33.27165	35.56294
33.27331	35.56409
33.27370	35.56430
33.27470	35.56472
33.27523	35.56477
33.28241	35.56315
33.28319	35.56302
33.28357	35.56322
33.28399	35.56337
33.28531	35.56384
33.28783	35.56474
33.28874	35.56570
33.28947	35.56656
33.29017	35.56731
33.29043	35.56776
33.29048	35.56807
33.29050	35.56830
33.29045	35.56852
33.29034	35.56894
33.29002	35.56938
33.28977	35.56968
33.28934	35.57009
33.28897	35.57034
33.28866	35.57057
33.28837	35.57085
33.28792	35.57146
33.28763	35.57205
33.28749	35.57301
33.28737	35.57401
33.28723	35.57511
33.28704	35.57568
33.28694	35.57623
33.28675	35.57680
33.28605	35.57810
33.28487	35.58034
33.28317	35.58157
33.28311	35.58179
33.28318	35.58207
33.28328	35.58249
33.28190	35.58446
33.28141	35.58469
33.28031	35.58480
33.27927	35.58479
33.27654	35.58490
33.27405	35.58555
33.27338	35.58555
33.27276	35.58541
33.27151	35.58498
33.26928	35.58427
33.26820	35.58389
33.26763	35.58365
33.26722	35.58357
33.26666	35.58349
33.26631	35.58358
33.26608	35.58372
33.26601	35.58489
33.26581	35.58545
33.26465	35.58752
33.26378	35.58903
33.26320	35.58974
33.26255	35.59074
33.26163	35.59287
33.26109	35.59377
33.26043	35.59449
33.25903	35.59547
33.25732	35.59646
33.25568	35.59745
33.25460	35.59813
33.25419	35.59853
33.25339	35.60003
33.25253	35.60213
33.25102	35.60602
33.25026	35.60803
33.24925	35.61088
33.24890	35.61174
33.24722	35.61492
33.24673	35.61579
33.24538	35.61740
33.24415	35.61997
33.24374	35.62092
33.24346	35.62188
33.24329	35.62280
33.24239	35.62424
33.24253	35.62442
33.24258	35.62435
33.24296	35.62382
33.24331	35.62346
33.24371	35.62330
33.24433	35.62311
33.24463	35.62313
33.24477	35.62328
33.24487	35.62351
33.24492	35.62410
33.24503	35.62440
33.24525	35.62498
33.24533	35.62532
33.24556	35.62556
33.24580	35.62569
33.24616	35.62571
33.24673	35.62555
33.24703	35.62516
33.24746	35.62429
33.24797	35.62378
33.24832	35.62357
33.24896	35.62313
33.24928	35.62283
33.24955	35.62277
33.24997	35.62287
33.25051	35.62307
33.25105	35.62331
33.25169	35.62358
33.25254	35.62387
33.25307	35.62364
33.25325	35.62321
33.25338	35.62251
33.25335	35.62184
33.25324	35.62125
33.25317	35.62055
33.25318	35.62026
33.25331	35.62008
33.25424	35.61973
33.25544	35.61923
33.25566	35.61916
33.25584	35.61920
33.25593	35.61938
33.25595	35.61969
33.25592	35.61987
33.25585	35.62015
33.25581	35.62078
33.25584	35.62109
33.25602	35.62135
33.25626	35.62147
33.25650	35.62159
33.25689	35.62163
33.25723	35.62159
33.25747	35.62161
33.25763	35.62155
33.25841	35.62118
33.25869	35.62120
33.25698	35.62304
33.25745	35.62327
33.25810	35.62299
33.25877	35.62271
33.25921	35.62266
33.25960	35.62299
33.25996	35.62341
33.26033	35.62388
33.26062	35.62326
33.26088	35.62302
33.26115	35.62271
33.26164	35.62223
33.26216	35.62175
33.26248	35.62171
33.26277	35.62192
33.26327	35.62232
33.26407	35.62262
33.26440	35.62266
33.26470	35.62263
33.26495	35.62257
33.26625	35.62193
33.26662	35.62173
33.26767	35.62115
33.26819	35.62089
33.26889	35.62071
33.26974	35.62039
33.27042	35.62009
33.27071	35.62008
33.27093	35.62020
33.27115	35.62034
33.27146	35.62068
33.27186	35.62139
33.27206	35.62168
33.27226	35.62183
33.27248	35.62192
33.27256	35.62195
33.27256	35.62195
33.27448	35.62720
33.27698	35.63387
33.28056	35.63306
33.28103	35.63401
33.28194	35.63583
33.28244	35.63747
33.28278	35.63861
33.28333	35.64111
33.28361	35.64389
33.28333	35.64667
33.28278	35.64944
33.28194	35.65222
33.28194	35.65500
33.28222	35.65750
33.28151	35.66076
33.28525	35.66461
33.28621	35.66613
33.28895	35.67143
33.29242	35.67351
33.29399	35.67566
33.29639	35.67889
33.29806	35.68167
33.29917	35.68444
33.30056	35.68722
33.30222	35.69278
33.30306	35.69528
33.30361	35.69806
33.30444	35.70083
33.30583	35.70361
33.30833	35.70639
33.31194	35.70917
33.32639	35.71194
33.32846	35.71398
33.32955	35.71597
33.33056	35.71779
33.33106	35.71977
33.33102	35.72244
33.33156	35.72644
33.33142	35.72942
33.33128	35.73381
33.33045	35.73855
33.32666	35.74098
33.32647	35.74553
33.32873	35.75048
33.33045	35.75474
33.33066	35.75772
33.33141	35.75982
33.33158	35.76103
33.33201	35.76170
33.33163	35.76297
33.33334	35.76642
33.33563	35.77334
33.32946	35.78804
33.31696	35.81320
33.29118	35.78811
33.27673	35.77741
33.26588	35.78399
33.25578	35.80268
33.25127	35.81012
33.24496	35.81506
33.23449	35.81531
33.21705	35.81603
33.20311	35.81716
33.19306	35.83768
33.17853	35.84135
33.16761	35.84444
33.15626	35.83689
33.13844	35.82436
33.12737	35.81801
33.12032	35.81749
33.11299	35.81698
33.11012	35.82419
33.10523	35.83637
33.10235	35.85045
33.08328	35.85334
33.07153	35.85578
33.06078	35.85834
33.03041	35.86375
33.02193	35.86436
33.01688	35.86606
32.99145	35.87040
32.98142	35.87132
32.96869	35.87945
32.96004	35.88578
32.94488	35.89502
32.92655	35.87981
32.92336	35.87291
32.90783	35.86146
32.88981	35.85112
32.87021	35.84438
32.85310	35.84567
32.82817	35.83768
32.82728	35.83665
32.82322	35.83271
32.80607	35.81671
32.78228	35.80031
32.78193	35.79483
32.77433	35.78256
32.74509	35.75648
32.74495	35.75563
32.74303	35.75441
32.74146	35.75314
32.73982	35.75359
32.73756	35.75207
32.73631	35.75077
32.73338	35.74835
32.73090	35.74519
32.73075	35.74131
32.73266	35.73745
32.72625	35.73426
32.72413	35.73301
32.72347	35.73137
32.72332	35.72954
32.72587	35.72882
32.72667	35.72771
32.72697	35.72644
32.72559	35.72489
32.72207	35.72431
32.72108	35.72303
32.72139	35.72122
32.72271	35.71935
32.72211	35.71871
32.71961	35.71852
32.71648	35.71742
32.71606	35.71555
32.71876	35.71179
32.71486	35.70698
32.71566	35.70366
32.71593	35.70281
32.71476	35.70191
32.71254	35.70036
32.71244	35.70014
32.70852	35.69163
32.70892	35.68714
32.70659	35.68166
32.70586	35.67622
32.70443	35.67586
32.70246	35.67765
32.69900	35.67666
32.69427	35.67149
32.69305	35.67110
32.69156	35.67190
32.68940	35.67301
32.68620	35.67509
32.68541	35.67522
32.68482	35.67471
32.68441	35.67322
32.68487	35.67122
32.68411	35.66921
32.68367	35.66867
32.68283	35.66790
32.68109	35.66601
32.68064	35.66545
32.67999	35.66358
32.68068	35.66139
32.68296	35.65995
32.68394	35.65952
32.68487	35.65895
32.68518	35.65771
32.68531	35.65687
32.68520	35.65594
32.68484	35.65504
32.68458	35.65449
32.68386	35.65330
32.68215	35.65179
32.68122	35.65063
32.68052	35.65000
32.67941	35.64894
32.67806	35.64693
32.67764	35.64505
32.67810	35.64350
32.68151	35.64130
32.68311	35.63924
32.68485	35.63711
32.68655	35.63521
32.68568	35.63376
32.68487	35.63265
32.68441	35.63185
32.68374	35.63157
32.68302	35.63156
32.68226	35.63017
32.68164	35.62903
32.68048	35.62783
32.67860	35.62543
32.67831	35.62406
32.67932	35.62251
32.68005	35.62131
32.68091	35.61599
32.68005	35.61341
32.67831	35.61032
32.67672	35.60878
32.67542	35.60723
32.67499	35.60552
32.67253	35.60466
32.67051	35.60500
32.67037	35.60311
32.66993	35.60122
32.66950	35.59951
32.67022	35.59848
32.66762	35.59710
32.66589	35.59882
32.66459	35.60019
32.66314	35.60294
32.66141	35.60500
32.66011	35.60655
32.65880	35.60689
32.65548	35.60705
32.65288	35.60636
32.65172	35.60534
32.65172	35.60327
32.65201	35.60122
32.65129	35.59846
32.65317	35.59573
32.65302	35.59366
32.65158	35.59143
32.65187	35.58938
32.65143	35.58818
32.64999	35.58887
32.64912	35.58852
32.64840	35.58972
32.64782	35.59110
32.64652	35.59144
32.64522	35.59041
32.64421	35.58835
32.64348	35.58732
32.64348	35.58578
32.64406	35.58492
32.64464	35.58354
32.64478	35.58183
32.64536	35.58045
32.64623	35.58097
32.64710	35.58166
32.64753	35.58131
32.64652	35.57994
32.64551	35.57874
32.64450	35.57805
32.64319	35.57771
32.64247	35.57633
32.64276	35.57462
32.64300	35.57443
32.64363	35.57393
32.64478	35.57445
32.64551	35.57376
32.64681	35.57187
32.64718	35.57115
32.64739	35.56930
32.64753	35.56694
32.64778	35.56403
32.64706	35.56264
32.64590	35.56126
32.64496	35.56152
32.64446	35.56281
32.64417	35.56478
32.64424	35.56684
32.64352	35.56787
32.64236	35.56813
32.64070	35.56796
32.63933	35.56719
32.63882	35.56564
32.63867	35.56341
32.63831	35.56178
32.63730	35.56118
32.63643	35.56178
32.63568	35.56443
32.63542	35.56478
32.63501	35.56599
32.63483	35.56689
32.63454	35.56724
32.63411	35.56772
32.63288	35.56793
32.63212	35.56749
32.63098	35.56690
32.63002	35.56666
32.62948	35.56610
32.62919	35.56538
32.62919	35.56454
32.62943	35.56412
32.62913	35.56347
32.62800	35.56268
32.62738	35.56251
32.62677	35.56235
32.62606	35.56174
32.62569	35.56152
32.62516	35.56141
32.62474	35.56153
32.62455	35.56173
32.62452	35.56216
32.62466	35.56287
32.62499	35.56383
32.62481	35.56443
32.62371	35.56538
32.62263	35.56641
32.62219	35.56753
32.62089	35.56839
32.61771	35.56985
32.61504	35.57191
32.61374	35.57277
32.61265	35.57277
32.61027	35.57294
32.60795	35.57294
32.60614	35.57251
32.60542	35.57191
32.60514	35.57062
32.60438	35.56828
32.60435	35.56743
32.60405	35.56665
32.60324	35.56636
32.60120	35.56640
32.60029	35.56710
32.59871	35.56702
32.59777	35.56732
32.59725	35.56718
32.59655	35.56718
32.59624	35.56779
32.59598	35.56847
32.59604	35.56915
32.59636	35.56946
32.59682	35.56960
32.59792	35.57098
32.59821	35.57196
32.59798	35.57271
32.59792	35.57346
32.59817	35.57419
32.59811	35.57535
32.59806	35.57664
32.59776	35.57730
32.59702	35.57811
32.59614	35.57810
32.59511	35.57738
32.59296	35.57729
32.59150	35.57660
32.58999	35.57665
32.58818	35.57605
32.58574	35.57582
32.58478	35.57615
32.58243	35.57714
32.58127	35.57766
32.58033	35.57800
32.57910	35.57749
32.57758	35.57714
32.57577	35.57706
32.57411	35.57697
32.57259	35.57680
32.57078	35.57646
32.56854	35.57688
32.56731	35.57620
32.56593	35.57551
32.56557	35.57431
32.56630	35.57354
32.56680	35.57234
32.56659	35.57096
32.56543	35.57045
32.56420	35.57088
32.56282	35.57208
32.56138	35.57302
32.56036	35.57414
32.55957	35.57525
32.55827	35.57603
32.55718	35.57688
32.55631	35.57671
32.55508	35.57628
32.55393	35.57680
32.55262	35.57697
32.55233	35.57676
32.55154	35.57620
32.55060	35.57525
32.54930	35.57345
32.54959	35.57199
32.55082	35.57131
32.55183	35.57174
32.55226	35.57088
32.55197	35.56942
32.55074	35.56890
32.55007	35.56882
32.54937	35.56873
32.54886	35.56950
32.54930	35.57036
32.54843	35.57131
32.54669	35.57208
32.54568	35.57148
32.54438	35.57045
32.54286	35.57071
32.54148	35.57105
32.54003	35.57079
32.53888	35.56942
32.53895	35.56753
32.53953	35.56581
32.54076	35.56530
32.54221	35.56538
32.54380	35.56530
32.54495	35.56418
32.54532	35.56272
32.54488	35.56144
32.54372	35.56118
32.54271	35.56178
32.54170	35.56324
32.54018	35.56350
32.53909	35.56238
32.53844	35.56092
32.53736	35.56041
32.53605	35.56041
32.53475	35.56075
32.53396	35.56023
32.53273	35.55989
32.53128	35.55989
32.53092	35.56041
32.53077	35.56221
32.52998	35.56332
32.52817	35.56401
32.52667	35.56443
32.52655	35.56670
32.52696	35.56639
32.52727	35.56645
32.52734	35.56718
32.52662	35.56728
32.52516	35.56705
32.52409	35.56640
32.52256	35.56556
32.52138	35.56475
32.52095	35.56344
32.52064	35.56152
32.52107	35.55950
32.52137	35.55851
32.52118	35.55642
32.52140	35.55574
32.52129	35.55541
32.52007	35.55447
32.51982	35.55455
32.51922	35.55550
32.51911	35.55571
32.51865	35.55557
32.51765	35.55581
32.51709	35.55566
32.51654	35.55512
32.51604	35.55450
32.51506	35.55271
32.51475	35.55251
32.51451	35.55266
32.51446	35.55273
32.51424	35.55307
32.51396	35.55313
32.51319	35.55384
32.51324	35.55413
32.51348	35.55441
32.51308	35.55492
32.51294	35.55525
32.51251	35.55572
32.51213	35.55650
32.51195	35.55678
32.51195	35.55741
32.51190	35.55758
32.51166	35.55777
32.51133	35.55759
32.51121	35.55772
32.51116	35.55796
32.51091	35.55800
32.51051	35.55800
32.51034	35.55826
32.51029	35.55858
32.51021	35.55944
32.50953	35.56033
32.50920	35.56054
32.50884	35.56036
32.50864	35.55988
32.50836	35.55948
32.50811	35.55942
32.50762	35.55951
32.50734	35.55992
32.50739	35.56039
32.50787	35.56098
32.50818	35.56148
32.50855	35.56174
32.50878	35.56170
32.50891	35.56151
32.50959	35.56152
32.50979	35.56135
32.51011	35.56110
32.51163	35.56116
32.51260	35.56151
32.51363	35.56123
32.51395	35.56136
32.51430	35.56175
32.51469	35.56210
32.51460	35.56240
32.51405	35.56288
32.51320	35.56286
32.51291	35.56303
32.51252	35.56307
32.51239	35.56303
32.51234	35.56282
32.51195	35.56281
32.51141	35.56303
32.51061	35.56310
32.50983	35.56343
32.50946	35.56359
32.50849	35.56427
32.50753	35.56460
32.50700	35.56455
32.50647	35.56392
32.50636	35.56341
32.50620	35.56295
32.50545	35.56279
32.50475	35.56215
32.50442	35.56169
32.50418	35.56122
32.50409	35.56057
32.50424	35.55971
32.50413	35.55901
32.50397	35.55870
32.50384	35.55805
32.50372	35.55783
32.50348	35.55777
32.50286	35.55784
32.50205	35.55832
32.50160	35.55910
32.50166	35.55979
32.50192	35.56031
32.50209	35.56262
32.50192	35.56335
32.50162	35.56441
32.50093	35.56511
32.49937	35.56579
32.49844	35.56604
32.49821	35.56634
32.49788	35.56740
32.49803	35.56792
32.49911	35.56867
32.49981	35.57003
32.49968	35.57049
32.49840	35.57180
32.49775	35.57406
32.49738	35.57479
32.49721	35.57512
32.49642	35.57624
32.49509	35.57713
32.49339	35.57785
32.49122	35.57843
32.48818	35.58018
32.48741	35.58017
32.48729	35.57991
32.48731	35.57976
32.48735	35.57916
32.48757	35.57884
32.48767	35.57834
32.48726	35.57727
32.48698	35.57706
32.48668	35.57710
32.48628	35.57726
32.48597	35.57696
32.48577	35.57630
32.48512	35.57549
32.48455	35.57554
32.48378	35.57349
32.48271	35.56997
32.48201	35.56785
32.48144	35.56574
32.48096	35.56537
32.48073	35.56549
32.48061	35.56575
32.48059	35.56591
32.48039	35.56619
32.47980	35.56690
32.47964	35.56723
32.47964	35.56759
32.47967	35.56782
32.47927	35.56888
32.47910	35.56917
32.47874	35.56923
32.47837	35.56955
32.47784	35.56979
32.47720	35.56988
32.47691	35.56976
32.47657	35.56946
32.47641	35.56920
32.47594	35.56873
32.47564	35.56863
32.47546	35.56839
32.47534	35.56764
32.47532	35.56675
32.47507	35.56592
32.47506	35.56529
32.47441	35.56463
32.47428	35.56452
32.47349	35.56445
32.47267	35.56447
32.47165	35.56442
32.47125	35.56451
32.47114	35.56476
32.47124	35.56578
32.47128	35.56635
32.47146	35.56664
32.47160	35.56675
32.47156	35.56702
32.47146	35.56729
32.47125	35.56746
32.47107	35.56758
32.47068	35.56727
32.47030	35.56721
32.47005	35.56739
32.46957	35.56750
32.46943	35.56728
32.46898	35.56677
32.46831	35.56641
32.46768	35.56604
32.46757	35.56580
32.46754	35.56530
32.46755	35.56488
32.46774	35.56457
32.46828	35.56401
32.46859	35.56377
32.46887	35.56344
32.46860	35.56299
32.46850	35.56285
32.46812	35.56309
32.46792	35.56294
32.46766	35.56283
32.46743	35.56287
32.46714	35.56266
32.46670	35.56251
32.46640	35.56263
32.46641	35.56312
32.46637	35.56332
32.46625	35.56345
32.46606	35.56367
32.46561	35.56384
32.46531	35.56376
32.46517	35.56355
32.46515	35.56298
32.46519	35.56236
32.46513	35.56210
32.46496	35.56199
32.46444	35.56207
32.46348	35.56238
32.46298	35.56272
32.46192	35.56391
32.46172	35.56433
32.46162	35.56505
32.46181	35.56579
32.46181	35.56613
32.46172	35.56627
32.46114	35.56637
32.46101	35.56648
32.46086	35.56677
32.46104	35.56741
32.46119	35.56754
32.46135	35.56758
32.46197	35.56759
32.46208	35.56775
32.46210	35.56831
32.46197	35.56888
32.46158	35.56920
32.46125	35.56947
32.46114	35.56977
32.46119	35.56997
32.46168	35.57023
32.46191	35.57026
32.46191	35.57052
32.46167	35.57085
32.46124	35.57149
32.46104	35.57159
32.46092	35.57146
32.46090	35.57110
32.46086	35.57099
32.46056	35.57090
32.46000	35.57134
32.45985	35.57162
32.45952	35.57234
32.45942	35.57286
32.45927	35.57323
32.45917	35.57385
32.45875	35.57385
32.45855	35.57368
32.45756	35.57312
32.45743	35.57283
32.45732	35.57236
32.45666	35.57196
32.45560	35.57111
32.45540	35.57106
32.45436	35.57100
32.45407	35.57084
32.45328	35.57070
32.45311	35.57039
32.45318	35.56990
32.45328	35.56918
32.45347	35.56847
32.45338	35.56781
32.45313	35.56655
32.45294	35.56642
32.45276	35.56640
32.45195	35.56667
32.45089	35.56679
32.45018	35.56697
32.44956	35.56663
32.44878	35.56649
32.44793	35.56626
32.44725	35.56631
32.44675	35.56650
32.44656	35.56682
32.44642	35.56710
32.44519	35.56714
32.44464	35.56694
32.44323	35.56605
32.44249	35.56567
32.44234	35.56513
32.44219	35.56483
32.44182	35.56478
32.44136	35.56490
32.44134	35.56534
32.44134	35.56558
32.44136	35.56578
32.44224	35.56687
32.44232	35.56707
32.44223	35.56756
32.44184	35.56798
32.44154	35.56820
32.44129	35.56833
32.44077	35.56827
32.43950	35.56767
32.43836	35.56697
32.43803	35.56660
32.43778	35.56622
32.43724	35.56590
32.43668	35.56606
32.43625	35.56611
32.43579	35.56582
32.43535	35.56546
32.43468	35.56460
32.43401	35.56356
32.43376	35.56279
32.43374	35.56163
32.43385	35.56067
32.43429	35.56056
32.43511	35.55937
32.43580	35.55870
32.43617	35.55863
32.43622	35.55840
32.43621	35.55809
32.43580	35.55802
32.43556	35.55780
32.43525	35.55730
32.43435	35.55699
32.43353	35.55691
32.43308	35.55664
32.43253	35.55650
32.43127	35.55649
32.43086	35.55639
32.43087	35.55613
32.43106	35.55597
32.43108	35.55577
32.43090	35.55553
32.43053	35.55553
32.42990	35.55544
32.42942	35.55568
32.42902	35.55656
32.42865	35.55675
32.42848	35.55686
32.42821	35.55684
32.42758	35.55729
32.42741	35.55756
32.42711	35.55797
32.42669	35.55868
32.42633	35.55978
32.42587	35.56148
32.42570	35.56196
32.42543	35.56218
32.42528	35.56225
32.42513	35.56205
32.42484	35.56204
32.42447	35.56230
32.42430	35.56236
32.42393	35.56224
32.42384	35.56189
32.42380	35.56134
32.42401	35.56050
32.42405	35.55998
32.42410	35.55927
32.42471	35.55803
32.42498	35.55724
32.42524	35.55641
32.42540	35.55591
32.42592	35.55495
32.42602	35.55348
32.42601	35.55293
32.42591	35.55274
32.42446	35.55245
32.42322	35.55222
32.42268	35.55188
32.42237	35.55177
32.42065	35.55163
32.42020	35.55155
32.41992	35.55151
32.41970	35.55161
32.41931	35.55213
32.41908	35.55227
32.41879	35.55237
32.41862	35.55259
32.41851	35.55291
32.41850	35.55317
32.41860	35.55391
32.41879	35.55483
32.41874	35.55541
32.41865	35.55594
32.41880	35.55623
32.41937	35.55683
32.41947	35.55740
32.41947	35.55795
32.41915	35.55848
32.41885	35.55891
32.41849	35.55912
32.41839	35.55913
32.41824	35.55906
32.41822	35.55884
32.41827	35.55860
32.41835	35.55830
32.41820	35.55812
32.41776	35.55804
32.41718	35.55790
32.41689	35.55798
32.41680	35.55755
32.41631	35.55714
32.41597	35.55691
32.41545	35.55660
32.41529	35.55655
32.41513	35.55661
32.41442	35.55749
32.41373	35.55815
32.41323	35.55867
32.41293	35.55949
32.41262	35.55974
32.41237	35.55998
32.41206	35.56037
32.41184	35.56060
32.41183	35.56098
32.41174	35.56112
32.41148	35.56133
32.41120	35.56137
32.41104	35.56136
32.41092	35.56135
32.41075	35.56113
32.41065	35.56068
32.41039	35.56018
32.41016	35.55984
32.41010	35.55937
32.41022	35.55919
32.41059	35.55895
32.41080	35.55856
32.41056	35.55808
32.41030	35.55793
32.41005	35.55793
32.40932	35.55828
32.40897	35.55841
32.40878	35.55871
32.40851	35.55885
32.40830	35.55881
32.40826	35.55863
32.40795	35.55771
32.40753	35.55742
32.40740	35.55744
32.40690	35.55766
32.40625	35.55769
32.40515	35.55819
32.40395	35.55887
32.40300	35.55960
32.40198	35.56032
32.40143	35.56063
32.40116	35.56063
32.40100	35.56050
32.40090	35.56028
32.40061	35.55891
32.40060	35.55689
32.40050	35.55619
32.40019	35.55587
32.39982	35.55513
32.39979	35.55500
32.39978	35.55465
32.39978	35.55442
32.40001	35.55372
32.40026	35.55329
32.40072	35.55330
32.40106	35.55352
32.40129	35.55374
32.40223	35.55424
32.40240	35.55419
32.40278	35.55412
32.40301	35.55357
32.40295	35.55320
32.40306	35.55295
32.40340	35.55236
32.40390	35.55170
32.40401	35.55107
32.40399	35.55072
32.40379	35.55049
32.40326	35.55030
32.40246	35.54969
32.40213	35.54920
32.40180	35.54859
32.40153	35.54793
32.40118	35.54683
32.40088	35.54636
32.40070	35.54632
32.40058	35.54632
32.40047	35.54640
32.40034	35.54662
32.40034	35.54717
32.40016	35.54751
32.39936	35.54803
32.39859	35.54876
32.39833	35.54881
32.39801	35.54888
32.39767	35.54880
32.39744	35.54862
32.39731	35.54862
32.39700	35.54888
32.39637	35.54948
32.39591	35.54987
32.39523	35.55004
32.39491	35.55001
32.39430	35.54974
32.39351	35.54948
32.39312	35.54956
32.39298	35.54971
32.39274	35.55065
32.39246	35.55161
32.39243	35.55167
32.39227	35.55197
32.39218	35.55204
32.39209	35.55220
32.39206	35.55258
32.39203	35.55297
32.39178	35.55377
32.39131	35.55426
32.39018	35.55495
32.38998	35.55503
32.38976	35.55501
32.38959	35.55492
32.38947	35.55499
32.38925	35.55508
32.38901	35.55502
32.38908	35.55430
32.38904	35.55424
32.38902	35.55418
32.38890	35.55408
32.38874	35.55395
32.38854	35.55376
32.38841	35.55361
32.38830	35.55345
32.38826	35.55334
32.38824	35.55318
32.38824	35.55306
32.38827	35.55297
32.38828	35.55291
32.38832	35.55285
32.38835	35.55279
32.38836	35.55273
32.38838	35.55263
32.38839	35.55256
32.38842	35.55250
32.38845	35.55245
32.38855	35.55232
32.38866	35.55217
32.38875	35.55200
32.38882	35.55177
32.38885	35.55158
32.38885	35.55134
32.38886	35.55105
32.38883	35.55069
32.38879	35.55035
32.38877	35.55023
32.38870	35.55007
32.38868	35.54981
32.38866	35.54953
32.38864	35.54939
32.38863	35.54924
32.38864	35.54907
32.38869	35.54894
32.38867	35.54877
32.38870	35.54862
32.38871	35.54841
32.38870	35.54812
32.38869	35.54789
32.38867	35.54778
32.38863	35.54769
32.38856	35.54758
32.38849	35.54747
32.38845	35.54733
32.38845	35.54721
32.38845	35.54703
32.38846	35.54683
32.38847	35.54652
32.38846	35.54637
32.38843	35.54626
32.38832	35.54606
32.38812	35.54566
32.38791	35.54513
32.38771	35.54464
32.38755	35.54405
32.38744	35.54362
32.38735	35.54329
32.38725	35.54285
32.38716	35.54236
32.38712	35.54204
32.38711	35.54176
32.38710	35.54153
32.38712	35.54135
32.38716	35.54116
32.38727	35.54091
32.38734	35.54076
32.38740	35.54065
32.38753	35.54046
32.38760	35.54032
32.38764	35.54016
32.38768	35.53993
32.38771	35.53974
32.38774	35.53961
32.38777	35.53949
32.38789	35.53919
32.38794	35.53901
32.38797	35.53888
32.38805	35.53873
32.38811	35.53860
32.38814	35.53848
32.38817	35.53837
32.38825	35.53827
32.38833	35.53807
32.38855	35.53783
32.38880	35.53749
32.38900	35.53730
32.38911	35.53713
32.38916	35.53702
32.38936	35.53682
32.38966	35.53653
32.38981	35.53634
32.38998	35.53615
32.39010	35.53600
32.39026	35.53583
32.39058	35.53546
32.39065	35.53536
32.39076	35.53520
32.39095	35.53492
32.39110	35.53461
32.39118	35.53445
32.39121	35.53429
32.39137	35.53400
32.39145	35.53374
32.39153	35.53359
32.39164	35.53340
32.39172	35.53315
32.39180	35.53304
32.39193	35.53284
32.39198	35.53261
32.39206	35.53235
32.39210	35.53221
32.39211	35.53201
32.39215	35.53189
32.39229	35.53150
32.39237	35.53112
32.39239	35.53084
32.39239	35.53075
32.39244	35.53063
32.39256	35.53037
32.39264	35.53021
32.39282	35.52980
32.39279	35.52974
32.39278	35.52963
32.39280	35.52929
32.39286	35.52909
32.39293	35.52867
32.39299	35.52844
32.39313	35.52814
32.39327	35.52796
32.39343	35.52787
32.39357	35.52775
32.39368	35.52762
32.39376	35.52724
32.39381	35.52699
32.39392	35.52667
32.39409	35.52610
32.39419	35.52533
32.39425	35.52471
32.39427	35.52407
32.39430	35.52340
32.39432	35.52295
32.39435	35.52273
32.39440	35.52250
32.39446	35.52221
32.39449	35.52199
32.39454	35.52174
32.39460	35.52150
32.39468	35.52130
32.39478	35.52091
32.39488	35.52056
32.39498	35.52020
32.39514	35.51984
32.39522	35.51962
32.39524	35.51950
32.39530	35.51923
32.39542	35.51896
32.39552	35.51879
32.39563	35.51850
32.39574	35.51813
32.39593	35.51765
32.39619	35.51695
32.39636	35.51654
32.39711	35.51413
32.39725	35.51331
32.39742	35.51254
32.39751	35.51197
32.39771	35.51099
32.39790	35.51021
32.39797	35.50981
32.39810	35.50937
32.39814	35.50908
32.39826	35.50859
32.39836	35.50821
32.39853	35.50774
32.39870	35.50701
32.39884	35.50642
32.39897	35.50574
32.39902	35.50547
32.39906	35.50523
32.39910	35.50495
32.39915	35.50472
32.39926	35.50441
32.39936	35.50402
32.39940	35.50380
32.39943	35.50358
32.39945	35.50344
32.39951	35.50333
32.39957	35.50318
32.39960	35.50298
32.39961	35.50282
32.39966	35.50260
32.39973	35.50231
32.39981	35.50202
32.39987	35.50178
32.39992	35.50152
32.39995	35.50142
32.39999	35.50123
32.40000	35.50095
32.40002	35.50081
32.40010	35.50060
32.40013	35.50042
32.40013	35.50030
32.40014	35.50016
32.40028	35.49963
32.40043	35.49892
32.40049	35.49859
32.40057	35.49821
32.40065	35.49781
32.40076	35.49750
32.40085	35.49727
32.40092	35.49680
32.40105	35.49636
32.40146	35.49520
32.40181	35.49427
32.40211	35.49344
32.40239	35.49266
32.40248	35.49243
32.40262	35.49193
32.40278	35.49150
32.40295	35.49110
32.40305	35.49081
32.40316	35.49067
32.40367	35.48996
32.40397	35.48956
32.40418	35.48930
32.40438	35.48900
32.40465	35.48867
32.40505	35.48819
32.40551	35.48758
32.40576	35.48726
32.40592	35.48705
32.40628	35.48668
32.40669	35.48611
32.40755	35.48486
32.40831	35.48400
32.40881	35.48319
32.40936	35.48214
32.40975	35.48138
32.40993	35.48095
32.41027	35.48023
32.41049	35.47955
32.41062	35.47895
32.41065	35.47854
32.41069	35.47804
32.41076	35.47759
32.41089	35.47704
32.41105	35.47624
32.41115	35.47571
32.41118	35.47520
32.41123	35.47466
32.41127	35.47405
32.41130	35.47366
32.41133	35.47319
32.41135	35.47264
32.41137	35.47229
32.41140	35.47195
32.41144	35.47165
32.41151	35.47117
32.41161	35.47080
32.41185	35.47065
32.41191	35.47048
32.41196	35.47023
32.41202	35.46986
32.41205	35.46951
32.41205	35.46913
32.41206	35.46891
32.41210	35.46865
32.41209	35.46841
32.41206	35.46830
32.41201	35.46818
32.41199	35.46793
32.41204	35.46781
32.41212	35.46767
32.41224	35.46746
32.41237	35.46727
32.41244	35.46708
32.41243	35.46673
32.41236	35.46640
32.41214	35.46587
32.41209	35.46570
32.41208	35.46550
32.41210	35.46529
32.41212	35.46507
32.41215	35.46471
32.41215	35.46427
32.41216	35.46392
32.41218	35.46353
32.41221	35.46322
32.41224	35.46290
32.41224	35.46278
32.41227	35.46258
32.41228	35.46240
32.41231	35.46224
32.41237	35.46204
32.41239	35.46193
32.41238	35.46181
32.41232	35.46164
32.41226	35.46154
32.41214	35.46141
32.41195	35.46121
32.41189	35.46112
32.41184	35.46092
32.41186	35.46070
32.41191	35.46052
32.41198	35.46037
32.41212	35.46015
32.41226	35.45994
32.41243	35.45972
32.41263	35.45942
32.41280	35.45913
32.41292	35.45890
32.41302	35.45864
32.41321	35.45808
32.41328	35.45786
32.41330	35.45772
32.41331	35.45757
32.41329	35.45739
32.41326	35.45726
32.41318	35.45705
32.41312	35.45684
32.41307	35.45660
32.41299	35.45636
32.41292	35.45610
32.41288	35.45585
32.41285	35.45559
32.41279	35.45536
32.41277	35.45519
32.41275	35.45500
32.41276	35.45489
32.41279	35.45479
32.41281	35.45464
32.41288	35.45426
32.41291	35.45415
32.41297	35.45391
32.41300	35.45359
32.41301	35.45326
32.41299	35.45300
32.41296	35.45284
32.41292	35.45270
32.41288	35.45260
32.41280	35.45251
32.41265	35.45241
32.41248	35.45232
32.41226	35.45223
32.41215	35.45218
32.41206	35.45213
32.41195	35.45188
32.41193	35.45170
32.41193	35.45151
32.41192	35.45137
32.41188	35.45125
32.41178	35.45111
32.41170	35.45100
32.41164	35.45084
32.41158	35.45067
32.41142	35.45031
32.41117	35.44971
32.41096	35.44925
32.41087	35.44904
32.41082	35.44891
32.41062	35.44852
32.41055	35.44837
32.41050	35.44823
32.41054	35.44802
32.41059	35.44786
32.41066	35.44767
32.41072	35.44753
32.41080	35.44737
32.41085	35.44725
32.41087	35.44709
32.41087	35.44691
32.41086	35.44671
32.41082	35.44652
32.41081	35.44630
32.41084	35.44618
32.41088	35.44606
32.41096	35.44584
32.41101	35.44543
32.41097	35.44523
32.41096	35.44503
32.41086	35.44483
32.41072	35.44471
32.41050	35.44467
32.41028	35.44465
32.41008	35.44472
32.40991	35.44474
32.40974	35.44473
32.40962	35.44467
32.40953	35.44455
32.40943	35.44445
32.40934	35.44440
32.40920	35.44438
32.40896	35.44434
32.40877	35.44430
32.40841	35.44419
32.40790	35.44402
32.40760	35.44384
32.40740	35.44364
32.40705	35.44312
32.40662	35.44241
32.40620	35.44158
32.40599	35.44125
32.40594	35.44101
32.40594	35.44073
32.40601	35.44032
32.40616	35.43967
32.40639	35.43875
32.40663	35.43772
32.40694	35.43668
32.40726	35.43546
32.40751	35.43459
32.40780	35.43370
32.40811	35.43290
32.40847	35.43215
32.40888	35.43141
32.40928	35.43072
32.40983	35.42990
32.41018	35.42942
32.41026	35.42931
32.41177	35.42748
32.41204	35.42690
32.41343	35.42531
32.41385	35.42462
32.41437	35.42364
32.41467	35.42296
32.41492	35.42236
32.41555	35.42135
32.41638	35.42001
32.41679	35.41941
32.41719	35.41894
32.41744	35.41877
32.41763	35.41866
32.41779	35.41862
32.41806	35.41852
32.41857	35.41828
32.41905	35.41812
32.41955	35.41792
32.42013	35.41776
32.42073	35.41763
32.42099	35.41758
32.42127	35.41757
32.42178	35.41744
32.42273	35.41718
32.42327	35.41701
32.42381	35.41682
32.42491	35.41632
32.42625	35.41563
32.42749	35.41502
32.42793	35.41481
32.42847	35.41456
32.42892	35.41435
32.42964	35.41410
32.43044	35.41374
32.43145	35.41321
32.43170	35.41309
32.43202	35.41296
32.43269	35.41260
32.43319	35.41233
32.43357	35.41212
32.43391	35.41203
32.43423	35.41201
32.43462	35.41198
32.43518	35.41197
32.43633	35.41198
32.43729	35.41203
32.43767	35.41208
32.43805	35.41215
32.43842	35.41225
32.43858	35.41230
32.43889	35.41241
32.43967	35.41260
32.44014	35.41271
32.44073	35.41287
32.44126	35.41309
32.44164	35.41317
32.44189	35.41324
32.44218	35.41328
32.44335	35.41366
32.44476	35.41402
32.44604	35.41442
32.44713	35.41472
32.44726	35.41476
32.44733	35.41482
32.44746	35.41491
32.44763	35.41495
32.44818	35.41512
32.44862	35.41524
32.44911	35.41538
32.44940	35.41546
32.44970	35.41559
32.45024	35.41570
32.45101	35.41587
32.45169	35.41601
32.45230	35.41612
32.45276	35.41620
32.45312	35.41628
32.45378	35.41647
32.45436	35.41668
32.45502	35.41685
32.45562	35.41700
32.45651	35.41728
32.45670	35.41734
32.45679	35.41739
32.45687	35.41745
32.45696	35.41757
32.45719	35.41792
32.45770	35.41861
32.45819	35.41929
32.45875	35.42021
32.45875	35.42021
32.45876	35.42024
32.45878	35.42026
32.45879	35.42027
32.45881	35.42029
32.45883	35.42030
32.45885	35.42030
32.45887	35.42030
32.45889	35.42030
32.45891	35.42029
32.45904	35.42023
32.45928	35.42014
32.45957	35.42006
32.45992	35.41997
32.46035	35.41988
32.46055	35.41986
32.46094	35.41977
32.46184	35.41947
32.46227	35.41930
32.46253	35.41917
32.46263	35.41904
32.46273	35.41887
32.46289	35.41868
32.46317	35.41834
32.46347	35.41790
32.46365	35.41761
32.46387	35.41742
32.46408	35.41731
32.46442	35.41716
32.46494	35.41702
32.46534	35.41693
32.46581	35.41677
32.46616	35.41660
32.46659	35.41640
32.46719	35.41608
32.46770	35.41585
32.46813	35.41557
32.46866	35.41526
32.46930	35.41495
32.47012	35.41461
32.47119	35.41409
32.47193	35.41367
32.47258	35.41327
32.47302	35.41294
32.47323	35.41270
32.47336	35.41248
32.47353	35.41216
32.47365	35.41191
32.47377	35.41176
32.47396	35.41166
32.47431	35.41155
32.47456	35.41144
32.47479	35.41134
32.47494	35.41124
32.47506	35.41109
32.47519	35.41090
32.47548	35.41051
32.47563	35.41033
32.47581	35.41024
32.47597	35.41019
32.47611	35.41013
32.47633	35.40998
32.47676	35.40972
32.47798	35.40914
32.47888	35.40880
32.47950	35.40849
32.47987	35.40831
32.48024	35.40816
32.48066	35.40806
32.48140	35.40784
32.48175	35.40770
32.48213	35.40745
32.48266	35.40720
32.48333	35.40702
32.48366	35.40699
32.48396	35.40705
32.48428	35.40714
32.48457	35.40716
32.48488	35.40714
32.48521	35.40706
32.48574	35.40692
32.48614	35.40682
32.48684	35.40668
32.48732	35.40657
32.48781	35.40647
32.48821	35.40636
32.48850	35.40623
32.48904	35.40602
32.48951	35.40584
32.49020	35.40560
32.49095	35.40532
32.49210	35.40486
32.49310	35.40441
32.49323	35.40436
32.49338	35.40434
32.49348	35.40436
32.49394	35.40450
32.49424	35.40461
32.49435	35.40462
32.49442	35.40462
32.49448	35.40455
32.49459	35.40437
32.49467	35.40425
32.49478	35.40423
32.49510	35.40424
32.49587	35.40427
32.49639	35.40431
32.49674	35.40436
32.49703	35.40443
32.49750	35.40448
32.49788	35.40451
32.49810	35.40453
32.49823	35.40457
32.49835	35.40458
32.49848	35.40456
32.49864	35.40450
32.49889	35.40434
32.49928	35.40415
32.49959	35.40396
32.49980	35.40373
32.50001	35.40357
32.50012	35.40350
32.50032	35.40340
32.50057	35.40330
32.50081	35.40319
32.50104	35.40304
32.50116	35.40297
32.50123	35.40287
32.50126	35.40274
32.50133	35.40254
32.50137	35.40240
32.50137	35.40224
32.50137	35.40201
32.50138	35.40169
32.50140	35.40153
32.50145	35.40141
32.50152	35.40127
32.50160	35.40114
32.50170	35.40099
32.50176	35.40089
32.50176	35.40079
32.50174	35.40069
32.50171	35.40047
32.50171	35.40020
32.50174	35.39994
32.50176	35.39973
32.50180	35.39957
32.50184	35.39950
32.50191	35.39943
32.50194	35.39936
32.50194	35.39922
32.50197	35.39902
32.50202	35.39878
32.50206	35.39859
32.50211	35.39846
32.50225	35.39821
32.50238	35.39794
32.50244	35.39768
32.50245	35.39740
32.50245	35.39709
32.50245	35.39677
32.50247	35.39660
32.50253	35.39645
32.50300	35.39549
32.50340	35.39468
32.50437	35.39258
32.50454	35.39218
32.50462	35.39194
32.50470	35.39163
32.50490	35.39115
32.50506	35.39083
32.50516	35.39062
32.50519	35.39049
32.50519	35.39007
32.50516	35.38925
32.50510	35.38848
32.50504	35.38788
32.50496	35.38720
32.50489	35.38654
32.50485	35.38611
32.50485	35.38568
32.50487	35.38521
32.50492	35.38482
32.50500	35.38450
32.50507	35.38434
32.50520	35.38421
32.50553	35.38394
32.50604	35.38367
32.50675	35.38324
32.50712	35.38300
32.50761	35.38267
32.50801	35.38237
32.50822	35.38219
32.50833	35.38208
32.50852	35.38185
32.50880	35.38149
32.50922	35.38089
32.50981	35.37995
32.51043	35.37888
32.51086	35.37806
32.51113	35.37751
32.51140	35.37692
32.51165	35.37631
32.51191	35.37572
32.51202	35.37543
32.51215	35.37504
32.51228	35.37478
32.51253	35.37439
32.51278	35.37404
32.51292	35.37386
32.51305	35.37373
32.51323	35.37357
32.51338	35.37342
32.51350	35.37327
32.51372	35.37293
32.51404	35.37245
32.51431	35.37205
32.51454	35.37170
32.51480	35.37125
32.51486	35.37114
32.51501	35.37081
32.51524	35.37032
32.51536	35.37004
32.51544	35.36982
32.51538	35.36965
32.51550	35.36961
32.51556	35.36938
32.51567	35.36912
32.51571	35.36899
32.51599	35.36818
32.51628	35.36735
32.51638	35.36706
32.51648	35.36674
32.51660	35.36640
32.51677	35.36595
32.51688	35.36558
32.51693	35.36530
32.51696	35.36517
32.51706	35.36461
32.51715	35.36394
32.51719	35.36359
32.51725	35.36328
32.51738	35.36271
32.51748	35.36203
32.51753	35.36168
32.51758	35.36131
32.51764	35.36078
32.51769	35.36049
32.51775	35.36029
32.51788	35.36003
32.51806	35.35956
32.51829	35.35882
32.51849	35.35805
32.51867	35.35702
32.51876	35.35631
32.51881	35.35565
32.51884	35.35500
32.51883	35.35415
32.51880	35.35358
32.51877	35.35321
32.51870	35.35287
32.51851	35.35205
32.51832	35.35131
32.51816	35.35082
32.51808	35.35057
32.51807	35.35044
32.51807	35.35023
32.51809	35.34990
32.51812	35.34951
32.51818	35.34908
32.51830	35.34851
32.51843	35.34806
32.51854	35.34780
32.51865	35.34742
32.51879	35.34680
32.51894	35.34611
32.51904	35.34568
32.51906	35.34563
32.51921	35.34476
32.51924	35.34403
32.51922	35.34344
32.51915	35.34283
32.51910	35.34250
32.51894	35.34190
32.51882	35.34149
32.51866	35.34108
32.51838	35.34050
32.51812	35.33990
32.51783	35.33912
32.51745	35.33796
32.51724	35.33733
32.51704	35.33679
32.51680	35.33620
32.51661	35.33580
32.51638	35.33533
32.51625	35.33515
32.51620	35.33507
32.51618	35.33499
32.51618	35.33476
32.51618	35.33434
32.51617	35.33418
32.51614	35.33405
32.51611	35.33400
32.51604	35.33396
32.51597	35.33392
32.51593	35.33388
32.51592	35.33379
32.51592	35.33370
32.51590	35.33363
32.51585	35.33361
32.51571	35.33357
32.51566	35.33345
32.51564	35.33335
32.51563	35.33322
32.51559	35.33311
32.51554	35.33304
32.51544	35.33290
32.51539	35.33283
32.51534	35.33272
32.51532	35.33259
32.51531	35.33245
32.51532	35.33234
32.51535	35.33223
32.51539	35.33213
32.51544	35.33206
32.51550	35.33195
32.51552	35.33182
32.51551	35.33170
32.51547	35.33159
32.51543	35.33149
32.51541	35.33137
32.51542	35.33127
32.51546	35.33112
32.51548	35.33099
32.51547	35.33084
32.51544	35.33069
32.51539	35.33055
32.51533	35.33046
32.51521	35.33023
32.51497	35.32977
32.51478	35.32924
32.51450	35.32845
32.51417	35.32749
32.51403	35.32693
32.51389	35.32649
32.51370	35.32582
32.51315	35.32392
32.51281	35.32232
32.51263	35.32155
32.51241	35.32057
32.51225	35.31982
32.51202	35.31888
32.51193	35.31860
32.51176	35.31785
32.51082	35.31015
32.51068	35.30919
32.51051	35.30852
32.51032	35.30785
32.51015	35.30741
32.51001	35.30703
32.50991	35.30633
32.50985	35.30546
32.50986	35.30470
32.50982	35.30369
32.50972	35.30220
32.50968	35.30108
32.50963	35.30021
32.50960	35.29901
32.50958	35.29750
32.50956	35.29676
32.50957	35.29624
32.50960	35.29531
32.50971	35.29431
32.50986	35.29345
32.50990	35.29323
32.50989	35.29289
32.50993	35.29256
32.51005	35.29212
32.51021	35.29130
32.51046	35.28989
32.51061	35.28903
32.51072	35.28859
32.51094	35.28788
32.51127	35.28682
32.51155	35.28599
32.51210	35.28412
32.51242	35.28290
32.51283	35.28153
32.51317	35.28029
32.51360	35.27895
32.51377	35.27843
32.51391	35.27793
32.51403	35.27740
32.51407	35.27712
32.51417	35.27679
32.51457	35.27544
32.51489	35.27428
32.51517	35.27345
32.51528	35.27316
32.51541	35.27295
32.51546	35.27269
32.51585	35.27167
32.51623	35.27068
32.51669	35.26945
32.51724	35.26814
32.51744	35.26757
32.51748	35.26731
32.51777	35.26660
32.51823	35.26548
32.51852	35.26457
32.51889	35.26365
32.51922	35.26278
32.51941	35.26229
32.51982	35.26104
32.52052	35.25926
32.52110	35.25775
32.52128	35.25723
32.52169	35.25603
32.52242	35.25402
32.52274	35.25322
32.52306	35.25251
32.52326	35.25217
32.52348	35.25191
32.52422	35.25119
32.52470	35.25061
32.52508	35.25014
32.52532	35.24984
32.52577	35.24915
32.52677	35.24797
32.52723	35.24740
32.52789	35.24665
32.52816	35.24640
32.52856	35.24588
32.52893	35.24541
32.52967	35.24458
32.53056	35.24346
32.53114	35.24270
32.53137	35.24236
32.53150	35.24219
32.53186	35.24175
32.53237	35.24117
32.53275	35.24073
32.53357	35.23973
32.53425	35.23889
32.53482	35.23816
32.53567	35.23719
32.53600	35.23676
32.53633	35.23644
32.53670	35.23613
32.53711	35.23584
32.53743	35.23563
32.53781	35.23534
32.53863	35.23467
32.53908	35.23427
32.53973	35.23379
32.54046	35.23333
32.54101	35.23299
32.54131	35.23276
32.54166	35.23251
32.54175	35.23242
32.54180	35.23233
32.54188	35.23226
32.54219	35.23201
32.54266	35.23165
32.54299	35.23142
32.54353	35.23108
32.54428	35.23059
32.54462	35.23033
32.54474	35.23020
32.54565	35.22958
32.54641	35.22901
32.54682	35.22873
32.54727	35.22840
32.54757	35.22816
32.54768	35.22804
32.54776	35.22794
32.54794	35.22779
32.54890	35.22708
32.54947	35.22668
32.54977	35.22647
32.55023	35.22616
32.55046	35.22598
32.55056	35.22589
32.55113	35.22549
32.55172	35.22508
32.55197	35.22485
32.55215	35.22457
32.55205	35.22431
32.55187	35.22392
32.55168	35.22354
32.55147	35.22307
32.55120	35.22256
32.55094	35.22212
32.55075	35.22178
32.55062	35.22152
32.55056	35.22137
32.55054	35.22134
32.55048	35.22126
32.55042	35.22120
32.55039	35.22116
32.55031	35.22098
32.55019	35.22065
32.55009	35.22048
32.54976	35.21980
32.54946	35.21919
32.54925	35.21865
32.54913	35.21833
32.54875	35.21760
32.54865	35.21745
32.54853	35.21732
32.54843	35.21715
32.54828	35.21686
32.54811	35.21656
32.54793	35.21623
32.54782	35.21607
32.54776	35.21603
32.54764	35.21602
32.54757	35.21602
32.54742	35.21602
32.54721	35.21602
32.54690	35.21602
32.54654	35.21605
32.54628	35.21606
32.54618	35.21606
32.54614	35.21605
32.54606	35.21602
32.54601	35.21600
32.54577	35.21588
32.54563	35.21581
32.54552	35.21576
32.54545	35.21571
32.54536	35.21566
32.54526	35.21557
32.54513	35.21546
32.54478	35.21516
32.54460	35.21501
32.54451	35.21492
32.54443	35.21481
32.54439	35.21472
32.54434	35.21458
32.54430	35.21444
32.54426	35.21421
32.54420	35.21388
32.54417	35.21364
32.54415	35.21341
32.54408	35.21309
32.54406	35.21291
32.54404	35.21272
32.54402	35.21254
32.54398	35.21233
32.54393	35.21216
32.54389	35.21202
32.54385	35.21188
32.54379	35.21173
32.54368	35.21155
32.54358	35.21135
32.54348	35.21116
32.54333	35.21089
32.54323	35.21074
32.54317	35.21065
32.54297	35.21041
32.54288	35.21029
32.54279	35.21015
32.54274	35.21006
32.54264	35.20984
32.54255	35.20960
32.54255	35.20955
32.54255	35.20947
32.54255	35.20943
32.54248	35.20931
32.54243	35.20921
32.54237	35.20906
32.54233	35.20889
32.54230	35.20871
32.54228	35.20857
32.54224	35.20830
32.54220	35.20807
32.54216	35.20791
32.54212	35.20776
32.54201	35.20733
32.54190	35.20701
32.54181	35.20671
32.54163	35.20623
32.54150	35.20585
32.54125	35.20520
32.54104	35.20469
32.54097	35.20452
32.54088	35.20440
32.54071	35.20416
32.54050	35.20385
32.54035	35.20354
32.54020	35.20323
32.54002	35.20287
32.53993	35.20269
32.53985	35.20258
32.53972	35.20244
32.53965	35.20235
32.53951	35.20210
32.53936	35.20186
32.53906	35.20151
32.53897	35.20138
32.54298	35.19539
32.54926	35.19769
32.55126	35.19649
32.55289	35.19135
32.55180	35.18875
32.55393	35.18516
32.56461	35.17826
32.56179	35.17199
32.56211	35.16243
32.56054	35.14802
32.55584	35.14316
32.55067	35.14347
32.54534	35.14332
32.54300	35.14240
32.54126	35.13948
32.54127	35.12475
32.54111	35.11230
32.54173	35.11068
32.54236	35.10900
32.54346	35.10368
32.54174	35.09976
32.53845	35.09741
32.53625	35.09255
32.53265	35.09145
32.53000	35.08702
32.53202	35.08519
32.54001	35.08299
32.54252	35.08378
32.54424	35.08331
32.54456	35.07641
32.54330	35.07437
32.54440	35.07014
32.54644	35.06842
32.54753	35.05965
32.55208	35.05745
32.55412	35.05322
32.55866	35.04147
32.55779	35.03958
32.55772	35.03943
32.56021	35.03629
32.56070	35.03567
32.56038	35.03285
32.56226	35.03176
32.56420	35.03599
32.56728	35.04272
32.56618	35.04774
32.56884	35.04962
32.57198	35.05228
32.57339	35.04883
32.57339	35.04288
32.58389	35.04445
32.58577	35.04053
32.58516	35.03155
