32.7537611,35.7987921
32.7501821,35.8006254
32.7489892,35.80081
32.7485678,35.8002188
32.7464942,35.7948018
32.7458932,35.7939843
32.7450287,35.7937032
32.7431996,35.7945819
32.7419217,35.7965152
32.7419596,35.7980398
32.7417295,35.7989839
32.7411493,35.7997457
32.7395068,35.8000514
32.7379979,35.8001877
32.7368915,35.8006082
32.7359773,35.801576
32.7356921,35.8030437
32.7358798,35.804049
32.738016,35.80611
32.7397045,35.8066207
32.7407937,35.8074329
32.7415301,35.8089274
32.7408596,35.8097964
32.7399147,35.8094831
32.7389112,35.8087461
32.7375611,35.8088566
32.7367552,35.8092814
32.7357102,35.810585
32.7352607,35.8139828
32.7350234,35.8178559
32.7349394,35.820816
32.7337445,35.8257019
32.7315415,35.8280644
32.7296498,35.8301254
32.7280063,35.833844
32.7266479,35.8348139
32.7269241,35.8383255
32.7285424,35.8417619
32.7303177,35.8424593
32.7313754,35.8433552
32.7316254,35.8444195
32.7312292,35.8457831
32.7302915,35.8479181
32.7274638,35.850492
32.7257381,35.8527397
32.7250675,35.8538394
32.7247606,35.8552373
32.7251027,35.8563692
32.7258092,35.8567376
32.7269331,35.8567265
32.7278266,35.8549906
32.729129,35.8536355
32.7305,35.8545625
32.7311471,35.8554746
32.7309079,35.8576385
32.7312915,35.8595814
32.7316634,35.8615598
32.7326534,35.8648472
32.7327148,35.868864
32.7318709,35.8711525
32.7313809,35.8726535
32.7305623,35.8753217
32.7292798,35.8766768
32.7259863,35.8772132
32.7222288,35.8777196
32.7175612,35.8802463
32.7145436,35.882097
32.713955,35.8840164
32.7142023,35.8866267
32.7153813,35.8885783
32.7167575,35.8912612
32.7171668,35.8961217
32.7176641,35.8998414
32.7189484,35.9012857
32.7213054,35.9020161
32.7231684,35.9037928
32.7237885,35.9044237
32.7236648,35.9055052
32.7214751,35.9047327
32.7205652,35.9039666
32.7191743,35.904502
32.7193372,35.9053908
32.7206916,35.9075769
32.7219761,35.9102548
32.7232487,35.9118159
32.7227162,35.9128544
32.7214327,35.9135743
32.7196653,35.9146815
32.7184729,35.9172672
32.7184711,35.9196715
32.7193349,35.9201103
32.7210852,35.9191544
32.7218082,35.9195535
32.7210373,35.9213195
32.7201888,35.9228869
32.7212341,35.9242849
32.7220591,35.9244802
32.7223746,35.925256
32.721865,35.9269489
32.721142,35.9297244
32.7203829,35.9311127
32.719742,35.9316964
32.7196581,35.9323036
32.7208071,35.9336415
32.7205789,35.9344826
32.7189955,35.9354214
32.7180351,35.936195
32.7165692,35.9359761
32.712099,35.9368205
32.7091417,35.9381455
32.7083527,35.9394759
32.7070509,35.9382893
32.7042333,35.938477
32.6999738,35.936814
32.6990167,35.9379374
32.699293,35.9390059
32.6989012,35.9400638
32.6966422,35.9399007
32.6961411,35.9415326
32.6966395,35.9432846
32.6963497,35.9450838
32.694933,35.9466642
32.6918018,35.9475032
32.6889602,35.9472468
32.6872473,35.9458306
32.6853709,35.9460065
32.6823368,35.9475515
32.6804711,35.9488711
32.6772066,35.95383
32.6758429,35.9552848
32.6698471,35.9591729
32.6666246,35.9616599
32.6639376,35.96468
32.6643856,35.966328
32.6642004,35.9671997
32.6624058,35.9671724
32.6603934,35.9815114
32.6605785,35.9933765
32.6613029,36.0024262
32.659603,36.0112378
32.6578832,36.0184723
32.6579085,36.0215472
32.6587549,36.0223475
32.6580783,36.0238195
32.6554182,36.0237455
32.6533487,36.0269384
32.6421948,36.0277763
32.6397211,36.0281776
32.6275264,36.0262432
32.6139085,36.0237573
32.611557,36.0250308
32.6102394,36.0258795
32.6077477,36.0247326
32.6022652,36.0256842
32.600886,36.027565
32.5971394,36.0295852
32.5926497,36.038341
32.5905888,36.042727
32.585776,36.0485506
32.5831725,36.0534247
32.5787779,36.0595916
32.5781568,36.0621826
32.5761805,36.0626418
32.5708751,36.0664935
32.5682883,36.0689568
32.5587705,36.0720553
32.5532642,36.0722002
32.5475577,36.0748062
32.545644,36.0763039
32.5438705,36.0794346
32.5380106,36.0789786
32.5334465,36.075922
32.5271299,36.0773017
32.5204927,36.077909
32.513485,36.078734
32.5146114,36.0849879
32.5163656,36.0917299
32.5185866,36.0964527
32.5132361,36.0999369
32.5088474,36.1032137
32.5012073,36.1043702
32.4298142,36.1039847
32.4255841,36.1032137
32.4216792,36.1014789
32.4174488,36.0980094
32.4150081,36.0945399
32.4135436,36.0904921
32.4150081,36.0837459
32.4192386,36.0773851
32.4252587,36.0679403
32.4303022,36.0598448
32.4327426,36.0538695
32.4337187,36.0388349
32.4312784,36.0295829
32.4276992,36.0245714
32.4237944,36.0207163
32.4176115,36.0164758
32.4114282,36.0174396
32.4044308,36.0203308
32.3995485,36.0243786
32.394666,36.0305466
32.3884812,36.0369074
32.3837608,36.0401842
32.3774124,36.0430754
32.3725287,36.0419189
32.3656911,36.0372929
32.3609696,36.0334379
32.3575504,36.0303539
32.3517412,36.0261772
32.3519715,36.0190898
32.3517412,36.0114573
32.349899,36.0038247
32.3489778,35.9989181
32.3508201,35.9931937
32.3538137,35.9880144
32.3586493,35.9863789
32.3644057,35.9844708
32.3676291,35.9809271
32.369471,35.9754753
32.3687803,35.965662
32.3634847,35.9569391
32.3572677,35.9460355
32.3505898,35.9337689
32.3457538,35.9255911
32.3416084,35.9165957
32.347126,35.9123085
32.354495,35.9114907
32.3581793,35.9090374
32.3620936,35.9027678
32.3657776,35.8986789
32.3715335,35.8975886
32.3765984,35.8975886
32.380512,35.8964982
32.3821234,35.8921368
32.3830442,35.8806879
32.3848858,35.8763265
32.3874179,35.8746909
32.3920215,35.8755087
32.3982361,35.8785072
32.4039899,35.8817783
32.4085927,35.8834138
32.4125049,35.8820509
32.4152663,35.8785072
32.4171073,35.8708747
32.4157266,35.8635147
32.4122748,35.8588807
32.405831,35.853974
32.3989265,35.84934
32.392712,35.8430704
32.3883386,35.8378912
32.3864971,35.8318942
32.3853462,35.8215357
32.3860367,35.7664724
32.3848858,35.7618383
32.3809724,35.7585673
32.3770588,35.7542058
32.3717637,35.7495718
32.3648566,35.7457555
32.3609424,35.7424844
32.3597911,35.7378503
32.3591003,35.7302178
32.3593306,35.7198594
32.3600213,35.7122268
32.3627844,35.7081379
32.3664683,35.7032313
32.3683102,35.6977795
32.3692312,35.6879662
32.3685405,35.678153
32.3648566,35.6694301
32.357949,35.6637056
32.3496591,35.6574361
32.3363017,35.6498035
32.3234029,35.642171
32.3118846,35.6359014
32.2975999,35.6293592
32.2870001,35.6258155
32.272942,35.6225444
32.2641833,35.6233622
32.2581901,35.6282688
32.2508133,35.6369917
32.244358,35.642171
32.2365189,35.6457147
32.2293709,35.6489857
32.2169182,35.6508939
32.2037718,35.6511665
32.1961439,35.6498287
32.1972973,35.6381073
32.1966053,35.6277488
32.1968359,35.6184807
32.1970666,35.6037608
32.1970666,35.5860424
32.1970954,35.5769447
32.1967783,35.5731284
32.1966053,35.5714929
32.196356,35.569564
32.1966575,35.5695652
32.1969042,35.5695823
32.1971371,35.5696155
32.1973836,35.5696648
32.1975755,35.5696656
32.1978495,35.569699
32.1980413,35.5697158
32.1982605,35.569749
32.198425,35.5697496
32.1986306,35.5697505
32.1988362,35.5697513
32.1990281,35.5697359
32.1991653,35.5696881
32.1993573,35.5696243
32.1995773,35.5693833
32.199693,35.5691948
32.1997565,35.5690131
32.1997848,35.5687069
32.1997718,35.5684649
32.1997178,35.5681906
32.1996501,35.5679
32.1995547,35.5677061
32.1993911,35.5674152
32.1992274,35.5671404
32.1990088,35.5668977
32.1985034,35.5663151
32.1981209,35.5658782
32.1978342,35.5654739
32.1976707,35.5651508
32.1975345,35.5648277
32.197412,35.564537
32.1973716,35.5642788
32.1973451,35.5639884
32.1973458,35.5637304
32.1973879,35.5633758
32.1974982,35.5631505
32.197581,35.5629573
32.1976637,35.5627964
32.1977737,35.5626678
32.1978835,35.5625876
32.1979934,35.5625235
32.1981306,35.5624596
32.1982403,35.5624439
32.1984185,35.5624284
32.1986862,35.5624477
32.1988094,35.5624966
32.1989326,35.5625293
32.1990833,35.5625783
32.1992476,35.5626273
32.1993844,35.5627085
32.1995347,35.5628703
32.1997126,35.5629839
32.199904,35.5631459
32.2000954,35.5632918
32.2003415,35.5635347
32.2006148,35.5637938
32.2008063,35.5639396
32.2010252,35.5640695
32.2012168,35.5641832
32.2014358,35.5642808
32.2015863,35.564362
32.2018053,35.5644435
32.2019149,35.5644762
32.2021478,35.5645255
32.2022846,35.5645905
32.2023941,35.5646555
32.2025309,35.5647527
32.2026813,35.5648662
32.202818,35.5649958
32.2030503,35.5652386
32.2031733,35.565352
32.2032961,35.5655298
32.2035559,35.5657566
32.2036928,35.5658217
32.2038707,35.5659192
32.204076,35.5660006
32.2042542,35.5660013
32.2044051,35.5659535
32.2045151,35.5658249
32.204584,35.5656962
32.2046393,35.565519
32.2046949,35.5652612
32.2047917,35.5649552
32.2048746,35.5646975
32.2051091,35.5641662
32.2052332,35.5639087
32.2053709,35.5636995
32.2054809,35.5635709
32.205632,35.5634425
32.2057557,35.5633301
32.205934,35.5632663
32.2061534,35.5632188
32.2063179,35.5632033
32.2065236,35.5631719
32.2067292,35.5631888
32.2071071,35.5632612
32.2072714,35.5633264
32.2074631,35.5633917
32.2076821,35.5634731
32.2079285,35.563587
32.208257,35.5637173
32.2085719,35.5638476
32.2087499,35.5639128
32.2088728,35.5640584
32.2090095,35.5641719
32.2090502,35.5643494
32.2091047,35.5644625
32.2092,35.5646726
32.209227,35.5648017
32.209213,35.5649307
32.2091577,35.5650756
32.2090753,35.5651559
32.2089791,35.5652523
32.208883,35.5653003
32.208691,35.5653318
32.2085677,35.5653152
32.2084032,35.5653307
32.2082662,35.5653301
32.2080741,35.5653777
32.2079645,35.5653934
32.2078136,35.5654412
32.2076764,35.5654891
32.2075255,35.5655369
32.2074157,35.5655848
32.2073196,35.5656489
32.2072096,35.5657614
32.2071271,35.5658578
32.2070445,35.5660027
32.2069755,35.5661637
32.2069063,35.566373
32.206837,35.5666631
32.2068364,35.5668566
32.2068497,35.5670018
32.2069452,35.5671796
32.2070684,35.5672284
32.2071779,35.5672611
32.2073422,35.5673263
32.2075474,35.56744
32.207876,35.5675864
32.2080401,35.5677
32.208204,35.567878
32.2083955,35.5680401
32.2085594,35.5682343
32.2087094,35.5684768
32.2089414,35.5688325
32.2091462,35.5691075
32.2092962,35.5693662
32.2094049,35.5697053
32.2095139,35.5699154
32.2095679,35.5701898
32.2096082,35.5704802
32.2096213,35.5706899
32.2095796,35.5708833
32.209538,35.5710444
32.209469,35.5712054
32.2093726,35.5713663
32.2092626,35.571511
32.2091525,35.5716719
32.2090287,35.5718004
32.208905,35.5719289
32.2088496,35.5721545
32.2088488,35.5723964
32.2088066,35.5727994
32.2088193,35.573122
32.2089011,35.5732836
32.2089556,35.5733967
32.2090377,35.5734455
32.2091198,35.5734942
32.2092157,35.5734946
32.2093665,35.5734629
32.2095311,35.5734152
32.209696,35.5732868
32.2098472,35.5731423
32.2099845,35.5730461
32.2101082,35.5729337
32.2102592,35.5728536
32.2104101,35.5728059
32.2105472,35.5727903
32.2107802,35.5727912
32.2110406,35.5727923
32.2112597,35.5728254
32.211479,35.5728263
32.2117122,35.5727627
32.2118769,35.5726989
32.2120553,35.572619
32.2121925,35.5725711
32.2123296,35.5725555
32.2128504,35.5725576
32.2131757,35.5722504
32.2133591,35.5721554
32.2135527,35.5720604
32.2138379,35.5719418
32.2140417,35.5718468
32.2143167,35.5717402
32.2145714,35.5716095
32.2147957,35.5714547
32.2151323,35.5711448
32.2153058,35.5709779
32.2153977,35.5708465
32.2154185,35.5707029
32.2154088,35.5705233
32.2153484,35.5703195
32.2152369,35.5701634
32.2150645,35.5699592
32.2148616,35.5697668
32.2145367,35.56955
32.2141917,35.5692373
32.2141209,35.5690814
32.2140604,35.5688896
32.2140507,35.5687219
32.2140716,35.5685184
32.2141334,35.5682673
32.2141848,35.5680759
32.2142567,35.5678607
32.2143692,35.5676456
32.2144917,35.5675024
32.2146347,35.5672994
32.2147878,35.5671204
32.2149613,35.5669296
32.2151859,35.566667
32.2153595,35.5664402
32.2156251,35.5660701
32.215809,35.5657955
32.2160031,35.5655328
32.2162538,35.5651899
32.216356,35.5650586
32.216458,35.5649512
32.2165804,35.5648439
32.2166924,35.5647965
32.2168045,35.5647371
32.2169572,35.5647257
32.2171098,35.5647383
32.2172522,35.5647508
32.2174657,35.5647995
32.2176484,35.5649559
32.2178308,35.5651961
32.2179115,35.5654479
32.2180023,35.5657116
32.2181033,35.5659635
32.2182042,35.5662512
32.2182849,35.566503
32.2184064,35.566707
32.2184974,35.566911
32.2186088,35.567079
32.2187102,35.5672111
32.2188015,35.5672953
32.2189129,35.5674634
32.2190039,35.5676793
32.2190948,35.5679071
32.2191551,35.5681708
32.219195,35.5684344
32.2191737,35.5687815
32.2191733,35.5689013
32.2191014,35.5691644
32.2189682,35.5694872
32.2188553,35.569822
32.2186811,35.5702403
32.2185173,35.5706109
32.218384,35.5709456
32.2182815,35.5712206
32.2182301,35.5714
32.2182193,35.5716274
32.2182085,35.5718309
32.2182587,35.5720706
32.2182684,35.5722383
32.2183187,35.5724181
32.2183895,35.572562
32.218501,35.5727182
32.2186024,35.5728144
32.2187446,35.5728987
32.2188767,35.5729591
32.2190089,35.5729956
32.219131,35.5729961
32.2192836,35.5729967
32.2193956,35.5729612
32.2195688,35.5728781
32.2197115,35.5727829
32.2198236,35.5727235
32.219946,35.5726162
32.2200684,35.5725089
32.2201805,35.5724256
32.2203334,35.5723304
32.2205167,35.5722713
32.2206798,35.5721881
32.220802,35.5721407
32.2209446,35.5720814
32.2210161,35.5719739
32.2210371,35.5717705
32.2210074,35.571483
32.220917,35.5710635
32.2206547,35.5703201
32.2205844,35.5699845
32.2205445,35.569709
32.2205143,35.5695891
32.2204842,35.5694453
32.2204643,35.5692896
32.220475,35.569122
32.220506,35.5689425
32.2205573,35.568799
32.2206493,35.5686677
32.2207513,35.5685723
32.2209609,35.5684045
32.2211443,35.5683334
32.2213072,35.5682742
32.2214905,35.568239
32.2216838,35.5682398
32.2218669,35.5682525
32.2220296,35.568289
32.222243,35.5683737
32.2224563,35.5684943
32.2226391,35.5686028
32.2228217,35.5687951
32.2230449,35.5689876
32.2234817,35.5692528
32.2236442,35.5693372
32.223817,35.5694098
32.2239491,35.5694582
32.224122,35.5694828
32.2243356,35.5694837
32.2245289,35.5694844
32.2247426,35.5694853
32.2250274,35.5695104
32.2253632,35.5694998
32.2258474,35.569515
32.2260406,35.5695397
32.2265185,35.5696494
32.2269966,35.5696872
32.2275356,35.5697612
32.2279932,35.5698349
32.2285628,35.5698731
32.2289902,35.5698508
32.2294682,35.5699126
32.2297632,35.5699138
32.2299973,35.5698908
32.2302111,35.5698318
32.2304353,35.5697009
32.2305682,35.5695099
32.2307214,35.5692949
32.2308849,35.5690321
32.2309874,35.5687691
32.23109,35.5684701
32.2311427,35.5678986
32.2311743,35.5675275
32.2311342,35.5672998
32.2310432,35.5671079
32.2309215,35.5669876
32.2307079,35.5669389
32.2305145,35.5669741
32.2302498,35.5670329
32.2297816,35.5671268
32.2293847,35.5671612
32.2290696,35.5670641
32.2287753,35.5667995
32.2286438,35.5665236
32.2285227,35.5661758
32.2284321,35.5658282
32.2283416,35.5654686
32.2283119,35.5651691
32.2282823,35.5648457
32.2282934,35.5645344
32.228345,35.5642591
32.2284373,35.564008
32.2285905,35.5637931
32.2286825,35.5636378
32.2288356,35.5634707
32.2289581,35.5633395
32.2291008,35.5632442
32.2292334,35.563125
32.2294066,35.5630419
32.22959,35.5629468
32.229753,35.5628756
32.2298957,35.5627803
32.230079,35.5627331
32.2302927,35.5626861
32.2304352,35.5626627
32.2305676,35.5626273
32.2307101,35.5626039
32.23093,35.5625686
32.2312555,35.5625699
32.2316422,35.5625474
32.2320392,35.5624652
32.2324259,35.5624427
32.2326804,35.5624078
32.2328738,35.5623726
32.2331487,35.5623019
32.2334745,35.5622193
32.2337291,35.5621125
32.2339126,35.5619935
32.2340554,35.5618503
32.2341577,35.5616591
32.2341888,35.5614437
32.23421,35.5611683
32.2342515,35.5608691
32.2343747,35.5604624
32.2345289,35.5599121
32.2347136,35.5593739
32.2348976,35.5590393
32.2350405,35.5588722
32.2351425,35.5587768
32.2352953,35.5587055
32.235499,35.5586345
32.2357333,35.5585396
32.2361306,35.5583615
32.2363751,35.5582427
32.2366197,35.5580999
32.2367827,35.5580167
32.2369557,35.5579814
32.2371389,35.5579822
32.2373628,35.5579471
32.2376374,35.5579961
32.237749,35.5580803
32.23782,35.5581764
32.237891,35.5582605
32.2379517,35.5583685
32.2380529,35.5585486
32.2381135,35.5587404
32.2381536,35.5589442
32.2381731,35.5592437
32.2381721,35.559579
32.2381711,35.5599622
32.2381297,35.5602016
32.2380268,35.5606203
32.2379344,35.5609074
32.2377813,35.5610745
32.2376182,35.5612056
32.2374348,35.5612767
32.2373025,35.5612882
32.2371295,35.5613234
32.2369564,35.5613587
32.2368543,35.561478
32.2367623,35.5616573
32.2367105,35.5619685
32.23673,35.5622919
32.2367595,35.5626274
32.2368401,35.5629271
32.2369716,35.5631791
32.2371642,35.5634314
32.2372757,35.5635875
32.2374382,35.5636839
32.2377112,35.5636793
32.2378639,35.5636559
32.2380271,35.5635129
32.2381598,35.5633457
32.2383026,35.5632145
32.2384249,35.5631432
32.2385778,35.5630599
32.2387,35.5630245
32.238873,35.5629892
32.2391275,35.5629543
32.2394022,35.5629434
32.2397381,35.5628848
32.2400739,35.5628861
32.2403791,35.5628754
32.2406538,35.5628765
32.2408572,35.5629132
32.2410301,35.5629258
32.241264,35.5629627
32.2414572,35.5629994
32.2417112,35.5631201
32.2417821,35.5632282
32.2417919,35.56336
32.241771,35.5635515
32.2417299,35.563719
32.2415966,35.5640539
32.2414943,35.564269
32.2413818,35.5644722
32.2412389,35.5646393
32.2411164,35.5647825
32.2409531,35.5649615
32.2407797,35.5651285
32.2406371,35.5651878
32.2405352,35.5652353
32.2404333,35.5652709
32.2402908,35.5653182
32.2401381,35.5653296
32.2399753,35.5653289
32.239782,35.5653282
32.2395887,35.5653514
32.2394869,35.5653629
32.2393748,35.5654224
32.2392627,35.5654938
32.23912,35.5655771
32.2389977,35.5656724
32.2388344,35.5658274
32.2386609,35.5660304
32.2384666,35.5663649
32.2382928,35.5666756
32.2381392,35.5669984
32.2380262,35.5674051
32.2380356,35.5676566
32.2380961,35.5678485
32.2381568,35.5679685
32.2382481,35.5680647
32.2383698,35.5682089
32.2384305,35.5683049
32.2385015,35.568401
32.2385724,35.5685211
32.238633,35.568665
32.2386833,35.5688449
32.2387542,35.5689769
32.2388556,35.5690851
32.239008,35.5691456
32.2392013,35.5691703
32.2393133,35.5691228
32.2394154,35.5690154
32.2394869,35.568896
32.2395381,35.5687764
32.2395996,35.5686329
32.2396408,35.5684774
32.239631,35.5683456
32.2396315,35.568154
32.2396319,35.5680223
32.2396326,35.5677828
32.2396537,35.5674954
32.2396644,35.5673158
32.2396956,35.5671003
32.2397775,35.5669091
32.2398796,35.5667897
32.2399612,35.5667301
32.240165,35.5666112
32.2402973,35.5665877
32.2405314,35.5665647
32.2407141,35.5666972
32.2408764,35.5668775
32.2411402,35.567142
32.2414342,35.5675025
32.2417483,35.5679588
32.2419915,35.5682712
32.2421638,35.5685234
32.2422347,35.5686315
32.2422038,35.5687631
32.2420815,35.5688464
32.2419796,35.568882
32.2418469,35.5690491
32.2417344,35.5692403
32.2416727,35.5694676
32.2416719,35.5697431
32.2416812,35.5700545
32.241711,35.5703061
32.2417716,35.5704381
32.2418935,35.5705104
32.2420357,35.5705829
32.2422999,35.5707157
32.2425029,35.5708842
32.242804,35.5710288
32.2430271,35.5712573
32.2432405,35.5713539
32.2434131,35.5714744
32.2435657,35.571487
32.2437387,35.5714757
32.2439119,35.5713926
32.2441261,35.5712018
32.2442588,35.5710586
32.2443304,35.5709032
32.2443921,35.5706878
32.2444745,35.5703289
32.2445872,35.5700658
32.2446997,35.5698507
32.2448531,35.5695998
32.2449654,35.5694565
32.2451491,35.5692656
32.2453734,35.5690869
32.2455467,35.5689798
32.2456792,35.5689084
32.2457912,35.5688729
32.2459133,35.5688734
32.2460862,35.5688741
32.2465032,35.5689237
32.2467677,35.5689367
32.2470221,35.5689138
32.2472766,35.5688549
32.2475617,35.5687961
32.2479078,35.5687137
32.2482032,35.5686071
32.2485189,35.5685005
32.2488245,35.568346
32.2490589,35.5682272
32.2492729,35.5680963
32.249485,35.5679479
32.2498012,35.5676617
32.250036,35.5673871
32.2501486,35.56716
32.250241,35.5668729
32.2503235,35.5664899
32.2503445,35.5662385
32.2502947,35.5658789
32.2502148,35.5653636
32.2501753,35.5649322
32.2501872,35.5643214
32.2502498,35.5637826
32.2503523,35.5635076
32.2504854,35.5632326
32.2506182,35.5630415
32.2508323,35.5628746
32.2510771,35.56266
32.2513013,35.5625051
32.2516477,35.5623508
32.2519532,35.5622442
32.2521873,35.5622211
32.2524518,35.5622342
32.2527873,35.5623073
32.2530518,35.5623323
32.2533263,35.5623933
32.2535195,35.56243
32.2538041,35.562515
32.2540583,35.5625639
32.2543227,35.5626248
32.2549489,35.5627594
32.2551929,35.5628203
32.2554368,35.562929
32.2555892,35.5630015
32.2557822,35.5630981
32.2559854,35.5632067
32.2562699,35.5633276
32.2564732,35.5633883
32.2567477,35.5634852
32.2569103,35.5635457
32.2571034,35.5636184
32.2572558,35.5636908
32.2574183,35.5637873
32.2575503,35.5638717
32.2576518,35.5639559
32.2578347,35.5640405
32.2580785,35.5641732
32.2583732,35.5643062
32.2586328,35.5644273
32.258765,35.5644398
32.2589174,35.5645242
32.2590597,35.5645727
32.2593038,35.5645976
32.2594463,35.5645743
32.2597819,35.5646115
32.260077,35.5646007
32.2603008,35.5646136
32.2605245,35.5646384
32.2607381,35.5646632
32.2609416,35.564676
32.2612466,35.5647371
32.2615008,35.564798
32.2617042,35.5648227
32.2618568,35.5648114
32.2619894,35.5646921
32.2621019,35.5645009
32.2622862,35.5640823
32.2625013,35.563592
32.2627574,35.5629581
32.2631116,35.5619988
32.2632245,35.5616638
32.2634292,35.5612213
32.263634,35.5607789
32.263787,35.5606118
32.2640216,35.560409
32.2641848,35.5602659
32.2643173,35.5601706
32.2644397,35.5600752
32.2646332,35.5600161
32.264796,35.5599808
32.2649996,35.5599576
32.2652236,35.5598986
32.2655392,35.559816
32.2656715,35.5597925
32.265814,35.5597811
32.265987,35.5597818
32.2661803,35.5597825
32.2663939,35.5597714
32.2666688,35.5597245
32.2670151,35.5595821
32.2674121,35.5594998
32.2676768,35.559429
32.2681043,35.5593587
32.268559,35.5592546
32.2686914,35.5592192
32.2690783,35.5591009
32.2695876,35.5588992
32.2699542,35.5587689
32.270341,35.5586865
32.2707279,35.5586041
32.2709518,35.5585571
32.2712065,35.5584503
32.2714102,35.5583792
32.2717869,35.5582608
32.2719602,35.5581537
32.2721334,35.5580585
32.2722251,35.5580229
32.2723371,35.5579874
32.2724695,35.557952
32.2725712,35.5579643
32.2726627,35.5579647
32.2727643,35.558025
32.2728353,35.5581211
32.2728855,35.5583489
32.2728848,35.5586005
32.2728942,35.5588641
32.2728933,35.5591756
32.2728823,35.5594991
32.2728714,35.5597506
32.2728707,35.5599783
32.2729306,35.5603858
32.2730008,35.5607575
32.273061,35.5610573
32.2731114,35.5612252
32.2732633,35.5614774
32.2733645,35.5616695
32.2735571,35.5619218
32.2736991,35.5620781
32.2739324,35.5623306
32.2742571,35.5626195
32.2745309,35.562956
32.2747007,35.5631387
32.2748427,35.563307
32.2748927,35.5635947
32.2749325,35.5639064
32.2749829,35.5640983
32.2750128,35.5643021
32.2750223,35.5645298
32.275103,35.5647697
32.2751635,35.5649736
32.2753456,35.5653458
32.2755786,35.5656821
32.2757307,35.5658625
32.2758932,35.5659709
32.2759947,35.5660312
32.2761878,35.5661039
32.2763608,35.5661046
32.2765643,35.5660814
32.276768,35.5660223
32.2768901,35.5660108
32.2770225,35.5659514
32.2771551,35.5658561
32.277237,35.5656887
32.2773289,35.5655453
32.2774719,35.5653661
32.2775637,35.5652826
32.2776961,35.5652113
32.2778183,35.5651758
32.2779303,35.5651523
32.2780829,35.5651529
32.2782965,35.5651777
32.2785305,35.5651786
32.2788509,35.5652177
32.279095,35.5652307
32.2794001,35.5652798
32.2795831,35.5653285
32.2797458,35.565365
32.2798881,35.5654135
32.2800608,35.5654981
32.2801928,35.5655945
32.2803857,35.565751
32.2805276,35.5659193
32.2806696,35.5660756
32.2808319,35.566244
32.2810043,35.5664484
32.2812074,35.566569
32.281431,35.5666418
32.2815935,35.5667383
32.2816952,35.5667627
32.2819087,35.5668234
32.2823154,35.5669209
32.2824984,35.5669576
32.2828134,35.5670786
32.2830269,35.5671394
32.2831996,35.567224
32.283403,35.5672607
32.2835511,35.5672965
32.2836935,35.5672851
32.2839277,35.5672381
32.2841008,35.5671908
32.2843349,35.5671439
32.2844977,35.5671325
32.284691,35.5671333
32.2848436,35.5671339
32.2850675,35.5671348
32.2853729,35.5670401
32.2855765,35.567005
32.28577,35.5669459
32.2860144,35.5668749
32.2862282,35.5668039
32.2864829,35.5666851
32.286809,35.5665066
32.2870739,35.5663639
32.2873389,35.5662092
32.2876854,35.5659949
32.2881093,35.5657177
32.2883538,35.5655869
32.2886391,35.5654323
32.2889447,35.5653136
32.28924,35.565207
32.2895152,35.5650283
32.2896989,35.5648493
32.2898213,35.564718
32.2900456,35.5645511
32.290321,35.5643125
32.2905861,35.5640979
32.2908002,35.5639429
32.2911772,35.5637647
32.2913911,35.5636577
32.2916152,35.5635747
32.2917783,35.5634794
32.2919209,35.5634201
32.2920839,35.5633129
32.2922164,35.5632535
32.2923894,35.5632302
32.2925522,35.5632069
32.2926947,35.5631954
32.2927966,35.5631599
32.2928986,35.5630524
32.2930006,35.562945
32.293123,35.5628496
32.2932555,35.5627662
32.2934084,35.562659
32.2936495,35.5625736
32.2938023,35.5624903
32.2939246,35.5624309
32.2941283,35.5623478
32.294281,35.5623124
32.294454,35.5623011
32.2946779,35.5622541
32.2950544,35.5622316
32.295248,35.5621365
32.2953096,35.561957
32.2954529,35.561646
32.2955556,35.5613108
32.2957295,35.560964
32.2958521,35.5607967
32.2959544,35.5605933
32.2960875,35.5602943
32.2962407,35.5600552
32.2964144,35.5598162
32.2965268,35.5596369
32.2965986,35.5594454
32.2966603,35.559206
32.2967321,35.5590025
32.2968857,35.5586316
32.2970291,35.5582847
32.2971012,35.5579853
32.2971732,35.557686
32.2971948,35.5572427
32.2972571,35.5568115
32.2973298,35.5562725
32.2974222,35.5559613
32.2975144,35.555734
32.2976471,35.5555667
32.2978105,35.5553516
32.298035,35.5551008
32.2983411,35.5547784
32.2984839,35.5546591
32.2986062,35.5545877
32.2987487,35.5545523
32.2988911,35.5545648
32.2990536,35.5546853
32.2991449,35.5547815
32.2992157,35.5549376
32.2992661,35.5550936
32.2993468,35.5553575
32.2993968,35.5556573
32.2995244,35.55605
32.2996016,35.5564191
32.2997378,35.5566962
32.2998938,35.5569043
32.3001279,35.5571818
32.3002645,35.5572976
32.3005774,35.5573679
32.300734,35.5573455
32.3010081,35.5573235
32.3012232,35.5573704
32.3014578,35.5574405
32.3016337,35.5575334
32.3018289,35.5577185
32.3020435,35.5579268
32.3022385,35.5581812
32.3023945,35.5583662
32.3025112,35.5586433
32.3026084,35.5588511
32.3027253,35.559059
32.3027638,35.5592666
32.3028403,35.5599124
32.3029961,35.5601896
32.3032512,35.5603981
32.3032623,35.5590089
32.3034001,35.5591221
32.3034421,35.5593099
32.3035003,35.5595378
32.303574,35.5597758
32.3036691,35.5599639
32.3037962,35.560077
32.3039764,35.5602153
32.3041462,35.560266
32.3043162,35.5602667
32.3044865,35.5601548
32.3047099,35.560018
32.3050502,35.5599067
32.3053579,35.5600205
32.3056335,35.5602093
32.3058242,35.5603977
32.3061946,35.5608997
32.30666,35.5616148
32.3070197,35.5621167
32.3073692,35.5624935
32.3076129,35.5626947
32.3078883,35.5629835
32.3082276,35.5631976
32.3086687,35.5634737
32.3088596,35.5635996
32.3092204,35.5637137
32.3095178,35.5637274
32.3097197,35.5636906
32.3099964,35.563529
32.3101453,35.563442
32.3103584,35.5632301
32.3105713,35.5630683
32.3108162,35.5628565
32.310944,35.5627319
32.3112848,35.5624204
32.3116045,35.5620587
32.312041,35.5617351
32.3124665,35.561499
32.3129027,35.5612629
32.3135088,35.5610525
32.3139127,35.560954
32.3143166,35.560893
32.3148337,35.5609069
32.3150886,35.5609079
32.3154069,35.5610343
32.315704,35.5611606
32.3159481,35.5612491
32.3162243,35.5612127
32.3164796,35.561101
32.3168306,35.5609397
32.3172031,35.5606909
32.3175436,35.5604795
32.3179694,35.5601557
32.3185019,35.5596572
32.3189175,35.5591958
32.3192267,35.558784
32.3194615,35.5583844
32.3196751,35.5579848
32.3197743,35.5576524
32.3199561,35.557215
32.3202452,35.5563902
32.3204596,35.5556901
32.32061,35.5551025
32.3208456,35.5544026
32.3210065,35.5538275
32.3212736,35.5532778
32.3215291,35.5530911
32.3218055,35.552992
32.3223153,35.5530315
32.3228144,35.5530835
32.3233952,35.5532737
32.3236179,35.5534247
32.3240949,35.5537895
32.3245505,35.5542168
32.3249957,35.5545439
32.3253984,35.5548834
32.3256953,35.5550848
32.3260351,35.5551111
32.3263433,35.5550747
32.3268532,35.5550517
32.3271933,35.5549904
32.3274274,35.5548661
32.3276721,35.5547169
32.3279272,35.5546678
32.328331,35.5546068
32.3287136,35.5545331
32.3289685,35.5545592
32.3292019,35.5546352
32.3293608,35.554811
32.3295722,35.5551748
32.3302787,35.5563318
32.3304267,35.5565827
32.330829,35.5570849
32.3311581,35.5571613
32.3315614,35.557263
32.3319122,35.5572018
32.3323057,35.5570155
32.3329864,35.5566927
32.3341138,35.5561964
32.3347092,35.556011
32.3351769,35.5559001
32.3356444,35.5558393
32.3360589,35.5557658
32.3366327,35.5557055
32.3377253,35.5555683
32.3385225,35.5553962
32.339288,35.5551237
32.3399152,35.5549509
32.3405318,35.5547655
32.3411271,35.5546051
32.3414779,35.5545188
32.3419136,35.5544453
32.3423387,35.5543719
32.3426046,35.5542727
32.3427748,35.5541858
32.3429664,35.5540488
32.3432219,35.5538245
32.3434346,35.5537376
32.3435727,35.5537507
32.343753,35.553839
32.3439967,35.5540778
32.3441977,35.554354
32.3450533,35.5554891
32.3463457,35.556771
32.3470762,35.5576251
32.3472029,35.557901
32.3473292,35.5583397
32.347519,35.5588286
32.3477196,35.5592551
32.3480165,35.559444
32.3483032,35.5594952
32.3486859,35.5593965
32.3489202,35.5591846
32.3492399,35.5588103
32.3495383,35.5584484
32.3500177,35.5579495
32.3506034,35.5574385
32.3509866,35.557152
32.3514444,35.5567657
32.3517636,35.5565917
32.3522297,35.5563537
32.3527511,35.5560552
32.3536871,35.5555956
32.3541875,35.5551719
32.3545283,35.5548727
32.354879,35.5548115
32.3552504,35.5549506
32.3554834,35.5552019
32.3557476,35.5556787
32.3561709,35.5562688
32.3565523,35.5566333
32.3567325,35.5567467
32.3569556,35.5567601
32.3572108,35.5566359
32.3574134,35.5563863
32.3575735,35.5560989
32.3577126,35.5557489
32.3578732,35.5552737
32.358034,35.554761
32.3581942,35.5544236
32.3585455,35.5541495
32.35882,35.5539025
32.3594477,35.5535669
32.3599789,35.5535063
32.3604464,35.5534705
32.3606378,35.5534087
32.3611689,35.5534107
32.3615829,35.5534999
32.3618058,35.5535759
32.3621981,35.5538278
32.3627178,35.5541178
32.3631636,35.5542447
32.3635036,35.5542335
32.3637799,35.554172
32.3641413,35.5540983
32.3647156,35.55385
32.3658643,35.553316
32.366407,35.5529675
32.3667154,35.5528184
32.3669383,35.5528819
32.3670759,35.5530828
32.3671178,35.5532958
32.3671061,35.5536839
32.3669778,35.5539589
32.3667858,35.5542712
32.3667,35.5545589
32.3666781,35.5547967
32.3666663,35.5552098
32.3666757,35.5556356
32.3666856,35.5558986
32.3666636,35.556199
32.366514,35.556499
32.3663965,35.5567239
32.3657463,35.5575353
32.3653837,35.5580347
32.3648834,35.5584335
32.3644364,35.5587322
32.3641706,35.5588314
32.3638731,35.5588552
32.3635123,35.5587161
32.3629925,35.5584762
32.3625579,35.5581489
32.3621445,35.5578343
32.3618052,35.5576076
32.361391,35.5575685
32.3610297,35.5576296
32.3606893,35.5577911
32.3603273,35.5581152
32.3601242,35.5585652
32.3601021,35.5588656
32.360133,35.5592038
32.3603127,35.55953
32.3606837,35.5597944
32.3610868,35.5600088
32.3614398,35.5601531
32.3618538,35.5602549
32.3622569,35.5604317
32.3627343,35.560659
32.3630631,35.560823
32.3635406,35.5610002
32.3639121,35.5611018
32.3643788,35.5613416
32.3651216,35.5616199
32.3656732,35.5618976
32.3661187,35.5621247
32.3663626,35.5622634
32.3666061,35.5625524
32.366903,35.5627539
32.367253,35.5629306
32.3675789,35.5630698
32.368035,35.5633221
32.3686184,35.5635999
32.3691171,35.5637771
32.3694463,35.5638285
32.3696269,35.5638042
32.3699459,35.5637178
32.3701266,35.5636684
32.3703499,35.5635816
32.3707113,35.5634954
32.3709557,35.5634714
32.371232,35.5634224
32.3714551,35.5634232
32.3718054,35.5635123
32.3720388,35.5636008
32.372166,35.5637015
32.372378,35.5638401
32.3726325,35.5640039
32.3728341,35.5640673
32.3730041,35.5640805
32.3733333,35.5640943
32.3736414,35.5640956
32.373854,35.5640338
32.3740454,35.5639594
32.374501,35.5636839
32.3748416,35.5634348
32.3756925,35.5630375
32.3758733,35.562963
32.3761071,35.5629264
32.3764471,35.5628902
32.3769677,35.5628546
32.377223,35.5627179
32.3774147,35.5625558
32.3776278,35.5623188
32.3780009,35.5618694
32.3784059,35.5613826
32.3789918,35.5607712
32.3793114,35.5604594
32.3795775,35.5602601
32.3797687,35.5602483
32.3799598,35.5602992
32.380204,35.5603502
32.3805014,35.5603388
32.381022,35.5603284
32.381606,35.5603807
32.3819278,35.560482
32.3823577,35.5607477
32.3827363,35.5609117
32.3831316,35.5612179
32.3834581,35.5615036
32.3838015,35.5619111
32.3841623,35.5622578
32.3844717,35.5625028
32.3846955,35.5625646
32.3848853,35.5624435
32.3850004,35.5622802
32.3851276,35.5620585
32.3851974,35.5617338
32.3852673,35.5613888
32.3853026,35.5610843
32.3854413,35.5607801
32.3856314,35.5605575
32.3857699,35.5603346
32.3858565,35.5601521
32.3859089,35.5599086
32.3859961,35.559523
32.3860489,35.5591373
32.3860499,35.5587717
32.3860508,35.5584467
32.3860689,35.5581421
32.3861384,35.5579393
32.3862594,35.5577773
32.3865363,35.5573315
32.3868129,35.5569669
32.3871933,35.5564606
32.3875564,35.5559949
32.3880402,35.5554686
32.3886621,35.5548617
32.3889559,35.5545175
32.3890761,35.5543017
32.3890128,35.5550189
32.3892484,35.5550832
32.3894748,35.5549867
32.3895926,35.5549223
32.3897557,35.5550081
32.3901815,35.5549545
32.3913139,35.5542571
32.391776,35.5537743
32.3920296,35.5529697
32.3920568,35.5525834
32.3920931,35.5521972
32.3921837,35.5520363
32.3922743,35.5519719
32.3924645,35.5516071
32.3927363,35.5506522
32.3929809,35.5497081
32.3931168,35.5495579
32.3935063,35.5494828
32.3943035,35.5497403
32.3949105,35.5500085
32.3952276,35.5500407
32.395907,35.549869
32.396369,35.5494828
32.3970032,35.548882
32.3973112,35.5486245
32.397438,35.5486245
32.3976735,35.5487962
32.3980087,35.548882
32.3983258,35.5488069
32.3985885,35.548764
32.3993585,35.5480344
32.4001647,35.5475087
32.4003368,35.5471654
32.4003368,35.5466182
32.4004727,35.5464036
32.4005814,35.5463178
32.4006991,35.5463178
32.4008803,35.5463607
32.4011792,35.5468328
32.4015325,35.5479271
32.4017952,35.5485923
32.4021304,35.5492038
32.4024565,35.5496866
32.4032627,35.5502982
32.4037881,35.5504913
32.4039873,35.5507166
32.4040055,35.5510707
32.4038968,35.5517037
32.4033986,35.5523581
32.4030634,35.5529482
32.4029547,35.553195
32.403009,35.5535705
32.4027826,35.5541177
32.4024021,35.5541928
32.40223,35.5542357
32.4012879,35.5537421
32.4010615,35.5535168
32.4007172,35.5533023
32.4002553,35.5532915
32.4000107,35.5537207
32.3997842,35.5544181
32.3997842,35.5546541
32.3997933,35.5549974
32.3998204,35.5551262
32.4001918,35.5558665
32.4004998,35.5561883
32.4005995,35.5568857
32.4006085,35.5589134
32.4008984,35.560276
32.4009981,35.5605013
32.4011611,35.5606301
32.4014329,35.5606301
32.4019764,35.5603189
32.403,35.5596001
32.4039511,35.5588705
32.4051468,35.5581946
32.4062519,35.5576904
32.406895,35.5576582
32.4074022,35.5574436
32.407529,35.5574221
32.4079457,35.5577118
32.4082627,35.5586345
32.408299,35.5588062
32.4085073,35.5588491
32.408779,35.5587096
32.4089692,35.5584092
32.4093225,35.5582804
32.4100471,35.5579264
32.4103007,35.5579264
32.4105634,35.5580766
32.4108025,35.558561
32.4105906,35.5589456
32.4102192,35.5591924
32.4101015,35.5593748
32.4101558,35.5598361
32.4103913,35.5601794
32.410654,35.5606837
32.4107536,35.5611343
32.4109166,35.5613489
32.4110434,35.5613596
32.4111974,35.5613703
32.4114782,35.5613274
32.4117409,35.5611236
32.4118314,35.5609841
32.4118405,35.5605979
32.4120579,35.5603726
32.4123749,35.5599756
32.4126194,35.5597396
32.4129274,35.5594928
32.4132263,35.5586667
32.4137335,35.5581517
32.4144218,35.5574865
32.4151283,35.5566067
32.4152913,35.5565531
32.4154453,35.556596
32.4159706,35.5569072
32.4163148,35.5571432
32.4168039,35.5575509
32.4168944,35.55798
32.4171752,35.5579049
32.4177639,35.5580444
32.4181986,35.5581195
32.4183526,35.5583019
32.4182711,35.5586023
32.4182167,35.5588383
32.4182439,35.5590636
32.4183888,35.559128
32.4184884,35.5591173
32.4188507,35.5589134
32.4191496,35.5584843
32.4194666,35.5579478
32.4194666,35.5574007
32.4193669,35.556832
32.4187964,35.5562312
32.4186515,35.5559416
32.418742,35.5554051
32.4187873,35.5548258
32.4185971,35.5539138
32.4184975,35.5531735
32.4185066,35.5529053
32.4186152,35.5525942
32.4187873,35.5523689
32.4190771,35.5522723
32.4193126,35.5521328
32.419702,35.5516071
32.4199194,35.5515105
32.4202002,35.5515535
32.420653,35.5516286
32.4223737,35.551768
32.4226816,35.5518753
32.423225,35.5522187
32.4244567,35.5524547
32.4259057,35.5527444
32.4260053,35.5529268
32.4260234,35.5534847
32.4259238,35.5549545
32.4253985,35.5559094
32.4252355,35.5564136
32.4249819,35.5572397
32.4247102,35.5580337
32.4241035,35.5592675
32.4240491,35.5599756
32.4240129,35.5605013
32.4238046,35.5613382
32.4238409,35.5618853
32.4239314,35.5622394
32.4243027,35.5623574
32.4244657,35.5623038
32.424837,35.5620355
32.4251268,35.5620463
32.4252808,35.5622501
32.4254347,35.562175
32.4256974,35.5619604
32.4258694,35.5614776
32.4263313,35.5597825
32.4266935,35.5586774
32.4271101,35.5579693
32.4274089,35.5575616
32.427581,35.5572934
32.4282059,35.5568428
32.4284775,35.5568642
32.4286496,35.5567462
32.4290209,35.5565638
32.4294193,35.5556841
32.4298993,35.5554373
32.4305332,35.5555339
32.4309045,35.5555339
32.4310765,35.5557699
32.4310584,35.5559737
32.4308682,35.5561347
32.4308592,35.5563922
32.4312667,35.5564887
32.4325254,35.5564995
32.4330778,35.5566389
32.4335305,35.5569072
32.4343455,35.556993
32.435251,35.5573041
32.4355589,35.5577976
32.4358034,35.558023
32.4362109,35.5580873
32.4362199,35.5583985
32.4361746,35.5586345
32.4358034,35.5586989
32.4351061,35.5593748
32.4342912,35.560555
32.4338475,35.560673
32.4337388,35.5616278
32.4337569,35.5627866
32.4340105,35.563559
32.4346805,35.5645997
32.4353506,35.565458
32.4357853,35.5658228
32.4362471,35.5661125
32.4366817,35.5660588
32.4372431,35.5658979
32.4377774,35.5662198
32.4380309,35.5665953
32.4383569,35.5669708
32.4394978,35.5676682
32.4407745,35.568269
32.4412906,35.5683334
32.4415441,35.5682046
32.4418429,35.5679793
32.4422322,35.5675609
32.4423228,35.5670674
32.4422413,35.5668742
32.441363,35.5657799
32.4413359,35.5655761
32.4413359,35.56534
32.441363,35.5649001
32.4418248,35.5647821
32.442187,35.564825
32.4423409,35.5651254
32.4424948,35.5656726
32.4432282,35.5660481
32.4446407,35.5669386
32.445193,35.5671425
32.4464153,35.5670995
32.4465602,35.5668206
32.4467503,35.5664987
32.4472483,35.5663056
32.4479273,35.5662627
32.4487784,35.566488
32.449557,35.5666275
32.4501817,35.5669708
32.4508879,35.5667884
32.4519471,35.5666704
32.4527619,35.5664022
32.452943,35.5664236
32.4531331,35.5665524
32.4533775,35.5678076
32.4534681,35.5684728
32.453278,35.5691809
32.4531784,35.5698998
32.4531059,35.5703933
32.453278,35.5707044
32.4540656,35.5708439
32.4543553,35.5710048
32.4553964,35.5710585
32.4555956,35.5711121
32.4566638,35.5719597
32.4573247,35.5723567
32.4574333,35.5728287
32.4575601,35.5731184
32.4585468,35.5736763
32.458746,35.573848
32.4591715,35.573848
32.459271,35.5732257
32.4594159,35.5728609
32.4595155,35.5723352
32.4598528,35.5716183
32.4600043,35.5713374
32.4605565,35.5708976
32.4608643,35.5709941
32.4609005,35.5711014
32.4609186,35.5714555
32.4610363,35.5715949
32.4612355,35.5714876
32.46167,35.5708546
32.4619053,35.570522
32.4619053,35.5702646
32.461679,35.5702324
32.4611902,35.5699749
32.4611449,35.569771
32.4612536,35.5694706
32.4615795,35.5692024
32.4619687,35.5688805
32.4621045,35.5683119
32.4620773,35.567754
32.4619687,35.5675931
32.4613531,35.5675823
32.4611902,35.5675394
32.4610363,35.5674107
32.4608643,35.566767
32.4610091,35.5664773
32.4611449,35.56637
32.4617152,35.5662734
32.4618148,35.566134
32.4618058,35.5657906
32.4616247,35.5650503
32.4617243,35.5643315
32.4619234,35.5639131
32.4629826,35.5627222
32.4634805,35.5623789
32.46444,35.5620677
32.464956,35.5619926
32.465128,35.5620999
32.4651913,35.5623574
32.4651461,35.5629797
32.4651732,35.5635483
32.465309,35.5637629
32.4656077,35.563838
32.4660603,35.5636663
32.4662504,35.5634517
32.4663681,35.563323
32.4664133,35.5631191
32.4663952,35.5626256
32.466703,35.5625076
32.4671375,35.5626578
32.4674272,35.5628724
32.4676625,35.5628295
32.467925,35.5629368
32.4681242,35.563087
32.4685043,35.5628509
32.4686039,35.5629904
32.4688664,35.563441
32.4685948,35.5637736
32.468278,35.5640096
32.467744,35.5645675
32.4675539,35.5648787
32.4675358,35.5652971
32.467572,35.5658014
32.4676806,35.5660374
32.4683142,35.5664129
32.4689841,35.566767
32.4694276,35.5672819
32.4695724,35.5674965
32.4700522,35.5673892
32.4702966,35.5672068
32.4706767,35.5672712
32.4710659,35.5675823
32.471247,35.5674643
32.4714642,35.5672927
32.4715638,35.5670244
32.4716,35.5667455
32.4714552,35.5666382
32.4712832,35.5663485
32.4712379,35.5657799
32.4711384,35.5647607
32.471247,35.5645139
32.4716452,35.5644173
32.4726681,35.564471
32.4734917,35.5644495
32.4742792,35.5645246
32.4744149,35.5646319
32.4750576,35.5652864
32.4750666,35.5659194
32.4753201,35.5667455
32.4753382,35.567636
32.4754558,35.568387
32.4756368,35.5686338
32.4759355,35.5687303
32.4764062,35.5692024
32.4765691,35.5694599
32.476913,35.5697603
32.4772027,35.5698783
32.4778362,35.5697925
32.4783702,35.5695457
32.4787413,35.5692346
32.4791033,35.5691702
32.4792662,35.5688805
32.4796735,35.5678184
32.4796373,35.5675931
32.4796373,35.5672283
32.4798002,35.5668957
32.4803885,35.5661876
32.4805876,35.5659086
32.4806057,35.5657477
32.4807325,35.5654902
32.4809637,35.5653743
32.4814443,35.5657381
32.4820117,35.5678549
32.4827059,35.5699733
32.4837833,35.5734886
32.4845522,35.575541
32.4851219,35.5754873
32.4857748,35.5763022
32.4859735,35.5769631
32.4862771,35.577263
32.4866821,35.577102
32.486983,35.5770554
32.4872608,35.5772742
32.4876676,35.5783391
32.4875699,35.5788432
32.4873486,35.5791577
32.4872948,35.5799071
32.4874065,35.580175
32.4881776,35.5801812
32.4912224,35.5784301
32.4933869,35.5778532
32.4950855,35.577131
32.4964157,35.5762405
32.4972134,35.5751176
32.4977493,35.5740555
32.4984035,35.5717957
32.4996832,35.5704872
32.499809,35.5700338
32.4991087,35.5686727
32.4980327,35.5679248
32.4978779,35.5674013
32.4982119,35.5663399
32.4984415,35.5660353
32.4993733,35.5657852
32.5009252,35.5651136
32.5016167,35.5644101
32.5019187,35.5633545
32.5020894,35.5626171
32.5019182,35.5603054
32.5016607,35.55979
32.5016019,35.5591039
32.5020543,35.5583228
32.5028553,35.5578381
32.5034832,35.5577744
32.50372,35.5578255
32.5038389,35.5580473
32.5039708,35.5587032
32.5041333,35.5590051
32.5042352,35.5597084
32.504089,35.5605736
32.5041844,35.5612249
32.5044187,35.5616858
32.5047463,35.562149
32.5054528,35.5627912
32.5061995,35.5629491
32.5063624,35.5634122
32.5064708,35.5639205
32.5069986,35.5645453
32.5075309,35.5645968
32.508494,35.5642666
32.5094599,35.5635886
32.5106112,35.563097
32.5114057,35.5630314
32.5119537,35.5628084
32.5123391,35.5628224
32.5123902,35.5630267
32.5125156,35.5630731
32.512915,35.5630314
32.5131983,35.5628642
32.5140518,35.5628799
32.5146007,35.5623951
32.5146936,35.5621026
32.514302,35.5617513
32.5139459,35.5613595
32.5136321,35.5612294
32.5125992,35.5615081
32.5116333,35.5611552
32.5101094,35.5611034
32.5097896,35.5613502
32.5095853,35.5615174
32.5089119,35.5615128
32.5087773,35.5616985
32.5085451,35.5617357
32.508182,35.5614758
32.5078717,35.5609834
32.5073887,35.560389
32.5073388,35.55992
32.5076209,35.5595112
32.5081057,35.5594225
32.5083593,35.5594834
32.5086426,35.5598828
32.5088427,35.5603596
32.5091998,35.5605376
32.5095296,35.5603286
32.5102076,35.5594416
32.5102865,35.5585825
32.5103423,35.558262
32.5105094,35.5579973
32.5109088,35.5579973
32.5111596,35.5579555
32.5112107,35.5577187
32.5113268,35.5575933
32.5116565,35.5577698
32.5119026,35.557584
32.5119537,35.5574122
32.5119537,35.5567806
32.5121302,35.5564973
32.5125063,35.5557172
32.5129426,35.5552508
32.5130775,35.554923
32.5134772,35.5544085
32.5132447,35.5541336
32.513189,35.5538364
32.5139645,35.5531258
32.5142411,35.5530698
32.514463,35.5527264
32.5145079,35.5526568
32.5147493,35.5525128
32.5150552,35.5527089
32.5160382,35.554495
32.5165419,35.5551181
32.5170852,35.5556614
32.5176458,35.5558075
32.5186474,35.5555687
32.5191054,35.5557125
32.5192162,35.5555028
32.5198205,35.5545515
32.5200727,35.5544725
32.5212935,35.5554051
32.5214041,35.5557357
32.5211775,35.5564182
32.5213688,35.5585066
32.5210658,35.5594976
32.520641,35.5615212
32.5209527,35.5634383
32.5213752,35.5647526
32.5225557,35.5655605
32.5240863,35.5664027
32.5251592,35.5670497
32.5266183,35.5672825
32.5273447,35.5671752
32.5272723,35.5664467
32.5269557,35.5663866
32.526546,35.5666988
32.526669,35.564434
32.5281673,35.5640103
32.5299765,35.5633237
32.5307725,35.5622079
32.5309172,35.5604054
32.531279,35.5598905
32.5327263,35.5598905
32.5339565,35.5602338
32.5347524,35.5607488
32.5360549,35.5604054
32.5373574,35.5604054
32.5384428,35.5609204
32.539094,35.5623796
32.5401793,35.5634953
32.5416988,35.5632379
32.5427118,35.5617787
32.5437247,35.5611779
32.5448824,35.5614354
32.5453165,35.5627229
32.5449547,35.564182
32.5437971,35.5652978
32.5422053,35.5653836
32.5407582,35.5652978
32.5395281,35.5658128
32.5389493,35.5675294
32.5388769,35.5694177
32.5400346,35.570791
32.5414817,35.5710484
32.5428565,35.5707051
32.5443759,35.5704476
32.5456783,35.5714776
32.5466912,35.5720784
32.5484276,35.5713059
32.5492958,35.5703618
32.5488617,35.5695035
32.5493681,35.568731
32.550066,35.5688182
32.5507428,35.5689027
32.5519727,35.5694177
32.5522621,35.5708768
32.551828,35.5717351
32.5508151,35.5713059
32.5495852,35.5719926
32.5492958,35.5734517
32.5505981,35.5752542
32.5515386,35.5761983
32.5526238,35.5769708
32.553926,35.5767991
32.5550835,35.5762841
32.5563134,35.5767133
32.5571815,35.5768849
32.5582666,35.5760266
32.5595688,35.5752542
32.5603645,35.5741384
32.5613773,35.5730226
32.5628241,35.5720784
32.5641985,35.5708768
32.5654282,35.5704476
32.5665856,35.5709626
32.5668026,35.5723359
32.5662962,35.5735375
32.5655729,35.57431
32.5659346,35.5755116
32.5673089,35.5761983
32.5685386,35.5768849
32.5707809,35.5764558
32.5725892,35.5767991
32.5741081,35.5769708
32.5757717,35.5770566
32.5775799,35.5771424
32.5790987,35.5774858
32.5803282,35.5780007
32.5812684,35.5776574
32.5824256,35.5771424
32.5847754,35.5761516
32.5857427,35.5758184
32.5881821,35.5760539
32.5899852,35.5766476
32.5914991,35.5765979
32.592959,35.5772941
32.5951092,35.5773782
32.5961358,35.578098
32.5970235,35.5781081
32.5977629,35.5772989
32.5980568,35.576635
32.5981067,35.5753473
32.5981706,35.5741856
32.5979151,35.5734566
32.5979824,35.5727143
32.5982132,35.5719594
32.5979191,35.5709774
32.5968213,35.5696026
32.5963596,35.5694568
32.5960388,35.5691459
32.5959795,35.5684687
32.5962381,35.5677869
32.596553,35.5671797
32.5972452,35.5671818
32.5977735,35.5673187
32.5987111,35.5670214
32.6002875,35.5671002
32.6011967,35.5664009
32.6032444,35.5663604
32.6040461,35.5666545
32.6043526,35.5674328
32.604381,35.5682753
32.6051429,35.5706167
32.6054212,35.5719068
32.6061442,35.5725076
32.6079518,35.5729367
32.6102654,35.5729367
32.6126513,35.5727651
32.6137357,35.5727651
32.6150371,35.5719068
32.617712,35.5698468
32.6208929,35.5683877
32.6221941,35.5675294
32.6226279,35.5664136
32.6237122,35.5653836
32.6248118,35.5644322
32.6249907,35.5638335
32.6246649,35.5628674
32.6245224,35.5621641
32.6245511,35.5617275
32.6247368,35.5615258
32.6251642,35.5614104
32.6256864,35.5615209
32.6260592,35.5617419
32.6267658,35.5623465
32.6273821,35.5625131
32.6280005,35.5626802
32.6291286,35.5634655
32.6294286,35.5641227
32.6291878,35.5645357
32.6291928,35.5653828
32.6294815,35.5660973
32.6300218,35.56666
32.6309805,35.5668982
32.6321248,35.5674904
32.6328797,35.5679282
32.6341066,35.5677243
32.6345412,35.5672394
32.6348322,35.566888
32.6350052,35.5659922
32.6354223,35.5647828
32.6356778,35.5644349
32.6364342,35.5617787
32.6373015,35.5611779
32.6383134,35.5617787
32.6386748,35.5634095
32.6388193,35.5656411
32.6393253,35.5671861
32.6406985,35.5679585
32.6423608,35.5681302
32.6435172,35.5678727
32.64424,35.5668427
32.6441677,35.5647828
32.6444568,35.5628087
32.6449627,35.5615212
32.6459022,35.5612638
32.6470585,35.562637
32.6477772,35.5640329
32.6475311,35.566941
32.6473867,35.5692956
32.6471809,35.5711538
32.6468085,35.5718706
32.6455076,35.5737588
32.6447849,35.5744455
32.6436286,35.5739305
32.6429966,35.5744308
32.6427613,35.5746171
32.6424722,35.5763337
32.6431949,35.577707
32.6444958,35.5780504
32.6455076,35.578737
32.6465194,35.5799386
32.6475312,35.5813119
32.6470976,35.5816553
32.6462304,35.5809686
32.6453631,35.5804536
32.6447849,35.5818269
32.6446404,35.5835435
32.6440622,35.5849168
32.643484,35.5857751
32.643484,35.5873201
32.6442067,35.58835
32.6452186,35.59041
32.6465194,35.5914399
32.6478203,35.5910966
32.6483985,35.5897233
32.6491211,35.5885217
32.6499884,35.588865
32.6514337,35.5881784
32.6518673,35.58938
32.6515781,35.5914263
32.6530235,35.5936579
32.6531681,35.5957315
32.6512891,35.5984645
32.6520118,35.6012246
32.6517227,35.603271
32.6517228,35.6053445
32.6528789,35.6063609
32.6554805,35.6070475
32.6588046,35.6068895
32.6601053,35.6065462
32.661406,35.6050012
32.6631402,35.6029413
32.6645853,35.6001947
32.6658859,35.5988214
32.66762,35.5971048
32.6702211,35.5984781
32.6694986,35.599508
32.6699321,35.6012246
32.6703656,35.6031129
32.6705101,35.6050012
32.6725331,35.6046579
32.6749896,35.6055162
32.675423,35.6072328
32.6767235,35.6087777
32.6783129,35.6103227
32.6800468,35.6134126
32.6809137,35.6159875
32.6800468,35.621309
32.6793243,35.6225107
32.6783129,35.6240556
32.6786019,35.6254289
32.6804802,35.6278322
32.6816361,35.6290338
32.6822633,35.6301682
32.683021,35.6315617
32.6837404,35.6315697
32.6844074,35.631852
32.6848685,35.6326493
32.6856785,35.6337562
32.6865484,35.6352136
32.6848518,35.637109
32.6831075,35.6392379
32.6815076,35.6413049
32.6780975,35.6434953
32.6776392,35.6450514
32.6780586,35.646928
32.6794094,35.6489367
32.6805235,35.6500038
32.6812243,35.650633
32.6821526,35.6517948
32.683858,35.6533014
32.6845777,35.654488
32.6848359,35.6550384
32.6851958,35.6559353
32.6853132,35.6568687
32.6851755,35.6577131
32.6848666,35.6589491
32.6839393,35.6595231
32.6829568,35.6599468
32.680683,35.6613899
32.6799948,35.6635839
32.6806367,35.6654466
32.6810919,35.6660109
32.6828331,35.6679049
32.6836709,35.6686653
32.6841109,35.6692146
32.6848712,35.6712218
32.6844088,35.6732206
32.684817,35.674714
32.6854111,35.6752247
32.6861994,35.6750852
32.6893969,35.6730124
32.6915565,35.6719033
32.6930465,35.6710979
32.6942681,35.6714879
32.6989957,35.6766629
32.7024631,35.6776483
32.7044341,35.6758599
32.7058575,35.6762249
32.7065875,35.6816633
32.7089235,35.6871382
32.708522,35.6916276
32.7125424,35.7003644
32.7147615,35.7019061
32.7159262,35.7028062
32.715658,35.7036604
32.714855,35.7069752
32.7187648,35.7117896
32.7160551,35.7155505
32.7164756,35.7174192
32.7196058,35.7185171
32.7221132,35.718715
32.722709,35.7193523
32.7213948,35.7212202
32.7210761,35.7230291
32.7220681,35.7243069
32.7255858,35.7248943
32.7269748,35.7264429
32.7266696,35.7277101
32.7258661,35.7288187
32.7233199,35.7295428
32.7234687,35.7313727
32.7241256,35.7330062
32.7262451,35.73426
32.7326632,35.7374542
32.7307527,35.7413051
32.730902,35.7451858
32.7333797,35.7483501
32.7363052,35.7507682
32.7375584,35.7520731
32.7398155,35.7535902
32.741457,35.7531353
32.7430326,35.7544142
32.7449493,35.7556287
32.7450901,35.7564827
32.7457822,35.7605886
32.7461107,35.7617087
32.7466864,35.7651881
32.7457867,35.7697586
32.7458625,35.7736199
32.7472621,35.7790004
32.747023,35.7835279
32.7476375,35.7862756
32.7477067,35.786373
32.7495857,35.7890179
32.7513714,35.79086
32.7536317,35.7929157
32.7554588,35.7956226
32.7554949,35.7970838
32.754469,35.7983305
32.7537611,35.7987921