34.303098	-103.197528
34.303513	-103.246933
34.303239	-103.25195
34.303081	-103.266705
34.303383	-103.314064
34.30336	-103.433106
34.303136	-103.44193
34.3034	-103.472589
34.303009	-103.564565
34.303095	-103.626998
34.302905	-103.6356
34.302873	-103.730577
34.303076	-103.740017
34.374008	-103.739501
34.400078	-103.738799
34.413051	-103.739302
34.505318	-103.738342
34.56329	-103.738708
34.604671	-103.738232
34.604935	-103.706528
34.620399	-103.706635
34.651653	-103.706085
34.692463	-103.705788
34.692463	-103.679749
34.691747	-103.625557
34.691819	-103.583337
34.691591	-103.573051
34.691752	-103.570472
34.691535	-103.496025
34.749573	-103.495804
34.778699	-103.495379
34.77824	-103.442223
34.778122	-103.390274
34.850109	-103.38945
34.865258	-103.389575
34.865246	-103.337148
34.86499	-103.284157
34.954335	-103.282993
34.954039	-103.165227
34.954101	-103.042687
34.79215	-103.042982
34.784966	-103.042661
34.757315	-103.042974
34.740129	-103.042668
34.671684	-103.043057
34.671518	-103.042829
34.653098	-103.043293
34.625069	-103.043301
34.619691	-103.043073
34.31275	-103.043762
34.31141	-103.043977
34.302585	-103.043936
34.303098	-103.197528
