36.95638	-84.091291
36.95694	-84.091816
36.961845	-84.086664
36.962282	-84.085417
36.962244	-84.084189
36.963714	-84.080018
36.964805	-84.078558
36.967428	-84.077157
36.969553	-84.076801
36.970565	-84.075725
36.973352	-84.07087
36.974911	-84.067581
36.976264	-84.06152
36.976121	-84.060934
36.974574	-84.060808
36.973201	-84.059309
36.973087	-84.057694
36.973387	-84.056894
36.974886	-84.055804
36.975276	-84.054722
36.976428	-84.05411
36.977982	-84.051133
36.977783	-84.05043
36.976685	-84.049911
36.976585	-84.049007
36.976885	-84.047507
36.976686	-84.044696
36.976988	-84.041595
36.980074	-84.039645
36.981371	-84.039401
36.982159	-84.038022
36.982665	-84.037678
36.983522	-84.037895
36.984621	-84.037495
36.98492	-84.036895
36.98642	-84.035995
36.988719	-84.032595
36.987815	-84.031395
36.987318	-84.029926
36.986112	-84.028459
36.986063	-84.027433
36.98626	-84.026934
36.98679	-84.02654
36.989211	-84.023295
36.98841	-84.023095
36.988173	-84.023341
36.985797	-84.02129
36.985192	-84.02026
36.984972	-84.019158
36.985252	-84.018774
36.984765	-84.01755
36.984175	-84.017239
36.98338	-84.016128
36.983481	-84.015026
36.984881	-84.012432
36.987071	-84.009842
36.987172	-84.009442
36.98479	-84.008529
36.984692	-84.00803
36.985792	-84.006435
36.985396	-84.005435
36.984597	-84.004932
36.983496	-84.002731
36.982693	-84.002029
36.98119	-84.001628
36.980939	-84.000165
36.98118	-83.999034
36.982887	-83.998128
36.983988	-83.997029
36.984086	-83.995929
36.984484	-83.995029
36.981063	-83.994426
36.980254	-83.993629
36.979643	-83.991837
36.979926	-83.988155
36.980525	-83.987457
36.981219	-83.985965
36.981212	-83.985075
36.982003	-83.983191
36.983098	-83.9816
36.982985	-83.979521
36.98198	-83.977926
36.981381	-83.978425
36.978509	-83.978129
36.978017	-83.977504
36.977955	-83.975632
36.97925	-83.973698
36.9791	-83.973384
36.978066	-83.97333
36.977435	-83.972617
36.977596	-83.971031
36.977978	-83.97007
36.978028	-83.969094
36.978383	-83.968273
36.97837	-83.967096
36.977053	-83.965509
36.977383	-83.962414
36.977084	-83.959207
36.978084	-83.958403
36.978984	-83.9582
36.979685	-83.957597
36.980286	-83.955789
36.981486	-83.955284
36.982586	-83.955484
36.983587	-83.954578
36.984188	-83.95337
36.985689	-83.953066
36.987491	-83.951655
36.987392	-83.950043
36.988094	-83.948731
36.987996	-83.946104
36.988297	-83.944992
36.988898	-83.944384
36.989901	-83.941851
36.991704	-83.939518
36.992606	-83.939112
36.993408	-83.937793
36.994009	-83.937493
36.99421	-83.936992
36.995413	-83.935891
36.995915	-83.934991
36.995615	-83.934391
36.995917	-83.933491
36.995317	-83.932691
36.995418	-83.932291
36.99622	-83.931491
36.999022	-83.932191
37.000884	-83.934527
37.002347	-83.933822
37.003838	-83.934251
37.007308	-83.933757
37.008289	-83.932436
37.00894	-83.930427
37.009447	-83.930228
37.010389	-83.930706
37.011982	-83.930029
37.012824	-83.929323
37.013605	-83.92909
37.014145	-83.926582
37.014655	-83.926624
37.015939	-83.927428
37.016708	-83.926733
37.018529	-83.927159
37.018888	-83.925933
37.019327	-83.925421
37.01982	-83.925532
37.020603	-83.926264
37.022437	-83.924709
37.023213	-83.924737
37.024201	-83.924285
37.02538	-83.924301
37.025715	-83.923923
37.026238	-83.922111
37.026777	-83.921957
37.027612	-83.92307
37.028443	-83.922314
37.029715	-83.923371
37.029947	-83.923996
37.031956	-83.923906
37.033016	-83.923248
37.033597	-83.924076
37.035901	-83.922794
37.036767	-83.921504
37.037154	-83.919869
37.036774	-83.91681
37.036544	-83.916397
37.033942	-83.914621
37.033726	-83.914145
37.033993	-83.913342
37.034614	-83.912539
37.034924	-83.910568
37.034588	-83.910029
37.034517	-83.908679
37.034073	-83.907932
37.033204	-83.907414
37.032956	-83.906785
37.0321	-83.906015
37.032184	-83.905521
37.033805	-83.904622
37.03436	-83.902193
37.035481	-83.900548
37.037007	-83.899891
37.038843	-83.898054
37.040398	-83.895518
37.040438	-83.894041
37.043804	-83.890572
37.043401	-83.888448
37.043543	-83.887441
37.04272	-83.884602
37.043278	-83.883297
37.044201	-83.88295
37.0463	-83.879076
37.046426	-83.877398
37.047501	-83.876257
37.048549	-83.875635
37.049638	-83.875622
37.050874	-83.874611
37.051706	-83.87514
37.053356	-83.873835
37.053923	-83.871697
37.054836	-83.871008
37.055117	-83.869472
37.054761	-83.867958
37.054948	-83.866787
37.053022	-83.865753
37.05272	-83.865258
37.052477	-83.863723
37.051535	-83.862747
37.052585	-83.861706
37.053842	-83.861469
37.054119	-83.85939
37.054606	-83.858605
37.05454	-83.858307
37.053496	-83.857683
37.050477	-83.857315
37.049649	-83.857606
37.048727	-83.85736
37.047275	-83.855854
37.046879	-83.85576
37.046052	-83.856341
37.045239	-83.857838
37.044482	-83.858057
37.043196	-83.857527
37.042374	-83.856035
37.043003	-83.85477
37.042223	-83.852419
37.042542	-83.85042
37.042552	-83.848038
37.042095	-83.847118
37.04319	-83.844011
37.043144	-83.842936
37.042883	-83.842481
37.041851	-83.842366
37.04048	-83.840701
37.040788	-83.839748
37.039941	-83.838015
37.040096	-83.836936
37.041212	-83.836222
37.043159	-83.834129
37.04325	-83.832951
37.042353	-83.831058
37.041215	-83.830665
37.039686	-83.829478
37.040202	-83.826437
37.040046	-83.825879
37.039545	-83.825467
37.039118	-83.825552
37.036118	-83.827937
37.035903	-83.828519
37.035964	-83.829387
37.034612	-83.829814
37.033563	-83.830956
37.031972	-83.831784
37.03107	-83.831826
37.030262	-83.829728
37.029308	-83.829071
37.029124	-83.827634
37.028072	-83.826536
37.027915	-83.825688
37.027228	-83.825166
37.025857	-83.823121
37.026911	-83.821129
37.026631	-83.819991
37.026891	-83.818698
37.026853	-83.815418
37.027424	-83.814059
37.029088	-83.811758
37.029452	-83.810315
37.03001	-83.809316
37.030564	-83.807329
37.031635	-83.805676
37.032894	-83.804682
37.033648	-83.802501
37.033588	-83.80177
37.033248	-83.801214
37.032739	-83.801048
37.032543	-83.800419
37.03285	-83.798993
37.033315	-83.798548
37.033774	-83.797011
37.034183	-83.796687
37.03678	-83.797362
37.036454	-83.795162
37.035259	-83.794372
37.03519	-83.793441
37.034526	-83.792926
37.034345	-83.792097
37.03479	-83.79101
37.035617	-83.79042
37.035855	-83.789727
37.036944	-83.788335
37.036538	-83.787707
37.034061	-83.785557
37.034618	-83.782626
37.035285	-83.780877
37.035669	-83.780563
37.036909	-83.780349
37.037221	-83.779915
37.037398	-83.778361
37.036889	-83.776662
37.037167	-83.774636
37.036626	-83.77421
37.034701	-83.775284
37.033	-83.774682
37.032303	-83.775161
37.03129	-83.775302
37.030507	-83.776542
37.030447	-83.777573
37.029878	-83.77823
37.029753	-83.779152
37.028071	-83.779709
37.026877	-83.7796
37.025154	-83.780077
37.022485	-83.780282
37.022189	-83.778825
37.02011	-83.776745
37.01815	-83.777223
37.01529	-83.77559
37.015126	-83.774773
37.01576	-83.77228
37.016719	-83.771252
37.017066	-83.769552
37.017742	-83.768506
37.018377	-83.766144
37.019369	-83.766275
37.021212	-83.765406
37.02163	-83.764733
37.021845	-83.763013
37.020781	-83.762225
37.02056	-83.759131
37.0208	-83.75853
37.021651	-83.757831
37.022299	-83.756475
37.023631	-83.75563
37.024392	-83.754721
37.024572	-83.752341
37.024963	-83.751536
37.026533	-83.750995
37.026756	-83.750137
37.02661	-83.748625
37.025894	-83.747451
37.025618	-83.745406
37.026021	-83.744515
37.026878	-83.744072
37.025432	-83.743221
37.024003	-83.741919
37.023411	-83.741801
37.022929	-83.742212
37.021649	-83.741667
37.020916	-83.73933
37.0205	-83.739271
37.019182	-83.739891
37.017142	-83.739712
37.016927	-83.738492
37.018231	-83.736923
37.018764	-83.735454
37.016517	-83.732581
37.016139	-83.73247
37.01449	-83.733278
37.013033	-83.733144
37.012493	-83.733733
37.010625	-83.734448
37.010149	-83.735078
37.008619	-83.734773
37.008168	-83.735141
37.007926	-83.736072
37.006685	-83.736229
37.006354	-83.735727
37.005669	-83.735394
37.005387	-83.734751
37.004211	-83.734496
37.00359	-83.73303
37.004241	-83.731107
37.002222	-83.728559
37.002246	-83.727926
37.003331	-83.725893
37.003559	-83.722139
37.003267	-83.721495
37.001911	-83.721186
37.000628	-83.721792
36.997084	-83.720998
36.995306	-83.719594
36.995156	-83.717211
36.996073	-83.71633
36.995893	-83.711829
36.996451	-83.710304
36.996168	-83.71008
36.994883	-83.710121
36.994135	-83.709845
36.992753	-83.709874
36.992031	-83.709059
36.992056	-83.708201
36.99258	-83.70745
36.992308	-83.706731
36.992406	-83.706167
36.992074	-83.704097
36.990938	-83.703308
36.989884	-83.703398
36.988887	-83.701287
36.986791	-83.700172
36.986792	-83.699472
36.987494	-83.697679
36.987397	-83.695981
36.986699	-83.694781
36.984903	-83.694074
36.983506	-83.693173
36.983008	-83.692474
36.982613	-83.690582
36.983115	-83.688992
36.982919	-83.687499
36.981723	-83.686006
36.982126	-83.684416
36.983519	-83.682727
36.983615	-83.682241
36.982434	-83.680839
36.980237	-83.68024
36.97974	-83.678748
36.98134	-83.67658
36.981242	-83.676283
36.981758	-83.675219
36.980559	-83.673316
36.979349	-83.673676
36.977852	-83.672481
36.977052	-83.672581
36.976352	-83.673079
36.975952	-83.67288
36.975155	-83.670291
36.975057	-83.668996
36.975258	-83.668098
36.976962	-83.665713
36.976762	-83.664314
36.976962	-83.663515
36.976564	-83.660516
36.974763	-83.659915
36.972764	-83.656716
36.972664	-83.655517
36.971865	-83.654518
36.971365	-83.654519
36.970365	-83.653722
36.968564	-83.654327
36.967864	-83.65423
36.967865	-83.651734
36.967466	-83.650839
36.966466	-83.649949
36.966266	-83.649452
36.965066	-83.648667
36.963666	-83.648186
36.963368	-83.645313
36.962868	-83.644232
36.959669	-83.641445
36.959369	-83.640472
36.960071	-83.637214
36.960872	-83.635717
36.961973	-83.634603
36.962173	-83.633322
36.961273	-83.632474
36.959974	-83.63009
36.960175	-83.628524
36.959675	-83.627285
36.958776	-83.626229
36.958779	-83.624129
36.960281	-83.621529
36.96138	-83.621229
36.961781	-83.620129
36.961183	-83.619129
36.962385	-83.616628
36.962286	-83.616228
36.960289	-83.614529
36.959792	-83.612829
36.958993	-83.611929
36.957295	-83.612129
36.955398	-83.611529
36.954701	-83.610129
36.952507	-83.608029
36.953409	-83.605929
36.954609	-83.604429
36.954313	-83.602011
36.954028	-83.601438
36.954885	-83.599117
36.955119	-83.59703
36.957623	-83.59143
36.957424	-83.59063
36.956726	-83.59013
36.955827	-83.59003
36.955717	-83.58952
36.954725	-83.589319
36.951539	-83.5907
36.950947	-83.588908
36.949852	-83.58861
36.949754	-83.587912
36.949359	-83.587418
36.948067	-83.587111
36.945087	-83.58551
36.943787	-83.58551
36.942189	-83.584213
36.941287	-83.583816
36.941188	-83.581116
36.940789	-83.580315
36.938785	-83.579513
36.937989	-83.578217
36.938487	-83.575913
36.940387	-83.573715
36.940289	-83.572716
36.939987	-83.572212
36.939789	-83.570412
36.939487	-83.56971
36.938286	-83.56971
36.937786	-83.570213
36.937286	-83.570213
36.936386	-83.569511
36.935085	-83.570114
36.934688	-83.569816
36.933986	-83.568413
36.933488	-83.568214
36.932687	-83.56691
36.931388	-83.56601
36.930387	-83.567116
36.928288	-83.567711
36.927788	-83.568512
36.927487	-83.569916
36.928085	-83.571015
36.928187	-83.571717
36.927586	-83.572114
36.926888	-83.572015
36.926185	-83.572411
36.924285	-83.574311
36.923686	-83.574311
36.922887	-83.575212
36.921689	-83.575617
36.918487	-83.575014
36.917687	-83.575213
36.916886	-83.574518
36.916287	-83.574618
36.915688	-83.574213
36.914288	-83.574213
36.912986	-83.574717
36.911086	-83.576517
36.910686	-83.577913
36.909487	-83.578219
36.909087	-83.578914
36.908687	-83.580516
36.907885	-83.58092
36.907086	-83.580714
36.905586	-83.581416
36.904285	-83.581317
36.903186	-83.584018
36.905288	-83.584621
36.905886	-83.585513
36.905986	-83.58652
36.905684	-83.587016
36.905685	-83.587916
36.904587	-83.589321
36.903987	-83.589321
36.903587	-83.589917
36.902186	-83.590916
36.902286	-83.592419
36.902086	-83.593418
36.901285	-83.594318
36.900287	-83.594616
36.899687	-83.595219
36.899285	-83.597218
36.899786	-83.598515
36.900884	-83.599621
36.900984	-83.600315
36.900786	-83.60072
36.899083	-83.601216
36.898183	-83.603322
36.897584	-83.60362
36.896584	-83.604917
36.897184	-83.605916
36.896487	-83.608419
36.896684	-83.610821
36.896987	-83.61172
36.897783	-83.612818
36.897387	-83.613216
36.894785	-83.613619
36.894087	-83.613214
36.890786	-83.615616
36.889888	-83.616714
36.887588	-83.617912
36.884788	-83.618912
36.883784	-83.621117
36.883785	-83.621918
36.884687	-83.623512
36.884685	-83.624313
36.884288	-83.624916
36.884487	-83.625618
36.886288	-83.628319
36.887588	-83.628716
36.888188	-83.629211
36.888287	-83.630417
36.886986	-83.632317
36.886487	-83.634712
36.883286	-83.637215
36.88289	-83.638016
36.882187	-83.638519
36.881687	-83.639816
36.880387	-83.640312
36.879387	-83.641518
36.879289	-83.642914
36.879086	-83.64312
36.877587	-83.642715
36.875087	-83.640465
36.874188	-83.642418
36.873386	-83.64312
36.871288	-83.643814
36.870486	-83.643814
36.868587	-83.642319
36.866886	-83.642113
36.864685	-83.645416
36.863686	-83.648018
36.863686	-83.649216
36.862785	-83.651115
36.863486	-83.654419
36.863286	-83.655014
36.863685	-83.659218
36.863086	-83.660217
36.863889	-83.661514
36.864486	-83.663414
36.863785	-83.664619
36.862884	-83.665016
36.861386	-83.664017
36.859885	-83.664818
36.859385	-83.665817
36.857783	-83.665619
36.856986	-83.666313
36.856887	-83.666817
36.857387	-83.668617
36.857387	-83.669617
36.856887	-83.671616
36.855488	-83.674721
36.854983	-83.677818
36.854983	-83.680016
36.855285	-83.680916
36.855285	-83.682114
36.854884	-83.682716
36.853886	-83.683121
36.852185	-83.683014
36.850986	-83.684517
36.849186	-83.685417
36.847886	-83.688721
36.847386	-83.689316
36.845586	-83.689613
36.844486	-83.689117
36.843486	-83.689117
36.841884	-83.690514
36.839687	-83.691818
36.838788	-83.691917
36.838085	-83.691315
36.837387	-83.690018
36.837085	-83.68882
36.836486	-83.68782
36.835785	-83.68782
36.835186	-83.688614
36.835186	-83.689613
36.834785	-83.69072
36.835086	-83.693115
36.834786	-83.695816
36.834987	-83.696617
36.834786	-83.699219
36.835087	-83.700714
36.835087	-83.702614
36.835884	-83.704414
36.835784	-83.707916
36.835385	-83.708717
36.834285	-83.709618
36.833686	-83.709618
36.832287	-83.708519
36.831386	-83.70842
36.830587	-83.707817
36.829284	-83.707718
36.828286	-83.708618
36.826786	-83.709015
36.826287	-83.709618
36.824787	-83.710113
36.824086	-83.711319
36.823585	-83.713219
36.821185	-83.714218
36.820484	-83.715019
36.820087	-83.716919
36.820785	-83.719116
36.820687	-83.72142
36.816788	-83.725922
36.814987	-83.726921
36.814487	-83.727516
36.814487	-83.72792
36.812985	-83.730515
36.812587	-83.732918
36.812085	-83.733521
36.810985	-83.733917
36.810387	-83.735817
36.809486	-83.73632
36.808987	-83.738014
36.807187	-83.738121
36.805387	-83.738617
36.803388	-83.739616
36.802487	-83.739517
36.800986	-83.738716
36.798886	-83.74012
36.797887	-83.742119
36.796487	-83.74382
36.796985	-83.744118
36.798386	-83.744118
36.799485	-83.744919
36.800244	-83.746156
36.8008	-83.748121
36.80079	-83.750347
36.799868	-83.752921
36.800459	-83.754655
36.800869	-83.754873
36.800619	-83.755569
36.802797	-83.752576
36.805077	-83.752167
36.805588	-83.752418
36.804885	-83.75592
36.803085	-83.758621
36.802788	-83.761421
36.801986	-83.76442
36.802388	-83.766518
36.802987	-83.766922
36.803086	-83.767616
36.800686	-83.771317
36.799286	-83.772316
36.798085	-83.775223
36.798386	-83.776817
36.799385	-83.777519
36.799988	-83.778618
36.801285	-83.779022
36.801686	-83.779518
36.801784	-83.780418
36.802185	-83.78112
36.802586	-83.781319
36.802684	-83.781723
36.802186	-83.782516
36.801784	-83.784019
36.800784	-83.785316
36.800384	-83.78672
36.799286	-83.787521
36.797286	-83.789719
36.792686	-83.791718
36.791885	-83.79232
36.791287	-83.793823
36.790586	-83.794518
36.789386	-83.79512
36.787388	-83.797119
36.784886	-83.798317
36.784386	-83.798218
36.783683	-83.796623
36.780988	-83.797417
36.778285	-83.796516
36.777386	-83.796623
36.776685	-83.797119
36.775887	-83.797218
36.772786	-83.796516
36.772186	-83.796722
36.769387	-83.799522
36.766086	-83.79982
36.765484	-83.800323
36.764386	-83.803619
36.762584	-83.805519
36.761887	-83.808022
36.760785	-83.808922
36.759784	-83.80912
36.756984	-83.810921
36.754887	-83.810318
36.753884	-83.80912
36.752383	-83.809021
36.751286	-83.809319
36.749288	-83.809319
36.748486	-83.809021
36.747986	-83.809219
36.746186	-83.812721
36.745482	-83.813423
36.744884	-83.814919
36.744785	-83.816322
36.743084	-83.820023
36.743688	-83.822319
36.742485	-83.825821
36.742885	-83.828117
36.743384	-83.828918
36.743183	-83.829323
36.740783	-83.82972
36.738883	-83.83062
36.737385	-83.83062
36.736786	-83.830322
36.735387	-83.832024
36.734486	-83.832222
36.732986	-83.831223
36.732283	-83.829521
36.731384	-83.82972
36.730182	-83.831223
36.726184	-83.833717
36.723985	-83.830421
36.723485	-83.830124
36.722985	-83.830322
36.721484	-83.831917
36.719784	-83.833023
36.719784	-83.833618
36.719162	-83.834867
36.719184	-83.83712
36.718483	-83.837219
36.717385	-83.837921
36.716682	-83.83802
36.713084	-83.839722
36.712283	-83.840523
36.711483	-83.842918
36.708884	-83.845024
36.708283	-83.846123
36.708385	-83.847626
36.707184	-83.849625
36.707183	-83.85022
36.706184	-83.852425
36.705586	-83.854523
36.705982	-83.856323
36.706585	-83.857224
36.706685	-83.857819
36.709584	-83.85952
36.710983	-83.859421
36.712982	-83.862419
36.713283	-83.86422
36.713683	-83.864822
36.714885	-83.865623
36.713783	-83.86702
36.713883	-83.868324
36.710183	-83.870224
36.709483	-83.872124
36.707382	-83.872826
36.706185	-83.873726
36.705284	-83.87352
36.704082	-83.874023
36.700486	-83.87162
36.699382	-83.871719
36.697384	-83.874023
36.695682	-83.875023
36.695386	-83.876923
36.694183	-83.87812
36.691582	-83.878624
36.690883	-83.87912
36.690384	-83.879921
36.689884	-83.879822
36.687226	-83.877746
36.691338	-83.885634
36.698544	-83.900436
36.699114	-83.901144
36.704769	-83.913115
36.715512	-83.934513
36.727184	-83.958527
36.742465	-83.95928
36.745787	-83.959787
36.749485	-83.959626
36.760936	-83.968609
36.762985	-83.976898
36.759841	-83.979476
36.759036	-83.980597
36.758714	-83.982495
36.758991	-83.984982
36.758702	-83.986457
36.759352	-83.986699
36.760485	-83.985928
36.76299	-83.98713
36.770124	-83.988173
36.77016	-83.986935
36.775286	-83.982627
36.776386	-83.980027
36.778186	-83.978627
36.778386	-83.977127
36.778886	-83.976527
36.779786	-83.977327
36.780886	-83.977527
36.781186	-83.977827
36.782386	-83.976627
36.783286	-83.977227
36.784086	-83.978427
36.784386	-83.979927
36.785586	-83.980227
36.787486	-83.979527
36.788386	-83.978827
36.789086	-83.977527
36.790486	-83.979527
36.790386	-83.980227
36.790686	-83.980627
36.791483	-83.980633
36.792586	-83.979827
36.793986	-83.979427
36.794586	-83.978327
36.795886	-83.977627
36.797286	-83.977927
36.797386	-83.978327
36.798186	-83.979127
36.798286	-83.980127
36.799186	-83.981627
36.800186	-83.982527
36.800686	-83.983427
36.801886	-83.984328
36.802086	-83.987228
36.801086	-83.989928
36.801086	-83.991628
36.801486	-83.992228
36.801386	-83.994828
36.800286	-83.996328
36.800486	-83.996828
36.800186	-83.997928
36.800786	-83.999628
36.802067	-84.000519
36.802591	-84.00045
36.802486	-83.999828
36.804086	-83.998928
36.805586	-83.999028
36.806186	-83.999828
36.810586	-84.000328
36.811986	-84.002228
36.815287	-84.005028
36.816387	-84.006628
36.816787	-84.007828
36.816687	-84.008428
36.813961	-84.013346
36.813788	-84.014173
36.813987	-84.016029
36.814687	-84.017029
36.815187	-84.018729
36.815287	-84.020029
36.816687	-84.020929
36.817487	-84.023229
36.819287	-84.026329
36.820387	-84.026929
36.822287	-84.026929
36.823987	-84.029129
36.824587	-84.029529
36.827587	-84.030029
36.828087	-84.030629
36.828587	-84.032629
36.829087	-84.033529
36.830287	-84.033329
36.831187	-84.033529
36.833187	-84.034929
36.833987	-84.036329
36.833787	-84.038429
36.835087	-84.039629
36.836487	-84.041529
36.838287	-84.043029
36.839987	-84.042829
36.842187	-84.039529
36.844387	-84.038829
36.846587	-84.039629
36.847187	-84.039429
36.848286	-84.039629
36.849286	-84.041429
36.849686	-84.043129
36.850986	-84.044329
36.851886	-84.045929
36.852056	-84.047989
36.852686	-84.048829
36.854886	-84.050329
36.855486	-84.051229
36.855286	-84.052629
36.854486	-84.053529
36.851686	-84.054429
36.849986	-84.05603
36.850186	-84.05763
36.850986	-84.05853
36.852686	-84.05953
36.852986	-84.06023
36.853186	-84.06223
36.852986	-84.06403
36.853886	-84.06503
36.856186	-84.06543
36.859986	-84.06463
36.863186	-84.06523
36.863886	-84.06453
36.864786	-84.06263
36.866486	-84.06123
36.867286	-84.06023
36.868186	-84.05973
36.868886	-84.06003
36.869086	-84.06333
36.869786	-84.06523
36.874386	-84.06753
36.876286	-84.06743
36.877286	-84.06673
36.879886	-84.06743
36.880587	-84.06733
36.881287	-84.06763
36.882888	-84.06763
36.886316	-84.069575
36.887092	-84.069637
36.88837	-84.068723
36.888957	-84.069399
36.888968	-84.069796
36.888518	-84.070035
36.889534	-84.070083
36.889687	-84.070718
36.890516	-84.070384
36.890796	-84.071505
36.891362	-84.071758
36.891554	-84.072831
36.891774	-84.072277
36.891971	-84.072407
36.891949	-84.073022
36.892438	-84.072797
36.892778	-84.073679
36.89207	-84.074266
36.892509	-84.074663
36.892185	-84.075148
36.894167	-84.077248
36.895144	-84.076605
36.89532	-84.077815
36.896127	-84.077535
36.896237	-84.077767
36.895671	-84.078792
36.896462	-84.079531
36.896462	-84.079907
36.89767	-84.081391
36.899009	-84.082342
36.90025	-84.081857
36.900745	-84.081262
36.902166	-84.082909
36.901661	-84.083279
36.901452	-84.084352
36.902144	-84.085029
36.902792	-84.084537
36.903374	-84.083375
36.904077	-84.085098
36.904955	-84.085392
36.905526	-84.08462
36.906641	-84.084039
36.906932	-84.083492
36.907695	-84.084053
36.907898	-84.084511
36.908403	-84.083437
36.90887	-84.083745
36.909002	-84.083492
36.908662	-84.082562
36.909644	-84.082446
36.910281	-84.082829
36.910594	-84.082426
36.911039	-84.082672
36.912137	-84.082156
36.912181	-84.082593
36.911703	-84.0835
36.912604	-84.084307
36.913043	-84.084327
36.913394	-84.085292
36.913647	-84.084519
36.915547	-84.084137
36.915689	-84.08441
36.916481	-84.084165
36.91659	-84.08476
36.917579	-84.085259
36.917749	-84.085909
36.91872	-84.086381
36.92012	-84.086429
36.920494	-84.08502
36.920796	-84.084911
36.921153	-84.085903
36.921718	-84.086012
36.92202	-84.085472
36.922969	-84.085485
36.923851	-84.085003
36.923705	-84.08405
36.924009	-84.083372
36.924669	-84.08367
36.924515	-84.082616
36.925551	-84.081403
36.926094	-84.081379
36.926304	-84.081894
36.92666	-84.081828
36.926817	-84.081369
36.926685	-84.080595
36.927973	-84.080198
36.929274	-84.080845
36.928948	-84.082074
36.930214	-84.08238
36.930519	-84.081611
36.930977	-84.081837
36.930815	-84.082968
36.931809	-84.082829
36.932184	-84.083345
36.933683	-84.082541
36.934183	-84.082992
36.934704	-84.082945
36.935105	-84.08369
36.936785	-84.084423
36.938306	-84.085989
36.938048	-84.086803
36.939003	-84.087193
36.939135	-84.086448
36.939371	-84.086598
36.939585	-84.087453
36.939332	-84.088198
36.939706	-84.088254
36.940172	-84.087611
36.94054	-84.088288
36.941119	-84.088483
36.94151	-84.090255
36.942105	-84.091241
36.942885	-84.09154
36.943807	-84.09136
36.943632	-84.092101
36.943109	-84.092506
36.943673	-84.092984
36.945219	-84.091422
36.945577	-84.090166
36.946869	-84.09055
36.947922	-84.091375
36.949021	-84.091028
36.951099	-84.093472
36.952563	-84.093272
36.953348	-84.094655
36.95446	-84.094168
36.955038	-84.094556
36.955854	-84.09378
36.956332	-84.092464
36.955946	-84.091679
36.956122	-84.091268
36.95638	-84.091291
