37.559753	-85.525639
37.555427	-85.525319
37.554094	-85.524451
37.554192	-85.521271
37.553532	-85.520906
37.55334	-85.520306
37.553494	-85.519823
37.554482	-85.519263
37.555206	-85.516847
37.556008	-85.515577
37.556282	-85.514383
37.556363	-85.511927
37.555532	-85.508367
37.554422	-85.507367
37.554345	-85.506719
37.553856	-85.506098
37.55374	-85.505318
37.552465	-85.50387
37.551898	-85.502049
37.551475	-85.502187
37.550188	-85.500229
37.549317	-85.499833
37.547736	-85.497893
37.546269	-85.497843
37.545423	-85.498291
37.541946	-85.497653
37.539931	-85.496044
37.538761	-85.495892
37.537695	-85.49516
37.537492	-85.494401
37.537218	-85.494228
37.536646	-85.494579
37.535971	-85.494434
37.534818	-85.49275
37.534238	-85.492432
37.529565	-85.492264
37.528762	-85.490967
37.527265	-85.491066
37.526561	-85.490463
37.525864	-85.490265
37.524562	-85.490967
37.520962	-85.491562
37.519441	-85.491363
37.519378	-85.491595
37.519069	-85.491242
37.516261	-85.491392
37.515635	-85.491694
37.514421	-85.491542
37.514009	-85.490356
37.510961	-85.488795
37.509132	-85.488925
37.509055	-85.488269
37.507869	-85.48822
37.507418	-85.48791
37.507089	-85.488061
37.506017	-85.487495
37.505491	-85.486088
37.504623	-85.484701
37.503689	-85.485501
37.503189	-85.48548
37.501558	-85.483989
37.500564	-85.483437
37.497906	-85.479708
37.494468	-85.475928
37.493837	-85.475914
37.492859	-85.474432
37.491612	-85.473687
37.488602	-85.473906
37.487454	-85.472961
37.486613	-85.473464
37.48374	-85.472863
37.482356	-85.473131
37.48134	-85.472965
37.479245	-85.471032
37.478257	-85.470501
37.477184	-85.469361
37.475417	-85.468778
37.472178	-85.468858
37.47081	-85.468062
37.467526	-85.466828
37.466439	-85.465897
37.465492	-85.466141
37.465669	-85.466663
37.466674	-85.467578
37.466458	-85.468737
37.466954	-85.469835
37.467365	-85.470181
37.467714	-85.471189
37.466624	-85.471706
37.466385	-85.472979
37.466637	-85.474015
37.467274	-85.4747
37.466603	-85.475656
37.465537	-85.480126
37.465833	-85.480943
37.466547	-85.4814
37.46683	-85.482358
37.466631	-85.48296
37.466813	-85.483274
37.467969	-85.483117
37.468127	-85.483309
37.467132	-85.484241
37.466395	-85.485635
37.466836	-85.486957
37.467509	-85.487524
37.467311	-85.488191
37.468125	-85.489398
37.470371	-85.491314
37.471851	-85.491813
37.474214	-85.491228
37.474761	-85.491573
37.47588	-85.491153
37.477289	-85.492686
37.478022	-85.492806
37.479179	-85.492391
37.479701	-85.494343
37.480204	-85.494638
37.479403	-85.495511
37.479715	-85.495931
37.48047	-85.49617
37.480334	-85.49701
37.480609	-85.497263
37.481659	-85.497304
37.482182	-85.497626
37.48269	-85.498606
37.482493	-85.499691
37.482801	-85.500325
37.481971	-85.501868
37.481655	-85.503198
37.480316	-85.504189
37.478432	-85.504854
37.478066	-85.505556
37.477074	-85.506146
37.476826	-85.507376
37.477013	-85.507937
37.476693	-85.50864
37.476089	-85.50901
37.476084	-85.509774
37.475718	-85.51074
37.474631	-85.510896
37.474545	-85.511445
37.475025	-85.513233
37.474221	-85.513119
37.47356	-85.513826
37.473172	-85.515284
37.470563	-85.515585
37.469407	-85.515437
37.469328	-85.514631
37.46903	-85.514409
37.467627	-85.514461
37.466939	-85.515256
37.467085	-85.516165
37.465694	-85.518969
37.465482	-85.519955
37.463958	-85.520402
37.46409	-85.52197
37.462527	-85.523884
37.462698	-85.52505
37.462161	-85.526022
37.460884	-85.526795
37.4606	-85.526574
37.459269	-85.526598
37.457561	-85.527638
37.455114	-85.527463
37.454193	-85.52849
37.454552	-85.530284
37.454243	-85.531736
37.453368	-85.533083
37.454294	-85.534294
37.454591	-85.535729
37.455304	-85.536374
37.456236	-85.539214
37.456136	-85.540259
37.455438	-85.54139
37.454872	-85.541716
37.454872	-85.54239
37.455682	-85.543398
37.457969	-85.544103
37.458145	-85.545703
37.458688	-85.546563
37.458545	-85.548228
37.459183	-85.550204
37.460346	-85.550048
37.460666	-85.550379
37.460776	-85.552061
37.459994	-85.552457
37.459328	-85.554133
37.459101	-85.555456
37.458533	-85.555766
37.458377	-85.557097
37.459003	-85.557792
37.459167	-85.561593
37.459787	-85.562583
37.459298	-85.564046
37.459702	-85.565209
37.460832	-85.566265
37.462426	-85.565967
37.463927	-85.567636
37.464197	-85.568349
37.464013	-85.56979
37.464632	-85.570701
37.465119	-85.57259
37.464441	-85.573755
37.464821	-85.575678
37.465031	-85.575813
37.465132	-85.576631
37.464856	-85.576971
37.464772	-85.577711
37.465558	-85.57837
37.465311	-85.579894
37.467592	-85.580872
37.467826	-85.582676
37.468412	-85.583199
37.471244	-85.584177
37.470767	-85.58486
37.468931	-85.586085
37.469314	-85.586778
37.469139	-85.589181
37.468784	-85.590395
37.469586	-85.591273
37.470538	-85.594599
37.468995	-85.59813
37.468426	-85.598241
37.468028	-85.598787
37.466752	-85.598853
37.466271	-85.600505
37.467144	-85.601674
37.467281	-85.60321
37.466182	-85.603295
37.46574	-85.603607
37.465539	-85.604202
37.465654	-85.605173
37.461832	-85.606219
37.460582	-85.606852
37.459759	-85.607783
37.459481	-85.609254
37.459704	-85.610505
37.462737	-85.611167
37.46287	-85.611746
37.462533	-85.615172
37.463398	-85.615372
37.465238	-85.617153
37.468358	-85.617613
37.468538	-85.617924
37.46832	-85.618421
37.467341	-85.61894
37.467387	-85.619325
37.468782	-85.620122
37.468939	-85.620506
37.467585	-85.623531
37.468018	-85.624945
37.468935	-85.625895
37.46948	-85.625891
37.47043	-85.626816
37.471153	-85.628042
37.471297	-85.632015
37.472092	-85.63407
37.471831	-85.634569
37.471014	-85.634416
37.469856	-85.634867
37.469218	-85.635482
37.46776	-85.635358
37.467685	-85.636177
37.466998	-85.63677
37.466079	-85.636925
37.465494	-85.636523
37.465001	-85.636564
37.464124	-85.637567
37.462798	-85.638235
37.461396	-85.639415
37.460358	-85.639432
37.459623	-85.64009
37.459152	-85.63964
37.458618	-85.638162
37.456694	-85.638039
37.455514	-85.638691
37.454408	-85.638275
37.454045	-85.639211
37.453125	-85.63982
37.45227	-85.641956
37.452293	-85.642607
37.451374	-85.64265
37.449528	-85.644986
37.449761	-85.646351
37.449537	-85.64832
37.448698	-85.6486
37.447918	-85.650498
37.448823	-85.652515
37.447926	-85.653791
37.447443	-85.655073
37.446455	-85.655815
37.445525	-85.655813
37.444296	-85.657773
37.440837	-85.660596
37.441371	-85.661454
37.441282	-85.661758
37.439581	-85.662675
37.438797	-85.6627
37.438264	-85.663491
37.437342	-85.664202
37.436999	-85.6655
37.436733	-85.665724
37.435315	-85.665711
37.434932	-85.665072
37.433401	-85.664148
37.432045	-85.664631
37.431418	-85.664029
37.430509	-85.662127
37.430857	-85.660912
37.428391	-85.659163
37.427211	-85.659249
37.425738	-85.658882
37.42467	-85.658105
37.42312	-85.658354
37.422	-85.6574
37.422281	-85.660513
37.422718	-85.676931
37.422976	-85.678826
37.425333	-85.733331
37.431147	-85.75028
37.440312	-85.892882
37.449	-85.891645
37.451225	-85.891558
37.454105	-85.891931
37.458951	-85.893705
37.464572	-85.893543
37.468638	-85.894698
37.471706	-85.894728
37.472725	-85.894314
37.472465	-85.893382
37.472553	-85.891652
37.472307	-85.890281
37.472547	-85.889359
37.473808	-85.888628
37.474912	-85.888433
37.478634	-85.88877
37.480858	-85.88747
37.484348	-85.886485
37.543632	-85.875877
37.544365	-85.875545
37.545859	-85.874063
37.568712	-85.838666
37.568679	-85.838245
37.569041	-85.838349
37.569118	-85.837776
37.56886	-85.837458
37.569047	-85.8373
37.568596	-85.837113
37.568459	-85.836457
37.569097	-85.835788
37.568954	-85.835401
37.569795	-85.834829
37.56963	-85.83458
37.569712	-85.833724
37.570383	-85.833207
37.570075	-85.832289
37.570723	-85.831606
37.571691	-85.828769
37.572784	-85.827182
37.572559	-85.827037
37.57329	-85.825939
37.573762	-85.824303
37.573279	-85.822377
37.574054	-85.8209
37.575345	-85.82099
37.575614	-85.82137
37.576779	-85.820839
37.577587	-85.820017
37.578372	-85.819824
37.578433	-85.819389
37.579399	-85.819872
37.579658	-85.819403
37.580405	-85.819051
37.580603	-85.819583
37.58118	-85.819265
37.581943	-85.819555
37.583064	-85.818885
37.583586	-85.819313
37.584361	-85.819238
37.585525	-85.818168
37.585597	-85.817809
37.587635	-85.816697
37.587816	-85.81629
37.588668	-85.81582
37.58997	-85.813349
37.591223	-85.812299
37.592294	-85.812272
37.59225	-85.811781
37.592975	-85.810877
37.593634	-85.810884
37.593706	-85.810117
37.594162	-85.809441
37.594123	-85.808957
37.594662	-85.808847
37.595469	-85.808032
37.595843	-85.808004
37.59642	-85.807086
37.597535	-85.806478
37.599062	-85.806437
37.60121	-85.80732
37.601787	-85.806934
37.602364	-85.80451
37.602946	-85.804606
37.603182	-85.803018
37.604446	-85.802238
37.605281	-85.802203
37.605753	-85.801112
37.606176	-85.801395
37.606489	-85.801084
37.606341	-85.800573
37.606813	-85.799986
37.606632	-85.799765
37.606808	-85.799213
37.607544	-85.798584
37.608093	-85.797348
37.609054	-85.797389
37.609302	-85.797686
37.611444	-85.79821
37.610901	-85.79877
37.611258	-85.799184
37.612406	-85.799598
37.613807	-85.799211
37.613681	-85.800171
37.614345	-85.800523
37.614345	-85.800951
37.615142	-85.800785
37.617867	-85.802111
37.618719	-85.802028
37.619757	-85.803078
37.621642	-85.803533
37.622839	-85.802069
37.62329	-85.801979
37.624564	-85.798753
37.626007	-85.797187
37.626303	-85.795889
37.62694	-85.795136
37.627385	-85.794037
37.626715	-85.792718
37.627005	-85.790438
37.627461	-85.790093
37.627324	-85.789485
37.628741	-85.786977
37.62907	-85.78525
37.628921	-85.784373
37.629289	-85.783613
37.629514	-85.7798
37.62986	-85.779302
37.630941	-85.775876
37.630661	-85.775503
37.631693	-85.774176
37.632127	-85.774839
37.633797	-85.775004
37.635089	-85.775784
37.635429	-85.776288
37.638242	-85.776321
37.639418	-85.775858
37.639297	-85.775312
37.639746	-85.772569
37.64029	-85.771746
37.64057	-85.771843
37.640856	-85.771104
37.643052	-85.768394
37.64369	-85.768919
37.644283	-85.76858
37.644392	-85.767626
37.644821	-85.766928
37.644617	-85.766369
37.645616	-85.763909
37.646325	-85.76359
37.646544	-85.762906
37.64633	-85.762436
37.647246	-85.760481
37.647399	-85.758463
37.647969	-85.756175
37.647441	-85.754559
37.647336	-85.752625
37.647929	-85.752541
37.64849	-85.74945
37.648315	-85.747958
37.648794	-85.746251
37.649327	-85.745637
37.649415	-85.745015
37.648927	-85.743308
37.650555	-85.739226
37.651424	-85.738349
37.652132	-85.738135
37.653446	-85.736726
37.656589	-85.7344
37.667933	-85.727054
37.679747	-85.718104
37.732157	-85.680439
37.73147	-85.679966
37.731075	-85.67893
37.730041	-85.678286
37.729294	-85.677186
37.729256	-85.676637
37.730189	-85.674722
37.731765	-85.672565
37.732204	-85.671398
37.731897	-85.670748
37.73097	-85.671246
37.729997	-85.671199
37.729642	-85.670834
37.729239	-85.669462
37.728896	-85.666697
37.72781	-85.664914
37.727185	-85.664725
37.725505	-85.665237
37.724649	-85.664896
37.725186	-85.662748
37.724936	-85.660662
37.724244	-85.659284
37.722184	-85.658697
37.721629	-85.658084
37.720667	-85.656053
37.72066	-85.655548
37.721529	-85.653535
37.721283	-85.652326
37.719671	-85.652368
37.71826	-85.651829
37.718294	-85.650118
37.716503	-85.645946
37.715814	-85.645444
37.714217	-85.645668
37.712691	-85.645467
37.712381	-85.645188
37.712364	-85.643302
37.712053	-85.642607
37.711553	-85.642217
37.708858	-85.643885
37.7085	-85.644719
37.708584	-85.646551
37.708331	-85.646954
37.707771	-85.647126
37.706988	-85.646359
37.705577	-85.643287
37.705277	-85.640611
37.704581	-85.640018
37.704226	-85.640068
37.703089	-85.641471
37.702387	-85.641662
37.701954	-85.641216
37.701602	-85.638776
37.70052	-85.637454
37.699677	-85.63725
37.696944	-85.638049
37.696163	-85.637743
37.695913	-85.637318
37.696323	-85.636246
37.696297	-85.635514
37.695975	-85.635097
37.694312	-85.634548
37.693966	-85.63386
37.694942	-85.632249
37.696152	-85.628762
37.69596	-85.627775
37.694251	-85.62668
37.694213	-85.62581
37.695019	-85.623216
37.697168	-85.618121
37.697815	-85.614345
37.699672	-85.609199
37.700802	-85.606875
37.700772	-85.606096
37.69971	-85.603758
37.699551	-85.60106
37.696851	-85.595959
37.695178	-85.594443
37.693942	-85.59259
37.691774	-85.591606
37.689658	-85.592872
37.687517	-85.593451
37.683979	-85.592383
37.682701	-85.592564
37.681708	-85.593118
37.680923	-85.594013
37.679976	-85.594284
37.67886	-85.595086
37.675872	-85.595831
37.669104	-85.596877
37.668533	-85.596082
37.669429	-85.59439
37.669604	-85.593076
37.668635	-85.592245
37.66761	-85.592435
37.666423	-85.593248
37.665779	-85.594952
37.664205	-85.597108
37.662616	-85.597423
37.658916	-85.596148
37.6581	-85.596264
37.657873	-85.597401
37.658026	-85.600004
37.657692	-85.601134
37.655906	-85.601964
37.654665	-85.601815
37.652579	-85.599298
37.652726	-85.598494
37.653728	-85.597203
37.65477	-85.596364
37.654928	-85.595283
37.65429	-85.594958
37.653165	-85.595255
37.651344	-85.597447
37.650594	-85.597921
37.649727	-85.598027
37.648986	-85.597594
37.64819	-85.597523
37.6466	-85.599911
37.645654	-85.600181
37.644779	-85.599614
37.644286	-85.59973
37.642874	-85.601265
37.640821	-85.601185
37.639708	-85.601618
37.638666	-85.599923
37.638478	-85.598568
37.638755	-85.597194
37.639612	-85.595463
37.640175	-85.595337
37.641381	-85.595995
37.642351	-85.595997
37.642939	-85.595315
37.642979	-85.594527
37.642274	-85.592601
37.642154	-85.591191
37.642668	-85.589645
37.643917	-85.58956
37.64449	-85.588077
37.644692	-85.586458
37.644324	-85.583841
37.643828	-85.583082
37.64228	-85.581781
37.640926	-85.579393
37.639603	-85.577784
37.638836	-85.57596
37.638597	-85.573599
37.638338	-85.573084
37.637566	-85.572871
37.636785	-85.57381
37.635992	-85.573784
37.634677	-85.57268
37.632063	-85.573602
37.628784	-85.573881
37.628161	-85.573324
37.62754	-85.57111
37.625389	-85.569895
37.623328	-85.568209
37.622906	-85.568315
37.622207	-85.569794
37.621754	-85.569951
37.619981	-85.569373
37.618888	-85.570447
37.618352	-85.570477
37.617726	-85.569875
37.617379	-85.570016
37.616929	-85.571046
37.616817	-85.573502
37.61803	-85.574665
37.620252	-85.57587
37.621799	-85.578828
37.622728	-85.579617
37.623158	-85.579603
37.623829	-85.578633
37.625018	-85.578368
37.62617	-85.578991
37.626729	-85.580063
37.625825	-85.582492
37.625922	-85.584044
37.62548	-85.585165
37.622576	-85.588099
37.621508	-85.587153
37.620936	-85.587602
37.62099	-85.589068
37.62054	-85.590098
37.619566	-85.59005
37.619587	-85.589035
37.618523	-85.587527
37.617621	-85.58747
37.615988	-85.588943
37.61369	-85.592719
37.613268	-85.594067
37.613601	-85.596276
37.615763	-85.598043
37.616007	-85.599204
37.615721	-85.600901
37.615799	-85.601812
37.617016	-85.60302
37.617385	-85.603982
37.617285	-85.605745
37.616376	-85.608127
37.616814	-85.611149
37.615968	-85.613846
37.61521	-85.615057
37.61467	-85.615454
37.613498	-85.61562
37.612259	-85.614137
37.611594	-85.61391
37.610111	-85.614209
37.607748	-85.612195
37.607327	-85.611472
37.606227	-85.607853
37.606223	-85.604033
37.605386	-85.601391
37.604352	-85.599373
37.60285	-85.594846
37.602772	-85.593935
37.603093	-85.592649
37.605303	-85.58953
37.605733	-85.588272
37.605352	-85.587175
37.604945	-85.58705
37.603636	-85.589351
37.601921	-85.589455
37.600828	-85.590942
37.60031	-85.592443
37.598873	-85.594945
37.597821	-85.595232
37.597588	-85.595034
37.597471	-85.593671
37.597656	-85.592909
37.597382	-85.591796
37.596331	-85.590426
37.594727	-85.590975
37.594146	-85.592161
37.594255	-85.592605
37.595121	-85.593495
37.595212	-85.594126
37.595007	-85.594662
37.594526	-85.594913
37.593514	-85.596528
37.592191	-85.596991
37.591784	-85.597693
37.591878	-85.598369
37.593021	-85.59913
37.593406	-85.600272
37.593475	-85.602332
37.592796	-85.603624
37.591356	-85.604839
37.591398	-85.605753
37.590838	-85.606752
37.590089	-85.606812
37.589081	-85.605113
37.588424	-85.604561
37.587472	-85.605614
37.585721	-85.60655
37.584433	-85.606181
37.583768	-85.605537
37.583593	-85.60225
37.582739	-85.601082
37.582223	-85.601338
37.581694	-85.602288
37.581677	-85.602934
37.579728	-85.60491
37.578663	-85.605059
37.578309	-85.604695
37.578382	-85.603444
37.578225	-85.603283
37.577187	-85.60375
37.576228	-85.605541
37.575817	-85.605783
37.572518	-85.605833
37.571029	-85.605213
37.570517	-85.604687
37.569177	-85.604141
37.56602	-85.604999
37.564868	-85.605804
37.564043	-85.607071
37.564255	-85.608282
37.563492	-85.609861
37.56285	-85.609906
37.562606	-85.609573
37.562375	-85.607719
37.561997	-85.607497
37.559872	-85.60784
37.558237	-85.60761
37.557478	-85.608408
37.557293	-85.60917
37.557505	-85.610382
37.558237	-85.610968
37.559309	-85.61091
37.559971	-85.611506
37.560111	-85.612728
37.559764	-85.613282
37.558465	-85.614064
37.557882	-85.614788
37.556873	-85.618103
37.554701	-85.619145
37.552698	-85.619655
37.552441	-85.620013
37.552687	-85.621635
37.552421	-85.622552
37.551917	-85.623122
37.549056	-85.623249
37.548555	-85.623686
37.547803	-85.623689
37.547051	-85.622887
37.546388	-85.623532
37.545728	-85.626005
37.545097	-85.626186
37.544002	-85.625972
37.540589	-85.624161
37.540451	-85.623812
37.540703	-85.62341
37.542139	-85.622563
37.54277	-85.621556
37.542894	-85.620066
37.542018	-85.618628
37.541071	-85.619311
37.540571	-85.618508
37.540548	-85.617822
37.541185	-85.616445
37.541226	-85.61483
37.540781	-85.613835
37.540711	-85.613017
37.540995	-85.612564
37.542978	-85.612239
37.544434	-85.610794
37.544689	-85.608734
37.545699	-85.60712
37.54791	-85.607361
37.548207	-85.606631
37.547791	-85.604585
37.547873	-85.603528
37.54722	-85.60195
37.546566	-85.601288
37.545282	-85.601147
37.544921	-85.602072
37.545033	-85.603836
37.544112	-85.605397
37.543144	-85.604538
37.542428	-85.603304
37.539931	-85.601403
37.539354	-85.601393
37.538615	-85.6003
37.538525	-85.59967
37.538868	-85.59907
37.540052	-85.598627
37.541214	-85.599199
37.54389	-85.598594
37.544502	-85.598185
37.545461	-85.596394
37.545419	-85.595896
37.544422	-85.595161
37.541376	-85.594396
37.54054	-85.59511
37.540007	-85.595185
37.539622	-85.594871
37.538609	-85.594785
37.537862	-85.596544
37.536663	-85.597633
37.536098	-85.598999
37.535352	-85.599104
37.534258	-85.598063
37.532931	-85.595997
37.532696	-85.594928
37.532047	-85.59364
37.532268	-85.593286
37.532911	-85.593242
37.533639	-85.593783
37.534135	-85.593713
37.534479	-85.593114
37.53446	-85.592472
37.532086	-85.589497
37.531925	-85.588876
37.53297	-85.58767
37.532972	-85.58643
37.530896	-85.584424
37.529655	-85.579588
37.528281	-85.576977
37.527866	-85.572989
37.527182	-85.57088
37.526335	-85.569803
37.525335	-85.56944
37.524712	-85.568884
37.523941	-85.567015
37.523197	-85.56588
37.522945	-85.564627
37.524063	-85.56093
37.524675	-85.560109
37.525396	-85.559796
37.527671	-85.55987
37.530426	-85.55893
37.530333	-85.556184
37.530495	-85.555564
37.531337	-85.554842
37.532046	-85.553552
37.531778	-85.552118
37.530467	-85.550649
37.529995	-85.548922
37.529983	-85.547959
37.53052	-85.547101
37.53333	-85.548037
37.534724	-85.549219
37.541123	-85.552635
37.542116	-85.552495
37.542444	-85.552128
37.542023	-85.550577
37.542574	-85.550315
37.544384	-85.550887
37.544971	-85.550206
37.545562	-85.548743
37.547033	-85.548719
37.54924	-85.550568
37.552834	-85.551441
37.554075	-85.551264
37.555535	-85.549863
37.558069	-85.548861
37.558251	-85.547638
37.55897	-85.546388
37.560914	-85.544365
37.561785	-85.544886
37.562341	-85.544256
37.562566	-85.543532
37.56242	-85.542679
37.562783	-85.542306
37.562732	-85.541301
37.562169	-85.540186
37.561792	-85.537893
37.562952	-85.535107
37.562802	-85.534208
37.560663	-85.531062
37.560798	-85.530123
37.562808	-85.528045
37.562757	-85.52704
37.561832	-85.525884
37.559753	-85.525639
