#GsakName=Centre
9.25477,1.46210
9.24104,1.47511
9.23691,1.47767
9.23349,1.48300
9.21450,1.50251
9.19070,1.52597
9.17519,1.55378
9.17015,1.55912
9.13164,1.57915
9.12774,1.58217
9.11149,1.59773
9.09728,1.60564
9.07092,1.61760
9.06779,1.61689
9.06341,1.61602
9.04363,1.62428
9.04229,1.62483
9.01485,1.62796
8.99912,1.62974
8.97477,1.62423
8.97224,1.62539
8.97109,1.62520
8.95455,1.62241
8.94170,1.62636
8.91944,1.62786
8.91368,1.62824
8.90898,1.62966
8.88125,1.63071
8.87252,1.63086
8.84726,1.63130
8.82934,1.62928
8.82085,1.63163
8.79376,1.63311
8.76207,1.63161
8.72854,1.63173
8.71315,1.63154
8.68629,1.63120
8.66011,1.63037
8.64771,1.62857
8.63509,1.63023
8.59169,1.63016
8.58732,1.63024
8.54142,1.63104
8.51869,1.63112
8.50403,1.64086
8.49075,1.64898
8.47767,1.65019
8.46962,1.64583
8.44951,1.63020
8.43954,1.63303
8.43403,1.63119
8.42897,1.62658
8.41428,1.62775
8.39477,1.62294
8.38513,1.62243
8.38191,1.62226
8.37410,1.61974
8.36596,1.62150
8.36611,1.60722
8.36667,1.59056
8.36722,1.57333
8.36806,1.55583
8.36778,1.53833
8.36778,1.52083
8.36861,1.50361
8.36917,1.48611
8.36917,1.46861
8.36972,1.45139
8.36972,1.43444
8.36945,1.41694
8.37028,1.39972
8.37083,1.38222
8.37139,1.36500
8.37083,1.34750
8.37139,1.33000
8.37194,1.31250
8.37250,1.29528
8.37250,1.27833
8.37250,1.26111
8.37306,1.24361
8.37361,1.22750
8.36972,1.23139
8.37056,1.23639
8.36528,1.23861
8.36084,1.23667
8.35695,1.23333
8.35250,1.23083
8.34639,1.22917
8.34417,1.23056
8.33778,1.23111
8.33111,1.23111
8.32500,1.22944
8.31806,1.22944
8.31111,1.22944
8.30417,1.22917
8.29806,1.23000
8.29222,1.23139
8.28778,1.23361
8.28417,1.23667
8.27972,1.23889
8.27389,1.24028
8.26695,1.24028
8.26028,1.24000
8.25528,1.24083
8.25028,1.24306
8.24500,1.24528
8.23944,1.24611
8.23333,1.24528
8.22806,1.24389
8.22250,1.24278
8.21694,1.24333
8.21250,1.24556
8.20806,1.24806
8.20417,1.25167
8.20167,1.25556
8.19917,1.26028
8.19472,1.26250
8.18917,1.26389
8.18278,1.26444
8.17583,1.26444
8.16972,1.26444
8.16278,1.26417
8.15667,1.26361
8.15139,1.26222
8.14667,1.25944
8.14139,1.25833
8.13611,1.25694
8.13000,1.25611
8.12305,1.25611
8.11611,1.25611
8.11000,1.25583
8.10445,1.25472
8.09917,1.25333
8.09333,1.25111
8.08778,1.25000
8.08167,1.25055
8.07528,1.25111
8.06972,1.25194
8.06361,1.25194
8.05722,1.25111
8.05194,1.24972
8.04750,1.24722
8.04361,1.24389
8.03833,1.24278
8.03305,1.24000
8.02917,1.23750
8.02472,1.23556
8.02028,1.23278
8.01472,1.23278
8.01083,1.23583
8.00833,1.24056
8.00555,1.24500
8.00111,1.24167
7.99806,1.23806
7.99528,1.23417
7.99222,1.23028
7.99000,1.22583
7.98750,1.22194
7.98472,1.21750
7.98167,1.21361
7.97861,1.21000
7.97639,1.20556
7.97333,1.20167
7.97194,1.19667
7.97028,1.19139
7.96889,1.18639
7.96861,1.18361
7.96750,1.17583
7.96667,1.16944
7.96583,1.16583
7.96444,1.15889
7.96389,1.15306
7.96361,1.14833
7.96222,1.14250
7.96083,1.13667
7.95945,1.13167
7.95861,1.12667
7.95778,1.12111
7.95639,1.11528
7.95555,1.10972
7.95417,1.10472
7.95389,1.09972
7.95250,1.09389
7.95167,1.08917
7.95028,1.08333
7.94972,1.07778
7.94889,1.07139
7.94889,1.06500
7.95028,1.05889
7.95305,1.05444
7.95555,1.04972
7.95750,1.04444
7.95945,1.04055
7.96195,1.03528
7.96269,1.03323
7.96417,1.02917
7.96556,1.02306
7.96639,1.01611
7.96778,1.00944
7.96833,1.00333
7.96972,0.99722
7.97111,0.99111
7.97250,0.98556
7.97389,0.98028
7.97667,0.97417
7.97917,0.96972
7.98056,0.96278
7.97917,0.95778
7.97750,0.95278
7.97611,0.94833
7.97417,0.94528
7.97139,0.94028
7.96944,0.93444
7.96778,0.92945
7.96639,0.92361
7.96500,0.91861
7.96472,0.91361
7.96333,0.90806
7.96195,0.90278
7.96111,0.89722
7.96056,0.89167
7.95972,0.88528
7.95889,0.87944
7.95889,0.87389
7.95972,0.86722
7.96056,0.86083
7.96195,0.85417
7.96444,0.84945
7.96695,0.84500
7.96972,0.84028
7.96972,0.83417
7.96500,0.83222
7.95972,0.83028
7.95500,0.82833
7.95083,0.82500
7.94833,0.82139
7.94611,0.81750
7.94389,0.81250
7.94222,0.80806
7.94028,0.80222
7.93861,0.79639
7.93722,0.79139
7.93639,0.78722
7.93500,0.78083
7.93361,0.77583
7.93278,0.77083
7.93195,0.76500
7.93111,0.75945
7.93056,0.75389
7.93111,0.74694
7.93250,0.74083
7.93389,0.73472
7.93528,0.72861
7.93444,0.72361
7.93222,0.71972
7.93000,0.71472
7.92778,0.71028
7.92611,0.70528
7.92305,0.70139
7.92000,0.69833
7.91556,0.69500
7.91194,0.69167
7.90750,0.68861
7.90361,0.68583
7.90056,0.68139
7.89917,0.67639
7.89972,0.67083
7.89917,0.66444
7.89834,0.65889
7.89834,0.65278
7.89834,0.64639
7.89834,0.64000
7.89750,0.63444
7.89695,0.62805
7.89664,0.61516
7.92064,0.61351
7.92385,0.60913
7.93447,0.60671
7.97530,0.59739
7.97709,0.59765
8.00000,0.60108
8.00372,0.60722
8.01815,0.60389
8.03852,0.59706
8.04657,0.59838
8.07428,0.59195
8.08920,0.59138
8.12017,0.59138
8.13558,0.59541
8.14347,0.60733
8.15611,0.60977
8.16712,0.60946
8.17353,0.60780
8.18950,0.59363
8.19706,0.59173
8.20557,0.59489
8.21021,0.60246
8.22093,0.62404
8.23195,0.62580
8.23750,0.63061
8.23750,0.63153
8.24788,0.63790
8.25708,0.64083
8.25870,0.64335
8.25955,0.66617
8.26282,0.67490
8.27598,0.68541
8.28132,0.69390
8.28183,0.70173
8.28030,0.71281
8.28406,0.72523
8.28981,0.72795
8.30727,0.73037
8.33274,0.72973
8.33753,0.72393
8.34209,0.71998
8.35391,0.72205
8.35435,0.71857
8.35709,0.71510
8.36374,0.71345
8.38440,0.71428
8.38827,0.70827
8.39699,0.70776
8.39880,0.70153
8.39810,0.69807
8.39974,0.69635
8.41021,0.68533
8.42044,0.66384
8.42960,0.65918
8.46356,0.65556
8.47700,0.65125
8.48258,0.64947
8.49197,0.64366
8.49775,0.63313
8.50062,0.62793
8.50887,0.62489
8.51388,0.61633
8.52105,0.58804
8.52131,0.58699
8.52632,0.57912
8.54987,0.55893
8.55510,0.54921
8.55644,0.54136
8.55872,0.53812
8.56680,0.53574
8.57361,0.53250
8.57381,0.52743
8.56734,0.51962
8.56869,0.51292
8.57578,0.50873
8.57805,0.50387
8.58171,0.50062
8.59638,0.49639
8.59957,0.49175
8.59811,0.47561
8.60405,0.47004
8.60655,0.46613
8.65272,0.43807
8.66187,0.43430
8.66827,0.43010
8.67693,0.42264
8.69957,0.41045
8.71419,0.40110
8.73202,0.39149
8.73802,0.38711
8.74002,0.38565
8.74947,0.38167
8.75214,0.38517
8.75563,0.38648
8.75698,0.38699
8.75909,0.39552
8.76185,0.39689
8.76460,0.39572
8.77282,0.38644
8.77654,0.38521
8.77924,0.38432
8.78613,0.38590
8.79052,0.39003
8.79285,0.39579
8.79223,0.40757
8.79455,0.41356
8.79390,0.41887
8.78338,0.42794
8.78387,0.43417
8.79033,0.43829
8.79561,0.43475
8.79834,0.43293
8.80064,0.43477
8.80113,0.44031
8.80485,0.44466
8.80761,0.44789
8.80923,0.45227
8.80856,0.45597
8.79575,0.46505
8.79485,0.46851
8.80877,0.49338
8.81292,0.49728
8.82877,0.49927
8.84073,0.50244
8.84455,0.50687
8.84306,0.51417
8.84445,0.51917
8.84528,0.52555
8.84667,0.53139
8.84889,0.53583
8.85194,0.53972
8.85584,0.54361
8.86111,0.54556
8.86556,0.54750
8.86945,0.55083
8.87250,0.55472
8.87250,0.56167
8.87111,0.56778
8.87028,0.57389
8.87167,0.57972
8.87333,0.58472
8.87694,0.58806
8.88000,0.59194
8.88611,0.59250
8.89194,0.59111
8.89500,0.58722
8.89694,0.58250
8.89945,0.57861
8.90639,0.57861
8.91167,0.58083
8.91556,0.58389
8.91861,0.58778
8.92000,0.59361
8.92222,0.59861
8.92389,0.60305
8.92611,0.60833
8.92833,0.61278
8.93195,0.61667
8.93583,0.62000
8.93972,0.62306
8.94195,0.62750
8.94556,0.63083
8.95111,0.63222
8.95722,0.63361
8.96333,0.63417
8.96861,0.63556
8.97417,0.63694
8.97778,0.64000
8.98167,0.64333
8.98306,0.64833
8.98389,0.65472
8.98250,0.66028
8.98250,0.66583
8.98333,0.67167
8.98722,0.67472
8.99083,0.67805
8.99472,0.68055
8.99917,0.68389
9.00389,0.68583
9.00694,0.68972
9.01000,0.69361
9.01222,0.69806
9.01222,0.70500
9.01361,0.71083
9.01750,0.71333
9.02278,0.71528
9.02722,0.71778
9.03194,0.71972
9.03722,0.72111
9.04195,0.72389
9.04639,0.72639
9.04945,0.73028
9.05250,0.73472
9.05111,0.74028
9.04778,0.74472
9.04528,0.74861
9.04528,0.75500
9.04750,0.76028
9.05056,0.76333
9.05361,0.76778
9.05361,0.77361
9.05111,0.77806
9.04667,0.78028
9.04167,0.78194
9.03528,0.78250
9.02944,0.78417
9.02528,0.78555
9.02500,0.79333
9.02333,0.79722
9.02055,0.80194
9.01806,0.80722
9.01611,0.81250
9.01389,0.81861
9.01306,0.82556
9.01306,0.83194
9.01306,0.83833
9.01222,0.84500
9.01028,0.85056
9.00778,0.85500
9.00500,0.86028
9.00417,0.86722
9.00417,0.87361
9.00417,0.88000
9.00500,0.88556
9.00667,0.89084
9.00805,0.89583
9.00889,0.90000
9.01028,0.90583
9.01111,0.91167
9.01250,0.91667
9.01250,0.92305
9.01333,0.92945
9.01389,0.93500
9.01472,0.94139
9.01611,0.94639
9.01778,0.95083
9.02000,0.95528
9.02222,0.95972
9.02528,0.96306
9.02917,0.96611
9.03306,0.96944
9.03750,0.97278
9.04195,0.97472
9.04667,0.97722
9.05028,0.98139
9.05195,0.98556
9.05389,0.99167
9.05611,0.99611
9.05917,0.99972
9.06389,1.00250
9.06917,1.00306
9.07500,1.00111
9.07944,0.99861
9.08389,0.99639
9.08750,0.99417
9.09194,0.99167
9.09722,0.98944
9.10195,0.98861
9.10695,0.98722
9.11333,0.98722
9.11889,0.98722
9.12583,0.98722
9.13194,0.98806
9.13805,0.98806
9.14444,0.98806
9.15000,0.98722
9.15556,0.98639
9.16194,0.98583
9.16806,0.98583
9.17444,0.98583
9.18056,0.98722
9.18639,0.98861
9.19194,0.99083
9.19722,0.99278
9.20167,0.99528
9.20472,0.99917
9.20778,1.00306
9.21000,1.00750
9.21139,1.01278
9.21306,1.01778
9.21360,1.01866
9.21361,1.02555
9.21222,1.03167
9.21278,1.03806
9.21417,1.04306
9.21639,1.04833
9.21889,1.05222
9.22111,1.05667
9.22389,1.06111
9.22611,1.06639
9.22778,1.07056
9.22917,1.07639
9.22917,1.08222
9.23000,1.08778
9.23000,1.09333
9.22861,1.09944
9.22778,1.10639
9.22695,1.11333
9.22583,1.11945
9.22361,1.12500
9.22222,1.13111
9.22084,1.13722
9.21944,1.14333
9.21750,1.14944
9.21611,1.15639
9.21528,1.16195
9.21444,1.16944
9.21250,1.17472
9.21250,1.18111
9.21250,1.18750
9.21250,1.19389
9.21306,1.19945
9.21306,1.20583
9.21389,1.21139
9.21528,1.21667
9.21583,1.22306
9.21694,1.22722
9.21833,1.23250
9.21972,1.23750
9.22194,1.24278
9.22417,1.24861
9.22555,1.25278
9.22806,1.25750
9.22944,1.26167
9.23111,1.26695
9.23250,1.27195
9.23417,1.27639
9.23639,1.28083
9.23778,1.28667
9.23917,1.29167
9.24056,1.29750
9.24222,1.30250
9.24361,1.30695
9.24500,1.31278
9.24611,1.31722
9.24750,1.32222
9.24833,1.32778
9.25028,1.33306
9.25111,1.33806
9.25250,1.34444
9.25250,1.35028
9.25111,1.35639
9.25056,1.36250
9.25139,1.36750
9.29782,1.43123
9.28274,1.44740
9.27894,1.45008
9.27449,1.45322
9.26234,1.45975
9.25477,1.46210
