51.13332260000001, -115.41638579
51.13334640000001, -115.42128658
51.13338601, -115.42955
51.13287783999999, -115.43182252
51.13284125, -115.43176821
51.129467, -115.44674808
51.12450911, -115.4691551
51.11741427, -115.45992648
51.11562141, -115.459737
51.11416837, -115.45934013
51.11092248, -115.45499734
51.10786668999999, -115.45202473
51.10477522, -115.44769528
51.10128574, -115.4452072
51.09803181, -115.44377924
51.09803379, -115.44388153
51.09544763, -115.44200083
51.09231553, -115.43466163
51.09123467, -115.43541759
51.08951367, -115.43549406
51.08715258, -115.43489119
51.08526245, -115.43272966
51.08366177, -115.42975119
51.07416773000001, -115.43541675
51.06535652, -115.44094522
51.06281881000001, -115.44253699
51.03907933000001, -115.4574179
51.03429761, -115.45390044
51.03188088, -115.45425719
51.02947713, -115.45419567
51.02736723, -115.45147423
51.02300014, -115.44480524
51.01863387, -115.44580732
51.01679669999999, -115.44708949
51.01441415000001, -115.44292331
51.01315520999999, -115.43746188
51.01118829, -115.43781237
51.00938345, -115.43626758
51.00931265, -115.436207
51.00758364000001, -115.43433995
51.00604654, -115.43333463
51.00443258999999, -115.43340098
51.00355210999999, -115.43350667
51.00217507, -115.4344255
51.00092691999999, -115.4343637
51.00005988, -115.43461143
50.99850976, -115.43505425
50.99736568, -115.43517424
50.99647803, -115.43515771
50.99537853, -115.43418646
50.99462162, -115.43348504
50.99328895, -115.43225265
50.99238848, -115.43122746
50.99175158999999, -115.43018793
50.9909765, -115.42865132
50.98925842, -115.42800619
50.98782163, -115.42659241
50.98710762, -115.42556448
50.98475774, -115.4231772
50.98376377999999, -115.42162412
50.98279867000001, -115.42055971
50.98119886, -115.41981125
50.97978046, -115.41976287
50.97899312, -115.41933756
50.97815521, -115.41805735
50.97750909999999, -115.41660084
50.97736845, -115.41474907
50.97785663000001, -115.41169516
50.97788917, -115.40488955
50.97759567000001, -115.3994137
50.97736934, -115.3987451
50.97674863, -115.39824614
50.97581951000001, -115.39779305
50.97340646, -115.39566375
50.97211031, -115.39322055
50.97184077, -115.3923491
50.97107439, -115.39123143
50.96979208, -115.39085585
50.96634946, -115.39103622
50.96451172, -115.39126072
50.96217443999999, -115.38988469
50.96146009999999, -115.38885811
50.96022789, -115.38827819
50.95875186, -115.38778389
50.95600536999999, -115.38580431
50.95410519, -115.38393276
50.95289074, -115.38312881
50.95202542, -115.38165719
50.95118187, -115.38055178
50.9498092, -115.37918062
50.9483517, -115.37716968
50.94755174, -115.37679666
50.94663427, -115.37523464
50.94554919, -115.37268826
50.94484723, -115.37161128
50.94394106, -115.37076181
50.94306081, -115.37086871
50.94199002, -115.37038862
50.94040872, -115.37047718
50.93891385999999, -115.37097131
50.93563487, -115.3733689
50.93439832, -115.37402126
50.93330254, -115.37364331
50.93260789, -115.37268866
50.93157715, -115.36870752
50.93088356999999, -115.36698979
50.92914476, -115.36339789
50.9198531, -115.36798609
50.91504961, -115.36933111
50.91273724, -115.36967648
50.91152805, -115.3687008
50.9083764, -115.36671157
50.90725778, -115.36673114
50.90401418999999, -115.36815039
50.90223417, -115.36829326
50.90184245, -115.36928637
50.89931874, -115.369737
50.90120472, -115.38394492
50.90391422, -115.38569324
50.90617023, -115.38754962
50.90692539, -115.38883212
50.90753754, -115.3908308
50.9080253, -115.39388007
50.90049767, -115.39584441
50.8968872, -115.3967863
50.88536509999999, -115.39979113
50.88420228, -115.40120385
50.88380344, -115.40168429
50.88355264999999, -115.40199307
50.88214444, -115.40424475
50.88088259, -115.40733005
50.87896829, -115.41336575
50.87875053, -115.41455313
50.87868573, -115.41772529
50.87822580000001, -115.42040235
50.87817721999999, -115.42068509
50.87668721, -115.4222279
50.87571894, -115.42378158
50.87387028, -115.42874771
50.87305989000001, -115.43134761
50.8718026, -115.4334934
50.87150004, -115.43373088
50.87023681000001, -115.43610422
50.86942628, -115.4387038
50.86912843, -115.43929644
50.86845876999999, -115.43965985
50.86605787, -115.43968319
50.86539142000001, -115.44028807
50.86487342, -115.44122909
50.86435161, -115.44323601
50.86410329, -115.44631408
50.86454355999999, -115.44938161
50.86383374, -115.44996132
50.86288207, -115.45073855
50.86149785, -115.44737103
50.85760632, -115.44484138
50.85774689, -115.44386474
50.85810557, -115.4413725
50.85998923, -115.44127053
50.86241362999999, -115.43276053
50.86451766999999, -115.42636065
50.8651153, -115.42518916
50.86607938, -115.4214456
50.86707639, -115.42044907
50.8680752, -115.41854461
50.86813213999999, -115.41669167
50.86199398000001, -115.41159893
50.86094423, -115.41389141
50.86041962, -115.41566691
50.85943153, -115.41743779
50.86023949000001, -115.41919169
50.86036391, -115.4206662
50.86002283, -115.42241443
50.85836624, -115.42447419
50.8570702, -115.42542676
50.85555242, -115.42764133
50.85416231, -115.42825639
50.853571, -115.42922175
50.85263367, -115.42997479
50.84778855999999, -115.43231415
50.84636222, -115.43325617
50.84358136, -115.43196939
50.84083385, -115.43046192
50.84034551, -115.430194
50.83970647, -115.42847438
50.8360528, -115.42246069
50.83541996999999, -115.42053563
50.83457512, -115.4187623
50.83457364, -115.41875926
50.8345729, -115.4187588
50.83236265, -115.41750762
50.83104071999999, -115.41434045
50.82835696, -115.40990234
50.82491115999999, -115.40760519
50.82303224000001, -115.40757154
50.81854888000001, -115.40277766
50.81721615, -115.40196161
50.81591169, -115.40079059
50.8127023, -115.3941721
50.80913484, -115.389011
50.80836475, -115.38686479
50.80600668, -115.38542235
50.80296037000001, -115.38486178
50.80117378000001, -115.3863743
50.79748935, -115.3850513
50.79257854, -115.38056019
50.79057158000001, -115.37672891
50.78812478, -115.37132729
50.78496155, -115.36716273
50.78176956, -115.36911843
50.78011546, -115.3720134
50.77875221, -115.37564376
50.77686985, -115.37802688
50.77424670999999, -115.3795852
50.77237704, -115.38383518
50.77069454, -115.37964594
50.76908755, -115.3775485
50.76593907, -115.37692643
50.76417319, -115.37547589
50.76059158, -115.37421775
50.75865670999999, -115.37489482
50.75716789, -115.3780747
50.75298419, -115.37830729
50.75007791, -115.37540542
50.74915016, -115.37447917
50.74853874, -115.37169008
50.74718298000001, -115.37049075
50.74571814, -115.36829589
50.74675029, -115.36409481
50.7474813, -115.36063893
50.74800053, -115.35612475
50.74771582, -115.35056281
50.74648856, -115.34739905
50.74473885000001, -115.34540325
50.74360129, -115.34619584
50.72344083000001, -115.33595072
50.72205371999999, -115.33921691
50.72223133, -115.34021061
50.72209229, -115.34621376
50.72125483, -115.34990955
50.722712, -115.35456142
50.72144249, -115.35744039
50.72106399, -115.35898072
50.71785843, -115.363446
50.71762154, -115.36783984
50.71726054, -115.37016556
50.71430158, -115.36991009
50.71093535, -115.3775964
50.70790385, -115.37563604
50.70533465, -115.37893793
50.70798707, -115.38641549
50.70799013, -115.38642413
50.70748094, -115.38802001
50.70645303999999, -115.39124102
50.70683543, -115.39236376
50.70759525, -115.39459476
50.71083572, -115.4005587
50.7123168, -115.40367745
50.71245003, -115.40541941
50.71167884, -115.41026196
50.71125804, -115.41382409
50.7127588, -115.41629138
50.71372258, -115.41665914
50.71486236000001, -115.41602737
50.71877133, -115.41642419
50.71991838, -115.41690404
50.72215061, -115.41583276
50.72324125, -115.41140565
50.72612907, -115.41195296
50.72728893000001, -115.41066861
50.72830019000001, -115.41084388
50.72946464000001, -115.41210959
50.73065277, -115.41327907
50.73184731, -115.4135665
50.73360450999999, -115.4124257
50.73455832, -115.41311975
50.73571272, -115.4147119
50.73630721, -115.41629401
50.73636548, -115.41776976
50.7366207, -115.41958752
50.74333803, -115.42513783
50.75006217, -115.43120754
50.75573212, -115.4363274
50.75432181, -115.44433102
50.75321926000001, -115.44709168
50.75369109, -115.44860008
50.75475001, -115.45057916
50.75635524, -115.45233898
50.75575467, -115.45363367
50.75577507000001, -115.45497646
50.75637912000001, -115.45623361
50.75722752000001, -115.45764061
50.75718679000001, -115.45894596
50.75686777999999, -115.46052417
50.75527276, -115.46242854
50.75362683, -115.46396895
50.75258481, -115.46676647
50.75199737, -115.47028612
50.75294061999999, -115.47130811
50.75483699, -115.47502138
50.75558306000001, -115.47769652
50.75518357, -115.48116555
50.76069373, -115.48476957
50.76475598, -115.48426932
50.76804481, -115.4826286
50.76856421, -115.48194931
50.77387343000001, -115.488648
50.77883649, -115.49447026
50.77976289, -115.49470663
50.78001859, -115.49499542
50.78234785, -115.49762651
50.78361728, -115.50000001
50.78424858, -115.50118044
50.78520103, -115.50387433
50.7863046, -115.50965765
50.78639152000001, -115.51215261
50.78448888, -115.51586535
50.78165178, -115.51567389
50.78019846, -115.51699935
50.78512607, -115.52779946
50.78688646, -115.52921593
50.78819412, -115.53246276
50.79288398999999, -115.53313007
50.79552601, -115.53553407
50.79658927, -115.53863138
50.79566254, -115.54294567
50.79488044000001, -115.54468434
50.79639464, -115.54794887
50.79706731999999, -115.55091712
50.7995172, -115.55153868
50.8025247, -115.5528927
50.80362178000001, -115.55556797
50.80367037, -115.55793013
50.80473014, -115.5604716
50.80856811, -115.56117239
50.81024532, -115.56065173
50.81158854, -115.56148015
50.81326437999999, -115.56551319
50.81470581999999, -115.56651354
50.81629538, -115.56549453
50.82170623, -115.56183309
50.82488609, -115.56235043
50.82653392, -115.56081128
50.82901661, -115.56428787
50.83217268, -115.5649019
50.83258183000001, -115.56637698
50.83642121000001, -115.57219266
50.83774057, -115.57311842
50.84050449000001, -115.57816033
50.84155098, -115.58558856
50.84313311999999, -115.59056892
50.84393728000001, -115.59584721
50.84420759, -115.60157416
50.84564296000001, -115.60657636
50.84403957, -115.60736392
50.83571856, -115.61806169
50.83512565, -115.62158638
50.83406329, -115.62359747
50.83343307, -115.62698774
50.8367758, -115.63139203
50.83703445999999, -115.6348882
50.83796674, -115.63935772
50.83982637, -115.6415105
50.84220655999999, -115.64298497
50.84601576000001, -115.64267544
50.84728216, -115.64308841
50.85435454, -115.64539517
50.85590803, -115.64424401
50.85733101999999, -115.643902
50.85838173, -115.64477569
50.86271129, -115.64946245
50.86393036, -115.64838203
50.86502896999999, -115.64906313
50.86587726, -115.65103589
50.86844449, -115.65062441
50.87240237, -115.65085264
50.87414760000001, -115.64892946
50.87537249, -115.64200824
50.87700266, -115.63600599
50.87874761, -115.63408193
50.87910764, -115.63007503
50.8798089, -115.62895113
50.87941452, -115.61690777
50.8853435, -115.61273164
50.88725371000001, -115.60445202
50.88601447, -115.59978892
50.89043464, -115.59985284
50.89264114, -115.59264618
50.89247125, -115.59020321
50.88927983, -115.58232935
50.88834486, -115.57785545
50.89069329000001, -115.57134883
50.89306829, -115.56658341
50.89425112, -115.56208276
50.89824251, -115.56644174
50.89908973, -115.56785601
50.9021377, -115.56862678
50.9058208, -115.57224002
50.90737922999999, -115.57220152
50.90786821999999, -115.57506507
50.90984394000001, -115.57818017
50.91336446, -115.57846464
50.91375257999999, -115.58315985
50.9157545, -115.58417582
50.91565914, -115.58968618
50.91645553, -115.59586018
50.91788101, -115.59991772
50.91966764, -115.60180405
50.92219475, -115.60582052
50.92628025, -115.60980043
50.92968215, -115.60544519
50.93339669, -115.60551794
50.93701386, -115.59772844
50.93986027, -115.59703972
50.94401229, -115.60474006
50.94676212, -115.61084823
50.95118768, -115.61459585
50.95708052999999, -115.61155964
50.95888351000001, -115.6116741
50.96316248, -115.61800887
50.96548219000001, -115.62201372
50.97042003, -115.62597086
50.97373689, -115.62551949
50.97774315000001, -115.62811834
50.98087397, -115.62827687
50.98052466, -115.63196585
50.98200465999999, -115.63623314
50.98528517, -115.64005699
50.98737437999999, -115.64157844
50.99056875, -115.64233563
50.99606277, -115.64831854
50.99752046, -115.64883406
50.99867904999999, -115.65212268
50.99879727, -115.6542061
51.00007279, -115.65585053
51.00130752, -115.65744252
51.00107469, -115.66008951
51.00007054, -115.66248163
50.99969937, -115.66336575
50.99927262, -115.66935395
50.99995953, -115.6705632
51.00006717, -115.67063857
51.00140078999999, -115.67157201
51.00409802, -115.67604337
51.00719851, -115.67775058
51.00816874, -115.67980698
51.00940928, -115.6824787
51.01361041, -115.6885594
51.01657774, -115.69052028
51.0197817, -115.69223785
51.02011714, -115.69224626
51.02146286000001, -115.69227997
51.02408838, -115.69078738
51.02504684, -115.69054654
51.02536623, -115.69046628
51.02856478, -115.69234846
51.02719718, -115.69473722
51.02584463, -115.69791758
51.0236154, -115.7012217
51.02204941, -115.7027039
51.02128595999999, -115.70379242
51.0206714, -115.70547408
51.02018832, -115.7067959
51.0201373, -115.70955808
51.02024133999999, -115.71141118
51.01983497999999, -115.71361648
51.01847796, -115.71567556
51.01741112999999, -115.71713332
51.01868673, -115.72675888
51.02007592, -115.73053229
51.02226763, -115.73391303
51.02331444, -115.73736152
51.02335695, -115.73917673
51.02490675, -115.74003316
51.02646219, -115.73888077
51.02835422, -115.7363733
51.02961743000001, -115.73526175
51.03394316999999, -115.74310805
51.03061544, -115.74812874
51.0314787, -115.75146387
51.03302256000001, -115.75433019
51.03591581000001, -115.76027743
51.03741906000001, -115.76188884
51.03873145, -115.764835
51.03938367999999, -115.76703276
51.04150994999999, -115.7692582
51.04443905, -115.77109144
51.04608665999999, -115.77212275
51.04678823, -115.77043618
51.04783186, -115.76907561
51.04919846000001, -115.7698191
51.05109186, -115.77156377
51.05241988, -115.77161194
51.05388443999999, -115.77252884
51.05599458, -115.77340239
51.05771282, -115.77358302
51.05815912999999, -115.7720719
51.05955561, -115.76645537
51.06077042, -115.76128446
51.06374331, -115.75939592
51.06689283, -115.76147914
51.06916307, -115.75887061
51.07123471, -115.75904797
51.07439704, -115.75341518
51.07491462, -115.75530637
51.07510467, -115.75766425
51.07190174, -115.76204012
51.06899596000001, -115.76805664
51.06699864000001, -115.77240277
51.06653478, -115.77625386
51.06989758000001, -115.78059939
51.06929692, -115.78358151
51.07060248, -115.78428764
51.07240719, -115.78922532
51.07077508, -115.7938003
51.06959311000001, -115.80279988
51.07159383, -115.8038308
51.07367675, -115.80368163
51.07572423, -115.80395817
51.07844731, -115.80633838
51.08057155, -115.80800718
51.08250848, -115.81028666
51.08335423, -115.81227356
51.08559613, -115.81233656
51.08647449, -115.81277584
51.08474188999999, -115.81661702
51.08333115000001, -115.82256423
51.0826682, -115.8255084
51.08141384, -115.82572883
51.07935163999999, -115.82947418
51.07591295, -115.83336266
51.07740010999999, -115.83900126
51.07646982, -115.84244908
51.07805462, -115.84288494
51.07960381000001, -115.84374656
51.08126606, -115.8461356
51.08175652999999, -115.84756421
51.08080298000001, -115.85166999
51.07911626000001, -115.85772321
51.08046170000001, -115.86024985
51.08225588, -115.8618266
51.08450006000001, -115.86301427
51.08642663, -115.86377817
51.08779722999999, -115.86676964
51.08927375, -115.8679229
51.0893128, -115.86918019
51.08829185999999, -115.87044277
51.08763796000001, -115.87249659
51.08720382, -115.87480075
51.08757193, -115.87615313
51.08683378999999, -115.87882628
51.08600095, -115.88300861
51.08593145, -115.88498206
51.08647380999999, -115.88846156
51.08636844, -115.89086076
51.08609263, -115.89337676
51.08610716, -115.89473082
51.08779147, -115.89646455
51.09036536, -115.89831071
51.09263336, -115.89940384
51.09368172, -115.89972828
51.09374457999999, -115.90088891
51.09237665, -115.90254886
51.09097869, -115.90447001
51.08911522, -115.90486457
51.08531112, -115.90313925
51.08354454999999, -115.90314655
51.0828756, -115.90384567
51.08408718, -115.90718706
51.08349792000001, -115.91208326
51.08394331, -115.91651114
51.08412794, -115.9177484
51.08359588, -115.92043911
51.08296437, -115.92183413
51.08308875, -115.9235939
51.08422222, -115.92386057
51.08642894000001, -115.92491652
51.08861221, -115.9266304
51.09087130000001, -115.93029825
51.09461326000001, -115.93142683
51.09673478000001, -115.9325418
51.09758987, -115.93420297
51.09719395, -115.93888692
51.09695368, -115.94153859
51.09789663, -115.94538625
51.09924061, -115.94847819
51.10211847, -115.95052085
51.10298246, -115.94960871
51.10552992, -115.95043332
51.10688232, -115.9503906
51.10939509, -115.95276387
51.11051674, -115.95336067
51.11515734, -115.95724796
51.11568422, -115.9599373
51.11554218, -115.96388685
51.11603335, -115.96756374
51.11862762999999, -115.9665117
51.12089455, -115.967048
51.12213864, -115.96828399
51.12249530999999, -115.97165205
51.1233881, -115.9751351
51.12481804, -115.9798563
51.12500287, -115.98221821
51.12599201999999, -115.98475269
51.12628627, -115.98695954
51.12632606, -115.99102584
51.12490320000001, -115.99472695
51.12456301, -115.99608298
51.12430885, -115.99850381
51.12495462, -115.99846392
51.1248775, -116.00000001
51.12465402, -116.00444764
51.12532447000001, -116.00487254
51.12652018, -116.00742664
51.12601531, -116.00873443
51.12771050999999, -116.01126862
51.13011179, -116.01267885
51.13329213, -116.01267433
51.13554691, -116.01354271
51.13807039999999, -116.01559238
51.14374573, -116.00986999
51.14763332, -116.01042608
51.15082584000001, -116.01009199
51.15279965, -116.00954652
51.15439611, -116.0096604
51.15509056999999, -116.00942684
51.15630797, -116.00739032
51.15610648, -116.01748662
51.15722274, -116.01993662
51.15945331000001, -116.02090284
51.16297738, -116.02572456
51.1627352, -116.02950424
51.16319865, -116.03047284
51.16603924, -116.03351321
51.17001323, -116.03682447
51.17074364000001, -116.03447826
51.17362985, -116.02889242
51.17616262, -116.0238684
51.17906249, -116.02244968
51.18255935, -116.02062285
51.18429041, -116.0216097
51.18638668, -116.02170417
51.18704462, -116.02133494
51.18740901, -116.01875517
51.18878527, -116.0169304
51.18957531, -116.01293415
51.18991450000001, -116.00932627
51.19015629, -116.0061064
51.19093503, -116.00412687
51.19289562, -116.00166039
51.19391218, -116.00000025
51.19391634, -116
51.19520404, -115.99992042
51.19539022, -115.99999999
51.19845912, -116.0013115
51.20295822, -116.00394236
51.20412851, -116.00434788
51.20788229000001, -116.00403134
51.20871255000001, -116.00635842
51.21072371, -116.00651053
51.21296535, -116.00489632
51.21537682999999, -116.0020396
51.2181821, -116.00494615
51.22197442000001, -116.00757982
51.22234222, -116.01118958
51.22358231, -116.01653546
51.22236582999999, -116.02138966
51.22102673, -116.02504029
51.21984512000001, -116.02665252
51.22739698, -116.04924093
51.22850472, -116.05020995
51.22920611, -116.05082355
51.23919768, -116.0596822
51.24789534, -116.06516702
51.24907771000001, -116.07425699
51.25006562, -116.07678593
51.25183203, -116.08130851
51.25186734, -116.08933089
51.25081846000001, -116.09181663
51.25166937, -116.1008107
51.25332324, -116.11167078
51.25533329, -116.11464516
51.25635735, -116.11451033
51.25607632, -116.11590876
51.25536149999999, -116.1194532
51.25774931, -116.12233151
51.25930816, -116.12513127
51.26052167, -116.13436164
51.2647084, -116.14414226
51.26470496, -116.14865023
51.26340908, -116.15323317
51.26801642, -116.1540396
51.2704897, -116.15573563
51.27275573, -116.15741191
51.27578973, -116.15912904
51.28074845, -116.15559264
51.28334745000001, -116.15285724
51.28714, -116.15156256
51.2882463, -116.15531723
51.29012147, -116.15798501
51.29221683, -116.15977858
51.29600806, -116.1601761
51.29777223, -116.16412786
51.29714674000001, -116.16801571
51.29737225, -116.17414205
51.29540377, -116.17942613
51.29542516, -116.18214862
51.29636336, -116.18263744
51.29838291, -116.18641597
51.301465, -116.18850609
51.29963715, -116.19771894
51.29637797, -116.20081985
51.29524084, -116.20336348
51.29615064, -116.20676967
51.29486624, -116.209896
51.29248537000001, -116.21666397
51.29160409, -116.2190329
51.29449342, -116.21908264
51.29497895, -116.22052346
51.29812036, -116.22321909
51.29973664, -116.22662875
51.30152811000001, -116.22710261
51.30189173, -116.22846544
51.30175094, -116.23266587
51.30274524, -116.23601527
51.30137954, -116.24338066
51.30239999, -116.2455051
51.30499081, -116.24897878
51.30751549, -116.2552342
51.30812229000001, -116.2567543
51.30978665000001, -116.25997189
51.31192923, -116.26801664
51.3161518, -116.26909807
51.3194328, -116.27460158
51.32816245, -116.27480226
51.32925145, -116.27889499
51.3301366, -116.28127413
51.33150184, -116.28260412
51.33219492, -116.28237509
51.3334207, -116.28508721
51.33450248, -116.28668921
51.33646482999999, -116.28705031
51.34207854, -116.28767477
51.34310988999999, -116.29003623
51.34887937, -116.28346716
51.35094257, -116.2823099
51.35469656, -116.27726652
51.35962977, -116.27988277
51.36173162, -116.27773177
51.36412235000001, -116.28900348
51.36358237, -116.29057834
51.36484433, -116.29342939
51.36909475, -116.29860634
51.37094461, -116.30025354
51.37132935, -116.30265219
51.37726091, -116.30580474
51.38496705000001, -116.3114636
51.38592592, -116.30823408
51.39197322, -116.29832884
51.39721947, -116.29186698
51.39927166, -116.29313599
51.40159973, -116.29373403
51.40360249, -116.29253641
51.40561624, -116.28624925
51.40681557999999, -116.28430575
51.40684376, -116.28251186
51.41207042, -116.2850948
51.41866270999999, -116.28788097
51.42559086, -116.29326471
51.42994292, -116.29426482
51.43529802, -116.28554293
51.44853892, -116.28809416
51.44938834, -116.28444834
51.45023053, -116.28440205
51.45182709, -116.28431427
51.45347211, -116.28422382
51.45598263, -116.28408578
51.45650048, -116.28405733
51.46118292, -116.29048753
51.46181287, -116.29248283
51.46278237000001, -116.30870627
51.46557286, -116.31505056
51.46508019, -116.31700044
51.4631739, -116.31837501
51.46245664, -116.32233469
51.46429489, -116.33804746
51.46953554, -116.34660838
51.47087477, -116.36064168
51.4736522, -116.36199032
51.47859983, -116.36792659
51.48301277, -116.36897576
51.48834787999999, -116.37982198
51.49268286, -116.38439961
51.49994195, -116.38821015
51.50003543, -116.38952051
51.50007562, -116.38954767
51.50445451, -116.39250798
51.50567018, -116.39386678
51.50948411, -116.39532522
51.51256758, -116.3963086
51.51487843, -116.39474379
51.51796922, -116.39345895
51.52244028, -116.39358352
51.52553352, -116.39536909
51.52743619, -116.38785416
51.52963404, -116.38337281
51.53101662000001, -116.38211226
51.53264896, -116.38294674
51.54363073, -116.3905477
51.54559397, -116.39091583
51.54648771, -116.40139265
51.54893927, -116.40725497
51.5532557, -116.41541445
51.55505104, -116.42204599
51.55422258, -116.42867389
51.55462193, -116.42961703
51.55561119, -116.42935198
51.55653962, -116.42904723
51.55832795000001, -116.43738294
51.55709625, -116.44056216
51.56055240000001, -116.4529472
51.56249565000001, -116.4553544
51.56378117, -116.46063341
51.56582134999999, -116.46475532
51.56824875, -116.46497536
51.56990562, -116.46879062
51.57311514, -116.46872507
51.57593935000001, -116.47045732
51.57894836, -116.47174125
51.58267641, -116.47326777
51.5868214, -116.47119441
51.58807451999999, -116.4690522
51.59409029, -116.46603683
51.59686503, -116.46642711
51.60173626000001, -116.46904314
51.60468019, -116.47142466
51.6076872, -116.47635508
51.61043674999999, -116.48453739
51.61233841000001, -116.491026
51.61443282, -116.48920564
51.61669154000001, -116.48897472
51.61980120000001, -116.49545799
51.62340251999999, -116.49958492
51.62489053, -116.49999999
51.62552362, -116.50017661
51.62674079999999, -116.5
51.62766071, -116.49986653
51.62767101, -116.49999999
51.62812344000001, -116.50587216
51.62760230000001, -116.51351415
51.62876703, -116.52066535
51.63167947, -116.52987682
51.63865502, -116.53650944
51.63878916, -116.54184636
51.63818451, -116.54589946
51.64503423, -116.5644428
51.64711907, -116.57008988
51.6473055, -116.57010556
51.65288995000001, -116.570575
51.65377176, -116.57492278
51.65318527, -116.57750546
51.65308537, -116.58040831
51.6618301, -116.59501567
51.6646031, -116.59695645
51.66651139999999, -116.59615748
51.66811686, -116.59013286
51.67019949, -116.58864872
51.67297614, -116.58750728
51.67570245, -116.58907443
51.67766809, -116.5913975
51.67891830999999, -116.59039299
51.68247537999999, -116.58702306
51.68546767000001, -116.58670873
51.68745973, -116.58139289
51.69241103, -116.58356856
51.69416320000001, -116.58952346
51.69728154, -116.58117636
51.6988551, -116.58141286
51.70127998, -116.5847252
51.70367221, -116.58481539
51.70567167, -116.58533267
51.70928593000001, -116.58760038
51.71059994, -116.58606519
51.71275176000001, -116.58542515
51.71588752, -116.58817831
51.71747904, -116.59448863
51.72387367, -116.59853466
51.72554138999999, -116.60649906
51.72395768, -116.61048766
51.72517986, -116.61712927
51.72692067, -116.62033817
51.72751663, -116.6230202
51.72727808000001, -116.62423572
51.7314033, -116.63119487
51.73417307999999, -116.63371179
51.73549249, -116.63355368
51.73718789, -116.62940909
51.74144253, -116.62832877
51.74355663, -116.62909626
51.7448683, -116.62813146
51.7483617, -116.63673729
51.7500753, -116.63892576
51.75115009999999, -116.64029857
51.75220205, -116.6464907
51.75370644, -116.65034889
51.75613161999999, -116.65115186
51.76005444, -116.65054074
51.7627826, -116.64959706
51.76494721, -116.6511441
51.76676747000001, -116.65097416
51.77169767000001, -116.64822255
51.77665025, -116.64691734
51.77842259000001, -116.64442362
51.78270098, -116.64576565
51.78670862, -116.64314653
51.78903546, -116.64629143
51.79094932, -116.64827476
51.79094868999999, -116.64828592
51.79112617000001, -116.64852482
51.79212667, -116.64987141
51.79230353, -116.65146523
51.79296249, -116.6537811
51.79451308, -116.65521091
51.79689687, -116.65598439
51.80131089, -116.65434312
51.80186043, -116.65578146
51.80330671, -116.65794823
51.80518806, -116.65906057
51.80531618, -116.66411457
51.80448393999999, -116.66705478
51.80605879, -116.66675568
51.81141628, -116.67742717
51.81303387999999, -116.67957491
51.81214658, -116.6820761
51.80774574, -116.68855973
51.80631394, -116.6923783
51.80361254, -116.69448092
51.80154023000001, -116.70358254
51.80237819000001, -116.70682546
51.80096668, -116.71072395
51.79866279, -116.7155071
51.79879679, -116.71693936
51.80138935, -116.72081103
51.80397779, -116.72306833
51.80479436, -116.72508886
51.80594928, -116.73230576
51.80660802, -116.74423247
51.80506071000001, -116.74898131
51.79988959, -116.75454332
51.78751404, -116.7596088
51.78462947000001, -116.76534567
51.77483257000001, -116.77286052
51.7724796, -116.77814311
51.7689335, -116.78222806
51.76402276, -116.78513523
51.7633512, -116.78710488
51.76396351, -116.79154071
51.76106692, -116.7947138
51.75805448, -116.79606399
51.75433889000001, -116.80177854
51.7530314, -116.80265277
51.75230548, -116.80418286
51.75047319, -116.80645249
51.75005334, -116.80649753
51.74708887999999, -116.80681544
51.74512175, -116.80993443
51.74241098, -116.81108126
51.74055142, -116.81118452
51.73961939, -116.81351617
51.73972023, -116.81734125
51.73863349, -116.81930128
51.73738481000001, -116.81994543
51.73556447, -116.81859819
51.73320187, -116.8151453
51.72787770000001, -116.8079763
51.72591226, -116.80492354
51.72360249, -116.79802003
51.72130184, -116.79984223
51.71689615, -116.80012903
51.71539799, -116.80369197
51.7130583, -116.80696274
51.71041417, -116.80882353
51.70723997, -116.80885617
51.70534635, -116.80974117
51.70542273000001, -116.81301016
51.70685686, -116.81926191
51.70480371, -116.82044253
51.70404814, -116.82597366
51.70428841, -116.82827936
51.70399131999999, -116.8317022
51.70344403, -116.83415372
51.70331127, -116.83661321
51.70481219, -116.83855228
51.70498321, -116.84242146
51.70541827000001, -116.84914928
51.70827229, -116.85360111
51.70783071, -116.86081833
51.70632872, -116.86276726
51.70519442, -116.86522972
51.70438264, -116.87032177
51.70461487, -116.87443392
51.70567105, -116.87648048
51.70545928, -116.87794891
51.70422774, -116.87819981
51.70296887, -116.88728603
51.70272745, -116.89597881
51.70377481, -116.90258175
51.70670961, -116.90736117
51.70709025, -116.90976255
51.70642844, -116.91200368
51.70742579, -116.91589109
51.70980327, -116.92056791
51.71186867, -116.91805768
51.71365062, -116.91696817
51.71714802, -116.92279785
51.71749319, -116.92598188
51.71913629, -116.92755284
51.71936551, -116.927772
51.72146307, -116.92998156
51.72372366999999, -116.9263933
51.72485477999999, -116.92621062
51.72660812, -116.92684731
51.72906284000001, -116.9265437
51.72952759, -116.93249442
51.73390866, -116.9436208
51.73478505, -116.94313355
51.74167947, -116.94452994
51.742752, -116.94618908
51.74219619, -116.94930927
51.74323985, -116.95430784
51.7460594, -116.95566108
51.74720285, -116.95736837
51.7477895, -116.9589711
51.75004111, -116.95984016
51.7520365, -116.96061044
51.75632874999999, -116.96933644
51.76018498, -116.97636058
51.76091349000001, -116.97483336
51.76127472000001, -116.9727907
51.76296868, -116.97204592
51.76502992, -116.97181653
51.76699056, -116.97326728
51.7680804, -116.97292349
51.76946056, -116.9737157
51.77083442, -116.96872229
51.77145629000001, -116.96792969
51.77339312, -116.96721314
51.77425745, -116.96322174
51.77534728, -116.96287761
51.77631287999999, -116.96366022
51.77824994000001, -116.96455713
51.7801395, -116.96434642
51.78170924, -116.96472787
51.78294149, -116.96609317
51.78418542, -116.96612146
51.78582609, -116.96493666
51.78770399999999, -116.96606309
51.79025674, -116.96360743
51.79087836, -116.96120005
51.79495126, -116.96400221
51.79831645, -116.96841501
51.80250494, -116.97513122
51.80530693, -116.98010955
51.80852923, -116.98604432
51.81110588000001, -116.98898847
51.81343413, -116.98772751
51.8160587, -116.98531947
51.81846388, -116.9850523
51.82025896, -116.98424008
51.82291265, -116.98817923
51.82455976, -116.98632496
51.82678431, -116.98627283
51.82843156000001, -116.98118655
51.83083095, -116.97997239
51.83361542, -116.97888242
51.83555268, -116.97978143
51.83671383, -116.98110119
51.8359968, -116.98452476
51.83652943, -116.99054017
51.83681306, -116.99558017
51.83654563999999, -116.99984528
51.83582879, -117.00000001
51.8354851, -117.00007417
51.83610578, -117.00574553
51.83720118000001, -117.00796503
51.84293210000001, -117.01937069
51.85048249, -117.02729031
51.85436370000001, -117.03213163
51.85635372, -117.03347393
51.85980743, -117.03432087
51.86072054, -117.03304947
51.86451971, -117.030624
51.86888037, -117.03086912
51.87236555, -117.02836598
51.88002324, -117.0232825
51.88332546, -117.01890113
51.88489735, -117.01443121
51.88719677, -117.01328426
51.88968033999999, -117.01077752
51.89051551, -117.01174547
51.89136, -117.01946495
51.89443669, -117.02322734
51.89885323, -117.0313358
51.90154263, -117.03288171
51.90382802999999, -117.0363144
51.90822133, -117.04225143
51.91016804, -117.04667154
51.91262604, -117.04846764
51.91555067, -117.05233467
51.91725798, -117.05929511
51.92319163, -117.06783272
51.92702642, -117.07366939
51.92916193, -117.07768145
51.93080144, -117.0797371
51.93343089, -117.08151749
51.9369048, -117.08616711
51.93802189, -117.08895072
51.93834389999999, -117.09254713
51.9396952, -117.09765212
51.94325195, -117.09681912
51.94770381, -117.10091808
51.95018851, -117.10212954
51.95300503, -117.1009299
51.95482959, -117.10162625
51.9565168, -117.10317598
51.95569518999999, -117.11086637
51.95520071, -117.1172915
51.9557005, -117.12019973
51.9650677, -117.13048075
51.96701584, -117.13166852
51.96825799, -117.13332379
51.96839068, -117.13571357
51.9691513, -117.13825947
51.97270285000001, -117.14486677
51.9734378, -117.14847823
51.97194637, -117.15422956
51.97260555, -117.16360825
51.97379794999999, -117.16787007
51.97393094, -117.17283228
51.97435500999999, -117.1773161
51.97689191000001, -117.18621629
51.97657864, -117.18870998
51.9773904, -117.19169924
51.97911801, -117.19598937
51.98013484, -117.19722361
51.98542728, -117.19744516
51.98635403, -117.19645198
51.98772208999999, -117.19697798
51.98902691, -117.19935658
51.99079861, -117.19961623
51.99285086, -117.20169212
51.99458558, -117.20531231
51.99592406, -117.21110059
51.99726036999999, -117.21641394
51.99905447, -117.21723147
52.00003367, -117.21819856
52.00038507, -117.21854565
52.00214928, -117.21947845
52.00529635, -117.22216783
52.00744165999999, -117.2248514
52.00863016, -117.22606916
52.00950436, -117.22978241
52.01040478, -117.23242978
52.01176517, -117.23362975
52.01646401, -117.23195988
52.01651701, -117.22725271
52.01744072, -117.22273343
52.0222443, -117.21679649
52.02529455, -117.21535444
52.02847936000001, -117.21468177
52.0321762, -117.2207302
52.03489926, -117.22360657
52.0354747, -117.22589781
52.03610632, -117.22700719
52.03828558, -117.22795349
52.04107371, -117.23202803
52.03774969, -117.23613024
52.03632824, -117.24031178
52.03532157, -117.24450539
52.03477841000001, -117.24820223
52.03506929, -117.25029962
52.03862742, -117.25205462
52.04093198999999, -117.25702156
52.04886194, -117.27058735
52.05578652, -117.26840792
52.05813156, -117.27659536
52.05962725000001, -117.28209854
52.06190539, -117.28555962
52.06376847, -117.28900818
52.06445757, -117.29246688
52.06509154, -117.29453045
52.06885423, -117.2971102
52.07168378, -117.30230926
52.07431339, -117.30506353
52.07557733, -117.30470847
52.07751244000001, -117.30209772
52.07766460000001, -117.2989429
52.07921458, -117.29620348
52.08208046999999, -117.2935515
52.08540530999999, -117.2920288
52.09120675000001, -117.29594
52.09428166000001, -117.29859297
52.12484519, -117.30414686
52.14101878, -117.30696106
52.18550458, -117.31549853
52.19404202, -117.31730287
52.16333377, -117.28476066
52.18098434, -117.1973418
52.19941858, -117.19514307
52.20700784999999, -117.17114723
52.21300427999999, -117.15766496
52.22290159, -117.13539494
52.25006182000001, -117.17801198
52.26357385, -117.19924473
52.26946683, -117.19149908
52.26376039, -117.15620198
52.2500752, -117.13124077
52.24408633, -117.12032598
52.24672736, -117.10628044
52.22994346, -117.07265185
52.22153294, -117.07348221
52.20459304, -117.03775504
52.21176129, -117.02428165
52.21189118, -117.01975847
52.21004300000001, -117.01360641
52.20870431, -117.00807319
52.20846205, -117.00478088
52.20819571, -117.0025602
52.20697418, -117.00145885
52.20410089, -117.00012015
52.20309688, -116.99999998
52.20166924, -116.99982918
52.20139528000001, -117.00000003
52.19958127, -117.00113102
52.19575732999999, -117
52.19461151, -116.99966112
52.19409064000001, -116.99387035
52.19328423, -116.9927795
52.19308299, -116.98965265
52.19208685, -116.98734588
52.19117937, -116.98795362
52.18742547, -116.98499999
52.18522538, -116.98119803
52.18365973, -116.9768755
52.18150678, -116.97256301
52.18092545, -116.97026696
52.17792985999999, -116.96402602
52.17648564, -116.96297992
52.17387627, -116.96338602
52.17230486, -116.96463085
52.17062132, -116.97218349
52.16969631, -116.97644662
52.16839755000001, -116.97597411
52.1633212, -116.97688081
52.16211141, -116.97769082
52.16082457, -116.97749799
52.15799583, -116.97517429
52.15200037999999, -116.9731502
52.14946814000001, -116.97129966
52.14885132, -116.96979596
52.1464731, -116.96669267
52.14677398000001, -116.95671607
52.14471545000001, -116.95301594
52.14180582000001, -116.94921561
52.13931431, -116.94590221
52.13631762, -116.93966977
52.13620995, -116.93715472
52.13414933, -116.93019966
52.13318804, -116.92873615
52.13089947, -116.91810172
52.13126349, -116.91210798
52.13300159, -116.90432897
52.12941127, -116.90041432
52.12429619, -116.8956076
52.12047994, -116.89127129
52.11978406, -116.88876837
52.11824926, -116.88644571
52.11685191, -116.88211465
52.11576713, -116.87623243
52.11394215, -116.87161423
52.11144836, -116.86830813
52.11146374999999, -116.86072887
52.11004289, -116.85746852
52.10892014000001, -116.85075034
52.10628629, -116.84504875
52.10618637, -116.84118779
52.10449951, -116.83896941
52.10407501, -116.8363808
52.10429143, -116.8342232
52.10465287, -116.82986004
52.10405129, -116.82796541
52.10367079000001, -116.82323926
52.10168268000001, -116.82007465
52.10001505000001, -116.81908969
52.09652253, -116.81511835
52.09332997, -116.81717234
52.09030192000001, -116.81825315
52.08826824999999, -116.81445002
52.08705745, -116.81363699
52.08452987999999, -116.80882602
52.07894965999999, -116.80453919
52.07778739, -116.80091675
52.07528686, -116.79829169
52.07490502, -116.79356927
52.07464662, -116.7916366
52.07588746, -116.7861078
52.07475707, -116.78399661
52.07442027000001, -116.77991398
52.07447281999999, -116.77643075
52.07509056999999, -116.77400294
52.07435795, -116.77229412
52.06781172, -116.76885573
52.06465432000001, -116.77012304
52.06135122, -116.76966922
52.05892455000001, -116.76872034
52.05812975, -116.76561815
52.05402594000001, -116.75651437
52.05393073999999, -116.75361075
52.05285408, -116.75194372
52.0524987, -116.74940713
52.05387817, -116.74857207
52.05566534, -116.74449372
52.05743984, -116.74013614
52.05882086, -116.73240484
52.06012178, -116.72367325
52.06216368, -116.71989917
52.06127518, -116.7166685
52.05884386999999, -116.70950035
52.05690702, -116.70563789
52.05587994, -116.70508722
52.05424936, -116.70724305
52.05102162, -116.70846727
52.04721117, -116.70903188
52.04403374000001, -116.70907288
52.04082276, -116.70760484
52.03851716, -116.70552514
52.03751907, -116.7002645
52.03428119, -116.68905141
52.03213907, -116.6882983
52.03110739, -116.68612424
52.03042741, -116.68256372
52.02903454, -116.67852826
52.02722658, -116.67448668
52.02531394, -116.67118619
52.02404365000001, -116.67060999
52.02155866, -116.6721956
52.01810514, -116.67300075
52.013238, -116.67083865
52.01078539000001, -116.66934008
52.00648549, -116.67052647
52.00403296, -116.6690282
52.00263441, -116.66750122
52.0018147, -116.66660631
52.00008755, -116.66586137
52.00006771999999, -116.66584784
51.99656209999999, -116.66346338
51.9954338, -116.66269601
51.99062917, -116.65963345
51.98926104, -116.65615953
51.98864757, -116.65332279
51.98501108000001, -116.64861065
51.98280001000001, -116.64484716
51.98215167999999, -116.64050434
51.98380269000001, -116.63431781
51.98421406, -116.62973528
51.98445147, -116.62287916
51.98400325, -116.61840029
51.98292246999999, -116.61444577
51.97945610999999, -116.60971708
51.97595332, -116.60644841
51.97302788, -116.6063273
51.96888930000001, -116.60425539
51.96305383, -116.60658472
51.9575877, -116.60942789
51.95582409, -116.61014468
51.95480035, -116.60892644
51.95273878, -116.60917599
51.9506772, -116.60942554
51.94818883, -116.61464697
51.94359240999999, -116.61537031
51.94047802000001, -116.61451683
51.93708068, -116.61576589
51.93357821999999, -116.61660825
51.93017524, -116.6162369
51.92706810999999, -116.61404165
51.92455817, -116.60981874
51.92372733, -116.60455493
51.92105466, -116.60130256
51.91814482, -116.59964379
51.91480035999999, -116.59904348
51.90879604, -116.59547009
51.90742788, -116.59725579
51.90491819, -116.60124623
51.90294937000001, -116.6057292
51.90045927, -116.60865517
51.89811175, -116.60757087
51.89392157, -116.60735173
51.88768773, -116.60403009
51.88498509999999, -116.60385467
51.88259917, -116.60604124
51.87866212, -116.59563351
51.87435958, -116.59224825
51.87425981000001, -116.58935828
51.87605542, -116.58785674
51.87677555000001, -116.58402987
51.87802705999999, -116.57974755
51.87807945, -116.57494108
51.87739901, -116.57368435
51.87530902, -116.57109239
51.87429483999999, -116.56490933
51.87182375, -116.5597137
51.86887442, -116.5542702
51.86656287, -116.54696383
51.86418085, -116.54552563
51.86072006000001, -116.54539136
51.85739258, -116.54736076
51.85645008, -116.55009805
51.85621063, -116.55235875
51.85131369999999, -116.54737936
51.84763175, -116.54253124
51.8448404, -116.53679407
51.84108568, -116.53371322
51.83658377, -116.52980467
51.83277981, -116.52971402
51.83005136000001, -116.52898966
51.82651553, -116.52652493
51.82356484000001, -116.52109016
51.81792768, -116.51509505
51.81615378, -116.51191373
51.81463593, -116.50903551
51.8139765, -116.49999998
51.81394662, -116.49959075
51.81327932, -116.49499194
51.81377642999999, -116.49236692
51.8156734, -116.49012602
51.81726437, -116.4839934
51.81643002, -116.47807742
51.81710895, -116.4763769
51.81858821, -116.47479994
51.82006221, -116.47456126
51.82069616, -116.47336776
51.82079644, -116.46967637
51.82201938, -116.46779642
51.82330584, -116.46797098
51.82511262000001, -116.46674293
51.83176676, -116.46574822
51.83659293, -116.46408836
51.83895199999999, -116.46429671
51.84004035000001, -116.46393819
51.83638301, -116.45535956
51.83646688, -116.45205899
51.83509574, -116.45156089
51.83219907, -116.44590025
51.83199183, -116.44193936
51.83200023000001, -116.43563754
51.83260168, -116.42730972
51.83322461, -116.42087476
51.8340768, -116.4141877
51.83426192, -116.41014941
51.83425995999999, -116.41013827
51.83302629, -116.40316724
51.83250864, -116.39960788
51.83182130000001, -116.39540089
51.82952857, -116.39228884
51.82309467, -116.38713576
51.81936137999999, -116.38033273
51.81450540000001, -116.36857302
51.81120118, -116.36386441
51.80809553000001, -116.35968865
51.80482177, -116.35419743
51.80342878, -116.35114253
51.80068760999999, -116.34948527
51.79645568, -116.34913234
51.79149606, -116.34088202
51.79141599, -116.34074883
51.79141558, -116.34078803
51.79138542, -116.34073464
51.79004680000001, -116.3383635
51.78777554, -116.33096161
51.78717635, -116.32847434
51.78683047, -116.32467282
51.78764069, -116.321749
51.78938331000001, -116.31968
51.79160264, -116.3189148
51.79163397, -116.31889341
51.79164563, -116.31888541
51.79302427, -116.31794292
51.79367127999999, -116.31019775
51.79511441, -116.30866975
51.79613545, -116.30553682
51.79624748, -116.30086148
51.79980324999999, -116.29748133
51.80143343999999, -116.29379526
51.80296225, -116.29004294
51.8057856, -116.28770381
51.8078748, -116.28735558
51.80980037, -116.28766064
51.81627142000001, -116.29567918
51.81760268, -116.29882766
51.81918577, -116.29814982
51.82038753, -116.29570282
51.82199832, -116.29162201
51.82393416, -116.28718271
51.82505982, -116.28221502
51.82545511000001, -116.27734135
51.82443442, -116.27059507
51.82288747, -116.26312672
51.8221501, -116.25618627
51.82266328, -116.2527203
51.82364186, -116.24974716
51.82542719, -116.24919901
51.82786101, -116.24888289
51.83033733000001, -116.24745419
51.83381167999999, -116.24344406
51.83675512, -116.24155855
51.83481588999999, -116.23706589
51.83237458, -116.22939687
51.83177698999999, -116.22235779
51.83257458, -116.21774603
51.83457428, -116.21610067
51.83609507, -116.21613904
51.83790269999999, -116.21408357
51.84072331, -116.2126863
51.840201, -116.20911622
51.83749071, -116.20393473
51.83374849, -116.19675399
51.83328506000001, -116.19436323
51.83391727999999, -116.19135404
51.83517712, -116.18913218
51.8358896, -116.18674493
51.83879341, -116.18312004
51.84169609000001, -116.18044401
51.84591386, -116.18052143
51.84857113, -116.17977584
51.85167647, -116.17723045
51.85467748, -116.1774679
51.85480262, -116.17412797
51.85535748000001, -116.16669562
51.85598804, -116.164634
51.85781382, -116.16391793
51.8598206, -116.1648398
51.86233496, -116.1651407
51.86749971999999, -116.16117313
51.86853882, -116.15557376
51.86996078999999, -116.15269396
51.87160968999999, -116.14463809
51.87353813, -116.14208623
51.87755431, -116.1410779
51.8810224, -116.14085483
51.88408575, -116.13941844
51.88617556, -116.13811125
51.88761775, -116.13467236
51.88788354, -116.1312314
51.88669046999999, -116.12513353
51.88774730000001, -116.12087426
51.88955376000001, -116.11786118
51.89142047, -116.11602789
51.89186866, -116.1113739
51.89282322, -116.10799863
51.89433477, -116.10641026
51.89620028, -116.10742827
51.89859168, -116.11202039
51.90311694999999, -116.10563167
51.90524706, -116.10415808
51.90810703, -116.10353757
51.91027992000001, -116.09429159
51.9124911, -116.09248924
51.91593948000001, -116.09091694
51.91804926, -116.08904849
51.92042294, -116.08563828
51.91851650000001, -116.08478464
51.91545414, -116.08242198
51.91316252, -116.0797975
51.91160108, -116.07612403
51.91072915, -116.07156546
51.91072916, -116.06681029
51.90918773000001, -116.06923706
51.90707839000001, -116.06920427
51.90521244000001, -116.0681878
51.90407661, -116.06612213
51.90273774, -116.06107297
51.90152067, -116.05933553
51.89997913, -116.05795893
51.89797115, -116.05704157
51.89545582, -116.0538953
51.89456311, -116.05179767
51.89549534, -116.04802738
51.89624497, -116.04451926
51.89492398, -116.03511194
51.89598751, -116.03152137
51.89722406000001, -116.02984825
51.89805485, -116.02791318
51.89681638, -116.0248329
51.89430009, -116.02168884
51.89245376, -116.02011766
51.89081077, -116.01962807
51.88947252, -116.02028525
51.88776859, -116.01956633
51.8866728, -116.0182895
51.8862251, -116.01534045
51.88508878999999, -116.01422771
51.88202668, -116.01472355
51.87910446, -116.01131973
51.87709618, -116.01040524
51.8756971, -116.01083328
51.87413612, -116.01191678
51.87212843, -116.01195247
51.87070832, -116.01103723
51.86833427, -116.00874758
51.86616306, -116.00658896
51.86161767, -116.00214172
51.86027173, -115.99999999
51.86001391, -115.99958981
51.84456634, -115.98571877
51.84490238000001, -115.98298204
51.84489485, -115.98211119
51.84568125, -115.98051107
51.84736263, -115.97947136
51.84850604999999, -115.97757268
51.85045344, -115.97507486
51.85104359000001, -115.97160595
51.85139188, -115.97030583
51.85125894, -115.96540144
51.85521881, -115.95969126
51.85599725, -115.95621742
51.85602695, -115.94945014
51.85528713, -115.94715862
51.85438039000001, -115.94530671
51.85329901, -115.94403973
51.85344905000001, -115.94072571
51.85386742, -115.93826204
51.85420747, -115.93609054
51.85179563, -115.93585705
51.85039219, -115.93776309
51.84940464, -115.93793153
51.84850431, -115.93680576
51.84607946, -115.93513535
51.84146939, -115.93840857
51.84005558, -115.93916761
51.83755906, -115.93951657
51.83371133, -115.93859104
51.83129946, -115.93835749
51.82720801999999, -115.93932435
51.82473215, -115.94196537
51.82234105, -115.94403825
51.81855045999999, -115.94390711
51.81187791, -115.94556418
51.81070953999999, -115.9468981
51.80684392, -115.94764706
51.80531449, -115.94520734
51.80254431, -115.93968048
51.80168513, -115.93871281
51.80071307, -115.9366313
51.80082187, -115.9346181
51.80012853000001, -115.93271549
51.79900193000001, -115.9317849
51.79638547, -115.92510921
51.79456499, -115.92126447
51.79447442, -115.92107322
51.79447401000001, -115.92111
51.79335740999999, -115.92078293
51.79227173999999, -115.92257775
51.79056336, -115.92376593
51.78867684, -115.92463236
51.78728051000001, -115.92664282
51.78537404, -115.92915628
51.78029013, -115.93046329
51.7786017, -115.9300038
51.7770486, -115.9310833
51.77509791, -115.93377503
51.7739465, -115.93635643
51.77330382, -115.93739673
51.77046131000001, -115.937442
51.76657181, -115.93494961
51.76561446000001, -115.93309178
51.76450315999999, -115.93237983
51.76385916, -115.93238203
51.7626795, -115.93038202
51.76167791, -115.92870357
51.76087575, -115.92673822
51.75958631, -115.92570508
51.75840947, -115.92578095
51.75523079, -115.92353828
51.75405248, -115.92257659
51.75244944999999, -115.91968451
51.75071391, -115.91732979
51.75006807999999, -115.91589051
51.74980043, -115.9152941
51.74875291, -115.91275813
51.74863535, -115.90853719
51.74791777, -115.90413983
51.7491107, -115.90034267
51.74963485, -115.8950814
51.7496295, -115.8919689
51.74758466, -115.89086908
51.74585031, -115.88955335
51.74573731000001, -115.88844491
51.74615715, -115.88726248
51.74311966, -115.87765436
51.74422738, -115.87628968
51.74453391, -115.87399884
51.74581984999999, -115.87295506
51.74710578, -115.87191125
51.74792199, -115.86911678
51.74882622, -115.86596397
51.74996738000001, -115.85923217
51.75007504, -115.8593385
51.75175331, -115.8609957
51.75427339, -115.86057623
51.75647895000001, -115.85938797
51.75673422999999, -115.85671122
51.75650420000001, -115.85477945
51.7559242, -115.85181311
51.75662619, -115.85080072
51.75781335, -115.84904319
51.75824247, -115.84647736
51.75988488, -115.84225154
51.76153343, -115.83697466
51.76132144, -115.82799616
51.76220061999999, -115.82482467
51.76234481, -115.81972436
51.76184382999999, -115.81396977
51.75921251000001, -115.81505142
51.75715730000001, -115.81357987
51.7552327, -115.81219163
51.75360164999999, -115.81001729
51.75269858999999, -115.81041538
51.75078411, -115.80960163
51.75005547, -115.80975591
51.74982842, -115.80980395
51.74807895, -115.80893319
51.74543146, -115.80700416
51.74293174000001, -115.80508844
51.74134519, -115.80334879
51.74080135, -115.80146223
51.74068853999999, -115.79822859
51.7390321, -115.79154044
51.73749022999999, -115.7871551
51.73751335, -115.7829548
51.73777004000001, -115.7784167
51.73838521, -115.77467392
51.73915721, -115.77111187
51.73897032999999, -115.76961517
51.73817616, -115.76854313
51.73691577, -115.76855274
51.73220783, -115.76969445
51.73126589, -115.76860972
51.72906118, -115.76672283
51.72722875, -115.7643434
51.72706204, -115.76091545
51.72725402, -115.75828252
51.72684297, -115.75461857
51.72579265, -115.7536682
51.72494808999999, -115.75321305
51.7232657, -115.75165901
51.72216911, -115.75120601
51.72098665, -115.75110355
51.71944539, -115.75020634
51.71727475, -115.74818083
51.71328434, -115.74516299
51.71082727000001, -115.74328032
51.70950775, -115.74106668
51.70856037, -115.73568826
51.70233777, -115.70760218
51.70131206999999, -115.70297668
51.69970025, -115.69571053
51.69560633, -115.67592428
51.69599217, -115.67454984
51.69434427000001, -115.66873435
51.68982943, -115.66992675
51.68895974, -115.66978172
51.68636144, -115.66765466
51.68550567000001, -115.66662866
51.68349235000001, -115.66519508
51.68342722000001, -115.66082649
51.68230470999999, -115.6561544
51.68056978, -115.65481639
51.67950378, -115.65341558
51.67614187, -115.647412
51.67341779000001, -115.64229713
51.673124, -115.63855418
51.67165363, -115.63406946
51.67012768000001, -115.63084361
51.66883203, -115.62966299
51.66737115000001, -115.6294696
51.66608040000001, -115.63043427
51.66354662, -115.63134276
51.66250859, -115.63044595
51.65939162, -115.62508689
51.65802264, -115.62204223
51.65738132, -115.61848653
51.6572057, -115.61611321
51.65417663, -115.61307423
51.64285359, -115.60065513
51.63454768, -115.59163469
51.62629793000001, -115.5822665
51.61910749, -115.57409782
51.61906366, -115.5740452
51.61901089, -115.57399547
51.60865864, -115.56423983
51.60221774999999, -115.55382747
51.58795682, -115.5307906
51.57068631, -115.5029241
51.56892894999999, -115.50009053
51.5688488, -115.50000002
51.5657443, -115.49649438
51.56494241000001, -115.49837202
51.56432722, -115.49846322
51.56364844000001, -115.50000001
51.56355874, -115.50020305
51.56267381, -115.50099782
51.56233941, -115.50237462
51.56155920000001, -115.50355197
51.56082916, -115.50452274
51.56039437, -115.50631247
51.56000753000001, -115.50749779
51.55902222, -115.50870529
51.55800853, -115.50941929
51.55378273, -115.51541841
51.55259524, -115.51562705
51.55115981, -115.51583912
51.55032065, -115.51563136
51.54985223, -115.51755809
51.54913795, -115.51988595
51.54767973, -115.52222399
51.54572858, -115.52354002
51.54417436000001, -115.52312259
51.54095484, -115.52071236
51.53998615999999, -115.52185014
51.53932222, -115.52722071
51.53958803, -115.52897224
51.53971571, -115.53047883
51.53887352, -115.53129929
51.53726651, -115.53140334
51.5359284, -115.53223044
51.53357335, -115.53479865
51.53258154, -115.53481204
51.53088567, -115.53264138
51.52821261, -115.53001817
51.52701158, -115.52926686
51.51825409999999, -115.53052349
51.51632912, -115.52868588
51.51410906, -115.52603025
51.51278878, -115.52536319
51.50976972, -115.52680213
51.50860219, -115.52591382
51.50684452, -115.5233895
51.50605962, -115.5205232
51.506009, -115.51748238
51.50689336, -115.51344201
51.50719589999999, -115.50935488
51.50874297, -115.50461974
51.5070182, -115.50195889
51.50596251, -115.50000001
51.50470281, -115.49766275
51.50411775000001, -115.49397217
51.50411422, -115.49032806
51.50438315, -115.48352889
51.50350573000001, -115.48408982
51.50092626, -115.48453883
51.50016843, -115.48359108
51.50001877, -115.48362897
51.49637784, -115.48455104
51.49534818999999, -115.48390875
51.49396546, -115.48431261
51.49242022, -115.48619802
51.49153250000001, -115.48944323
51.49076388, -115.49260436
51.4899438, -115.49272585
51.48928086, -115.49342021
51.48761626999999, -115.49538892
51.48658118, -115.49680067
51.48543687, -115.49703624
51.48224798999999, -115.49552126
51.48065469, -115.49800881
51.47950039, -115.49950409
51.47921071, -115.50000001
51.47814545, -115.50182361
51.47776885999999, -115.50174686
51.47702009, -115.50238732
51.47319484999999, -115.50632963
51.47062058, -115.50614712
51.46772717, -115.50544902
51.46638803, -115.50445516
51.46259765, -115.50541232
51.46065363, -115.50325029
51.45941921, -115.5026384
51.45827621, -115.50002734
51.45828887, -115.49999999
51.45890127000001, -115.49867731
51.45819604, -115.49792114
51.45561685, -115.49836872
51.45385323, -115.49790147
51.4511259, -115.49936358
51.44913837, -115.49859859
51.44800978999999, -115.49552297
51.44629598, -115.48876243
51.44509039, -115.48722055
51.44375572, -115.48702121
51.44006556, -115.48899016
51.43800215, -115.486914
51.43698258, -115.48501416
51.43470884, -115.48502022
51.43372331000001, -115.48013883
51.43080235, -115.47468484
51.4295011, -115.47434878
51.42706508, -115.4758346
51.42560612, -115.4777706
51.42352762, -115.47900465
51.42066039, -115.48875377
51.42037284, -115.4914577
51.41843647999999, -115.49808838
51.41620012, -115.49836504
51.41369297, -115.49744522
51.41068948, -115.49724388
51.40894498, -115.49846915
51.40735271999999, -115.49709183
51.40569877999999, -115.49464881
51.40438908000001, -115.49408994
51.40257209, -115.49231623
51.39976327, -115.48966828
51.39753986000001, -115.48610118
51.39673378, -115.48611297
51.39639243, -115.48718444
51.3929927, -115.49058889
51.39184526, -115.49167195
51.39049301, -115.49095846
51.38879645, -115.48836183
51.38769296, -115.48497923
51.38680657, -115.48070514
51.38663294, -115.47713142
51.38502501000001, -115.47548938
51.38201422, -115.4740018
51.37891032000001, -115.47322646
51.37701547999999, -115.47243317
51.37508974, -115.47110742
51.37472933, -115.47126827
51.37437611999999, -115.47502644
51.37372461, -115.47770087
51.37273230000001, -115.47913677
51.37050004, -115.480058
51.36867454, -115.48161704
51.36504694, -115.48397948
51.35966789, -115.48627834
51.35752517000001, -115.48584357
51.35560342, -115.48516143
51.35487087000001, -115.48586023
51.35437033000001, -115.48824246
51.35380367000001, -115.49122479
51.35244632999999, -115.49448484
51.34985732, -115.4962088
51.34823362, -115.49660943
51.34739235, -115.49775326
51.3448314, -115.49705774
51.34280838, -115.49810749
51.34002456999999, -115.49240094
51.33859182000001, -115.48971495
51.33687572, -115.48851974
51.33474492000001, -115.48770778
51.33182292, -115.48948067
51.32905787, -115.48468545
51.32673762, -115.48234625
51.32542072, -115.48050262
51.32337956, -115.47718391
51.32251187, -115.47613227
51.32075269999999, -115.47708989
51.31948208, -115.47604432
51.3183818, -115.47561719
51.31762682, -115.47245746
51.31663917, -115.46992223
51.31539966, -115.46710269
51.31422201, -115.46534663
51.31439643, -115.4643019
51.31622519, -115.46338717
51.31728686, -115.46199621
51.31826327, -115.46029605
51.31876696999999, -115.45855865
51.31873209, -115.45738392
51.31798042000001, -115.45486751
51.31601596, -115.45172694
51.3149384, -115.44593424
51.31499230999999, -115.44340565
51.31810702999999, -115.44149405
51.31847492, -115.44031296
51.31902091, -115.43872988
51.31977616, -115.43727652
51.32186414, -115.43562445
51.32217776, -115.43466588
51.32370771, -115.43266764
51.32302170999999, -115.43185802
51.32161918999999, -115.4320135
51.32023165, -115.43012855
51.31913525, -115.43034572
51.31634519000001, -115.4286165
51.31262053, -115.4241311
51.31082175, -115.42096756
51.30933764, -115.42030443
51.3057346, -115.41103024
51.30551281999999, -115.40897229
51.30799055999999, -115.40538415
51.30860155, -115.40320129
51.30825570999999, -115.40132267
51.30662706, -115.39877836
51.3055522, -115.39593674
51.30234871, -115.39062656
51.3006771, -115.38792867
51.29903515, -115.38345731
51.29754389, -115.37869556
51.29089283999999, -115.37023476
51.29000838, -115.36892069
51.28775999000001, -115.36727613
51.28534056, -115.3650144
51.28210187000001, -115.36083992
51.28126459, -115.35635735
51.28103263000001, -115.35301609
51.28019745, -115.35083783
51.27710237, -115.34739346
51.27466878999999, -115.34320659
51.27435739, -115.33853841
51.27339492, -115.3370498
51.27051807, -115.33502057
51.26986492, -115.33308352
51.26858075, -115.32845616
51.26727885, -115.32522468
51.2679531, -115.32244368
51.26899682, -115.32078517
51.27227055, -115.31819868
51.27231497, -115.31669165
51.27200082, -115.31368519
51.27307763000001, -115.31089595
51.27329953999999, -115.30898681
51.27902066, -115.30854546
51.2810081, -115.30861832
51.28186356, -115.30044884
51.28249917, -115.29815457
51.28317391, -115.29371028
51.28518875000001, -115.28919532
51.28505627, -115.28642828
51.28497157, -115.28445792
51.28517205000001, -115.28164002
51.28644648, -115.27935473
51.28738686, -115.27878212
51.28764012, -115.27740327
51.2874316, -115.27561258
51.28726991, -115.2656666
51.2882116, -115.2617698
51.28837366, -115.2594398
51.28953488, -115.25695649
51.29089464000001, -115.25497868
51.29209867, -115.25264931
51.29426415, -115.25065466
51.29425376, -115.24936945
51.2925728, -115.24769756
51.29074737, -115.24363545
51.29030746, -115.24080804
51.29024098000001, -115.23693137
51.29019299, -115.23447258
51.29131096, -115.22851003
51.29231034, -115.22336966
51.29328803, -115.218983
51.29434626, -115.21758634
51.29324467, -115.21218015
51.29224473, -115.20568614
51.29286176, -115.201462
51.29321543, -115.19733215
51.29209705, -115.19332318
51.29192904, -115.18836272
51.29170775, -115.18528716
51.28021554, -115.18108261
51.27848259, -115.18044879
51.26110395, -115.17409559
51.26077016, -115.17248656
51.26131106, -115.16924128
51.25766437, -115.17007637
51.25609121, -115.17128533
51.25428655999999, -115.17145881
51.25321207, -115.17092946
51.25191747000001, -115.17064866
51.25021519, -115.17139538
51.25006639000001, -115.17156622
51.24811087, -115.17381139
51.24717195000001, -115.17604612
51.24663015, -115.17762996
51.24343011, -115.18026905
51.24166981999999, -115.18391601
51.24010329000001, -115.18908553
51.23856282999999, -115.19248356
51.24035327999999, -115.20034563
51.24230625999999, -115.20371173
51.24178591, -115.20786202
51.24150184999999, -115.21368922
51.24056205, -115.21592263
51.23805926999999, -115.21732618
51.23552425, -115.21985881
51.23118992, -115.22486334
51.23102846, -115.23050926
51.22795604, -115.23360502
51.22735385, -115.23808696
51.22699338, -115.24156814
51.22446866999999, -115.24372221
51.22102803, -115.24684615
51.22114032, -115.24870209
51.2204397, -115.2565696
51.21964951000001, -115.25851021
51.21824576, -115.26364847
51.21841084, -115.26694111
51.21757755000001, -115.26872741
51.21698561, -115.27117242
51.216233, -115.27262523
51.21557622, -115.2756686
51.21333412, -115.28029144
51.21178576, -115.28304236
51.20808592, -115.28242961
51.20415575999999, -115.28078224
51.20165931999999, -115.27950485
51.19602847, -115.27974877
51.19400462, -115.27850656
51.19141558999999, -115.27959671
51.18928715, -115.28275546
51.18855535, -115.28511286
51.18739382, -115.28758907
51.18639759, -115.29169751
51.18553704, -115.29359293
51.18400561, -115.29494875
51.18256106000001, -115.29495462
51.18159027, -115.29333801
51.18114585, -115.29153447
51.18019092, -115.29018291
51.17871455, -115.28965922
51.17658818000001, -115.28950182
51.17524645, -115.28842316
51.17277227, -115.28639452
51.17072276999999, -115.28360663
51.16755473, -115.28344796
51.16376251, -115.27627695
51.16389427, -115.28069238
51.16366593, -115.28526949
51.16303687, -115.28654091
51.16100018, -115.28898843
51.15905027, -115.29008668
51.15912383999999, -115.29242651
51.16281551, -115.30297985
51.16322657, -115.30590987
51.16174939, -115.31265307
51.15684111, -115.33013658
51.15684643, -115.33013637
51.15592733, -115.33274431
51.14910159, -115.36250748
51.14798255, -115.36738244
51.14081395, -115.39795968
51.13489476, -115.39813248
51.13477009, -115.39813612
51.13323203, -115.39818099
51.13326017000001, -115.40376545
51.13326979, -115.40569152
51.13331933000001, -115.41571968
51.13332260000001, -115.41638579