58.08133896	-113.99999999
58.08108428000001	-113.96441407
58.08064112000001	-113.90570765
58.08019969	-113.8125541
58.0799598	-113.76741822
58.07995458	-113.74720229
58.079929	-113.69983544
58.07988612	-113.6536889
58.07964794000001	-113.62521952
58.0793136	-113.58655007
58.07884194	-113.53428708
58.07893749000001	-113.50000002
58.07902761	-113.46385859
58.07915833000001	-113.40106149
58.07918097000001	-113.38824916
58.07887758	-113.17947847
58.07872551000001	-113.12028753
58.07849048	-113.04515692
58.07837408999999	-112.99999999
58.07823821	-112.95403682
58.07758837	-112.78527981
58.07717048999999	-112.70013981
58.07759592000001	-112.63137891
58.07790157	-112.57753298
58.07821693000001	-112.51688121
58.07829927000001	-112.5
58.07888044	-112.36275689
58.08082559	-112.10989533
58.08104753	-112.07573417
58.08136364	-112.02424858
58.08150489999999	-112
58.08202311000001	-111.90255553
58.08215096	-111.87592194
58.08289246	-111.68569987
58.08417774	-111.49999998
58.08478562	-111.39342354
58.09161571999999	-111.39702593
58.09938642	-111.39663696
58.1437789	-111.37777733
58.16137259	-111.37712154
58.17285504	-111.37349768
58.18035105000001	-111.37568752
58.19072716	-111.38324871
58.19381327000001	-111.38992474
58.19641104000001	-111.40628273
58.20061096	-111.4327577
58.20719896	-111.44788746
58.21465297000001	-111.45269429
58.22109995	-111.4496349
58.2278941	-111.43967072
58.23158504000001	-111.43774268
58.23581741	-111.43063738
58.24021965999999	-111.42701339
58.24338209	-111.42895134
58.24599898	-111.43604701
58.24547634	-111.43991523
58.24543947	-111.43993449
58.24430258	-111.45148229
58.24435856	-111.45154277
58.24320253	-111.47833811
58.24673877	-111.48505988
58.25001297	-111.4867781
58.2751865	-111.49999999
58.27592545	-111.50038841
58.28311239	-111.5120238
58.28458106	-111.51440427
58.30591699999999	-111.52187412
58.31535469	-111.53031269
58.32770689	-111.52938975
58.33912058	-111.54230699
58.35762596	-111.55440035
58.36747568	-111.55288227
58.38345197999999	-111.54089638
58.38654572	-111.54675605
58.3879991	-111.55468328
58.40161398000001	-111.5595131
58.40461239999999	-111.55797196
58.41427894	-111.56645636
58.42117607	-111.56387002
58.43042316	-111.54531489
58.44097862	-111.54253026
58.44133339999999	-111.54304148
58.44320642	-111.54573476
58.44294314	-111.56009377
58.44446902	-111.56412227
58.44788321	-111.56478612
58.45185060999999	-111.56025418
58.45310951	-111.55379954
58.4532355	-111.53419134
58.4515456	-111.52666844
58.44581589000001	-111.51495685
58.44457231	-111.50789938
58.44671242	-111.50324534
58.45176653000001	-111.5
58.45964835	-111.4949369
58.46996731	-111.49255668
58.47277499000001	-111.48881057
58.4759642	-111.47636667
58.47169937	-111.45907779
58.47254249	-111.4499756
58.47462536	-111.44836583
58.48083956	-111.45879566
58.48506637	-111.45208165
58.48661903	-111.44171302
58.48797342	-111.4160469
58.48584101	-111.40718883
58.47689163	-111.39615614
58.46577925	-111.39154
58.46335689	-111.38616101
58.46262071	-111.37564736
58.46350199	-111.36392825
58.46901059	-111.34856221
58.47150543000001	-111.34959229
58.46965517999999	-111.36474475
58.47236366	-111.3666522
58.48093547999999	-111.35932791
58.4824461	-111.36465344
58.48699712	-111.3658056
58.4928413	-111.3714059
58.49686585000001	-111.37644916
58.50006427	-111.37689481
58.5025613	-111.37724277
58.50674992	-111.37269558
58.51078218	-111.36377659
58.51117516	-111.35375888
58.503416	-111.33975066
58.50242422	-111.33051876
58.50503356	-111.32456769
58.51060314	-111.31922707
58.51314004	-111.30365497
58.52168523	-111.2836426
58.52271523	-111.27627235
58.52048746	-111.27264821
58.51383066	-111.27487596
58.50932926000001	-111.27068719
58.50581209	-111.26218004
58.50414509	-111.25204781
58.50632338	-111.24431141
58.51240025999999	-111.24990404
58.51664997	-111.24097748
58.51974755	-111.24271711
58.52706425	-111.24682201
58.53670417	-111.24389237
58.53436198	-111.23282934
58.53800895000001	-111.21862301
58.540809	-111.21484638
58.54640523	-111.22216334
58.55334431	-111.21644125
58.54602388	-111.20247119
58.54528767	-111.19106482
58.55439352000001	-111.19288853
58.56153861	-111.18848635
58.56924066000001	-111.17754556
58.57048431	-111.17106038
58.56883638999999	-111.1591581
58.5661432	-111.15594596
58.56088263	-111.15652571
58.55841831	-111.15332882
58.55920046	-111.13151567
58.55938357	-111.13091294
58.56447635	-111.11431093
58.56604437	-111.09102524
58.58616721	-111.0988613
58.59330084999999	-111.09530605
58.60100664	-111.09922022
58.60558437	-111.09859465
58.60741547	-111.09825136
58.61007823	-111.08789037
58.61388931999999	-111.06094248
58.62137778000001	-111.04820112
58.62852668000001	-111.04331826
58.63715946999999	-111.04640082
58.64426639999999	-111.04457749
58.66589992	-111.04878186
58.66068886	-111.06210312
58.65674056	-111.06671901
58.64827939	-111.06758099
58.64446457	-111.07877361
58.65194912	-111.08224524
58.65650004000001	-111.09914501
58.65418067	-111.10165515
58.64835175	-111.09432293
58.64296904	-111.10324186
58.64236626999999	-111.11329009
58.64006214	-111.11448027
58.63349694	-111.11061192
58.62258664	-111.1227276
58.61353409	-111.14806548
58.61295038	-111.1563589
58.61491494000001	-111.16259237
58.62322735000001	-111.15648884
58.62708025	-111.15845735
58.62871291	-111.17125233
58.63821538	-111.192379
58.64207218	-111.17901193
58.64623028	-111.17573889
58.65146422	-111.16200563
58.65113237000001	-111.15365877
58.65420713	-111.14637254
58.65713684	-111.149165
58.65551121	-111.16831506
58.66412881	-111.17599328
58.66865474	-111.18002758
58.68716692	-111.19834212
58.69641344	-111.19945509
58.70626683	-111.21417566
58.71389437	-111.22498247
58.71819165	-111.23064511
58.72385008	-111.24661648
58.7326553	-111.24733774
58.74229662	-111.24361085
58.74558263	-111.24392376
58.75001001	-111.23977886
58.75321669	-111.236455
58.76044324	-111.23395914
58.76883058	-111.24086548
58.78259537	-111.28702964
58.78267627	-111.28685229
58.79545945	-111.3017075
58.80028515	-111.29979255
58.81904246	-111.28374015
58.82062558000001	-111.28471676
58.85445121999999	-111.26864938
58.87341833	-111.2534515
58.87624129000001	-111.2483168
58.88347038999999	-111.22402414
58.88481325	-111.21086301
58.88696863	-111.20436256
58.90284192000001	-111.19688584
58.91118869999999	-111.18853153
58.91690702	-111.18796704
58.92161825	-111.19354443
58.92572665	-111.20880385
58.9268672	-111.22389532
58.93597676	-111.24033737
58.93565247	-111.24650215
58.93014006	-111.26297447
58.93000268	-111.27180959
58.94825625	-111.28748895
58.95463447000001	-111.3029086
58.96426653	-111.3428653
58.97048072	-111.35387499
58.98041815999999	-111.36068852
58.98548793	-111.37206442
58.9917783	-111.40567318
58.99163744	-111.40673853
58.99662841	-111.42598284
58.99669160000001	-111.42591478
59.00005202	-111.42787627
59.00777347	-111.43238493
59.01224054	-111.43842773
59.03014319	-111.44667572
59.05552287	-111.44521903
59.05874254	-111.4440975
59.06747844	-111.42735061
59.07230797	-111.4254433
59.09836659	-111.43778098
59.10297094	-111.44917981
59.11968722000001	-111.46005241
59.12814456	-111.45970924
59.13349671	-111.4538345
59.13925327999999	-111.43775894
59.14340758	-111.43535571
59.15823939	-111.43631732
59.16220679	-111.43122843
59.18688463	-111.41723618
59.19589520000001	-111.39732294
59.19935523	-111.39531643
59.20407406	-111.40006979
59.21368324	-111.43990446
59.21758172000001	-111.47772475
59.21986959	-111.5
59.22189981	-111.5198024
59.22906766999999	-111.54079935
59.23562904	-111.54436252
59.24254525	-111.54082253
59.24681021000001	-111.53218586
59.25001792999999	-111.51929999
59.25074331	-111.51638492
59.25750696000001	-111.50836628
59.26876437	-111.50465087
59.27164816	-111.49999999
59.27487568	-111.4947935
59.27961383	-111.45848404
59.27866019	-111.44726082
59.28089572	-111.43668615
59.28316553000001	-111.43175745
59.28848339	-111.42020623
59.29312216000001	-111.41603294
59.30262855	-111.42111446
59.31606033	-111.42376989
59.32053502	-111.42942353
59.32956065999999	-111.44968808
59.33426805	-111.45491453
59.33857111	-111.45698989
59.3484514	-111.45361015
59.37402936	-111.46738223
59.38798761000001	-111.46606256
59.39700570000001	-111.4729295
59.40019483	-111.47359332
59.40608873	-111.46277459
59.4127226	-111.46231693
59.431598	-111.48060565
59.43997139	-111.48520652
59.45464304000001	-111.48213971
59.46435549	-111.47515875
59.48396339	-111.47735654
59.49340499	-111.47304598
59.49876476	-111.46666006
59.50003082	-111.46394354
59.50445649	-111.45444509
59.50836664	-111.45290399
59.52609761	-111.46637837
59.54259275	-111.45516311
59.5553837	-111.45510234
59.57840211	-111.43760038
59.57991277	-111.43644833
59.58993035	-111.43845518
59.59537411	-111.4270947
59.60363309	-111.42492805
59.62086821	-111.43236735
59.62796368	-111.43147485
59.6442031	-111.44382762
59.66244892	-111.48613446
59.67785675	-111.49349746
59.68186223	-111.4996394
59.68194007	-111.49999998
59.68436466	-111.51123655
59.68651612999999	-111.52120093
59.69137992	-111.53057788
59.69990972	-111.53930641
59.70804278999999	-111.54438791
59.71631322	-111.54178638
59.72300053000001	-111.53817768
59.7300961	-111.52418505
59.73513924	-111.52317043
59.75002711000001	-111.53124652
59.75233953999999	-111.53250915
59.7596949	-111.52983164
59.77804390999999	-111.53879693
59.790972	-111.57042978
59.79425267	-111.57846389
59.80503698	-111.58874889
59.80758525	-111.59021387
59.80898813	-111.59101644
59.80878024	-111.59504552
59.80777740999999	-111.61444446
59.82212847	-111.61572897
59.82206507	-111.61958911
59.82055898	-111.70927475
59.82047068	-111.71441736
59.81848889	-111.82679275
59.81971868	-111.82989993
59.82057693	-111.84449551
59.82380037	-111.85473457
59.81836026	-111.89833795
59.81352683000001	-111.91735096
59.80975006999999	-111.9398584
59.81221815	-111.95321799
59.81304206	-111.96871382
59.82088518	-111.97616819
59.82280246	-111.98242935
59.82302523999999	-111.98315703
59.82621819000001	-111.98341649
59.82953326000001	-111.9777859
59.83269952	-111.97941108
59.83758246	-111.97526827
59.84065333	-111.98143313
59.84449478	-111.98356188
59.84909534	-111.99303037
59.85405836	-111.99616631
59.85455187	-112
59.85464962	-112.00075935
59.85985677	-112.0030102
59.86034121	-112.0126007
59.86481585	-112.02797457
59.86504085000001	-112.03890025
59.86017310999999	-112.05303794
59.86211098	-112.0586534
59.86568922	-112.0621402
59.87056834	-112.05846283
59.87373079000001	-112.06009568
59.87402447000001	-112.06785504
59.8779651	-112.07591967
59.88391221	-112.09689375
59.88673895	-112.09994568
59.89262129000001	-112.10629367
59.89634066000001	-112.1138929
59.89706540000001	-112.12259835
59.90274553	-112.1344779
59.90938689	-112.16510353
59.91785557	-112.18497133
59.92031598	-112.20795956
59.93325937	-112.23190173
59.93941248	-112.25200601
59.94876606	-112.29346581
59.96231599	-112.32025389
59.97019706	-112.36432297
59.97145968	-112.37858286
59.97405751	-112.38475532
59.97879162	-112.38748685
59.98018467	-112.38726477
59.98773728999999	-112.38606033
59.99708735	-112.37735509
59.99986071	-112.37113696
60.00000013	-112.3708245
60.00006144	-112.37068783
60.00006089	-112.36249999
60.00005907	-112.34999995
60.00005598	-112.33749994
60.00005166	-112.32499993
60.00004614	-112.3124999
60.00003937000001	-112.29999991
60.00003138	-112.28749993
60.00002214	-112.27499995
60.00001167000001	-112.26249997
60.00000277000001	-112.25285514
60	-112.25000002
60.00001170000001	-112.23750006
60.00002214	-112.22500007
60.00003138	-112.21250009
60.00003936	-112.20000009
60.00004845	-112.18946282
60.00004612999999	-112.1875001
60.00004953	-112.18015661
60.00004955	-112.18015534
60.00005168	-112.1750001
60.00005597	-112.16250008
60.00005906	-112.15000008
60.0000609	-112.1375
60.00006152	-112.125
60.00006089	-112.11249997
60.00005906	-112.09999997
60.00005597	-112.08749995
60.00005167	-112.07499994
60.00004612999999	-112.06249988
60.00003937000001	-112.04999989
60.00003139	-112.0374999
60.00003473	-112.03542546
60.00002214	-112.02499991
60.00001169000001	-112.01249998
60.00000001	-112.00000002
60.00001155	-111.98765877
60.00001170000001	-111.98750007
60.00002216	-111.97500005
60.00003136	-111.96250007
60.00003936	-111.95000009
60.00004612999999	-111.93750011
60.00005167	-111.92500007
60.00005598	-111.91250008
60.00005862	-111.90217317
60.00005862	-111.90213539
60.00005906	-111.90000004
60.00005965	-111.89682541
60.0000609	-111.88750004
60.00006091	-111.88741356
60.00006153	-111.87499999
60.00006089	-111.86249998
60.00006035999999	-111.85787697
60.00006002	-111.85549284
60.00005919	-111.85067649
60.0000592	-111.85066381
60.00005905	-111.84999993
60.00005864000001	-111.84801736
60.00005771999999	-111.84399113
60.00006256	-111.84326072
60.00005614	-111.83796899
60.00005597	-111.83749994
60.00005543	-111.83572367
60.00005167	-111.8249999
60.00004614	-111.81249991
60.00004539	-111.81102183
60.00003937000001	-111.79999993
60.00003138	-111.7874999
60.00002215	-111.77499993
60.00001169000001	-111.76249997
60.00000001	-111.75000002
60.00001168000001	-111.73750005
60.00002216	-111.72500008
60.00003137	-111.7125001
60.00003936	-111.70000011
60.00004615	-111.68750007
60.00005167	-111.67500007
60.00005597	-111.66250006
60.00005906	-111.65000007
60.0000609	-111.63750001
60.00006151	-111.62499999
60.00006091	-111.6125
60.00005906	-111.59999993
60.00005597	-111.58749992
60.00005168	-111.57499993
60.00004612999999	-111.56249993
60.00003936	-111.54999988
60.00003138	-111.5374999
60.00002214	-111.52499992
60.00001170000001	-111.51249996
60	-111.49999999
60.00001169000001	-111.48750004
60.00002214	-111.47500009
60.00003137	-111.46250007
60.00003937000001	-111.4500001
60.00004614	-111.43750008
60.00005167	-111.4250001
60.00005598	-111.41250007
60.00005907	-111.40000003
60.00006091	-111.38750004
60.00006153	-111.375
60.00006089	-111.36249994
60.00005905	-111.34999996
60.00005597	-111.33749992
60.00005166	-111.32499993
60.00004612999999	-111.3124999
60.00003936	-111.29999993
60.00003137	-111.28749991
60.00002214	-111.27499995
60.00001169000001	-111.26249994
60	-111.25
60.00001169000001	-111.23750005
60.00002213	-111.22500007
60.00003137	-111.21250006
60.00003938	-111.20000009
60.00004611999999	-111.18750009
60.00005168	-111.17500006
60.00005599	-111.16250007
60.00005905	-111.15000002
60.0000609	-111.13750003
60.0000615	-111.12500002
60.0000609	-111.11249997
60.00005906	-111.09999998
60.00005597	-111.08749993
60.00005167	-111.07499994
60.00004615	-111.06249991
60.00003937000001	-111.04999991
60.00003137	-111.03749994
60.00002214	-111.02499991
60.00001169000001	-111.01249995
60	-111
60.00001167000001	-110.98750006
60.00002215	-110.97500007
60.00003137	-110.96250006
60.00003937000001	-110.95000011
60.00004612999999	-110.93750008
60.00005169	-110.92500007
60.00005598	-110.91250009
60.00005905	-110.90000005
60.00006091	-110.88750003
60.00006152	-110.875
60.00006089	-110.86249996
60.00005906	-110.84999994
60.00005597	-110.83749995
60.00005168	-110.82499993
60.00004614	-110.81249991
60.00003936	-110.79999988
60.00003137	-110.78749993
60.00002214	-110.77499992
60.00001169000001	-110.76249998
59.99999999	-110.74999999
60.00001170000001	-110.73750005
60.00002214	-110.72500009
60.00003137	-110.71250008
60.00003938	-110.70000012
60.00004614	-110.68750009
60.00005167	-110.67500006
60.00005597	-110.66250007
60.00005907	-110.65000004
60.0000609	-110.63750005
60.00006151	-110.62500001
60.00006089	-110.61249996
60.00005907	-110.59999994
60.00005598	-110.58749994
60.00005167	-110.57499991
60.00004611999999	-110.56249992
60.00003938	-110.54999991
60.00003137	-110.53749994
60.00002214	-110.52499992
60.00001170000001	-110.51249998
60	-110.50000003
60.00001168000001	-110.48750004
60.00002216	-110.47500007
60.00003138	-110.46250007
60.00003937000001	-110.45000011
60.00004612999999	-110.4375001
60.00005166	-110.42500008
60.00005599	-110.41250008
60.00005906	-110.40000006
60.0000609	-110.38750003
60.00006151	-110.375
60.00006089	-110.36249998
60.00005905	-110.34999995
60.00005599	-110.33749995
60.00005168	-110.32499992
60.00004614	-110.31249991
60.00003937000001	-110.2999999
60.00003137	-110.28749989
60.00002215	-110.27499996
60.00001169000001	-110.26249997
60	-110.24999998
60.00001168000001	-110.23750004
60.00002216	-110.22500006
60.00003137	-110.2125001
60.00003937000001	-110.20000009
60.00004612999999	-110.18750006
60.00005166	-110.17500009
60.00005599	-110.16250008
60.00005906	-110.15000004
60.00006091	-110.13750001
60.00006152	-110.12499997
60.00006089	-110.11249999
60.00005905	-110.09999996
60.00005597	-110.08749992
60.00005169	-110.07499991
60.00004614	-110.06249994
60.00003937000001	-110.04999992
60.00003137	-110.0374999
60.00002213	-110.02499994
60.00001170000001	-110.01249996
60	-110.00000002
59.99987366999999	-109.99999998
59.95257343000001	-110.00000002
59.94581946	-109.99999999
59.87256883	-110.00000002
59.82553537	-109.99999999
59.76521466	-109.99999998
59.75858531	-110.00000001
59.75773164	-109.99999999
59.74999999	-110.00000001
59.72581552999999	-110
59.71945829999999	-110.00000001
59.69819417000001	-109.99999998
59.59945117	-109.99999999
59.53205604	-109.99999999
59.52952527000001	-110
59.52237922	-109.99999997
59.5	-109.99999998
59.48497711	-110.00000001
59.47470849	-109.99999998
59.39097774	-110.00000001
59.37122108	-110
59.30710877	-110
59.25000001	-109.99999999
59.00000001	-109.99999998
58.97599363	-110
58.95528836999999	-110.00000003
58.92017299	-110.00000001
58.89792125	-110.00000001
58.89514994000001	-110.00000001
58.89405913	-109.99999999
58.86151731	-110.00000002
58.79339041	-109.99999999
58.74999999	-109.99999999
58.70194189000001	-110
58.69776574	-109.99999997
58.68425677	-109.99999997
58.67589065	-109.99999998
58.60484697	-110.00000002
58.5073343	-110.00000001
58.5	-110.00000002
58.49512805000001	-110.00000001
58.44206275	-110
58.43529862999999	-110
58.39739703	-110
58.39199237999999	-109.99999999
58.36145425000001	-109.99999999
58.29570632999999	-109.99999999
58.28238799	-110.00000001
58.24999999	-110
58.24185837	-110.00000001
58.22482681000001	-109.99999999
58.2058761	-110.00000002
58.14679281	-110.00000001
58.13759609	-110
58.1123319	-110
58.0404636	-109.99999999
57.99999999000001	-110
57.9467263	-109.99999999
57.94296205	-109.99999999
57.94231564	-110.00000002
57.74999999000001	-109.99999997
57.72844339000001	-110
57.55747804000001	-110
57.49999999999999	-110
57.43982539	-109.99999997
57.38121379	-110
57.35632887999999	-110.00000001
57.28570538	-109.99999999
57.25	-110.00000001
57.11114927	-109.99999998
57.02396719	-110.00000002
57.00000001	-109.99999999
56.95402727	-110.00000001
56.92908280000001	-110.00000002
56.83307628	-110
56.75000001	-109.99999998
56.70341893	-110.00000001
56.6822439	-110.00000003
56.58824132	-109.99999999
56.57388154	-109.99999998
56.50000001	-109.99999998
56.43489205	-110.00000001
56.36130716	-110.00000002
56.28448019	-109.99999999
56.28347275	-110.00000001
56.24999999	-110
56.24255511	-110
56.23197829	-110.00000001
56.08671875999999	-109.99999999
56.01156537	-110.00000001
56.00012188	-110
56	-109.99999998
55.897479	-110.00000001
55.89393654	-110.00000002
55.87280484	-109.99985805
55.81873363	-109.99988366
55.77421112	-109.99990472
55.77421109	-109.99999632
55.77421062	-110
55.77409728999999	-109.99999999
55.77371212	-110
55.77196309	-110
55.77196326000001	-109.99990577
55.75000008	-109.99991614
55.72520456	-109.99992784
55.70510593	-109.99993727
55.668446	-109.99995451
55.6374376	-110.00000001
55.63370813	-110
55.62706774	-110
55.61768571	-110.00000001
55.61768587	-109.99999889
55.61771519000001	-109.99997833
55.57135972	-110.00000001
55.56940533	-110.00000092
55.56056875	-110.00000503
55.52182500999999	-110.00002313
55.50000004	-110.00003329
55.46387273	-110.00005009
55.44457977	-110.00005901
55.43315379	-110.00006431
55.33396814	-110.00011021
55.33123273	-110.00011148
55.33130480999999	-110.0132553
55.33131535	-110.01520279
55.33147034999999	-110.0445812
55.33170119	-110.09136253
55.33186974	-110.12832858
55.3322171	-110.21506823
55.33222511999999	-110.21729477
55.33231096	-110.24191596
55.33234654000001	-110.25261027
55.33236580000001	-110.25853407
55.33240032	-110.26939702
55.33247593	-110.29445372
55.33256533	-110.32685497
55.33274292	-110.40535531
55.33277774999999	-110.4244396
55.33283587	-110.46137397
55.33288361	-110.49999998
55.33290938	-110.52745369
55.33291137	-110.52991326
55.33292565	-110.55023238
55.33294483	-110.63812425
55.33293242	-110.67470877
55.33293219	-110.67517962
55.33292961	-110.68003957
55.33289778	-110.72286552
55.33289501	-110.72580784
55.33287556999999	-110.74440691
55.3328726	-110.74699543
55.33282413999999	-110.78381552
55.33270557	-110.8504398
55.3326774	-110.86361301
55.33260827	-110.89329621
55.33255351	-110.91470092
55.33254216	-110.91894185
55.33253096	-110.92307383
55.33247544	-110.94278166
55.33229447000001	-111.00000002
55.33190342	-111.10101374
55.33144771	-111.19687348
55.33099329	-111.27874395
55.33084561	-111.30324398
55.33093227	-111.30324465
55.33905794	-111.30330393
55.35666961	-111.30343256
55.38639774	-111.30365
55.39217036	-111.30369224
55.43155751	-111.3039809
55.44799405	-111.30410157
55.46070171000001	-111.30419489
55.46071032	-111.32353246
55.46071125000001	-111.32620105
55.46071558999999	-111.34273683
55.46071753	-111.36066104
55.46071095	-111.40225129
55.4873657	-111.40199244
55.48805779	-111.40198574
55.5000665	-111.40186902
55.62456257	-111.40065441
55.641049	-111.40049294
55.70168856	-111.3998979
55.74468332999999	-111.3994748
55.75006664	-111.39942175
55.76471814	-111.39927734
55.80893927	-111.39884066
55.81017654	-111.39882844
55.81009386	-111.41262736
55.82470075999999	-111.41263561
55.89794366000001	-111.41267689
55.89800187	-111.41267693
55.97397605	-111.41272763
55.98444053000001	-111.41273463
55.98529662000001	-111.50000001
55.98560903999999	-111.53367847
55.9856628	-111.53958421
55.98617253	-111.59736768
55.98649005	-111.63516513
55.98734523	-111.74555437
55.98769601	-111.79537545
55.98819013	-111.87156828
55.98827048	-111.88476034
55.98827055	-111.8847713
55.97843555	-111.88450152
55.94250345	-111.88351701
55.94277161000001	-111.92930274
55.94290576	-111.95348189
55.94312393	-111.99496869
55.94314933999999	-112
55.94314934999999	-112.00000218
55.94330040000001	-112.03085781
55.94330149	-112.03108878
55.94333813999999	-112.0388497
55.96189207	-112.03914025
55.98722448	-112.03953743
55.98713383	-112.10385388
55.98686732	-112.22381534
55.98678514	-112.25238937
55.98674583	-112.26523539
55.98665111	-112.29443847
55.98663003	-112.30063536
55.98623224	-112.40318263
55.98599226000001	-112.45577185
55.98577159999999	-112.50000001
55.98550779	-112.54885324
55.98500864	-112.63228372
55.98502007	-112.63295768
55.98507803	-112.63637738
55.98693338	-112.64192935
55.9904297	-112.64608098
55.99760773	-112.64919759
56.00006414	-112.64795049
56.00006650000001	-112.6479493
56.00232911	-112.64680043
56.00792723	-112.63538447
56.01243827	-112.61310082
56.01692006999999	-112.60151503
56.02051217	-112.60368317
56.02637532	-112.6225408
56.03278918	-112.6264176
56.04754303999999	-112.61796933
56.06013450999999	-112.61791741
56.06859171000001	-112.62686706
56.07697163000001	-112.63245057
56.08024819	-112.62420641
56.08141445	-112.60292299
56.08684263	-112.58932859
56.1038319	-112.57657576
56.12841138	-112.57965943
56.14009393	-112.56470379
56.15106403	-112.56262685
56.15870466	-112.55469347
56.16987945	-112.53479967
56.18283841	-112.52212294
56.19792732	-112.51636366
56.21066429	-112.53380311
56.21717557	-112.53414772
56.23867489	-112.53842482
56.25004198	-112.54734151
56.25014052000001	-112.54741883
56.27973809	-112.57332467
56.31772599	-112.6010337
56.33253927000001	-112.62359905
56.33574145000001	-112.62848026
56.35147495	-112.64219598
56.35941537	-112.65322771
56.37269349	-112.65566535
56.3920138	-112.67315077
56.40154745	-112.66659612
56.41071932999999	-112.66652851
56.41643526	-112.67570678
56.41927382	-112.7001702
56.42129077	-112.71224975
56.42129167	-112.71225526
56.43052531	-112.71947138
56.43945664999999	-112.71461774
56.45197778000001	-112.6922734
56.45498222000001	-112.69224086
56.48166202	-112.69195166
56.50004857	-112.69175214
56.50697001	-112.69167699
56.50709052	-112.71567527
56.5190189	-112.71578921
56.5343336	-112.71593565
56.55058125	-112.71609117
56.7223389	-112.71774347
56.75003013000001	-112.71801134
56.77095600000001	-112.71821404
56.79442795000001	-112.71877291
56.85596382	-112.7202416
56.85628045	-112.7433975
56.90463237	-112.74334045
57.00000706	-112.74322745
57.04336735	-112.74317588
57.05133091999999	-112.74316639
57.20640315	-112.73916717
57.20790328999999	-112.76330408
57.21311675000001	-112.76341333
57.25001424	-112.7641874
57.27484636	-112.76470926
57.29436751	-112.76512003
57.29446424000001	-112.79959678
57.29479271000001	-112.96920117
57.29482611	-113.00000001
57.29487804	-113.09376462
57.38235287000001	-113.09460263
57.38288983	-113.22225501
57.38300078	-113.25367111
57.38123057	-113.49999999
57.38030473000001	-113.60659761
57.38044991	-113.64693466
57.38104658	-113.90082031
57.38113098	-113.99999998
57.3813034	-114.00000001
57.43591911	-114
57.44881505999999	-113.99999999
57.49999997999999	-114.00000002
57.52619867	-114.00000002
57.58136873	-114.00000003
57.61793252	-114.00000001
57.69080507	-114
57.75000000000001	-113.99999998
57.8000364	-114
57.89588815	-114
58.00000001000001	-114.00000001
58.08133896	-113.99999999
