29.603241	-82.656318
29.647602	-82.656551
29.676265	-82.656385
29.679848	-82.65657
29.68196	-82.657019
29.69656	-82.656828
29.798925	-82.65767
29.828068	-82.658128
29.830142	-82.65857
29.829693	-82.655512
29.829052	-82.65456
29.826943	-82.653674
29.82563	-82.652107
29.825703	-82.650741
29.826394	-82.649459
29.826795	-82.644367
29.827423	-82.641377
29.828473	-82.641008
29.832351	-82.635797
29.833596	-82.634734
29.834425	-82.634535
29.838132	-82.635011
29.839656	-82.634513
29.840684	-82.633311
29.841463	-82.631659
29.842605	-82.630719
29.843705	-82.630505
29.846117	-82.631938
29.846807	-82.632104
29.848379	-82.631839
29.849112	-82.631251
29.849375	-82.630423
29.849373	-82.629262
29.848633	-82.624998
29.848512	-82.622037
29.847002	-82.618497
29.847345	-82.617677
29.849485	-82.617514
29.850232	-82.617813
29.850891	-82.61847
29.852094	-82.622394
29.854005	-82.622927
29.855358	-82.622279
29.856948	-82.620983
29.857982	-82.620892
29.859111	-82.619739
29.85922	-82.619357
29.857786	-82.616452
29.856584	-82.615882
29.854348	-82.61387
29.852117	-82.61108
29.852147	-82.609924
29.853124	-82.608073
29.852817	-82.606866
29.85299	-82.605878
29.853614	-82.605121
29.854564	-82.604641
29.854736	-82.603676
29.857893	-82.602141
29.858254	-82.600566
29.858978	-82.599863
29.858897	-82.597171
29.859708	-82.595449
29.86122	-82.594379
29.861933	-82.592897
29.862521	-82.592484
29.863237	-82.592434
29.866042	-82.591231
29.866479	-82.590562
29.86686	-82.588376
29.866619	-82.587236
29.866702	-82.586485
29.867668	-82.586792
29.869091	-82.588131
29.869445	-82.588759
29.871444	-82.589977
29.872218	-82.589628
29.872925	-82.5898
29.873204	-82.590225
29.873221	-82.59234
29.887515	-82.592553
29.88764	-82.579997
29.894851	-82.580029
29.894865	-82.575876
29.913095	-82.575966
29.91358	-82.577207
29.913776	-82.578538
29.91418	-82.579398
29.914789	-82.579399
29.915845	-82.578266
29.918193	-82.571968
29.918215	-82.57127
29.917432	-82.570444
29.917482	-82.569061
29.917127	-82.568236
29.917196	-82.567856
29.918415	-82.56678
29.919615	-82.566214
29.920748	-82.566519
29.920833	-82.566173
29.920173	-82.564898
29.920906	-82.563987
29.921733	-82.564515
29.922051	-82.564192
29.921427	-82.56325
29.921496	-82.562395
29.922154	-82.560934
29.922632	-82.560928
29.922665	-82.562052
29.923083	-82.562139
29.923839	-82.561274
29.924693	-82.561007
29.926619	-82.558683
29.928554	-82.554707
29.928722	-82.551312
29.928359	-82.550451
29.926455	-82.549398
29.925585	-82.54812
29.925101	-82.544645
29.925695	-82.541207
29.92887	-82.539571
29.929158	-82.538844
29.928978	-82.536279
29.929283	-82.535067
29.93146	-82.531241
29.932378	-82.530453
29.934277	-82.529439
29.936761	-82.529269
29.939138	-82.530262
29.940764	-82.53005
29.941076	-82.528033
29.941877	-82.527852
29.942175	-82.526682
29.943838	-82.526439
29.944663	-82.525348
29.945048	-82.525339
29.944734	-82.524497
29.945254	-82.524103
29.945101	-82.523363
29.944707	-82.523069
29.94482	-82.522353
29.943309	-82.521894
29.94358	-82.521519
29.943461	-82.520459
29.943937	-82.52014
29.943721	-82.51881
29.943838	-82.518064
29.943324	-82.516842
29.944255	-82.514895
29.943943	-82.514569
29.944421	-82.512586
29.945207	-82.510972
29.945141	-82.510443
29.944622	-82.510065
29.944483	-82.508748
29.942726	-82.504656
29.942181	-82.5044
29.941901	-82.503914
29.942015	-82.50156
29.941821	-82.501219
29.941138	-82.501105
29.940194	-82.499248
29.938987	-82.499168
29.938807	-82.498079
29.939436	-82.497559
29.939637	-82.496824
29.939514	-82.496081
29.939885	-82.495962
29.940124	-82.49526
29.939664	-82.494405
29.940001	-82.493898
29.939427	-82.492269
29.938101	-82.491127
29.938888	-82.490918
29.939517	-82.489042
29.939872	-82.486221
29.939094	-82.485636
29.939272	-82.484896
29.93973	-82.484532
29.939625	-82.484248
29.938849	-82.484197
29.938461	-82.483847
29.936878	-82.484318
29.936642	-82.48412
29.936941	-82.483577
29.935904	-82.482042
29.936017	-82.481567
29.937014	-82.481167
29.936907	-82.480424
29.935815	-82.479661
29.935828	-82.479282
29.93497	-82.478262
29.934893	-82.477572
29.93417	-82.477566
29.933165	-82.476668
29.932867	-82.477185
29.93199	-82.477172
29.931949	-82.476703
29.932348	-82.476144
29.932384	-82.475676
29.931994	-82.475441
29.930432	-82.47544
29.929383	-82.474391
29.92691	-82.472673
29.926547	-82.472129
29.926453	-82.470891
29.925727	-82.469812
29.926729	-82.469601
29.927427	-82.469099
29.927823	-82.46945
29.928426	-82.469141
29.928265	-82.468379
29.929588	-82.464932
29.92954	-82.464464
29.928575	-82.464043
29.928636	-82.463373
29.931621	-82.461284
29.930213	-82.459886
29.9307	-82.458983
29.929169	-82.458325
29.927568	-82.456679
29.925934	-82.453783
29.925665	-82.452119
29.926216	-82.451479
29.928976	-82.450371
29.931515	-82.448948
29.931947	-82.447895
29.931818	-82.446597
29.930962	-82.444165
29.929765	-82.442983
29.929112	-82.441713
29.929339	-82.439774
29.930983	-82.439438
29.931091	-82.438969
29.93027	-82.438062
29.93085	-82.436587
29.930648	-82.436302
29.928616	-82.435531
29.928364	-82.435115
29.928359	-82.433667
29.929502	-82.434225
29.929548	-82.433743
29.927741	-82.431992
29.927393	-82.431021
29.925659	-82.430125
29.925535	-82.42927
29.924945	-82.428873
29.924846	-82.428483
29.921985	-82.42657
29.919923	-82.422399
29.919995	-82.421877
29.920717	-82.421013
29.920846	-82.420455
29.922978	-82.419114
29.922956	-82.418291
29.922569	-82.418012
29.922404	-82.417109
29.922547	-82.41671
29.922325	-82.416413
29.921923	-82.41656
29.921676	-82.416198
29.922349	-82.416025
29.922486	-82.415732
29.922045	-82.414799
29.922124	-82.414123
29.922472	-82.414116
29.922479	-82.413486
29.921851	-82.41376
29.922235	-82.412794
29.922018	-82.412456
29.92122	-82.413257
29.921068	-82.412619
29.920838	-82.412569
29.920582	-82.411043
29.92018	-82.411291
29.920347	-82.411923
29.920061	-82.412355
29.919532	-82.411935
29.919723	-82.411325
29.919481	-82.410904
29.918908	-82.411282
29.918052	-82.410304
29.917515	-82.411091
29.917238	-82.41114
29.916834	-82.40956
29.916912	-82.408996
29.916643	-82.408727
29.916364	-82.408988
29.915849	-82.40871
29.915652	-82.409384
29.915031	-82.409658
29.914476	-82.408837
29.914766	-82.408025
29.914675	-82.407659
29.913615	-82.407752
29.913553	-82.407425
29.91423	-82.406958
29.914054	-82.406629
29.912335	-82.405786
29.911898	-82.405895
29.911204	-82.405503
29.91067	-82.406054
29.911008	-82.406601
29.910903	-82.40687
29.910178	-82.407022
29.910101	-82.406573
29.909723	-82.406444
29.909716	-82.406067
29.909233	-82.406214
29.908893	-82.405862
29.907379	-82.406485
29.906463	-82.405348
29.905678	-82.405384
29.905478	-82.404854
29.90478	-82.404468
29.904306	-82.405156
29.904294	-82.405815
29.904071	-82.406003
29.903191	-82.405855
29.902939	-82.405487
29.902515	-82.405781
29.901632	-82.404936
29.899601	-82.403957
29.899206	-82.403998
29.898409	-82.404655
29.898026	-82.404555
29.897775	-82.403534
29.897378	-82.404252
29.896826	-82.404068
29.896532	-82.404667
29.89575	-82.404456
29.895525	-82.403923
29.896147	-82.403779
29.895787	-82.402856
29.893711	-82.402359
29.89357	-82.403063
29.89335	-82.403054
29.893107	-82.401715
29.892825	-82.401284
29.89128	-82.401195
29.891236	-82.400764
29.890581	-82.400599
29.890026	-82.400926
29.889879	-82.399844
29.889269	-82.399089
29.889391	-82.39867
29.887319	-82.398771
29.887194	-82.398195
29.88789	-82.39787
29.88753	-82.397197
29.886751	-82.397854
29.886069	-82.397519
29.886019	-82.396488
29.886606	-82.396202
29.886201	-82.395773
29.886555	-82.395236
29.886297	-82.394903
29.88659	-82.39439
29.885998	-82.393584
29.885445	-82.393494
29.88469	-82.392671
29.884849	-82.392185
29.8841	-82.391695
29.884608	-82.389295
29.884245	-82.389131
29.884131	-82.388771
29.883014	-82.389223
29.882825	-82.388951
29.883165	-82.388752
29.883052	-82.388504
29.881798	-82.388614
29.881545	-82.387799
29.8819	-82.387751
29.881276	-82.384887
29.881414	-82.384209
29.880932	-82.382525
29.88153	-82.38271
29.881711	-82.380426
29.882672	-82.379751
29.882526	-82.378646
29.882119	-82.378528
29.881931	-82.378909
29.880716	-82.378861
29.880673	-82.378605
29.881271	-82.378375
29.881247	-82.377748
29.881475	-82.377671
29.881387	-82.377198
29.880544	-82.376549
29.879433	-82.375003
29.879685	-82.374075
29.879292	-82.373893
29.879366	-82.373046
29.879758	-82.372754
29.879852	-82.372245
29.87916	-82.369695
29.879232	-82.369215
29.880475	-82.367701
29.880382	-82.366294
29.880784	-82.365707
29.880807	-82.36493
29.881137	-82.364451
29.880999	-82.363902
29.881357	-82.363757
29.881225	-82.363302
29.881484	-82.362974
29.881154	-82.361548
29.88067	-82.361333
29.880308	-82.360796
29.879917	-82.360663
29.879103	-82.35959
29.879038	-82.359085
29.878565	-82.359192
29.877371	-82.35839
29.877586	-82.357607
29.877421	-82.356225
29.878219	-82.355613
29.878511	-82.353638
29.878121	-82.353227
29.877638	-82.351233
29.878265	-82.350892
29.878221	-82.350122
29.876789	-82.348117
29.8769	-82.346204
29.876646	-82.345432
29.876613	-82.343266
29.877256	-82.340773
29.877656	-82.340272
29.877723	-82.339469
29.878848	-82.335957
29.87845	-82.334558
29.877394	-82.333939
29.877273	-82.332879
29.877026	-82.333611
29.875661	-82.333443
29.875037	-82.332831
29.875066	-82.331305
29.874256	-82.329298
29.872025	-82.327165
29.871903	-82.326693
29.869537	-82.326285
29.867233	-82.323079
29.867604	-82.314176
29.859959	-82.313914
29.859924	-82.305203
29.853171	-82.305027
29.853367	-82.302191
29.852998	-82.301175
29.853207	-82.301004
29.853218	-82.300064
29.852971	-82.299591
29.853141	-82.299603
29.8528	-82.298676
29.853031	-82.298556
29.852767	-82.298241
29.852723	-82.297414
29.852305	-82.297155
29.852459	-82.295906
29.851942	-82.295174
29.850897	-82.294745
29.851276	-82.294423
29.850902	-82.294001
29.851199	-82.293243
29.850214	-82.291243
29.850137	-82.290656
29.84995	-82.290619
29.849879	-82.291029
29.849604	-82.290467
29.849857	-82.290095
29.849801	-82.289622
29.849037	-82.289704
29.848454	-82.287641
29.848024	-82.287117
29.848024	-82.286429
29.84699	-82.285874
29.846814	-82.285369
29.846412	-82.285098
29.846401	-82.284707
29.845406	-82.284386
29.845257	-82.283874
29.845559	-82.283023
29.844448	-82.281837
29.844591	-82.28118
29.844354	-82.280833
29.844423	-82.280247
29.844713	-82.280015
29.844418	-82.278441
29.844073	-82.278175
29.844063	-82.276934
29.843687	-82.276454
29.844081	-82.276253
29.844028	-82.275509
29.844245	-82.275075
29.843635	-82.274485
29.843011	-82.272563
29.843303	-82.27243
29.843235	-82.271774
29.843545	-82.271403
29.84364	-82.27041
29.844037	-82.269507
29.845177	-82.269438
29.844874	-82.269104
29.845632	-82.268355
29.845756	-82.26709
29.846245	-82.267348
29.846262	-82.267702
29.84657	-82.267762
29.846831	-82.266472
29.847513	-82.265019
29.847349	-82.264263
29.846622	-82.263655
29.846823	-82.263191
29.846533	-82.261683
29.846565	-82.260377
29.846928	-82.259575
29.84717	-82.260112
29.847357	-82.259682
29.847032	-82.259064
29.84723	-82.258559
29.847588	-82.258446
29.848478	-82.257392
29.848637	-82.256047
29.849066	-82.255669
29.848868	-82.255328
29.849226	-82.255252
29.849236	-82.254489
29.849467	-82.254747
29.849731	-82.254349
29.849549	-82.253302
29.850088	-82.252488
29.850164	-82.250936
29.849966	-82.250078
29.850779	-82.248065
29.850906	-82.247175
29.851885	-82.246305
29.852122	-82.245725
29.852078	-82.244797
29.852392	-82.244135
29.852459	-82.24245
29.851784	-82.239717
29.850754	-82.238154
29.84904	-82.238187
29.84898	-82.233656
29.845297	-82.233514
29.845315	-82.210258
29.844276	-82.210283
29.843949	-82.208398
29.844626	-82.206802
29.844962	-82.206689
29.846183	-82.204096
29.846222	-82.203237
29.846811	-82.202417
29.847179	-82.201086
29.847652	-82.200354
29.848461	-82.196436
29.84833	-82.19506
29.848555	-82.194246
29.848088	-82.190271
29.845948	-82.188258
29.844051	-82.18509
29.842901	-82.183835
29.840684	-82.182131
29.839628	-82.179929
29.838764	-82.179147
29.837994	-82.17738
29.837895	-82.176093
29.837339	-82.175134
29.836943	-82.172907
29.837405	-82.171538
29.838076	-82.170768
29.837982	-82.169954
29.838703	-82.167822
29.838851	-82.166194
29.839561	-82.164932
29.839423	-82.163298
29.838744	-82.16192
29.838713	-82.146561
29.835895	-82.146561
29.835949	-82.133126
29.83081	-82.133127
29.830823	-82.130178
29.825353	-82.130243
29.823675	-82.129933
29.823686	-82.123923
29.805289	-82.124054
29.805333	-82.12167
29.801852	-82.121695
29.801846	-82.119645
29.798225	-82.119545
29.798188	-82.117597
29.790595	-82.117552
29.790713	-82.108889
29.783085	-82.109123
29.783284	-82.104355
29.783712	-82.103117
29.783695	-82.101944
29.78336	-82.101244
29.782117	-82.099963
29.780941	-82.098039
29.780633	-82.096633
29.780606	-82.094697
29.781789	-82.093411
29.780298	-82.094369
29.779528	-82.094117
29.779165	-82.093543
29.778863	-82.091449
29.779138	-82.090037
29.778765	-82.084494
29.778293	-82.083069
29.77821	-82.081896
29.776005	-82.079348
29.775103	-82.078887
29.774729	-82.078982
29.774723	-82.079278
29.773342	-82.079644
29.773304	-82.078414
29.773034	-82.078269
29.773183	-82.079814
29.772231	-82.080035
29.772187	-82.079707
29.771604	-82.079934
29.767698	-82.079845
29.766807	-82.080134
29.763572	-82.082095
29.76338	-82.08316
29.763638	-82.08362
29.761938	-82.087504
29.761443	-82.088084
29.760617	-82.08797
29.760299	-82.086192
29.760464	-82.084887
29.761251	-82.082655
29.761208	-82.076723
29.760361	-82.073142
29.75925	-82.070708
29.756742	-82.067139
29.750443	-82.060331
29.748801	-82.05906
29.748752	-82.058719
29.746711	-82.057213
29.746348	-82.057351
29.744208	-82.056368
29.742415	-82.056261
29.740869	-82.055492
29.73814	-82.055101
29.737563	-82.054528
29.737134	-82.054711
29.736391	-82.054572
29.733844	-82.054994
29.732705	-82.054389
29.732062	-82.05437
29.731567	-82.054698
29.728948	-82.054541
29.72787	-82.053999
29.725202	-82.054131
29.723002	-82.054856
29.722452	-82.054781
29.721819	-82.055247
29.719745	-82.055694
29.719228	-82.055487
29.718876	-82.055707
29.717209	-82.055474
29.716918	-82.054283
29.717017	-82.053004
29.71678	-82.052027
29.716098	-82.05083
29.715163	-82.050118
29.714134	-82.049973
29.713991	-82.049563
29.713798	-82.049733
29.713369	-82.049053
29.713182	-82.049185
29.713467	-82.049981
29.690543	-82.052302
29.669608	-82.055027
29.656846	-82.056071
29.645355	-82.056151
29.59482	-82.055337
29.546489	-82.055591
29.50802	-82.056104
29.454007	-82.055925
29.441847	-82.055643
29.441532	-82.056148
29.439951	-82.056747
29.439331	-82.059614
29.439518	-82.061387
29.439358	-82.061826
29.439576	-82.064016
29.4399	-82.064473
29.4419	-82.065089
29.442563	-82.06643
29.443798	-82.067155
29.443895	-82.068349
29.443271	-82.071291
29.442609	-82.071726
29.441283	-82.071125
29.440167	-82.071047
29.439195	-82.070326
29.437893	-82.070019
29.436811	-82.070088
29.43561	-82.070589
29.434236	-82.070522
29.434559	-82.070889
29.434647	-82.074024
29.435761	-82.075508
29.43682	-82.076102
29.43875	-82.075901
29.439831	-82.077478
29.440149	-82.078387
29.440386	-82.080943
29.439001	-82.082204
29.437892	-82.083806
29.43723	-82.085674
29.436434	-82.08642
29.435704	-82.087613
29.433955	-82.088074
29.432902	-82.088927
29.432646	-82.088886
29.432123	-82.086692
29.431177	-82.087068
29.430929	-82.08652
29.431106	-82.086053
29.430027	-82.08654
29.429508	-82.087167
29.429467	-82.088164
29.428971	-82.088277
29.427633	-82.086983
29.426655	-82.086535
29.426834	-82.087041
29.426673	-82.08763
29.426198	-82.088123
29.428046	-82.089427
29.428942	-82.08893
29.42922	-82.090022
29.429669	-82.090473
29.430697	-82.089971
29.430936	-82.090951
29.430754	-82.091986
29.429553	-82.092514
29.429068	-82.09144
29.428692	-82.09162
29.429232	-82.092671
29.430632	-82.093048
29.430666	-82.093879
29.430352	-82.094537
29.429587	-82.094953
29.429273	-82.095526
29.428781	-82.095729
29.427811	-82.095455
29.426472	-82.096467
29.425242	-82.096874
29.423731	-82.096683
29.421776	-82.095524
29.420499	-82.095629
29.419802	-82.096674
29.418664	-82.099886
29.418898	-82.099941
29.419761	-82.098839
29.420238	-82.098719
29.421109	-82.099674
29.422518	-82.099331
29.421062	-82.097787
29.421391	-82.0969
29.421835	-82.096817
29.424571	-82.098543
29.425144	-82.098156
29.426919	-82.098808
29.427258	-82.098716
29.427702	-82.097611
29.428244	-82.096999
29.428831	-82.097135
29.428888	-82.096556
29.429969	-82.096234
29.430098	-82.095664
29.430639	-82.096867
29.431672	-82.097859
29.432874	-82.097335
29.433141	-82.09751
29.43313	-82.098725
29.433625	-82.098364
29.433908	-82.099209
29.434146	-82.098662
29.434658	-82.099438
29.43511	-82.099328
29.435344	-82.098832
29.436328	-82.098914
29.43653	-82.099364
29.436813	-82.099226
29.437052	-82.099981
29.436584	-82.100499
29.438008	-82.100814
29.438313	-82.101143
29.438195	-82.102348
29.438387	-82.102588
29.438165	-82.103532
29.438273	-82.104124
29.437636	-82.105231
29.436745	-82.105315
29.435709	-82.105914
29.43555	-82.107373
29.435688	-82.108941
29.43538	-82.109514
29.435364	-82.110292
29.435179	-82.110437
29.435013	-82.111933
29.433692	-82.112875
29.432796	-82.1131
29.432234	-82.114269
29.432558	-82.116004
29.431903	-82.117782
29.431468	-82.118058
29.430159	-82.117812
29.428442	-82.118345
29.428249	-82.119319
29.428942	-82.120834
29.4291	-82.12336
29.428742	-82.125
29.430076	-82.126564
29.430048	-82.127193
29.430978	-82.127267
29.431919	-82.126576
29.43287	-82.126833
29.43319	-82.127279
29.433058	-82.128096
29.432244	-82.128637
29.432217	-82.129007
29.432987	-82.130427
29.433351	-82.131973
29.434738	-82.133059
29.435041	-82.134806
29.434348	-82.135875
29.432682	-82.136913
29.432594	-82.137774
29.431032	-82.137586
29.430631	-82.13856
29.429498	-82.139466
29.428635	-82.141024
29.427985	-82.140798
29.426451	-82.142313
29.426875	-82.143576
29.426672	-82.144016
29.424928	-82.144174
29.423459	-82.145299
29.42319	-82.14523
29.422358	-82.142862
29.421753	-82.14251
29.421527	-82.140562
29.421164	-82.140493
29.420553	-82.140864
29.420075	-82.140337
29.419948	-82.140858
29.41958	-82.141167
29.419789	-82.141757
29.418469	-82.143479
29.418459	-82.144554
29.41803	-82.145346
29.417568	-82.145584
29.418157	-82.146326
29.418091	-82.146602
29.417744	-82.146596
29.417222	-82.147356
29.417645	-82.147658
29.417057	-82.148827
29.418295	-82.149342
29.420072	-82.149467
29.420419	-82.149699
29.420276	-82.150183
29.420622	-82.150465
29.420512	-82.151018
29.421871	-82.151571
29.422905	-82.150019
29.42395	-82.149955
29.426707	-82.150784
29.426795	-82.151217
29.425722	-82.152317
29.425761	-82.152921
29.424914	-82.152946
29.42427	-82.15365
29.423214	-82.152965
29.422532	-82.15301
29.422389	-82.153387
29.423357	-82.153625
29.424155	-82.15441
29.424705	-82.154347
29.425019	-82.154737
29.424909	-82.155321
29.425833	-82.155246
29.426092	-82.15544
29.426114	-82.156012
29.425641	-82.156301
29.423666	-82.154875
29.422873	-82.155089
29.4224	-82.155536
29.422461	-82.157289
29.424877	-82.159085
29.424987	-82.160021
29.424437	-82.160399
29.424883	-82.161649
29.424817	-82.162208
29.424509	-82.162516
29.424531	-82.163691
29.425004	-82.165155
29.425791	-82.165544
29.427051	-82.167122
29.427101	-82.168165
29.425703	-82.168423
29.425137	-82.167097
29.424559	-82.167267
29.42484	-82.169975
29.425258	-82.170502
29.424857	-82.17174
29.42446	-82.171841
29.424329	-82.17245
29.424492	-82.172593
29.424048	-82.173399
29.423597	-82.173085
29.423272	-82.172281
29.421831	-82.173682
29.421826	-82.174242
29.422007	-82.174348
29.422623	-82.173657
29.42286	-82.174047
29.422706	-82.174392
29.422222	-82.174455
29.421969	-82.175492
29.420566	-82.175926
29.421347	-82.177182
29.421919	-82.177364
29.422552	-82.178338
29.422118	-82.179413
29.422288	-82.180387
29.42137	-82.182435
29.421342	-82.183472
29.421793	-82.184238
29.421485	-82.184628
29.421221	-82.189743
29.421469	-82.190698
29.421045	-82.191527
29.420935	-82.193626
29.421958	-82.194826
29.42193	-82.195467
29.422299	-82.195863
29.422568	-82.196843
29.423063	-82.197126
29.422854	-82.197503
29.423201	-82.198006
29.422095	-82.197735
29.42193	-82.198866
29.422519	-82.199991
29.424097	-82.200142
29.426402	-82.202122
29.426946	-82.203624
29.426891	-82.204384
29.427342	-82.205986
29.427166	-82.206929
29.42732	-82.207168
29.427045	-82.207482
29.427655	-82.207545
29.427463	-82.207821
29.427782	-82.207884
29.428233	-82.209725
29.429806	-82.211711
29.431912	-82.213327
29.432209	-82.212843
29.432534	-82.213346
29.43332	-82.213723
29.43398	-82.213692
29.434492	-82.21334
29.435031	-82.213642
29.437017	-82.213731
29.437231	-82.213479
29.438843	-82.213115
29.439894	-82.21243
29.440208	-82.212475
29.440763	-82.213568
29.441225	-82.213543
29.441682	-82.212865
29.445444	-82.212972
29.446413	-82.212137
29.447277	-82.212005
29.447447	-82.211735
29.447623	-82.211924
29.447887	-82.211352
29.447678	-82.212056
29.447898	-82.211704
29.448718	-82.212182
29.449158	-82.212081
29.449504	-82.211572
29.450208	-82.212936
29.450043	-82.212911
29.450263	-82.212986
29.450252	-82.21381
29.450461	-82.213766
29.450434	-82.213194
29.451605	-82.213967
29.451985	-82.214596
29.452997	-82.214087
29.454981	-82.21684
29.456208	-82.21778
29.457095	-82.217721
29.460197	-82.216446
29.460608	-82.21563
29.461392	-82.214929
29.461676	-82.213398
29.462905	-82.213703
29.463593	-82.212229
29.464514	-82.2116
29.464814	-82.21178
29.46505	-82.212735
29.465623	-82.212727
29.466056	-82.211661
29.465653	-82.210931
29.465142	-82.210634
29.46451	-82.209548
29.463269	-82.208857
29.462176	-82.206893
29.46169	-82.206624
29.462303	-82.205843
29.46233	-82.205272
29.460568	-82.204183
29.46039	-82.203302
29.46049	-82.200374
29.46122	-82.199923
29.460662	-82.198964
29.460753	-82.19842
29.462715	-82.196083
29.461319	-82.194486
29.46144	-82.193455
29.460995	-82.193215
29.460427	-82.193547
29.459797	-82.193347
29.458072	-82.194714
29.457583	-82.195581
29.45795	-82.198623
29.457423	-82.199121
29.456555	-82.199256
29.455772	-82.199013
29.454892	-82.196331
29.453192	-82.193641
29.453006	-82.192617
29.452318	-82.191787
29.453187	-82.191586
29.453831	-82.190561
29.454315	-82.188896
29.455322	-82.188493
29.456125	-82.188519
29.456911	-82.188116
29.457984	-82.188456
29.458969	-82.189172
29.458771	-82.189568
29.459359	-82.190128
29.459326	-82.190782
29.4597	-82.190926
29.460394	-82.18806
29.460047	-82.191027
29.46047	-82.190738
29.460294	-82.190562
29.460399	-82.189858
29.460949	-82.18938
29.461703	-82.18987
29.461549	-82.190694
29.461004	-82.190574
29.460894	-82.191574
29.462005	-82.190442
29.462473	-82.190832
29.461846	-82.191869
29.461983	-82.192001
29.462671	-82.191216
29.463111	-82.191505
29.462258	-82.192598
29.464216	-82.196879
29.466246	-82.19874
29.467538	-82.201223
29.468276	-82.20018
29.468732	-82.200256
29.469409	-82.20101
29.469051	-82.201481
29.468182	-82.201902
29.469205	-82.201513
29.472137	-82.2035
29.471262	-82.204273
29.472318	-82.205832
29.472252	-82.206367
29.471707	-82.206637
29.470673	-82.206643
29.469347	-82.205825
29.467054	-82.205335
29.466058	-82.20634
29.466146	-82.207447
29.466762	-82.20817
29.468208	-82.208371
29.468907	-82.208082
29.470777	-82.208303
29.471244	-82.209975
29.47081	-82.211276
29.472102	-82.212012
29.473417	-82.210881
29.473494	-82.210214
29.474017	-82.210277
29.474088	-82.211686
29.474963	-82.212415
29.475732	-82.21366
29.477311	-82.214811
29.478422	-82.213422
29.478923	-82.213328
29.479672	-82.21097
29.481317	-82.210336
29.481955	-82.210669
29.482741	-82.211644
29.483935	-82.211235
29.484044	-82.212638
29.483412	-82.214002
29.483576	-82.214983
29.483813	-82.215228
29.484213	-82.215143
29.484303	-82.286426
29.485385	-82.449956
29.48507	-82.466603
29.4855	-82.496247
29.478371	-82.496331
29.479064	-82.5089
29.480055	-82.556766
29.500245	-82.556921
29.512036	-82.55642
29.534556	-82.556669
29.537528	-82.557197
29.537685	-82.568411
29.53748	-82.56894
29.537854	-82.589561
29.537717	-82.598859
29.537105	-82.610097
29.53716	-82.612452
29.536463	-82.623101
29.536053	-82.636209
29.536144	-82.639496
29.53562	-82.656331
29.560562	-82.656206
29.56146	-82.65643
29.603241	-82.656318
