30.417206	-82.970529
30.417338	-82.96942
30.416811	-82.96823
30.417453	-82.966036
30.417087	-82.965613
30.415896	-82.965137
30.415232	-82.964343
30.41395	-82.959611
30.414271	-82.958078
30.413607	-82.956095
30.412072	-82.954508
30.4115	-82.954455
30.410148	-82.955645
30.409804	-82.955195
30.409048	-82.951759
30.408017	-82.95086
30.407193	-82.950595
30.406139	-82.949512
30.406666	-82.947476
30.406139	-82.94671
30.405612	-82.946842
30.404558	-82.948216
30.402656	-82.948163
30.401717	-82.948718
30.401007	-82.948639
30.400846	-82.946154
30.399999	-82.943934
30.400343	-82.942639
30.399907	-82.938806
30.395692	-82.936163
30.394844	-82.935318
30.394638	-82.934023
30.395004	-82.932648
30.393928	-82.932913
30.392301	-82.932463
30.39001	-82.931142
30.388819	-82.929688
30.388933	-82.929159
30.390056	-82.929134
30.390491	-82.928816
30.390858	-82.927573
30.388154	-82.924534
30.385908	-82.920544
30.385793	-82.91658
30.384647	-82.915312
30.383272	-82.915154
30.383066	-82.914467
30.383524	-82.913304
30.383593	-82.912035
30.382813	-82.909922
30.381919	-82.909155
30.380522	-82.908971
30.380109	-82.908548
30.380269	-82.908072
30.382286	-82.90823
30.383958	-82.907728
30.384462	-82.906063
30.383385	-82.904293
30.383201	-82.903288
30.384324	-82.902469
30.385538	-82.902389
30.386111	-82.902732
30.386432	-82.903419
30.386318	-82.906115
30.38767	-82.906405
30.387967	-82.905771
30.388105	-82.904397
30.387348	-82.901384
30.386796	-82.895253
30.387551	-82.891712
30.3859	-82.888885
30.384388	-82.889176
30.380952	-82.891635
30.380356	-82.891292
30.38015	-82.89087
30.378202	-82.89058
30.37568	-82.892272
30.374596	-82.893466
30.373633	-82.89344
30.3729	-82.8927
30.372212	-82.890877
30.368545	-82.888685
30.367926	-82.887945
30.367192	-82.88496
30.366871	-82.884485
30.365176	-82.885252
30.364969	-82.882293
30.365358	-82.881922
30.366504	-82.881843
30.366847	-82.881499
30.367098	-82.879253
30.3657	-82.877748
30.365448	-82.876982
30.365513	-82.874209
30.366109	-82.87302
30.366201	-82.872307
30.365812	-82.871831
30.363635	-82.871671
30.36226	-82.872066
30.361183	-82.871933
30.360794	-82.870903
30.360978	-82.870348
30.362078	-82.868975
30.362239	-82.86842
30.361758	-82.867997
30.358619	-82.866701
30.357772	-82.865485
30.357133	-82.863556
30.357294	-82.861997
30.358624	-82.859461
30.358761	-82.858748
30.358464	-82.857744
30.357342	-82.856713
30.355784	-82.85584
30.35308	-82.855204
30.352691	-82.854887
30.352393	-82.853883
30.353058	-82.853275
30.354593	-82.85325
30.356426	-82.853832
30.357114	-82.853092
30.356954	-82.852168
30.355991	-82.851797
30.351386	-82.852086
30.348934	-82.852666
30.348201	-82.851662
30.346552	-82.850789
30.34646	-82.849759
30.344719	-82.848517
30.34181	-82.845161
30.34094	-82.844553
30.340757	-82.843707
30.34133	-82.84236
30.342865	-82.841938
30.343141	-82.840485
30.34227	-82.83853
30.342064	-82.837077
30.342523	-82.835994
30.344425	-82.833591
30.346258	-82.833116
30.346556	-82.832694
30.346488	-82.83161
30.34603	-82.83058
30.345503	-82.826987
30.342158	-82.826881
30.340922	-82.826273
30.340372	-82.825718
30.339868	-82.823922
30.341358	-82.821677
30.34161	-82.820673
30.340441	-82.819511
30.340144	-82.817899
30.340969	-82.816684
30.340419	-82.815442
30.340419	-82.812721
30.3398	-82.81169
30.33925	-82.811426
30.337234	-82.811479
30.336844	-82.811004
30.336959	-82.810607
30.340511	-82.807305
30.341244	-82.806883
30.342229	-82.80683
30.343787	-82.807279
30.3453	-82.805245
30.345391	-82.804241
30.344131	-82.799803
30.340418	-82.795867
30.338012	-82.795445
30.33689	-82.7946
30.319384	-82.794682
30.318582	-82.794444
30.31801	-82.794682
30.281921	-82.794924
30.248752	-82.794601
30.241429	-82.79475
30.238062	-82.794487
30.139486	-82.795053
30.117784	-82.794692
30.116387	-82.794955
30.116043	-82.794745
30.059422	-82.794119
29.986212	-82.793975
29.986197	-82.781502
29.986688	-82.768943
29.986557	-82.760413
29.982739	-82.760398
29.979719	-82.759049
29.97713	-82.759524
29.975503	-82.758998
29.972937	-82.760052
29.969431	-82.760448
29.968377	-82.760896
29.96769	-82.761502
29.966613	-82.761845
29.966155	-82.761634
29.964803	-82.762293
29.964208	-82.764293
29.963521	-82.765504
29.963063	-82.767451
29.962307	-82.768004
29.960681	-82.770531
29.960589	-82.771847
29.959238	-82.772979
29.959123	-82.773321
29.959421	-82.77419
29.95917	-82.774953
29.959376	-82.775137
29.958024	-82.779585
29.956855	-82.780323
29.955481	-82.781875
29.954977	-82.783191
29.954977	-82.785507
29.954748	-82.785744
29.953213	-82.785928
29.952113	-82.786692
29.951403	-82.787771
29.950532	-82.788376
29.949089	-82.788534
29.948699	-82.789323
29.947622	-82.789797
29.946843	-82.789324
29.944643	-82.791166
29.944414	-82.791771
29.944025	-82.79185
29.943658	-82.791324
29.942444	-82.791403
29.942031	-82.791745
29.941756	-82.79285
29.940748	-82.793877
29.940244	-82.79535
29.939099	-82.796297
29.937609	-82.797034
29.936716	-82.798455
29.936051	-82.798823
29.934516	-82.798771
29.93353	-82.799165
29.932774	-82.80006
29.932293	-82.800113
29.932247	-82.801297
29.931422	-82.803454
29.932889	-82.806584
29.933095	-82.808426
29.932591	-82.809794
29.931056	-82.810978
29.930208	-82.814213
29.926312	-82.817659
29.925189	-82.819185
29.923539	-82.822946
29.922508	-82.82384
29.921431	-82.824103
29.920171	-82.824813
29.918337	-82.826996
29.917672	-82.828574
29.916068	-82.829837
29.913547	-82.831125
29.912837	-82.831914
29.913112	-82.833071
29.913891	-82.833913
29.914257	-82.834835
29.914165	-82.836307
29.914508	-82.837991
29.914966	-82.838964
29.91476	-82.839806
29.912743	-82.840831
29.912124	-82.841751
29.91233	-82.843356
29.913109	-82.845145
29.914116	-82.850248
29.913678	-82.854114
29.912944	-82.856139
29.911866	-82.85819
29.911866	-82.860215
29.911338	-82.862897
29.910237	-82.864107
29.908885	-82.864474
29.907923	-82.864158
29.904508	-82.865629
29.903889	-82.866312
29.903476	-82.867443
29.902789	-82.867443
29.900543	-82.866442
29.899718	-82.866363
29.898985	-82.866783
29.898549	-82.867703
29.898411	-82.868913
29.898892	-82.870728
29.898433	-82.871569
29.897562	-82.872252
29.890803	-82.874847
29.889849	-82.877554
29.889186	-82.878749
29.886847	-82.879802
29.886409	-82.880492
29.883188	-82.88283
29.882489	-82.883877
29.883595	-82.887336
29.884916	-82.890093
29.885912	-82.89133
29.888118	-82.892863
29.88957	-82.893092
29.890424	-82.892385
29.890912	-82.890851
29.890214	-82.888947
29.88812	-82.887321
29.887996	-82.885902
29.889219	-82.884796
29.891576	-82.885156
29.894625	-82.88826
29.896723	-82.892044
29.898624	-82.894031
29.900256	-82.895034
29.90144	-82.897866
29.901527	-82.900576
29.900954	-82.903753
29.900118	-82.90565
29.898138	-82.907628
29.897316	-82.907819
29.89479	-82.90721
29.893161	-82.907378
29.889494	-82.909
29.889151	-82.910708
29.889777	-82.913001
29.891791	-82.91555
29.896388	-82.918607
29.89817	-82.918465
29.899936	-82.917789
29.900781	-82.917027
29.902433	-82.912736
29.903327	-82.912148
29.904836	-82.912101
29.905967	-82.91295
29.907158	-82.915294
29.908255	-82.919012
29.908966	-82.91921
29.915071	-82.918586
29.919337	-82.921627
29.920115	-82.923098
29.920296	-82.924747
29.921331	-82.925884
29.924685	-82.925353
29.928943	-82.920702
29.930072	-82.920546
29.934899	-82.922754
29.936515	-82.92396
29.943307	-82.923535
29.946384	-82.925091
29.949887	-82.926174
29.952666	-82.928138
29.957399	-82.930782
29.957812	-82.931813
29.956836	-82.935806
29.958317	-82.950569
29.959361	-82.952399
29.961364	-82.953834
29.966423	-82.954142
29.969115	-82.957326
29.975154	-82.960377
29.986887	-82.962636
29.99305	-82.963112
29.994544	-82.96385
29.99575	-82.966132
29.996635	-82.974148
29.997637	-82.975111
30.003962	-82.976667
30.006116	-82.977608
30.007393	-82.97942
30.007604	-82.98054
30.007575	-82.983649
30.006032	-82.994608
30.006292	-82.995885
30.007017	-82.996661
30.008021	-82.999852
30.008789	-83.001312
30.009946	-83.002613
30.010795	-83.003192
30.019421	-83.006098
30.024147	-83.008197
30.028995	-83.010945
30.032123	-83.013293
30.034268	-83.016007
30.036617	-83.019878
30.040845	-83.023435
30.04418	-83.02822
30.045008	-83.030199
30.045783	-83.034717
30.047933	-83.036468
30.051075	-83.038058
30.053541	-83.040123
30.054569	-83.041499
30.056533	-83.04742
30.060766	-83.054074
30.061666	-83.056166
30.063947	-83.063597
30.065373	-83.066529
30.066335	-83.067683
30.068736	-83.06949
30.070593	-83.070122
30.072562	-83.07042
30.07524	-83.069993
30.078152	-83.069018
30.080686	-83.069026
30.081252	-83.069553
30.082151	-83.071634
30.082617	-83.075312
30.082773	-83.081391
30.082626	-83.085164
30.082944	-83.087415
30.085259	-83.091568
30.087846	-83.094839
30.088896	-83.0954
30.090157	-83.096749
30.091308	-83.099757
30.091521	-83.102361
30.091012	-83.10695
30.090929	-83.111149
30.091156	-83.111909
30.092667	-83.1136
30.093628	-83.11406
30.101536	-83.113922
30.102424	-83.114243
30.104073	-83.116453
30.104973	-83.119203
30.104919	-83.12128
30.104381	-83.122894
30.102723	-83.124856
30.101523	-83.125656
30.097423	-83.131456
30.096923	-83.132856
30.097023	-83.134156
30.097723	-83.135156
30.102723	-83.139056
30.104323	-83.142857
30.104223	-83.144657
30.103823	-83.146357
30.103923	-83.149057
30.104523	-83.151057
30.107423	-83.155457
30.109823	-83.160557
30.110022	-83.162457
30.109622	-83.163157
30.106822	-83.164757
30.104022	-83.165457
30.102122	-83.166457
30.100822	-83.167657
30.099622	-83.169757
30.099222	-83.171158
30.100022	-83.176058
30.099422	-83.179258
30.098822	-83.180358
30.096422	-83.181058
30.094522	-83.182058
30.094122	-83.182758
30.094222	-83.184858
30.097522	-83.188258
30.100222	-83.190058
30.102422	-83.191958
30.104622	-83.195258
30.105822	-83.198558
30.105822	-83.201059
30.104622	-83.207259
30.103822	-83.209459
30.103222	-83.212159
30.103222	-83.213159
30.104022	-83.214959
30.105322	-83.216159
30.108221	-83.217959
30.109621	-83.219159
30.110421	-83.220359
30.111821	-83.223659
30.113321	-83.225659
30.114621	-83.22636
30.125021	-83.22516
30.125221	-83.22496
30.130776	-83.22509
30.135278	-83.224594
30.137993	-83.225128
30.141126	-83.227178
30.146359	-83.232811
30.148951	-83.235024
30.152011	-83.238586
30.15276	-83.238702
30.154638	-83.237534
30.159115	-83.233192
30.161897	-83.23179
30.165021	-83.23126
30.166841	-83.231601
30.168728	-83.232979
30.172906	-83.239808
30.176963	-83.24491
30.179748	-83.247115
30.183931	-83.248851
30.190487	-83.249996
30.193461	-83.249147
30.195982	-83.249662
30.196378	-83.249991
30.200644	-83.250076
30.202228	-83.248866
30.20735	-83.247221
30.211227	-83.24483
30.214079	-83.243945
30.217812	-83.244035
30.219121	-83.243674
30.225377	-83.239859
30.226741	-83.239683
30.227529	-83.240132
30.228478	-83.241864
30.230051	-83.247174
30.231678	-83.249862
30.234105	-83.252035
30.235654	-83.252712
30.237392	-83.253012
30.238659	-83.252889
30.243141	-83.251023
30.245176	-83.249033
30.245633	-83.248104
30.245832	-83.244467
30.246994	-83.24296
30.248167	-83.242414
30.249535	-83.242812
30.249576	-83.24405
30.249099	-83.247048
30.247616	-83.249493
30.247637	-83.250193
30.248661	-83.251726
30.251098	-83.253093
30.253646	-83.253236
30.256793	-83.252652
30.258738	-83.251709
30.259578	-83.250564
30.26071	-83.247139
30.260323	-83.242614
30.260408	-83.23936
30.261088	-83.237515
30.262064	-83.236775
30.262897	-83.2369
30.264032	-83.237665
30.265744	-83.239719
30.267024	-83.240297
30.268211	-83.239965
30.274238	-83.236498
30.277063	-83.235291
30.283817	-83.231671
30.286452	-83.231516
30.287577	-83.23176
30.289716	-83.232984
30.290905	-83.233237
30.29202	-83.233007
30.295303	-83.231007
30.299326	-83.228016
30.301266	-83.225791
30.302617	-83.223699
30.307272	-83.21251
30.311878	-83.209924
30.312703	-83.20991
30.313932	-83.21033
30.319049	-83.214158
30.320966	-83.214378
30.322581	-83.214024
30.325727	-83.2122
30.33028	-83.208144
30.331872	-83.20792
30.333046	-83.208443
30.336572	-83.210822
30.338604	-83.211386
30.34107	-83.211576
30.344341	-83.212755
30.345851	-83.212551
30.348473	-83.210878
30.350067	-83.209296
30.350773	-83.207691
30.351026	-83.206452
30.3509	-83.202991
30.35059	-83.202035
30.348326	-83.200067
30.348279	-83.1983
30.34999	-83.193507
30.351153	-83.19121
30.35224	-83.190059
30.353196	-83.190332
30.355906	-83.192883
30.357624	-83.193592
30.359627	-83.193547
30.363696	-83.192079
30.365675	-83.192121
30.367782	-83.192891
30.374032	-83.192869
30.374846	-83.192343
30.375217	-83.191661
30.375217	-83.192161
30.376868	-83.18961
30.377339	-83.189269
30.379989	-83.18534
30.382311	-83.18037
30.383278	-83.179313
30.384191	-83.17771
30.384946	-83.171665
30.38568	-83.170089
30.386912	-83.169333
30.389627	-83.169543
30.390324	-83.169324
30.391419	-83.168456
30.392128	-83.167224
30.392771	-83.16443
30.393151	-83.164312
30.396064	-83.165498
30.398345	-83.165139
30.399352	-83.164122
30.400186	-83.161979
30.400224	-83.158782
30.400582	-83.158347
30.402862	-83.158146
30.408242	-83.155312
30.4088	-83.155398
30.409152	-83.156125
30.409044	-83.158662
30.409395	-83.159463
30.409799	-83.159596
30.413547	-83.158277
30.415432	-83.156066
30.417038	-83.154912
30.417284	-83.152273
30.417659	-83.151522
30.418365	-83.150885
30.418928	-83.149726
30.417495	-83.148305
30.419757	-83.143128
30.420877	-83.142084
30.422268	-83.141924
30.422447	-83.141543
30.421791	-83.137989
30.421408	-83.13715
30.420523	-83.13616
30.418682	-83.135584
30.418635	-83.135221
30.419156	-83.134545
30.420627	-83.134534
30.42138	-83.134166
30.422387	-83.133083
30.427512	-83.12913
30.4289	-83.127761
30.430292	-83.124228
30.43214	-83.122665
30.432408	-83.12208
30.432306	-83.121069
30.431426	-83.11835
30.431424	-83.117339
30.433771	-83.112389
30.434168	-83.108691
30.433622	-83.10496
30.435599	-83.100322
30.436364	-83.095651
30.436742	-83.094772
30.436881	-83.089908
30.437798	-83.084382
30.438394	-83.083272
30.439105	-83.082717
30.44009	-83.082664
30.441946	-83.083246
30.44245	-83.082744
30.442519	-83.081898
30.442312	-83.081369
30.438464	-83.078724
30.437364	-83.078327
30.432072	-83.077956
30.429369	-83.076554
30.425566	-83.075628
30.425383	-83.075205
30.425613	-83.072561
30.424651	-83.07116
30.424307	-83.069838
30.424513	-83.068702
30.425407	-83.068147
30.428248	-83.068015
30.428569	-83.06709
30.428088	-83.0659
30.427309	-83.059608
30.427744	-83.059502
30.428271	-83.061088
30.429096	-83.061379
30.429692	-83.060824
30.429875	-83.06019
30.42921	-83.058762
30.429417	-83.056991
30.428867	-83.055325
30.429256	-83.053923
30.428981	-83.053024
30.427973	-83.05202
30.42779	-83.051253
30.430172	-83.048768
30.430264	-83.048186
30.429737	-83.047155
30.429668	-83.046415
30.430286	-83.044485
30.429668	-83.042026
30.429736	-83.040784
30.430584	-83.038907
30.430629	-83.038351
30.430148	-83.037188
30.429048	-83.03592
30.428911	-83.035444
30.430537	-83.034994
30.430652	-83.034306
30.429987	-83.032535
30.428337	-83.029707
30.425723	-83.021935
30.424737	-83.018287
30.424095	-83.016965
30.423316	-83.016595
30.422949	-83.015062
30.42327	-83.013767
30.423292	-83.011811
30.422924	-83.009617
30.422397	-83.008057
30.422786	-83.007581
30.423978	-83.007501
30.425604	-83.005888
30.427574	-83.004856
30.428168	-83.00282
30.429268	-83.002132
30.429955	-83.002581
30.430735	-83.004563
30.431537	-83.00488
30.431789	-83.003822
30.430294	-82.999856
30.430639	-82.997873
30.43025	-82.997
30.429632	-82.996339
30.428326	-82.995598
30.427412	-82.990837
30.426015	-82.989356
30.42558	-82.988219
30.425512	-82.984862
30.422901	-82.984411
30.420885	-82.983458
30.419235	-82.983431
30.419006	-82.982876
30.419053	-82.979333
30.419787	-82.978091
30.419856	-82.977404
30.41839	-82.977535
30.417314	-82.973861
30.417428	-82.973491
30.418987	-82.972989
30.41917	-82.972355
30.417979	-82.972195
30.417154	-82.971746
30.417206	-82.970529
