#gsakname=Kingston
-38.04421568,145.10912
-38.04378938,145.1088748
-38.04281854,145.1084617
-38.04102848,145.1075597
-38.04085176,145.1075179
-38.04037127,145.1073231
-38.03983538,145.1069049
-38.03957317,145.1068244
-38.03925429,145.1067652
-38.03906529,145.1065928
-38.03850649,145.1063371
-38.0381908,145.106201
-38.03795664,145.1060021
-38.03699442,145.1054971
-38.0364581,145.1053081
-38.03522885,145.104547
-38.03448259,145.1040906
-38.03424951,145.1039657
-38.03396037,145.1038463
-38.03295003,145.1032584
-38.03268863,145.1031572
-38.03258172,145.1030482
-38.03236259,145.1029388
-38.0320063,145.1027645
-38.03186478,145.1026389
-38.0312927,145.1023539
-38.03036198,145.101818
-38.02947709,145.1012029
-38.02903553,145.1009178
-38.02795244,145.1003768
-38.02760931,145.1001675
-38.02721389,145.0998249
-38.02698272,145.0996768
-38.02609076,145.0992081
-38.02548013,145.0987923
-38.02520402,145.0985453
-38.02480575,145.0982878
-38.02414367,145.0979438
-38.02404579,145.0978859
-38.02374509,145.0975958
-38.0228472,145.0970166
-38.0212308,145.0958306
-38.02074424,145.0954857
-38.02020464,145.0952313
-38.01931897,145.0945361
-38.01854099,145.0939317
-38.0182122,145.0935781
-38.01782046,145.0933471
-38.01698343,145.0925211
-38.01641647,145.0920359
-38.01591655,145.0915429
-38.01515678,145.0908638
-38.01438168,145.0900938
-38.01339767,145.0891036
-38.0137567,145.08851
-38.01306008,145.0831564
-38.01305062,145.0830838
-38.01301028,145.0829656
-38.00927117,145.0826633
-38.00927478,145.0826687
-38.00938769,145.0827032
-38.009494,145.0827625
-38.00950658,145.0827638
-38.00951187,145.0827665
-38.00951967,145.0827694
-38.00963221,145.0828005
-38.0097734,145.0828128
-38.00983144,145.0828227
-38.00989973,145.0828417
-38.00995147,145.0828616
-38.01000411,145.0828871
-38.01003709,145.0829058
-38.01006683,145.0829245
-38.01010394,145.0829503
-38.0101311,145.0829712
-38.01015254,145.0829888
-38.01022004,145.0830506
-38.0102394,145.0830658
-38.01024878,145.0830732
-38.01029077,145.0831084
-38.01048056,145.0832908
-38.01057371,145.0833607
-38.01077289,145.0835342
-38.01088379,145.0836499
-38.01097887,145.0837613
-38.01098625,145.0837787
-38.01100287,145.0837927
-38.01108672,145.0838944
-38.01115051,145.0840046
-38.01115485,145.0840134
-38.01119365,145.0840913
-38.01118302,145.0840964
-38.01115505,145.0841046
-38.01113157,145.0841175
-38.01110959,145.0841311
-38.01108169,145.0841471
-38.01105494,145.0841643
-38.01103205,145.0841784
-38.01101664,145.0841844
-38.01098048,145.0842116
-38.01094838,145.0842323
-38.0109077,145.0842556
-38.01087339,145.0842732
-38.01080516,145.0843134
-38.01079973,145.0843207
-38.01079008,145.0843282
-38.01075296,145.0843532
-38.01069554,145.0843854
-38.01065854,145.0844083
-38.01061104,145.0844366
-38.01060079,145.0844434
-38.01059326,145.084447
-38.01058665,145.084449
-38.010585,145.0844494
-38.01058046,145.0844487
-38.0105461,145.0844096
-38.01050182,145.08435
-38.01047647,145.0843193
-38.01045019,145.0842901
-38.01041483,145.0842544
-38.01039254,145.0842296
-38.01036985,145.0842055
-38.0103489,145.0841862
-38.01024344,145.0840939
-38.01021521,145.0840713
-38.01018657,145.0840495
-38.0101294,145.0840079
-38.01010441,145.083987
-38.01008022,145.0839647
-38.0100228,145.0839079
-38.00996864,145.083858
-38.00991536,145.0838049
-38.00988512,145.0837797
-38.00985252,145.0837566
-38.00979728,145.0837027
-38.00976936,145.0836791
-38.00974748,145.0836648
-38.00973184,145.0836572
-38.00971552,145.0836524
-38.00968446,145.0836493
-38.00956539,145.0836395
-38.00952272,145.0836328
-38.00948049,145.0836222
-38.00935099,145.0835846
-38.00932575,145.0835763
-38.00930089,145.0835663
-38.00926985,145.0835516
-38.0092058,145.0835186
-38.00917261,145.0835008
-38.00908577,145.0834807
-38.00897694,145.0834442
-38.00892238,145.0834419
-38.00886752,145.0834418
-38.00879773,145.0834286
-38.00872949,145.0834054
-38.00867605,145.0833773
-38.00862323,145.0833486
-38.00856681,145.0833249
-38.00851133,145.0832978
-38.00845455,145.0832496
-38.00839924,145.0831985
-38.0083628,145.0831703
-38.00832635,145.0831422
-38.00830997,145.0831297
-38.00827814,145.0831017
-38.00824567,145.0830759
-38.008223,145.0830609
-38.00812188,145.0830022
-38.00802018,145.0829458
-38.00798623,145.0829285
-38.00795167,145.0829129
-38.00788198,145.0828833
-38.00783613,145.082862
-38.00781051,145.0828484
-38.00778195,145.0828308
-38.00775054,145.0828076
-38.00772978,145.0827896
-38.00750524,145.0825747
-38.00746888,145.0825423
-38.00743113,145.0825125
-38.0074053,145.0824941
-38.00737016,145.0824709
-38.00736279,145.0824671
-38.00735514,145.0824645
-38.00733919,145.0824621
-38.00730596,145.0824634
-38.007284,145.0824633
-38.00727193,145.0824611
-38.00725882,145.0824556
-38.00719728,145.0824169
-38.00713721,145.0823748
-38.00709812,145.0823446
-38.00704737,145.0823015
-38.00694298,145.0822044
-38.00683954,145.0821064
-38.00676958,145.0820427
-38.00669606,145.081978
-38.00662138,145.0819157
-38.00657029,145.0818767
-38.00654043,145.0818557
-38.00651245,145.0818384
-38.00648374,145.0818232
-38.00642556,145.0817951
-38.00638739,145.0817748
-38.00635127,145.0817525
-38.00624474,145.0816801
-38.00619674,145.0816497
-38.00616871,145.0816339
-38.00615367,145.081627
-38.00613825,145.0816216
-38.00610697,145.0816122
-38.00604497,145.0815889
-38.00600392,145.0815716
-38.00597796,145.0815567
-38.00596395,145.0815463
-38.00594891,145.0815322
-38.00592106,145.0814995
-38.00589404,145.0814662
-38.00581175,145.0813697
-38.00578325,145.0813387
-38.00575415,145.0813106
-38.00572359,145.0812855
-38.00570252,145.0812703
-38.00567373,145.0812514
-38.00563436,145.0812283
-38.00558078,145.0812
-38.00550903,145.0811637
-38.00546207,145.0811407
-38.00531971,145.0810777
-38.00525695,145.0810476
-38.0052174,145.0810265
-38.00517859,145.0810035
-38.00515331,145.0809868
-38.00512057,145.080962
-38.00510245,145.0809464
-38.00508394,145.0809275
-38.00506695,145.0809065
-38.00503506,145.0808621
-38.0050134,145.0808332
-38.00500021,145.0808179
-38.0049687,145.0807857
-38.00493599,145.080755
-38.00486933,145.0806952
-38.00482585,145.0806542
-38.00480197,145.0806295
-38.00479226,145.0806169
-38.00478383,145.0806027
-38.00476815,145.0805727
-38.00475643,145.0805543
-38.00474854,145.0805454
-38.00473206,145.0805317
-38.00471438,145.0805203
-38.00467768,145.0805003
-38.00465406,145.0804853
-38.00464148,145.0804749
-38.0045853,145.0804217
-38.00452971,145.0803675
-38.00441988,145.080256
-38.00438488,145.0802193
-38.00435075,145.0801817
-38.00432879,145.0801555
-38.00430089,145.0801185
-38.00429409,145.0801073
-38.00428849,145.0800952
-38.00427981,145.0800692
-38.00426545,145.0800148
-38.0042603,145.0800001
-38.00425297,145.0799842
-38.00423461,145.0799522
-38.00421533,145.0799207
-38.00418176,145.0798683
-38.00414719,145.0798172
-38.00412318,145.0797843
-38.00408941,145.0797422
-38.00408234,145.0797349
-38.00407469,145.0797289
-38.00405801,145.0797197
-38.00404614,145.0797151
-38.00399721,145.0796999
-38.00398408,145.0796938
-38.00397026,145.0796844
-38.0036119,145.0792951
-38.00345606,145.0791236
-38.00336794,145.0790237
-38.00310669,145.0787196
-38.00290259,145.0784865
-38.0028405,145.0784133
-38.00278037,145.0783376
-38.00274155,145.0782853
-38.00269157,145.078213
-38.00268387,145.0782001
-38.00267701,145.0781866
-38.00266438,145.0781587
-38.00265399,145.0781334
-38.00262689,145.0780548
-38.00261326,145.0780209
-38.00260409,145.0780024
-38.00258687,145.0779717
-38.00256895,145.0779418
-38.00253124,145.0778844
-38.00250492,145.0778474
-38.00246864,145.0777995
-38.00241871,145.0777372
-38.00224952,145.0775335
-38.0022151,145.0774943
-38.00216766,145.0774444
-38.00213944,145.0774175
-38.00210598,145.0773885
-38.00205632,145.0773502
-38.0020057,145.0773146
-38.0019033,145.0772465
-38.00187606,145.0772293
-38.0018484,145.077213
-38.00179301,145.0771806
-38.00175701,145.0771568
-38.00173708,145.0771404
-38.00171886,145.0771216
-38.00170752,145.077108
-38.0016932,145.0770887
-38.00167518,145.0770614
-38.00162147,145.0769708
-38.0016028,145.0769417
-38.00157963,145.0769101
-38.00156619,145.0768943
-38.00155131,145.076879
-38.00153564,145.0768663
-38.00152442,145.0768599
-38.00152132,145.0768597
-38.00151824,145.0768615
-38.00151208,145.0768667
-38.00150794,145.0768683
-38.00150257,145.0768678
-38.00149713,145.0768658
-38.00149354,145.0768629
-38.00148969,145.0768575
-38.00148734,145.0768519
-38.00148458,145.0768399
-38.00148346,145.0768306
-38.00148421,145.076802
-38.00148266,145.07679
-38.00147895,145.0767817
-38.00147335,145.0767746
-38.00146052,145.0767617
-38.00145401,145.0767524
-38.00145262,145.076746
-38.00145279,145.0767382
-38.00145461,145.0767214
-38.00145436,145.0767119
-38.00145283,145.076708
-38.00144927,145.0767054
-38.00144038,145.0767043
-38.00142377,145.0767044
-38.00140986,145.0767072
-38.00140502,145.0767128
-38.00140239,145.0767179
-38.00139945,145.0767259
-38.0013902,145.0767622
-38.00138704,145.0767705
-38.00138244,145.076777
-38.0013794,145.0767788
-38.00137354,145.0767802
-38.00136688,145.0767808
-38.00135206,145.0767795
-38.00134181,145.0767767
-38.00132878,145.0767704
-38.00132209,145.0767655
-38.00131552,145.0767587
-38.00130174,145.0767378
-38.00129022,145.0767148
-38.00127027,145.0766662
-38.00125636,145.0766348
-38.0012472,145.0766183
-38.00123503,145.0766015
-38.00122759,145.0765936
-38.00108465,145.0764618
-38.001006,145.0763851
-38.00092837,145.0763068
-38.0008775,145.0762534
-38.00087141,145.0762459
-38.00086603,145.0762378
-38.00085693,145.0762196
-38.00084203,145.0761797
-38.00083152,145.0761537
-38.00082428,145.0761402
-38.00081424,145.0761268
-38.00079052,145.0761031
-38.00076555,145.0760815
-38.00071451,145.0760399
-38.00068183,145.0760099
-38.00064014,145.0759673
-38.00059928,145.0759235
-38.00057297,145.075893
-38.00053958,145.0758498
-38.00053021,145.0758356
-38.0005217,145.0758207
-38.00050664,145.0757891
-38.00048031,145.0757227
-38.00046176,145.0756796
-38.00044951,145.0756566
-38.000439,145.0756406
-38.00040338,145.0755965
-38.00038797,145.0755757
-38.00037989,145.0755628
-38.00037296,145.0755495
-38.00036697,145.0755357
-38.00035756,145.0755071
-38.00035297,145.0754875
-38.00029138,145.0753477
-38.0002841,145.075327
-38.00028124,145.0753165
-38.00027906,145.0753057
-38.0002776,145.0752946
-38.0002768,145.0752833
-38.00027671,145.0752602
-38.00027883,145.0752257
-38.00028028,145.0752143
-38.00028295,145.0752028
-38.00029245,145.0751687
-38.00029411,145.075158
-38.00029401,145.075148
-38.00029087,145.0751392
-38.00028426,145.0751319
-38.00027586,145.0751254
-38.00026732,145.0751185
-38.00026043,145.0751107
-38.00025556,145.0751013
-38.00024712,145.0750809
-38.00022927,145.0750511
-38.00022269,145.0750436
-38.00021595,145.0750405
-38.00020906,145.0750434
-38.00020197,145.0750508
-38.00019463,145.07506
-38.00018701,145.0750682
-38.00016242,145.0750861
-38.00015391,145.075091
-38.00014544,145.0750942
-38.00013714,145.0750946
-38.00012887,145.0750928
-38.00012046,145.0750896
-38.00011203,145.0750854
-38.00010366,145.0750802
-38.00008748,145.0750678
-38.00003752,145.0750186
-37.99990589,145.0748796
-37.99978953,145.0747373
-37.99970279,145.0745913
-37.99962452,145.0744796
-37.99961816,145.0744712
-37.99958544,145.0744307
-37.99954382,145.0743881
-37.99952176,145.0743705
-37.9995138,145.0743664
-37.99950535,145.0743636
-37.99949653,145.0743618
-37.9994874,145.0743608
-37.99944032,145.0743593
-37.99943124,145.074358
-37.99942246,145.0743556
-37.99941407,145.0743521
-37.99939822,145.0743424
-37.99937539,145.0743249
-37.99930258,145.0742558
-37.99926479,145.0742248
-37.99925677,145.0742199
-37.99924846,145.0742158
-37.99918744,145.0741938
-37.99912139,145.074156
-37.99909805,145.0741386
-37.99908357,145.0741253
-37.99888663,145.0738912
-37.99888039,145.073883
-37.99881958,145.073799
-37.9987214,145.0736357
-37.99866737,145.0735444
-37.99854696,145.0733754
-37.99841308,145.073206
-37.99828714,145.0730595
-37.9982803,145.0730521
-37.99811551,145.0728928
-37.99807946,145.0728585
-37.99797617,145.072749
-37.99782285,145.0725404
-37.9977436,145.0724312
-37.99768674,145.072358
-37.99767255,145.0723396
-37.99764206,145.0723044
-37.99749474,145.0722116
-37.99502083,145.0688775
-37.99498811,145.0688217
-37.99491608,145.068699
-37.99482442,145.0685313
-37.99469195,145.0683882
-37.99457051,145.0682328
-37.9944449,145.0680791
-37.9943281,145.0679131
-37.99421795,145.0677428
-37.99410957,145.0675814
-37.9940021,145.0674051
-37.99389269,145.067235
-37.99381209,145.0670558
-37.99370628,145.0669243
-37.99360407,145.0667679
-37.99349736,145.0665935
-37.99338204,145.0664266
-37.99329246,145.0662823
-37.9931671,145.0661313
-37.99308482,145.0660272
-37.99308279,145.0660138
-37.99294258,145.0657881
-37.99289622,145.0657249
-37.99280661,145.0655743
-37.99279764,145.0655561
-37.99272732,145.0654134
-37.99263818,145.0652585
-37.99259156,145.0651918
-37.99257541,145.0651611
-37.99251854,145.0650583
-37.99245587,145.0649244
-37.99239534,145.064831
-37.99233263,145.064751
-37.99227836,145.0646803
-37.99216356,145.0644629
-37.99207887,145.0642556
-37.99196342,145.0640883
-37.99184625,145.0639219
-37.99173129,145.063754
-37.991622,145.063582
-37.99151394,145.06341
-37.99142115,145.0632287
-37.99141987,145.0632062
-37.99136865,145.0631023
-37.99127166,145.0629134
-37.99116876,145.0627349
-37.99105848,145.062562
-37.99095312,145.0623816
-37.99084136,145.062214
-37.99075052,145.0620167
-37.99066115,145.0618194
-37.99054718,145.0616502
-37.99045165,145.0614592
-37.99036253,145.0612604
-37.99027218,145.0610653
-37.99008114,145.0606836
-37.98999029,145.0604875
-37.9899024,145.0602874
-37.98961927,145.059706
-37.98952349,145.0595177
-37.98942772,145.0593273
-37.98933539,145.0591282
-37.98923371,145.0589453
-37.98913744,145.0587512
-37.98904855,145.058548
-37.98896017,145.0583504
-37.98885922,145.0581647
-37.98875631,145.0579815
-37.98866202,145.0577892
-37.98859133,145.0575651
-37.98851672,145.0573485
-37.98841725,145.0571584
-37.98835074,145.056928
-37.9882685,145.0567214
-37.98818429,145.0565129
-37.98810671,145.056297
-37.98801732,145.0560956
-37.98792106,145.0559065
-37.9878329,145.0557024
-37.98775262,145.055492
-37.98767505,145.0552779
-37.98762478,145.0550275
-37.98757131,145.054784
-37.98750752,145.0545543
-37.98745016,145.0543345
-37.98737923,145.0541126
-37.98731518,145.0538844
-37.98725212,145.0536535
-37.98713,145.0532139
-37.98706915,145.0529779
-37.98700583,145.0527473
-37.98696397,145.0525075
-37.9869169,145.0522609
-37.9868729,145.0520666
-37.98685762,145.051938
-37.98684603,145.0518069
-37.98682318,145.051696
-37.98655422,145.0517475
-37.98637419,145.0517819
-37.98577141,145.0518973
-37.97982546,145.0530353
-37.97348737,145.0541687
-37.97246328,145.0543546
-37.96904872,145.0550055
-37.96768959,145.055264
-37.96520928,145.0535606
-37.95694671,145.0478256
-37.94469758,145.0392616
-37.94257203,145.0378484
-37.94072718,145.0369554
-37.93857899,145.0364438
-37.93847615,145.0364445
-37.93671454,145.0364476
-37.93559697,145.0365291
-37.9353278,145.0363287
-37.93397601,145.0353903
-37.93360711,145.0349569
-37.93302807,145.0344011
-37.93366509,145.0399992
-37.9340516,145.0429854
-37.93440878,145.0460564
-37.93551121,145.0548954
-37.93576834,145.0562394
-37.93588741,145.0567957
-37.93644981,145.0614198
-37.9369755,145.065648
-37.9373933,145.0685669
-37.93752965,145.0710757
-37.93754316,145.071201
-37.93782827,145.0734233
-37.93836089,145.0765258
-37.93863487,145.0782791
-37.93875232,145.0795334
-37.93783353,145.0797355
-37.93709212,145.0798761
-37.93709388,145.0799836
-37.93206971,145.0808902
-37.93028206,145.0812025
-37.93014887,145.0812257
-37.92399223,145.0824339
-37.92399779,145.0824756
-37.92437029,145.0852694
-37.92548364,145.0943414
-37.92570053,145.0961205
-37.92570195,145.0961203
-37.92586653,145.0974725
-37.92629361,145.1007063
-37.92658924,145.1032149
-37.92748302,145.1103409
-37.92856653,145.1190822
-37.92951009,145.1267318
-37.92977039,145.1288948
-37.93072573,145.1365434
-37.931386,145.1417018
-37.93141117,145.1418984
-37.93313617,145.1415573
-37.9362994,145.1409318
-37.93835073,145.1405261
-37.93929329,145.140215
-37.9399173,145.1401442
-37.94054074,145.1401494
-37.94147835,145.1401573
-37.94231447,145.1401642
-37.94238189,145.1401508
-37.94294541,145.140039
-37.94320985,145.1400109
-37.94325135,145.1400052
-37.94347226,145.1399808
-37.94557554,145.1395437
-37.9458651,145.1394984
-37.94584725,145.1393551
-37.94736295,145.1390768
-37.94770998,145.1390094
-37.94895598,145.1387617
-37.94980693,145.138576
-37.95008191,145.138516
-37.9503452,145.1384822
-37.95060382,145.1384489
-37.95107691,145.1383578
-37.95203707,145.1381729
-37.95220193,145.1381411
-37.95285825,145.1380147
-37.95425539,145.1377456
-37.95466085,145.1376962
-37.95476733,145.1376759
-37.95496992,145.1376373
-37.95624599,145.1373941
-37.95724787,145.1372032
-37.95747841,145.1371892
-37.9574957,145.1371866
-37.95774794,145.1371729
-37.95845546,145.1370382
-37.96019304,145.1367075
-37.96049748,145.1365886
-37.9600053,145.1325034
-37.95999738,145.1324286
-37.95998943,145.132324
-37.95998506,145.1322191
-37.9599843,145.132114
-37.95998715,145.132009
-37.95999359,145.1319042
-37.96000362,145.1317999
-37.96001721,145.1316962
-37.96003434,145.1315934
-37.96005499,145.1314916
-37.9600791,145.131391
-37.96010665,145.1312919
-37.96013756,145.1311943
-37.96017178,145.1310985
-37.96020927,145.1310047
-37.96024993,145.130913
-37.9602937,145.1308237
-37.96034048,145.1307368
-37.9603902,145.1306525
-37.96044277,145.1305711
-37.96049808,145.1304926
-37.96055604,145.1304172
-37.96061651,145.1303451
-37.96070297,145.1302545
-37.96101505,145.1299952
-37.96122078,145.1298454
-37.96147762,145.129658
-37.96198423,145.1307994
-37.96227601,145.131326
-37.96278587,145.1321288
-37.96362975,145.1328996
-37.96476591,145.1336454
-37.96519448,145.1337167
-37.96660622,145.1345554
-37.96721127,145.1349157
-37.96753813,145.1356017
-37.96772746,145.1356528
-37.96854236,145.1359955
-37.9689736,145.1360971
-37.97172007,145.1375269
-37.97318204,145.1384398
-37.97639549,145.1403165
-37.97737552,145.1409401
-37.97861734,145.1418995
-37.97964175,145.1427711
-37.97984987,145.1429026
-37.97993201,145.1429545
-37.98158343,145.1442066
-37.98315629,145.1460098
-37.98322312,145.1459953
-37.98418331,145.1457872
-37.98498619,145.1456171
-37.98531439,145.1455682
-37.98644223,145.145395
-37.99088182,145.1446927
-37.99887608,145.1430965
-38.00754229,145.1413609
-38.01074052,145.1408043
-38.01074565,145.140847
-38.01878268,145.1392994
-38.01996598,145.1386249
-38.02130432,145.1373319
-38.02538389,145.1335122
-38.0277203,145.1352823
-38.02972639,145.1364292
-38.03257407,145.1375643
-38.03819909,145.1395755
-38.03937027,145.1399917
-38.0413594,145.1406985
-38.04324859,145.1414457
-38.04616942,145.1426011
-38.04712512,145.1429767
-38.05523428,145.1458724
-38.05749899,145.1468532
-38.05853066,145.1472056
-38.06001908,145.1477741
-38.06729999,145.1502697
-38.06725151,145.1552222
-38.06739529,145.1562541
-38.07566247,145.1546333
-38.07562151,145.1542975
-38.07508562,145.1500833
-38.07781603,145.1495836
-38.08345146,145.1488729
-38.08335078,145.148115
-38.0833202,145.1478848
-38.08324878,145.147901
-38.08247597,145.1415072
-38.08316022,145.1386202
-38.08297724,145.1378805
-38.08272399,145.1369716
-38.08265844,145.1367886
-38.08253545,145.1363487
-38.08255672,145.1361508
-38.08271363,145.1355804
-38.0827492,145.1354224
-38.08285271,145.1351277
-38.08296829,145.1347136
-38.0830088,145.1345808
-38.0829958,145.1345116
-38.08309489,145.1343517
-38.08312047,145.1342566
-38.08313373,145.1341411
-38.08332043,145.133674
-38.0834537,145.1333178
-38.08372914,145.132423
-38.0837957,145.1321893
-38.08383858,145.1319409
-38.08381703,145.1317113
-38.08373018,145.1313981
-38.08366659,145.1312841
-38.08213204,145.1285553
-38.08181109,145.1278542
-38.08173946,145.1275573
-38.08182027,145.1274018
-38.08176706,145.1272648
-38.08223633,145.1240901
-38.08481364,145.1246883
-38.08499262,145.1234556
-38.08499526,145.123456
-38.08501578,145.1233167
-38.08504549,145.1231151
-38.08509482,145.1227804
-38.08473708,145.1226968
-38.08468218,145.1226865
-38.08440746,145.1226668
-38.08425754,145.1226635
-38.0841326,145.1226691
-38.08407709,145.1226683
-38.08398068,145.1226604
-38.08375131,145.1226328
-38.08328708,145.1225625
-38.08274096,145.1224407
-38.08249981,145.1223926
-38.08241225,145.1223721
-38.08226762,145.1223298
-38.08211494,145.1222627
-38.0820637,145.1222417
-38.08192789,145.1221976
-38.08179088,145.1221681
-38.08137242,145.1221067
-38.08106141,145.1220573
-38.08080193,145.1220096
-38.08052081,145.1219696
-38.08038268,145.1219468
-38.08024496,145.1219202
-38.08015338,145.1218998
-38.0800511,145.1218683
-38.07964544,145.1216911
-38.07956385,145.1216578
-38.07950929,145.1216419
-38.07942817,145.1216308
-38.07927845,145.1216205
-38.07912759,145.1215995
-38.07879244,145.1215366
-38.07864879,145.1215008
-38.07849559,145.1214799
-38.07831217,145.1214441
-38.07821059,145.1214138
-38.078073,145.1213562
-38.07779403,145.1212218
-38.07767814,145.1211614
-38.07746396,145.121041
-38.07736466,145.120984
-38.07732535,145.1209588
-38.07726549,145.1209371
-38.07724969,145.1209329
-38.07753708,145.1186681
-38.07747837,145.1186413
-38.07717423,145.1185229
-38.07700943,145.118468
-38.07693958,145.1184491
-38.07683727,145.1184053
-38.07656919,145.1183188
-38.0764949,145.1183028
-38.07637864,145.118293
-38.07631226,145.1182564
-38.07607397,145.1181494
-38.07600836,145.1181264
-38.0758218,145.1180727
-38.07571041,145.1180517
-38.07558191,145.1180056
-38.07547608,145.1179719
-38.07531592,145.1179306
-38.07524315,145.1179162
-38.07516779,145.1178941
-38.07486464,145.1177887
-38.07468855,145.1177442
-38.07455881,145.1177198
-38.07435583,145.1176918
-38.0743131,145.1176489
-38.07421535,145.1175767
-38.07411475,145.1175111
-38.07401156,145.1174522
-38.07387046,145.1173844
-38.07372597,145.1173293
-38.07365266,145.1173066
-38.07354165,145.1172786
-38.07350441,145.1172709
-38.07335454,145.1172484
-38.0732038,145.1172391
-38.07312834,145.1172395
-38.07293512,145.1172552
-38.07274476,145.1172865
-38.07272393,145.1173141
-38.07267034,145.117303
-38.07265544,145.1172879
-38.07252286,145.1172426
-38.07238355,145.1172038
-38.07213346,145.1171042
-38.07200513,145.1170487
-38.07184861,145.1169913
-38.07176016,145.1169652
-38.07167333,145.116944
-38.07152612,145.116918
-38.07134317,145.116901
-38.07130716,145.1169172
-38.07124422,145.1168962
-38.07117537,145.1168684
-38.07113955,145.1168389
-38.07098609,145.1167655
-38.07089181,145.1167276
-38.0706608,145.1190505
-38.07058513,145.1190198
-38.07027508,145.118881
-38.0697067,145.1188237
-38.0690278,145.1186923
-38.06837775,145.118639
-38.06759264,145.1184199
-38.06711977,145.118188
-38.06652288,145.1180836
-38.06578616,145.1177919
-38.06529341,145.1177142
-38.06468823,145.1175205
-38.0644377,145.117496
-38.06352008,145.117108
-38.0632237,145.1170398
-38.06279838,145.1169937
-38.0621481,145.1168295
-38.06141127,145.1165217
-38.060674,145.1162104
-38.06013046,145.1160477
-38.05961721,145.115923
-38.05944634,145.1158522
-38.05929098,145.1157363
-38.05819262,145.1152253
-38.05777128,145.115102
-38.05673589,145.1147084
-38.05631308,145.114594
-38.05607182,145.1144408
-38.05582013,145.1142643
-38.05537804,145.1141577
-38.05496486,145.1139991
-38.05471938,145.1138618
-38.05458125,145.1138364
-38.05423306,145.1136518
-38.05388508,145.1134631
-38.05386136,145.1134332
-38.05388279,145.113397
-38.05401801,145.1133311
-38.05404399,145.113274
-38.05381118,145.1131537
-38.05305121,145.1129657
-38.05284797,145.1128205
-38.05263428,145.1125775
-38.05228481,145.1123446
-38.05222715,145.1123726
-38.0522439,145.1124375
-38.05245472,145.1128333
-38.05284115,145.1130174
-38.05310709,145.1131557
-38.05318978,145.1132009
-38.05317526,145.113208
-38.05298835,145.1131262
-38.05268644,145.1129763
-38.0521531,145.1127708
-38.05184417,145.1124996
-38.05152435,145.1124449
-38.05107834,145.1123453
-38.05088314,145.1122308
-38.0505599,145.1119857
-38.049845,145.1117574
-38.04940273,145.111657
-38.04917856,145.1115712
-38.04892418,145.1113574
-38.04840103,145.1111142
-38.04726325,145.1106919
-38.04678851,145.1104941
-38.04605733,145.1100609
-38.04583774,145.10996
-38.04557593,145.1098771
-38.04534512,145.1097
-38.04438299,145.1092532
-38.04421568,145.10912
