# GsakName=Arad
# This County polygon is based on data © OpenStreetMap contributors
# The OpenStreetMap data is made available under the Open Database License, see http://www.openstreetmap.org/copyright
# This polygon file is made available under the same Open Database License: http://opendatacommons.org/licenses/odbl/1.0/.

46.161094	20.703991
46.161232	20.705132
46.161616	20.705143
46.161994	20.705155
46.162364	20.705719
46.163102	20.707383
46.163478	20.707939
46.164610	20.708527
46.164986	20.709083
46.165348	20.710191
46.165701	20.711852
46.165685	20.712940
46.166053	20.714049
46.166431	20.714060
46.167177	20.715181
46.167561	20.715192
46.168317	20.715216
46.168309	20.715768
46.169825	20.716359
46.169833	20.715815
46.177408	20.718788
46.187639	20.722387
46.187236	20.724026
46.187228	20.724570
46.188360	20.725158
46.188730	20.725714
46.188722	20.726259
46.189090	20.727368
46.189081	20.727921
46.189459	20.727933
46.189451	20.728477
46.189819	20.729586
46.190189	20.730151
46.190573	20.730163
46.190565	20.730707
46.190556	20.731251
46.191672	20.732937
46.192050	20.732949
46.192426	20.733505
46.192804	20.733517
46.193936	20.734105
46.194328	20.733564
46.193960	20.732455
46.194345	20.732467
46.194739	20.731381
46.195517	20.730316
46.196737	20.725418
46.199386	20.726589
46.200148	20.726612
46.205068	20.728416
46.207749	20.727401
46.204563	20.761862
46.250849	20.749047
46.275960	20.775654
46.273940	20.783277
46.273462	20.789305
46.275218	20.799248
46.276625	20.806428
46.280399	20.832916
46.281458	20.838449
46.282511	20.843974
46.287756	20.873271
46.274571	20.887649
46.271477	20.890297
46.267844	20.902804
46.261813	20.921813
46.276619	20.925070
46.279303	20.946585
46.271632	20.949615
46.268187	20.950593
46.265108	20.952684
46.263509	20.957016
46.262304	20.960817
46.260990	20.970656
46.260433	20.981066
46.259510	20.990373
46.260876	21.002094
46.262575	21.011353
46.263260	21.015767
46.265076	21.020776
46.266533	21.024672
46.260743	21.028858
46.248039	21.036624
46.247962	21.041017
46.244956	21.060118
46.242939	21.066083
46.253901	21.070879
46.252226	21.079601
46.256000	21.081396
46.256742	21.082523
46.256732	21.083068
46.256348	21.083054
46.255576	21.083579
46.255188	21.084109
46.254800	21.084640
46.254790	21.085194
46.255148	21.086306
46.257031	21.087477
46.257793	21.087505
46.258565	21.086980
46.258943	21.086994
46.259327	21.087009
46.259317	21.087563
46.258525	21.089177
46.258495	21.090821
46.259625	21.091417
46.260367	21.092545
46.260742	21.093104
46.262240	21.094260
46.262624	21.094275
46.262574	21.097017
46.262932	21.098130
46.263674	21.099257
46.264038	21.100371
46.264028	21.100915
46.263634	21.101455
46.262862	21.101971
46.262484	21.101956
46.262464	21.103055
46.262842	21.103069
46.270790	21.106115
46.271168	21.106130
46.277970	21.109133
46.281386	21.109818
46.286327	21.110551
46.290111	21.111795
46.290489	21.111810
46.295041	21.113083
46.301853	21.115544
46.300960	21.122647
46.304731	21.145325
46.299356	21.147318
46.297756	21.151656
46.298508	21.152231
46.298487	21.153330
46.298855	21.153890
46.298742	21.159932
46.298711	21.161586
46.298282	21.164315
46.298251	21.165960
46.297836	21.167589
46.298189	21.169258
46.298178	21.169803
46.300375	21.174290
46.303019	21.175494
46.304449	21.180497
46.318688	21.172808
46.320911	21.176197
46.323555	21.177393
46.329676	21.175987
46.330771	21.178778
46.335766	21.176227
46.337886	21.185109
46.339317	21.190116
46.340068	21.190700
46.347152	21.198680
46.347903	21.199256
46.369268	21.197357
46.370030	21.197387
46.370813	21.196317
46.403382	21.206421
46.402053	21.216280
46.411142	21.218850
46.411873	21.220528
46.411852	21.221630
46.412236	21.221646
46.412225	21.222192
46.413690	21.225012
46.410361	21.239738
46.410589	21.247465
46.408845	21.258956
46.406997	21.275399
46.403419	21.282959
46.403764	21.284622
46.406960	21.296326
46.407744	21.295256
46.410474	21.292062
46.413577	21.289439
46.413955	21.289455
46.415478	21.289518
46.415846	21.290080
46.417688	21.293464
46.423350	21.295905
46.431595	21.302857
46.432346	21.303435
46.440183	21.311484
46.440567	21.311501
46.443598	21.312175
46.449299	21.312970
46.449677	21.312986
46.450050	21.313549
46.450762	21.315785
46.450729	21.317434
46.464686	21.305343
46.468563	21.302194
46.476297	21.296451
46.476396	21.291501
46.477304	21.283812
46.476733	21.274419
46.483623	21.272495
46.487103	21.269883
46.497532	21.262592
46.502158	21.260025
46.504417	21.261213
46.507059	21.262426
46.511204	21.264806
46.525551	21.271468
46.534981	21.276268
46.540736	21.274305
46.545194	21.280006
46.544711	21.284955
46.544624	21.289372
46.547251	21.291683
46.552546	21.293566
46.553609	21.297475
46.560696	21.304944
46.564539	21.303451
46.566419	21.304635
46.567888	21.307457
46.570135	21.309205
46.575370	21.314397
46.577617	21.316155
46.579119	21.317324
46.582856	21.320791
46.585620	21.315934
46.584886	21.314797
46.584146	21.313669
46.587682	21.308287
46.586558	21.307134
46.589694	21.302850
46.590867	21.301235
46.595022	21.303073
46.599144	21.306556
46.601808	21.306667
46.605963	21.308506
46.607843	21.309692
46.615391	21.313320
46.617666	21.313973
46.622521	21.318596
46.628112	21.324916
46.631816	21.330050
46.629051	21.334910
46.629424	21.335475
46.629509	21.335886
46.630113	21.338825
46.631458	21.347729
46.631069	21.348262
46.631036	21.349925
46.631013	21.351032
46.630602	21.352642
46.630595	21.352670
46.630206	21.353202
46.637950	21.365704
46.633502	21.378230
46.633112	21.378771
46.632728	21.378755
46.629268	21.380261
46.628879	21.380793
46.628490	21.381334
46.621805	21.409796
46.622561	21.409829
46.624446	21.411019
46.625574	21.411617
46.632770	21.413590
46.634678	21.413674
46.635818	21.413724
46.636195	21.413740
46.636568	21.414315
46.638080	21.414930
46.639587	21.415555
46.642623	21.416238
46.646707	21.421396
46.648377	21.432535
46.651270	21.440568
46.651585	21.452052
46.652449	21.456925
46.652890	21.461566
46.652671	21.466077
46.652694	21.468757
46.652136	21.471906
46.651552	21.476181
46.651118	21.479495
46.651179	21.481480
46.651240	21.483465
46.651353	21.485187
46.651519	21.486733
46.652493	21.489351
46.653375	21.490937
46.654542	21.492073
46.655251	21.493843
46.655231	21.495142
46.654731	21.496298
46.654060	21.497725
46.653889	21.499898
46.654345	21.501166
46.655351	21.502917
46.655213	21.504223
46.654863	21.506408
46.654876	21.508828
46.653481	21.509955
46.652173	21.510039
46.648636	21.509228
46.647095	21.509499
46.646266	21.511627
46.645235	21.512990
46.642538	21.512385
46.639152	21.510699
46.637550	21.510888
46.636757	21.512236
46.636099	21.514093
46.634605	21.515918
46.634122	21.517678
46.634476	21.519557
46.635017	21.521684
46.637523	21.521870
46.640446	21.522029
46.640474	21.522978
46.640002	21.527072
46.633270	21.526982
46.632292	21.534046
46.631070	21.536976
46.629615	21.538106
46.627791	21.538827
46.628150	21.540879
46.630068	21.545252
46.632544	21.548380
46.634800	21.550139
46.635863	21.551800
46.634387	21.554228
46.632085	21.556880
46.627984	21.561115
46.629683	21.564120
46.631194	21.562901
46.632024	21.562762
46.632455	21.563253
46.633768	21.563343
46.634879	21.562668
46.636306	21.562578
46.637567	21.562931
46.638476	21.563479
46.639133	21.565513
46.639761	21.566597
46.640741	21.567486
46.641697	21.567599
46.642671	21.568316
46.643353	21.569224
46.644452	21.570106
46.646020	21.570785
46.646974	21.570812
46.647930	21.570925
46.648966	21.571724
46.649478	21.572902
46.649763	21.574441
46.650063	21.576497
46.649923	21.577803
46.649683	21.579720
46.649492	21.581289
46.649368	21.583112
46.648775	21.585225
46.647639	21.587112
46.646858	21.588890
46.646498	21.590815
46.646135	21.592653
46.646168	21.593775
46.646511	21.595310
46.646846	21.596586
46.647124	21.597952
46.647235	21.599675
46.647009	21.602110
46.646044	21.603727
46.644976	21.605868
46.644214	21.608336
46.643725	21.609923
46.643806	21.612685
46.644534	21.615147
46.645003	21.616933
46.645036	21.618056
46.644963	21.619616
46.645504	21.621831
46.646529	21.624275
46.647427	21.626467
46.648279	21.629095
46.648619	21.630544
46.649652	21.631258
46.650737	21.631710
46.651825	21.632248
46.652576	21.633499
46.653097	21.635023
46.653851	21.636360
46.655375	21.637563
46.656956	21.638677
46.658287	21.639373
46.659320	21.640088
46.660213	21.642108
46.661145	21.643435
46.662127	21.644412
46.663393	21.644940
46.663976	21.646547
46.664029	21.648360
46.664055	21.649223
46.662953	21.650242
46.661978	21.651513
46.662029	21.653240
46.661868	21.655844
46.661928	21.657916
46.662178	21.660409
46.662959	21.662696
46.663719	21.664293
46.664167	21.665390
46.664207	21.666771
46.663588	21.668020
46.662974	21.669442
46.662716	21.670841
46.663192	21.672888
46.663541	21.674683
46.663700	21.676057
46.663405	21.678237
46.663507	21.681777
46.663572	21.684022
46.664171	21.686234
46.664285	21.688130
46.664332	21.689771
46.663716	21.691105
46.662861	21.692454
46.661893	21.693983
46.660692	21.695699
46.659592	21.696804
46.658830	21.699271
46.658431	21.701976
46.658439	21.704311
46.658909	21.706185
46.659174	21.709196
46.658761	21.711383
46.657500	21.713102
46.655363	21.715393
46.654197	21.718316
46.654241	21.719870
46.654767	21.721568
46.656181	21.723126
46.657528	21.724429
46.658353	21.726195
46.658395	21.727663
46.658859	21.731354
46.659618	21.735027
46.660542	21.738258
46.661571	21.740964
46.661769	21.745882
46.662908	21.750398
46.663172	21.755571
46.662549	21.758808
46.661601	21.761113
46.660792	21.764102
46.660127	21.765871
46.659249	21.768517
46.659072	21.770690
46.658543	21.773056
46.657134	21.775907
46.656132	21.778387
46.654250	21.781352
46.653826	21.783193
46.653903	21.785955
46.654052	21.789146
46.654488	21.794049
46.654780	21.798096
46.655407	21.801345
46.655447	21.804888
46.655505	21.806960
46.655794	21.808759
46.656738	21.810606
46.657368	21.811866
46.657699	21.813058
46.657727	21.814094
46.658186	21.815624
46.658519	21.816901
46.660062	21.818887
46.660765	21.820662
46.661288	21.822361
46.661687	21.823895
46.661923	21.825957
46.663176	21.828219
46.664633	21.831421
46.665660	21.834129
46.667417	21.837400
46.668617	21.839925
46.668719	21.841476
46.668695	21.842775
46.668398	21.844954
46.668483	21.848063
46.668823	21.851763
46.669686	21.855000
46.670484	21.858067
46.671397	21.860956
46.672412	21.863233
46.675270	21.865404
46.677574	21.866915
46.680068	21.868848
46.680454	21.869864
46.679895	21.871194
46.679626	21.872247
46.679647	21.873025
46.679742	21.874317
46.679233	21.875298
46.678448	21.877073
46.676641	21.880636
46.675096	21.885136
46.674542	21.888887
46.673731	21.891961
46.673119	21.893553
46.672154	21.895338
46.671311	21.897202
46.670136	21.900037
46.669177	21.901995
46.667981	21.904052
46.666889	21.905498
46.665675	21.906864
46.664576	21.908051
46.663241	21.909337
46.662022	21.910530
46.660360	21.910711
46.658011	21.909720
46.655246	21.906504
46.652384	21.901911
46.649507	21.898962
46.647343	21.895972
46.646471	21.894552
46.645488	21.893398
46.644470	21.893196
46.643341	21.893261
46.641404	21.892074
46.640102	21.890160
46.638810	21.888591
46.637236	21.887644
46.635407	21.886020
46.633604	21.883270
46.631714	21.881650
46.631112	21.883585
46.631095	21.885142
46.631308	21.888587
46.630413	21.910765
46.627671	21.910661
46.626788	21.911057
46.626050	21.912395
46.625195	21.913827
46.624503	21.916891
46.624497	21.918879
46.624413	21.920180
46.623981	21.921846
46.623209	21.924137
46.622763	21.925285
46.622569	21.926938
46.622622	21.928923
46.622728	21.930645
46.622751	21.931508
46.622626	21.933503
46.622242	21.934734
46.621577	21.936586
46.621507	21.938405
46.621221	21.941100
46.621272	21.942998
46.621307	21.944292
46.620420	21.946762
46.619680	21.948013
46.618818	21.949185
46.618233	21.949563
46.617559	21.951070
46.617250	21.952901
46.617299	21.954713
46.617573	21.956080
46.617661	21.957113
46.618290	21.958374
46.619404	21.959953
46.619672	21.961062
46.620370	21.962664
46.620824	21.964108
46.621130	21.966684
46.621161	21.967892
46.620870	21.970414
46.620690	21.972671
46.620738	21.974483
46.621166	21.977224
46.621394	21.979113
46.621679	21.980912
46.621791	21.982893
46.622274	21.985459
46.622456	21.987869
46.623528	21.990143
46.624040	21.991497
46.624622	21.993280
46.624863	21.995686
46.624838	21.996984
46.624949	21.998966
46.625522	22.000403
46.626377	22.001220
46.627708	22.002011
46.628963	22.002202
46.629765	22.003281
46.629970	22.004307
46.630359	22.005496
46.631630	22.006290
46.633722	22.006607
46.635055	22.007485
46.636351	22.009229
46.638076	22.011468
46.638595	22.013082
46.639470	22.014677
46.640884	22.016414
46.641867	22.017571
46.643061	22.017678
46.644250	22.017613
46.645441	22.017635
46.646340	22.017845
46.647380	22.018912
46.648610	22.020401
46.649826	22.021372
46.651255	22.021380
46.651957	22.020909
46.653157	22.021276
46.653543	22.022379
46.653641	22.023844
46.653668	22.024880
46.653332	22.025676
46.652856	22.025702
46.652198	22.025565
46.651182	22.025448
46.650229	22.025413
46.649218	22.025468
46.648212	22.025696
46.647380	22.025742
46.646547	22.025787
46.645418	22.025849
46.644466	22.025901
46.643566	22.025604
46.643039	22.025979
46.643085	22.027705
46.643127	22.029345
46.643152	22.030295
46.642175	22.031645
46.641342	22.033938
46.640420	22.035111
46.639384	22.036464
46.638693	22.037366
46.638539	22.038326
46.638671	22.038837
46.639448	22.038968
46.640340	22.038919
46.640664	22.039939
46.640439	22.040470
46.639974	22.040927
46.639380	22.040960
46.638675	22.041344
46.638036	22.041983
46.637466	22.042965
46.636907	22.044379
46.636197	22.046924
46.635779	22.049194
46.635988	22.050393
46.636849	22.051470
46.637578	22.052035
46.638137	22.052956
46.638038	22.053739
46.637811	22.054184
46.637403	22.054552
46.636527	22.055204
46.635754	22.055246
46.634693	22.055649
46.633622	22.055707
46.632896	22.055227
46.631348	22.055225
46.630753	22.055257
46.629505	22.055324
46.628531	22.054513
46.627741	22.053864
46.626860	22.054344
46.626001	22.055686
46.625576	22.057697
46.625644	22.060373
46.625681	22.061840
46.625745	22.064342
46.625789	22.066068
46.625778	22.067970
46.625298	22.070157
46.624511	22.072014
46.623725	22.073871
46.623009	22.076156
46.622894	22.078668
46.622881	22.080484
46.623279	22.082104
46.623669	22.083379
46.623713	22.085106
46.623863	22.086307
46.624074	22.087592
46.623618	22.088394
46.622854	22.088781
46.621306	22.088777
46.620236	22.088834
46.619410	22.089138
46.618595	22.089872
46.617844	22.090777
46.617027	22.091425
46.615974	22.092173
46.614710	22.093968
46.614151	22.095380
46.614331	22.097790
46.614432	22.099426
46.614606	22.101577
46.615136	22.103709
46.615592	22.105240
46.616175	22.107110
46.616206	22.108318
46.615929	22.109110
46.615173	22.109841
46.614464	22.110052
46.613394	22.110108
46.612143	22.110088
46.610119	22.110108
46.608732	22.109404
46.607904	22.109621
46.606979	22.110706
46.606289	22.111693
46.605600	22.112680
46.604721	22.113245
46.603730	22.114074
46.603047	22.115320
46.602855	22.117144
46.602723	22.119051
46.602413	22.120968
46.601970	22.122287
46.602121	22.123575
46.602697	22.125186
46.603213	22.126800
46.603194	22.128442
46.602574	22.129857
46.602430	22.131247
46.602502	22.131761
46.603649	22.132392
46.604968	22.132755
46.605754	22.133232
46.606361	22.133719
46.606393	22.135013
46.606412	22.135789
46.606013	22.136501
46.605081	22.137328
46.604327	22.138144
46.603457	22.139054
46.602780	22.140558
46.602570	22.141692
46.602712	22.145053
46.602821	22.147034
46.603291	22.149169
46.604081	22.152238
46.605069	22.156074
46.605136	22.158748
46.605021	22.161346
46.604794	22.164208
46.604007	22.166063
46.603109	22.168269
46.602190	22.169613
46.601151	22.170962
46.599767	22.172761
46.598423	22.173781
46.596458	22.173796
46.594961	22.173442
46.592736	22.172521
46.591366	22.172505
46.590236	22.172563
46.588509	22.172566
46.586770	22.172052
46.584897	22.170940
46.583412	22.168685
46.582237	22.166933
46.580968	22.166135
46.579765	22.165680
46.578387	22.165320
46.576782	22.165403
46.574223	22.165449
46.573205	22.165243
46.571940	22.164618
46.570627	22.164514
46.569338	22.165357
46.568463	22.166093
46.567650	22.166913
46.566718	22.167738
46.565903	22.168471
46.565208	22.169284
46.564558	22.169490
46.563845	22.169527
46.562823	22.169148
46.561929	22.169108
46.561347	22.169656
46.560840	22.170805
46.560161	22.172221
46.559356	22.173385
46.558131	22.174398
46.556644	22.174475
46.555455	22.174536
46.554508	22.174758
46.553567	22.175238
46.551516	22.176552
46.548396	22.178008
46.546035	22.178820
46.543073	22.179405
46.540692	22.179441
46.539178	22.178398
46.537961	22.177339
46.536633	22.176631
46.535384	22.176695
46.534265	22.177184
46.533216	22.178101
46.530825	22.180122
46.528479	22.181537
46.527890	22.181826
46.527194	22.182552
46.526383	22.183456
46.525495	22.183674
46.524807	22.184745
46.524361	22.185975
46.524332	22.187184
46.524187	22.188572
46.523395	22.190251
46.522450	22.190559
46.521263	22.190706
46.520318	22.191013
46.519505	22.191831
46.518698	22.192907
46.518131	22.194058
46.517507	22.195297
46.516818	22.196367
46.516183	22.197176
46.515474	22.197385
46.514463	22.197436
46.512763	22.198558
46.511603	22.199825
46.509865	22.201811
46.508241	22.203619
46.506788	22.205073
46.505115	22.207314
46.503492	22.209121
46.502153	22.210397
46.500749	22.211417
46.498786	22.211517
46.497478	22.211583
46.495418	22.212550
46.493587	22.213161
46.492178	22.214009
46.490136	22.215750
46.489036	22.217013
46.487939	22.218448
46.487021	22.219874
46.486506	22.220762
46.486531	22.221795
46.487561	22.222519
46.488990	22.222533
46.490415	22.222374
46.491422	22.222150
46.492207	22.222628
46.492823	22.223459
46.493081	22.224308
46.493114	22.225685
46.493650	22.225658
46.494195	22.226062
46.494069	22.228223
46.493524	22.230320
46.492731	22.231998
46.492063	22.233928
46.491267	22.235520
46.490185	22.237557
46.488964	22.238740
46.488041	22.239993
46.487650	22.241047
46.487687	22.242597
46.487556	22.244586
46.487003	22.246338
46.486378	22.247576
46.485398	22.248918
46.484382	22.251210
46.484181	22.252772
46.484784	22.253086
46.485787	22.252691
46.487431	22.251746
46.488666	22.251081
46.489387	22.251390
46.489470	22.252334
46.489433	22.253284
46.488982	22.254341
46.487601	22.256306
46.486453	22.258088
46.485475	22.259516
46.485549	22.260116
46.486581	22.260926
46.487137	22.261760
46.487775	22.263538
46.487876	22.265257
46.487825	22.268104
46.487640	22.272768
46.487471	22.275707
46.486530	22.278771
46.485287	22.281591
46.483432	22.283752
46.481807	22.285556
46.478948	22.288025
46.477200	22.289663
46.476084	22.290322
46.474679	22.291339
46.473375	22.291576
46.472267	22.292579
46.471523	22.293822
46.471549	22.294941
46.471764	22.296482
46.472265	22.297577
46.474280	22.299718
46.474743	22.301677
46.475249	22.302945
46.476060	22.304543
46.476737	22.305457
46.477756	22.305752
46.479086	22.306634
46.480480	22.307686
46.482249	22.309495
46.483780	22.311316
46.484175	22.312934
46.484031	22.314406
46.483709	22.315887
46.483436	22.316935
46.482879	22.318600
46.482089	22.320449
46.481955	22.322351
46.482063	22.324415
46.482540	22.326977
46.483103	22.328156
46.483151	22.330222
46.483188	22.331772
46.483092	22.335310
46.482674	22.340329
46.482402	22.343963
46.481418	22.347716
46.480815	22.349986
46.480904	22.351275
46.481176	22.352727
46.481397	22.354612
46.480959	22.356271
46.479887	22.358908
46.478846	22.362837
46.476975	22.366978
46.475708	22.368848
46.474172	22.369353
46.472376	22.368922
46.470691	22.368141
46.469262	22.368124
46.468023	22.368614
46.466865	22.370048
46.465328	22.370553
46.463387	22.371593
46.461391	22.372809
46.459799	22.373488
46.458893	22.372929
46.457753	22.372552
46.456345	22.373481
46.453966	22.373595
46.451923	22.372746
46.449423	22.372779
46.447417	22.373564
46.445633	22.373650
46.443771	22.372964
46.442106	22.373044
46.440560	22.373117
46.438567	22.374505
46.436816	22.376053
46.434623	22.379085
46.432130	22.382046
46.430760	22.384609
46.429028	22.387016
46.427295	22.389337
46.423550	22.392184
46.421043	22.394542
46.418975	22.397826
46.416854	22.401456
46.413106	22.406798
46.411083	22.409476
46.409731	22.410228
46.408492	22.410717
46.406785	22.411572
46.405197	22.412422
46.403563	22.413876
46.402692	22.414864
46.402295	22.415743
46.401902	22.416795
46.400942	22.419077
46.400337	22.421257
46.399654	22.422666
46.398669	22.423831
46.397669	22.424394
46.396739	22.425384
46.396000	22.426882
46.395912	22.428262
46.396006	22.429807
46.396034	22.431096
46.396366	22.432630
46.396757	22.434161
46.396865	22.436393
46.396984	22.439055
46.396878	22.442330
46.396908	22.443705
46.396625	22.447075
46.396686	22.449825
46.396799	22.452230
46.397428	22.453750
46.398058	22.455355
46.398267	22.456723
46.398539	22.458259
46.399053	22.459956
46.399623	22.461479
46.399772	22.462849
46.399735	22.463883
46.399526	22.465184
46.398891	22.466074
46.398319	22.467133
46.397753	22.468449
46.397887	22.469132
46.398497	22.469792
46.398874	22.470721
46.398232	22.471267
46.397220	22.471314
46.396092	22.471452
46.394851	22.471853
46.393989	22.473269
46.393005	22.474519
46.392550	22.475486
46.392858	22.475989
46.393814	22.476117
46.394645	22.475993
46.395136	22.476658
46.394558	22.477459
46.393670	22.477672
46.392670	22.478234
46.391674	22.478968
46.390734	22.479528
46.389861	22.480428
46.389227	22.481404
46.388728	22.483061
46.388517	22.484275
46.388547	22.485651
46.388401	22.487120
46.388809	22.489424
46.388295	22.490394
46.387266	22.492334
46.386362	22.494526
46.385671	22.495590
46.384665	22.495894
46.384013	22.496010
46.383625	22.497318
46.383773	22.498601
46.384150	22.499530
46.385733	22.501093
46.385765	22.502554
46.386611	22.503118
46.387977	22.502970
46.390132	22.503474
46.391753	22.504089
46.393786	22.504513
46.395996	22.504843
46.398856	22.504971
46.401196	22.505812
46.403670	22.507334
46.405473	22.508113
46.406158	22.509545
46.406193	22.511179
46.405819	22.513175
46.404741	22.515634
46.403653	22.517663
46.403524	22.519992
46.404840	22.523031
46.405131	22.525514
46.404880	22.527676
46.404028	22.529608
46.403166	22.531024
46.402187	22.532617
46.401213	22.534382
46.400324	22.537348
46.399876	22.538659
46.398751	22.541721
46.397823	22.545635
46.396714	22.549470
46.395734	22.553730
46.395317	22.556502
46.395363	22.558652
46.396023	22.561634
46.396656	22.563413
46.397052	22.565202
46.396865	22.567620
46.397114	22.570879
46.397340	22.573106
46.397442	22.575080
46.397726	22.577219
46.397469	22.579124
46.397779	22.582552
46.397459	22.587213
46.396986	22.590245
46.396230	22.593979
46.396078	22.598116
46.395355	22.600557
46.394806	22.602818
46.394472	22.603951
46.394020	22.605089
46.393457	22.606662
46.393062	22.607712
46.392986	22.609780
46.392903	22.611505
46.392697	22.613063
46.392252	22.614545
46.391803	22.615855
46.391408	22.616904
46.390955	22.618043
46.390400	22.619960
46.390276	22.622632
46.390247	22.624096
46.390353	22.626328
46.390382	22.627704
46.390766	22.628978
46.391434	22.629637
46.391574	22.630664
46.391295	22.631536
46.390965	22.632841
46.390101	22.634255
46.389832	22.635643
46.390036	22.636839
46.390250	22.638550
46.390605	22.641288
46.390921	22.645060
46.391027	22.647292
46.390641	22.648772
46.389496	22.650971
46.388097	22.652408
46.386465	22.654112
46.384902	22.656243
46.383923	22.657920
46.383723	22.659821
46.383749	22.661110
46.383742	22.663691
46.383775	22.665325
46.383989	22.667122
46.384612	22.668472
46.385122	22.670171
46.385152	22.671632
46.385190	22.673523
46.385236	22.675844
46.385164	22.678170
46.385151	22.680493
46.384731	22.683264
46.384218	22.685075
46.383905	22.687239
46.383705	22.689140
46.383330	22.691220
46.382348	22.692724
46.381249	22.694318
46.380038	22.696262
46.378822	22.697947
46.377710	22.698940
46.376640	22.698985
46.375212	22.699044
46.373903	22.699099
46.372296	22.699080
46.370749	22.699145
46.369208	22.699468
46.367915	22.700296
46.367166	22.701531
46.366303	22.703029
46.365459	22.705472
46.363990	22.709404
46.363498	22.711574
46.363413	22.713297
46.363476	22.716391
46.363466	22.718885
46.363513	22.721205
46.363913	22.723338
46.363717	22.725410
46.363501	22.726537
46.363002	22.728363
46.362200	22.729944
46.361397	22.731439
46.360251	22.733722
46.359329	22.735308
46.358652	22.737228
46.358273	22.739135
46.357837	22.741217
46.356978	22.742972
46.355817	22.744481
46.354827	22.745640
46.353175	22.746395
46.352164	22.746437
46.350366	22.745823
46.348865	22.745196
46.347900	22.744548
46.347175	22.743976
46.346441	22.742975
46.345819	22.741625
46.345136	22.740192
46.344323	22.738162
46.343562	22.735786
46.342462	22.734284
46.341120	22.732620
46.340123	22.730427
46.339086	22.729180
46.338412	22.728263
46.337556	22.727095
46.336534	22.726621
46.335701	22.726656
46.334741	22.726266
46.333887	22.725270
46.333022	22.723673
46.332141	22.721303
46.331071	22.718425
46.330140	22.716573
46.329509	22.714794
46.329468	22.712733
46.329442	22.711445
46.329353	22.709988
46.328669	22.708555
46.327987	22.707209
46.327426	22.705943
46.327455	22.704395
46.327119	22.702518
46.326379	22.701260
46.325704	22.700257
46.325090	22.699337
46.324589	22.698069
46.323900	22.696380
46.323463	22.695367
46.323430	22.693735
46.323401	22.692276
46.323653	22.690031
46.323848	22.687874
46.323876	22.686326
46.323845	22.684781
46.323634	22.683157
46.323437	22.682220
46.323045	22.680518
46.322173	22.678578
46.320943	22.676654
46.319628	22.676365
46.318853	22.676312
46.317729	22.676703
46.316781	22.676915
46.315721	22.677476
46.314965	22.678366
46.313913	22.679356
46.313033	22.679994
46.311628	22.681171
46.310571	22.681902
46.309322	22.681955
46.308240	22.681485
46.306988	22.681366
46.306034	22.681320
46.304964	22.681365
46.303886	22.681067
46.302985	22.680676
46.302147	22.680453
46.301136	22.680496
46.300363	22.680528
46.299012	22.681444
46.297938	22.681318
46.297142	22.680235
46.296759	22.678962
46.296075	22.677531
46.295156	22.676195
46.294119	22.674951
46.293212	22.674302
46.292074	22.673921
46.290924	22.673025
46.289774	22.672043
46.288925	22.671306
46.288152	22.671338
46.287515	22.672224
46.286764	22.673372
46.286120	22.673915
46.285347	22.673948
46.284254	22.672877
46.283330	22.671371
46.282054	22.670051
46.280352	22.668320
46.278594	22.666763
46.277441	22.665695
46.275211	22.664330
46.274305	22.663682
46.272719	22.661775
46.270959	22.660132
46.268550	22.658775
46.266810	22.658163
46.265268	22.658400
46.264096	22.659308
46.263225	22.660375
46.262103	22.660852
46.260438	22.660923
46.259117	22.660378
46.257861	22.660089
46.256382	22.660580
46.255032	22.661496
46.253495	22.662076
46.251235	22.662172
46.249094	22.662262
46.247416	22.661733
46.246161	22.661528
46.244534	22.660568
46.243631	22.660091
46.242797	22.660041
46.242205	22.660237
46.241140	22.660540
46.240316	22.661004
46.238827	22.660981
46.237812	22.660853
46.236675	22.660558
46.235408	22.659753
46.234432	22.658594
46.233462	22.657777
46.232208	22.657573
46.231476	22.656746
46.230972	22.655395
46.230506	22.653013
46.230214	22.650451
46.229337	22.648344
46.228656	22.647087
46.227768	22.644465
46.227029	22.643296
46.226740	22.640820
46.226710	22.639363
46.226559	22.637826
46.225977	22.635620
46.225947	22.634163
46.226735	22.631985
46.227574	22.629375
46.227645	22.627056
46.227622	22.625942
46.227889	22.624472
46.228510	22.622816
46.228953	22.621252
46.229558	22.618824
46.229632	22.616676
46.229574	22.613848
46.229551	22.612734
46.229275	22.610944
46.228521	22.609004
46.227764	22.606978
46.226833	22.605131
46.226361	22.602492
46.226326	22.600778
46.226283	22.598721
46.226235	22.596407
46.226183	22.593921
46.226251	22.591431
46.227249	22.587870
46.227676	22.585535
46.228453	22.582927
46.228956	22.581361
46.230228	22.579590
46.231208	22.578088
46.232348	22.575722
46.232664	22.573821
46.232620	22.571764
46.232452	22.569455
46.232112	22.567496
46.232163	22.564320
46.231705	22.562367
46.231196	22.560845
46.230386	22.559165
46.229256	22.559215
46.228125	22.559265
46.227114	22.559310
46.225323	22.559046
46.224484	22.558826
46.223763	22.558515
46.223139	22.557170
46.222702	22.556246
46.222266	22.555321
46.221954	22.554649
46.221820	22.553969
46.221624	22.553120
46.221695	22.550886
46.221186	22.549365
46.220803	22.548181
46.220157	22.545808
46.220290	22.543658
46.220723	22.541666
46.220926	22.540027
46.220839	22.538744
46.220801	22.536945
46.221579	22.534337
46.222191	22.532336
46.223102	22.530409
46.223141	22.529463
46.222941	22.528443
46.222324	22.527441
46.221144	22.525178
46.219794	22.523266
46.218582	22.522291
46.217718	22.520872
46.217521	22.520023
46.217474	22.517795
46.217731	22.515896
46.218510	22.513374
46.219130	22.511716
46.220819	22.510010
46.222446	22.508221
46.223490	22.506973
46.225360	22.505345
46.226830	22.504506
46.227829	22.503946
46.229645	22.502577
46.231520	22.501206
46.233055	22.500621
46.234245	22.500567
46.235396	22.498799
46.235900	22.497318
46.236546	22.496945
46.237615	22.496811
46.239102	22.496744
46.240689	22.495814
46.242207	22.494457
46.242833	22.493142
46.242808	22.492028
46.242423	22.490758
46.241560	22.489424
46.240599	22.489039
46.239342	22.488753
46.238138	22.488121
46.237044	22.487142
46.236371	22.486314
46.235622	22.484718
46.235065	22.483800
46.234554	22.482193
46.234345	22.480830
46.234353	22.478513
46.234312	22.476627
46.234192	22.473887
46.233680	22.472281
46.233180	22.471188
46.232675	22.469924
46.231701	22.468939
46.230742	22.468640
46.229729	22.468601
46.229130	22.468457
46.228436	22.466687
46.227880	22.465769
46.227301	22.463822
46.226490	22.462144
46.225808	22.460889
46.224354	22.459755
46.223514	22.459450
46.221756	22.460732
46.220881	22.461544
46.220107	22.461580
46.219388	22.461356
46.219371	22.460584
46.219703	22.459454
46.219725	22.457738
46.219691	22.456195
46.219006	22.454854
46.218383	22.453597
46.218236	22.452317
46.217956	22.450443
46.217575	22.449345
46.217413	22.447380
46.216605	22.445873
46.215406	22.445500
46.213969	22.445138
46.213068	22.444751
46.212224	22.444275
46.211428	22.443283
46.211227	22.442263
46.211669	22.440699
46.212012	22.440082
46.211997	22.439397
46.211372	22.438054
46.210591	22.437747
46.209509	22.437283
46.208855	22.437313
46.207673	22.437711
46.206800	22.438609
46.205748	22.439516
46.204466	22.440776
46.203290	22.441431
46.202229	22.441909
46.201099	22.441961
46.200266	22.442000
46.199130	22.441795
46.198416	22.441828
46.197595	22.442381
46.196670	22.443624
46.195340	22.445400
46.194173	22.446483
46.192603	22.448185
46.190999	22.448345
46.188508	22.448803
46.185605	22.449452
46.183305	22.450415
46.182247	22.451064
46.180779	22.451989
46.179428	22.452823
46.177962	22.453833
46.176678	22.455007
46.175573	22.456172
46.174763	22.457238
46.173538	22.458408
46.172550	22.459482
46.171206	22.460658
46.170521	22.461975
46.169501	22.464335
46.169299	22.465973
46.169348	22.468199
46.169148	22.469922
46.168485	22.472266
46.167859	22.473580
46.167183	22.475325
46.167182	22.477981
46.166451	22.479900
46.165590	22.481396
46.164482	22.485131
46.163737	22.486450
46.162461	22.487965
46.161121	22.489311
46.160019	22.490646
46.158367	22.491321
46.156958	22.492241
46.155085	22.493697
46.153442	22.494800
46.152732	22.495003
46.152566	22.492869
46.151674	22.492909
46.150663	22.492955
46.149813	22.492223
46.148708	22.490731
46.147777	22.488974
46.147142	22.487204
46.147108	22.485664
46.147070	22.483953
46.146923	22.482674
46.146243	22.481506
46.145508	22.480597
46.144950	22.479595
46.144805	22.478402
46.144886	22.476685
46.144672	22.475068
46.144810	22.473263
46.145116	22.470936
46.145052	22.468026
46.145003	22.465801
46.144964	22.464004
46.145045	22.462287
46.144840	22.461098
46.144239	22.460868
46.143582	22.460727
46.142448	22.460608
46.140938	22.459649
46.140100	22.459431
46.139363	22.458437
46.138447	22.457366
46.137192	22.457167
46.135943	22.457224
46.134515	22.457290
46.133207	22.457350
46.132374	22.457388
46.131422	22.457432
46.130826	22.457374
46.130339	22.456882
46.129846	22.456134
46.129449	22.454354
46.128836	22.453526
46.127973	22.452196
46.127184	22.451547
46.126151	22.450567
46.125102	22.448903
46.124072	22.448094
46.122096	22.447586
46.120596	22.447056
46.119147	22.446181
46.117876	22.445213
46.116616	22.444757
46.115457	22.443526
46.114345	22.441694
46.113157	22.439181
46.112859	22.436541
46.111525	22.435490
46.110191	22.434439
46.108812	22.433990
46.107555	22.433706
46.106409	22.433074
46.106369	22.431278
46.106494	22.428961
46.106866	22.426975
46.106956	22.425687
46.106434	22.423657
46.105766	22.423089
46.105088	22.422094
46.104756	22.420568
46.104439	22.419727
46.104420	22.418872
46.104751	22.417744
46.105269	22.416949
46.105833	22.415553
46.105980	22.414177
46.105548	22.413512
46.105065	22.413193
46.104409	22.413138
46.103507	22.412752
46.102365	22.412291
46.100910	22.411161
46.099820	22.410356
46.098982	22.410139
46.097911	22.410189
46.097505	22.410636
46.097288	22.411587
46.097434	22.412779
46.097772	22.414560
46.097740	22.415760
46.097226	22.416725
46.096522	22.417186
46.095760	22.417735
46.094945	22.418543
46.094263	22.419944
46.093296	22.421958
46.091371	22.426326
46.090166	22.428350
46.089294	22.429246
46.087743	22.429147
46.085702	22.428386
46.083965	22.427953
46.082378	22.426230
46.081151	22.424662
46.080315	22.424529
46.079782	22.424640
46.079507	22.425679
46.079467	22.426537
46.079072	22.427496
46.078257	22.428304
46.077030	22.429302
46.076088	22.429773
46.075088	22.430333
46.073373	22.430840
46.071945	22.430907
46.070675	22.430025
46.069351	22.429402
46.068092	22.429032
46.066540	22.428848
46.065224	22.428567
46.064163	22.429044
46.063161	22.429518
46.061826	22.431034
46.060482	22.432123
46.058776	22.433057
46.055942	22.434129
46.053678	22.434063
46.051836	22.434234
46.049968	22.435860
46.048776	22.435829
46.047976	22.434669
46.046803	22.432842
46.046059	22.431509
46.045251	22.430007
46.044748	22.428834
46.044076	22.428095
46.043182	22.428051
46.042295	22.428349
46.041409	22.428647
46.039989	22.429055
46.038681	22.429115
46.037240	22.428584
46.036393	22.428025
46.035129	22.427400
46.034197	22.428298
46.032939	22.430579
46.031740	22.432857
46.030440	22.435909
46.029377	22.438950
46.028702	22.440691
46.027691	22.440737
46.026595	22.439677
46.025814	22.439371
46.024292	22.437902
46.022913	22.437453
46.022080	22.437492
46.020831	22.437549
46.018926	22.437552
46.017540	22.436847
46.016283	22.436563
46.013837	22.436334
46.012885	22.436378
46.013280	22.435420
46.014387	22.434343
46.014661	22.433305
46.013832	22.430865
46.013568	22.427117
46.013952	22.425647
46.014322	22.423579
46.013920	22.421632
46.013112	22.420131
46.012316	22.419143
46.011454	22.417901
46.010844	22.417246
46.010101	22.415999
46.009468	22.414319
46.008564	22.413848
46.007677	22.414146
46.006923	22.415036
46.006296	22.416261
46.005584	22.416380
46.004951	22.414700
46.004528	22.411815
46.003397	22.406570
46.003737	22.405786
46.004504	22.405493
46.004834	22.404282
46.005273	22.402638
46.006447	22.401899
46.007013	22.400591
46.007018	22.398198
46.008173	22.396606
46.009993	22.395495
46.009578	22.392951
46.008866	22.390421
46.007790	22.390215
46.007058	22.389481
46.005893	22.387998
46.005279	22.387172
46.003479	22.386573
46.002171	22.386635
46.000791	22.386187
45.999108	22.385497
45.997854	22.385300
45.996541	22.385191
45.995630	22.384380
45.995367	22.383282
45.995407	22.382426
45.995386	22.381487
45.995781	22.380528
45.996396	22.378791
45.996824	22.376635
45.996869	22.373386
45.996737	22.370231
45.996300	22.366835
45.996130	22.364622
45.996074	22.362233
45.996030	22.360355
45.996260	22.357440
45.996850	22.354678
45.997550	22.351483
45.997964	22.348815
45.997920	22.346938
45.997815	22.344978
45.997309	22.343721
45.995953	22.341735
45.994902	22.340077
45.993787	22.338251
45.992705	22.337790
45.991575	22.337844
45.990147	22.337913
45.989255	22.337956
45.988304	22.338002
45.987650	22.338033
45.986757	22.338076
45.985742	22.337954
45.984906	22.337823
45.983349	22.337470
45.981862	22.337542
45.980556	22.337690
45.979622	22.338503
45.978465	22.339925
45.977616	22.341845
45.976754	22.343167
45.975949	22.344401
45.975150	22.345891
45.974056	22.347481
45.973323	22.349224
45.972484	22.351570
45.971410	22.354012
45.970274	22.356372
45.968813	22.357551
45.967092	22.357804
45.965673	22.358213
45.963635	22.360188
45.962118	22.361541
45.960433	22.363329
45.958504	22.364872
45.957644	22.366279
45.956796	22.368197
45.956764	22.371955
45.956104	22.376938
45.955357	22.383375
45.955109	22.388168
45.954645	22.391348
45.953857	22.393348
45.953059	22.394922
45.952796	22.396471
45.953201	22.398586
45.953956	22.400344
45.955612	22.402486
45.956965	22.404386
45.957023	22.406945
45.956912	22.409938
45.956989	22.413349
45.956779	22.417200
45.955910	22.420911
45.954971	22.424113
45.954173	22.425687
45.952774	22.427032
45.951406	22.427095
45.950330	22.426889
45.949273	22.427535
45.948296	22.429117
45.947552	22.430432
45.946697	22.432093
45.946058	22.432805
45.945079	22.431655
45.944171	22.431015
45.943024	22.430299
45.941730	22.428396
45.940560	22.426658
45.938860	22.425201
45.937330	22.423394
45.936353	22.422330
45.935428	22.420922
45.934628	22.419765
45.933709	22.418612
45.932874	22.418566
45.931922	22.418610
45.930854	22.418745
45.929537	22.418465
45.928386	22.417580
45.926985	22.416194
45.926123	22.414955
45.925321	22.413712
45.924463	22.412643
45.923183	22.411337
45.921969	22.410285
45.920706	22.409746
45.919873	22.409785
45.918450	22.410022
45.919441	22.409123
45.920552	22.408218
45.921110	22.406571
45.921536	22.404333
45.921843	22.402100
45.922592	22.398397
45.923609	22.395960
45.924658	22.392328
45.926150	22.389868
45.927642	22.387409
45.929077	22.385038
45.929750	22.383214
45.931005	22.380766
45.931682	22.379113
45.931887	22.377653
45.932627	22.376167
45.933205	22.375372
45.934248	22.374128
45.935643	22.372697
45.936785	22.370594
45.937376	22.367836
45.937804	22.365767
45.939295	22.363307
45.940534	22.362822
45.942015	22.362496
45.943648	22.361053
45.944207	22.359490
45.944635	22.357421
45.944701	22.355113
45.944653	22.353067
45.944581	22.349998
45.944881	22.347509
45.945446	22.346201
45.946504	22.345639
45.947458	22.345679
45.948475	22.345886
45.950093	22.346321
45.951812	22.345983
45.953398	22.345054
45.954944	22.344980
45.955898	22.345020
45.958243	22.346017
45.960053	22.347040
45.962278	22.347959
45.963527	22.347899
45.964522	22.347168
45.965023	22.345693
45.965279	22.343888
45.965616	22.343017
45.966623	22.342799
45.967587	22.343265
45.968731	22.343808
45.970241	22.344760
45.971142	22.345058
45.971907	22.344680
45.972371	22.344146
45.972335	22.342610
45.972404	22.340472
45.972330	22.337316
45.972746	22.332172
45.972613	22.326457
45.972525	22.322704
45.971692	22.320183
45.970699	22.318437
45.969513	22.318665
45.968126	22.317879
45.965945	22.316276
45.962769	22.315405
45.958358	22.315192
45.951171	22.313405
45.947519	22.312557
45.945689	22.310683
45.944339	22.308956
45.943024	22.308763
45.941452	22.307730
45.940431	22.307352
45.939477	22.307313
45.938218	22.306947
45.937134	22.306402
45.936503	22.304897
45.935474	22.304178
45.934186	22.302534
45.933117	22.300111
45.933123	22.297892
45.933817	22.294531
45.935279	22.290961
45.936645	22.288334
45.937532	22.285560
45.938235	22.282624
45.938125	22.280496
45.938225	22.277248
45.939265	22.275917
45.941005	22.273954
45.942863	22.271985
45.944477	22.269772
45.945382	22.267765
45.946422	22.263958
45.946537	22.258831
45.947099	22.252487
45.947538	22.248453
45.950008	22.244661
45.951612	22.242020
45.948317	22.233733
45.946805	22.230308
45.946205	22.230082
45.945138	22.230306
45.942806	22.232385
45.940776	22.234620
45.938323	22.236620
45.936555	22.237390
45.935813	22.236232
45.935114	22.234389
45.934496	22.233481
45.933750	22.232153
45.932780	22.231433
45.931449	22.230561
45.930063	22.229862
45.928679	22.229248
45.927715	22.228784
45.926790	22.227465
45.925810	22.226319
45.925125	22.225074
45.924067	22.223249
45.923014	22.221596
45.921307	22.219974
45.919184	22.218374
45.917498	22.217606
45.916051	22.216910
45.914070	22.216242
45.913060	22.213904
45.913079	22.212282
45.913435	22.209790
45.914457	22.207777
45.916018	22.205907
45.917773	22.204625
45.919764	22.203245
45.921508	22.201536
45.921838	22.200410
45.922915	22.198223
45.923636	22.196054
45.923579	22.193753
45.923508	22.190855
45.923417	22.187191
45.923110	22.184391
45.923064	22.182516
45.923092	22.181235
45.923834	22.179918
45.925017	22.179602
45.925410	22.178643
45.926022	22.176906
45.926065	22.176221
45.927274	22.174538
45.928300	22.172694
45.928123	22.170314
45.927762	22.167772
45.927088	22.164564
45.926834	22.161505
45.926320	22.159996
45.925150	22.158434
45.924006	22.157895
45.922825	22.155908
45.921834	22.154337
45.921484	22.152222
45.922024	22.149976
45.923036	22.147621
45.924645	22.145320
45.926082	22.143284
45.926031	22.141238
45.925393	22.139565
45.923956	22.136908
45.922911	22.135597
45.921717	22.135488
45.919627	22.135254
45.918040	22.133715
45.917047	22.132145
45.917193	22.130858
45.918361	22.129945
45.919784	22.129700
45.921515	22.129867
45.923038	22.128850
45.924736	22.127738
45.926136	22.126557
45.927682	22.126477
45.929908	22.127386
45.931843	22.128566
45.933738	22.128127
45.935619	22.127176
45.937126	22.125562
45.938476	22.122420
45.939414	22.119470
45.940197	22.117466
45.940918	22.115381
45.941289	22.113569
45.941380	22.112455
45.941271	22.110497
45.941302	22.109386
45.941913	22.107647
45.942474	22.106253
45.942565	22.105138
45.942239	22.104046
45.942196	22.102341
45.942635	22.100867
45.943636	22.098083
45.944525	22.095562
45.945414	22.093040
45.946962	22.090654
45.948046	22.088805
45.948708	22.086721
45.949084	22.085080
45.950296	22.083565
45.951653	22.083067
45.953186	22.082474
45.954657	22.081799
45.955661	22.079099
45.956280	22.077701
45.956598	22.076147
45.956666	22.074095
45.956985	22.072626
45.957670	22.071480
45.959458	22.069252
45.959975	22.066236
45.960157	22.064092
45.960023	22.061196
45.959956	22.058638
45.960612	22.056383
45.961425	22.053266
45.961317	22.051394
45.961270	22.049603
45.961338	22.047636
45.961657	22.046167
45.961921	22.044873
45.963498	22.043679
45.965938	22.041328
45.967687	22.039869
45.967944	22.038318
45.967061	22.036401
45.966085	22.033209
45.966525	22.029513
45.967447	22.026048
45.968336	22.023609
45.969528	22.021325
45.969626	22.018245
45.969549	22.015261
45.969366	22.012794
45.969515	22.011676
45.970321	22.010607
45.970960	22.009975
45.971142	22.007830
45.971032	22.005872
45.971003	22.004763
45.972468	22.003830
45.975181	22.002830
45.977368	22.002199
45.979022	22.001683
45.980240	22.002727
45.981189	22.002591
45.982257	22.002448
45.983340	22.002902
45.983812	22.005012
45.984806	22.006581
45.986191	22.007190
45.987424	22.006525
45.988933	22.004992
45.990340	22.006453
45.996118	22.001955
45.994907	21.998859
45.993614	21.997221
45.992198	21.995503
45.991846	21.993472
45.991017	21.991381
45.989874	21.988710
45.989849	21.987771
45.991063	21.986424
45.992216	21.984994
45.992816	21.982912
45.992343	21.980801
45.992263	21.977816
45.993631	21.975520
45.995937	21.972660
45.997111	21.969777
45.996489	21.968785
45.995373	21.967138
45.994020	21.965503
45.993499	21.963823
45.992399	21.962772
45.990896	21.962256
45.988706	21.960497
45.986646	21.956937
45.985935	21.954840
45.985874	21.952537
45.986288	21.950208
45.986181	21.948420
45.985710	21.946395
45.986720	21.941812
45.987446	21.937757
45.987163	21.933843
45.985961	21.928955
45.984630	21.925953
45.980249	21.922438
45.978300	21.920838
45.976592	21.921530
45.974941	21.922134
45.972496	21.922013
45.970168	21.921801
45.968026	21.919700
45.965841	21.918198
45.964418	21.916228
45.961528	21.912888
45.960331	21.910479
45.959433	21.908138
45.957676	21.904821
45.955687	21.901773
45.955095	21.897537
45.955025	21.894980
45.953911	21.893420
45.951414	21.893560
45.951063	21.891616
45.951355	21.884855
45.953229	21.881505
45.955745	21.877693
45.958540	21.873181
45.961095	21.870817
45.962549	21.869539
45.962096	21.868199
45.959535	21.863818
45.955385	21.860125
45.953049	21.857440
45.950374	21.853237
45.947679	21.850488
45.947438	21.846148
45.948497	21.843526
45.951110	21.841158
45.954614	21.838653
45.956012	21.837549
45.957456	21.833796
45.959042	21.828753
45.958461	21.825029
45.957215	21.823051
45.954363	21.819031
45.953070	21.815349
45.951621	21.810395
45.950427	21.808159
45.948917	21.807392
45.945714	21.807832
45.943642	21.808293
45.940636	21.807271
45.938891	21.806603
45.935454	21.807227
45.932457	21.802278
45.931630	21.800363
45.931228	21.796631
45.931532	21.786201
45.931929	21.779094
45.932898	21.773320
45.933974	21.771380
45.937832	21.768852
45.939945	21.769839
45.942782	21.773259
45.944847	21.774675
45.945373	21.768072
45.946942	21.760468
45.947734	21.756922
45.949854	21.751932
45.949986	21.750302
45.948395	21.746724
45.947622	21.742586
45.947250	21.737913
45.948599	21.735102
45.951434	21.732203
45.955627	21.728882
45.958571	21.727684
45.961902	21.727573
45.965415	21.727537
45.967680	21.725524
45.968423	21.724456
45.967500	21.723400
45.965136	21.719867
45.962683	21.715316
45.961312	21.713177
45.960294	21.712981
45.957284	21.713928
45.955201	21.713966
45.954280	21.712995
45.952339	21.709695
45.950576	21.708434
45.947545	21.706565
45.945570	21.704121
45.944025	21.702164
45.942074	21.698524
45.939943	21.694895
45.935271	21.691930
45.932114	21.689898
45.928240	21.689788
45.926531	21.692449
45.916573	21.692017
45.909194	21.673859
45.906614	21.667103
45.909916	21.665967
45.911452	21.665533
45.912896	21.663996
45.915068	21.662928
45.918132	21.663853
45.922306	21.666077
45.926735	21.666836
45.930384	21.665337
45.932373	21.664109
45.937693	21.658668
45.941799	21.654494
45.946693	21.648735
45.947373	21.643487
45.945888	21.637515
45.945665	21.635992
45.946990	21.632411
45.950036	21.632739
45.953883	21.633957
45.956843	21.635399
45.958533	21.636151
45.959605	21.634122
45.962113	21.628248
45.966248	21.631157
45.968503	21.634949
45.969281	21.637122
45.970462	21.636794
45.974123	21.633668
45.973906	21.630350
45.972543	21.626504
45.972701	21.623761
45.974950	21.623283
45.975506	21.621968
45.976150	21.621587
45.976897	21.620687
45.976989	21.617778
45.977706	21.615855
45.980956	21.617024
45.982269	21.617114
45.983799	21.612494
45.987388	21.601083
45.990171	21.590575
45.994464	21.590738
45.998333	21.576743
45.998861	21.574489
45.998552	21.572115
45.999036	21.570376
46.000057	21.568690
46.000646	21.564466
46.001645	21.560046
45.999671	21.559741
45.996991	21.559736
45.996378	21.559176
45.996286	21.556105
45.995285	21.552493
45.995968	21.551425
45.997679	21.550892
45.999623	21.550173
46.000390	21.549954
46.001843	21.548753
46.004224	21.548691
46.005800	21.547653
46.007136	21.544578
46.008332	21.540829
46.009380	21.536148
46.009513	21.530755
46.010591	21.521201
46.013788	21.522538
46.017267	21.523346
46.018358	21.523961
46.019332	21.524669
46.021493	21.527184
46.023986	21.530789
46.026020	21.533055
46.028556	21.534179
46.030701	21.534216
46.032128	21.534126
46.033777	21.533510
46.035515	21.531948
46.037970	21.530426
46.041105	21.529716
46.043942	21.529025
46.046524	21.527752
46.049395	21.526204
46.052093	21.524837
46.054423	21.523151
46.055697	21.521959
46.056441	21.520971
46.057555	21.520388
46.058552	21.519898
46.059299	21.518995
46.060205	21.517484
46.060978	21.517436
46.061996	21.517628
46.063064	21.517476
46.064258	21.517572
46.065317	21.517163
46.066669	21.516565
46.066978	21.515005
46.066973	21.512867
46.066918	21.511073
46.066801	21.509199
46.066751	21.507576
46.066862	21.505345
46.067218	21.503354
46.067822	21.501690
46.068118	21.499704
46.067322	21.497016
46.066217	21.494006
46.065077	21.491768
46.064608	21.490087
46.063747	21.489200
46.062292	21.488351
46.060853	21.488015
46.059022	21.486591
46.058025	21.485114
46.057991	21.484004
46.058044	21.481862
46.058139	21.479119
46.058048	21.476130
46.057969	21.473569
46.057345	21.470700
46.055679	21.466871
46.054178	21.464572
46.051734	21.460708
46.050049	21.458249
46.048445	21.456470
46.046617	21.455133
46.044613	21.453893
46.042719	21.452389
46.041075	21.451212
46.039746	21.450613
46.038404	21.449587
46.037386	21.447515
46.036422	21.445267
46.035426	21.443878
46.034829	21.443831
46.034022	21.442771
46.033398	21.441870
46.032501	21.441757
46.031855	21.442055
46.030672	21.442302
46.029659	21.442281
46.027798	21.441802
46.026582	21.441025
46.026075	21.440032
46.025954	21.438074
46.024909	21.437029
46.023491	21.435496
46.021730	21.434413
46.019937	21.432305
46.017837	21.429876
46.015755	21.428044
46.013978	21.426449
46.013703	21.425270
46.013190	21.424107
46.012139	21.422893
46.011230	21.420472
46.010113	21.417126
46.008621	21.413205
46.007641	21.410448
46.007016	21.407582
46.006464	21.403259
46.006322	21.400619
46.006343	21.397455
46.005410	21.394354
46.003756	21.391043
46.004315	21.388015
46.005954	21.385259
46.006005	21.383119
46.005350	21.379401
46.004388	21.377242
46.002556	21.373943
46.001107	21.371474
45.999256	21.369459
45.997192	21.366346
45.994449	21.364390
45.990070	21.363395
45.985255	21.363710
45.982060	21.364346
45.976977	21.361860
45.977283	21.360217
45.978071	21.356919
45.978327	21.353742
45.977489	21.349867
45.977050	21.347333
45.980354	21.344468
45.985875	21.340174
45.990637	21.338237
45.993352	21.337459
45.997040	21.335422
46.001580	21.332131
46.003843	21.328391
46.005833	21.323558
46.006583	21.317269
46.006527	21.315564
46.006112	21.313796
46.005584	21.312208
46.005531	21.310587
46.005465	21.308541
46.006162	21.306186
46.006180	21.304903
46.005736	21.304078
46.004814	21.303200
46.004665	21.302269
46.004932	21.301312
46.005606	21.300070
46.006040	21.298759
46.006335	21.296859
46.006931	21.295024
46.006997	21.293396
46.006709	21.291876
46.006091	21.289354
46.005600	21.287079
46.004872	21.284820
46.005029	21.282331
46.005197	21.280183
46.004858	21.278924
46.003758	21.278057
46.002293	21.276960
46.001522	21.275217
46.000262	21.271285
46.000274	21.269831
46.002127	21.266373
45.999571	21.262870
45.997752	21.261882
45.995478	21.261522
45.990020	21.260351
45.982030	21.258241
45.977616	21.256232
45.976477	21.254173
45.973990	21.251423
45.972335	21.249610
45.970788	21.245611
45.971524	21.242511
45.971665	21.238619
45.972093	21.234849
45.972826	21.230221
45.973614	21.226580
45.977398	21.213855
45.978135	21.210919
45.981477	21.200344
45.986592	21.189153
45.991377	21.180792
45.996046	21.174318
45.999718	21.170133
46.003758	21.161050
46.007848	21.162220
46.009408	21.162539
46.012648	21.163255
46.016629	21.154174
46.017958	21.152970
46.018509	21.151650
46.018197	21.149449
46.016539	21.146230
46.015152	21.145728
46.014197	21.147419
46.010564	21.143910
46.003386	21.137743
46.000756	21.144508
45.999288	21.145122
45.993113	21.140425
45.994849	21.133638
45.991842	21.131028
45.984471	21.122655
45.981875	21.121640
45.982584	21.119711
45.978008	21.109437
45.999628	21.083307
46.012392	21.082063
46.012275	21.073522
46.025920	21.073667
46.025838	21.069568
46.039202	21.068449
46.038880	21.050511
46.040247	21.048703
46.029109	21.024527
46.037007	21.015323
46.030471	21.014082
46.042863	20.981971
46.038753	20.978591
46.038337	20.976911
46.037695	20.941805
46.041817	20.937141
46.052321	20.927730
46.058762	20.922979
46.062459	20.921424
46.067945	20.919906
46.074309	20.917982
46.075195	20.916119
46.074627	20.915219
46.073717	20.914773
46.072896	20.913464
46.072740	20.912449
46.072754	20.911164
46.073361	20.909835
46.074197	20.908233
46.075084	20.906370
46.076837	20.903758
46.078046	20.900930
46.079296	20.897584
46.081140	20.894195
46.082893	20.891582
46.083867	20.888856
46.084604	20.886148
46.084534	20.884184
46.084451	20.881879
46.084193	20.879672
46.083710	20.877825
46.082870	20.876004
46.082794	20.873870
46.082708	20.871479
46.082901	20.868554
46.083406	20.866034
46.083885	20.864458
46.084382	20.863393
46.085480	20.862455
46.086661	20.862195
46.088297	20.861303
46.089313	20.859771
46.089751	20.857084
46.090267	20.853279
46.090152	20.850120
46.089740	20.846983
46.089177	20.843002
46.089225	20.839403
46.089634	20.837574
46.090585	20.832622
46.092555	20.829477
46.094647	20.826409
46.095833	20.824607
46.098268	20.821169
46.100432	20.816810
46.102349	20.812212
46.103769	20.808679
46.105501	20.805550
46.108087	20.802956
46.110069	20.801778
46.111970	20.801634
46.114109	20.801471
46.116538	20.801116
46.118805	20.799573
46.120371	20.798426
46.121875	20.797198
46.122410	20.795530
46.122973	20.793003
46.123455	20.789882
46.123716	20.785665
46.124730	20.782504
46.126317	20.780327
46.128154	20.778473
46.129739	20.777838
46.131927	20.777414
46.133290	20.777224
46.136076	20.776839
46.138633	20.776729
46.140812	20.776048
46.142606	20.774625
46.144193	20.772447
46.145216	20.769541
46.145893	20.766918
46.146329	20.764228
46.146253	20.762176
46.146193	20.760553
46.146441	20.757620
46.146524	20.755042
46.146784	20.750823
46.146631	20.746721
46.146363	20.742714
46.146127	20.739561
46.145277	20.735941
46.144740	20.731098
46.145025	20.727562
46.146324	20.724033
46.147360	20.721467
46.148709	20.719305
46.150397	20.718232
46.151879	20.718031
46.153129	20.718020
46.154677	20.717985
46.155821	20.718325
46.157306	20.718210
46.158488	20.717947
46.159825	20.717071
46.160662	20.715549
46.161017	20.713893
46.161088	20.712601
46.161047	20.711490
46.161283	20.709843
46.161238	20.708646
46.161080	20.707630
46.160419	20.705881
46.160251	20.704608
46.161094	20.703991
