# GsakName=Esl
#
# Inclusion area 1 of 1
#
55.8865921,13.1267483
55.887461,13.1269608
55.8886641,13.1270221
55.8900183,13.1274389
55.889599,13.129866
55.8900824,13.130857
55.8923767,13.1355031
55.893621,13.139421
55.8938154,13.1436164
55.8952735,13.1503602
55.8992004,13.1485225
55.9005611,13.1514697
55.8999585,13.1529952
55.8995309,13.1542781
55.8987825,13.1564798
55.898384,13.1575373
55.8980826,13.1590282
55.8975675,13.1603458
55.8968093,13.1625128
55.8962844,13.163969
55.8956721,13.1660494
55.8953027,13.1673496
55.895293,13.1676963
55.8939904,13.1718223
55.8938543,13.1723424
55.8935821,13.1727585
55.8896255,13.1823974
55.8905588,13.1875116
55.8938842,13.1934566
55.8954376,13.2000027
55.9012109,13.2008731
55.9031282,13.2012898
55.9020218,13.208314
55.9079658,13.2149336
55.9117379,13.2254024
55.9127685,13.2259172
55.9168677,13.2402681
55.9139892,13.245478
55.913419,13.2459928
55.9130892,13.2462993
55.9128625,13.2465567
55.9126152,13.246949
55.9124915,13.2471083
55.9124572,13.2472677
55.9124572,13.2474025
55.9124091,13.2479419
55.912361,13.2483219
55.9122648,13.2487142
55.912148,13.2489594
55.9119969,13.2490697
55.9119075,13.24918
55.9118388,13.249462
55.9117495,13.2496091
55.9116465,13.2496704
55.9115571,13.2495846
55.9114403,13.2493884
55.9112755,13.2492904
55.911138,13.2492781
55.9109594,13.2494252
55.9104372,13.2495968
55.9097982,13.249793
55.9095371,13.2498052
55.9093585,13.2497562
55.9087676,13.2498052
55.9085683,13.249842
55.9080324,13.2504059
55.907895,13.250553
55.9078125,13.2507859
55.9077713,13.2510678
55.9077094,13.2513008
55.9074277,13.2515092
55.9071254,13.251644
55.9057236,13.2502833
55.90549,13.2493149
55.9020128,13.2477335
55.8983703,13.2507859
55.8989064,13.253115
55.8944547,13.2682704
55.8920581,13.2859926
55.9005672,13.2887017
55.9014606,13.2889837
55.9017767,13.289143
55.9022646,13.2892166
55.9026588,13.2893757
55.9033867,13.2898139
55.9031305,13.2903934
55.9030206,13.290234
55.9027045,13.2910676
55.9017492,13.2939851
55.9014881,13.2945245
55.9009451,13.2960568
55.9008352,13.2964368
55.9005878,13.2969027
55.9003541,13.297442
55.9002304,13.2978834
55.9007046,13.2986066
55.9010482,13.2986924
55.901385,13.2985208
55.9017149,13.2981776
55.9021547,13.2980059
55.9029106,13.2980672
55.9033161,13.298104
55.9034947,13.2979814
55.9036101,13.2977335
55.9051425,13.2922294
55.9080513,13.2911315
55.9083439,13.2910107
55.9085188,13.2907593
55.9089026,13.2902046
55.9092621,13.2895978
55.9107137,13.2895019
55.9111812,13.2894071
55.91324,13.2879763
55.9152608,13.2853065
55.9164549,13.2830743
55.917339,13.2811327
55.9179607,13.2801272
55.9186407,13.2791217
55.9196899,13.2778562
55.9203126,13.2768465
55.9228904,13.275905
55.9343595,13.2910876
55.9380067,13.2957244
55.9421599,13.2984864
55.9464989,13.2694023
55.9529016,13.2675185
55.9564253,13.2743315
55.9586994,13.2770239
55.9626817,13.2743121
55.9653332,13.276053
55.9629346,13.282866
55.9646305,13.2908674
55.9682936,13.2923739
55.9717035,13.2938805
55.975647,13.3038572
55.9748415,13.3102683
55.9762277,13.3106868
55.9762839,13.3109547
55.9775015,13.3110551
55.9790094,13.312729
55.9794215,13.3130973
55.9798523,13.3133986
55.9803018,13.314336
55.9848344,13.3175835
55.9865106,13.3201446
55.9869887,13.3205303
55.990181,13.3228229
55.9963132,13.3288491
55.9984327,13.330491
56.0036901,13.3340129
56.0066852,13.3360786
56.0031785,13.365995
56.001329,13.3792559
56.0010004,13.3807128
56.0007149,13.380508
56.0005285,13.3805006
56.0003215,13.3805525
56.000102,13.380671
55.9996879,13.3823521
55.9989217,13.3834851
55.9921882,13.3883281
55.9914463,13.3888617
55.9860362,13.3848922
55.9768128,13.3780916
55.9750224,13.3762165
55.9686923,13.3865092
55.9649964,13.3887919
55.962692,13.3850621
55.9594747,13.3833093
55.9568733,13.3814749
55.9551047,13.3801094
55.9521379,13.3776228
55.9504575,13.3765018
55.9500269,13.3760654
55.9496895,13.3757121
55.9493869,13.3753276
55.9492589,13.3749639
55.9491949,13.3742054
55.9489098,13.3742469
55.9484967,13.3743509
55.9478683,13.3746522
55.9474436,13.3748289
55.947013,13.3750678
55.9468021,13.3751949
55.9465475,13.3753484
55.9462682,13.3756601
55.946274,13.3762213
55.9462097,13.3766599
55.9455349,13.3771154
55.9452305,13.3774534
55.944638,13.3776886
55.9442432,13.3777696
55.9439639,13.3779462
55.943527,13.3789083
55.94342,13.378776
55.9433295,13.379114
55.9431484,13.3796431
55.9430085,13.3802603
55.9424407,13.3813183
55.9422514,13.3817886
55.9418234,13.382685
55.9415107,13.3836696
55.9413214,13.3839341
55.9411321,13.3839782
55.9404572,13.3837871
55.9399881,13.3836549
55.9395437,13.3836108
55.939091,13.3836549
55.9385889,13.3838606
55.9384737,13.3829789
55.9384408,13.3825968
55.941305,13.381142
55.9411733,13.3808334
55.9412638,13.3803631
55.9405149,13.3781588
55.938449,13.3782617
55.9385313,13.3773212
55.9364325,13.3761603
55.9362514,13.3771154
55.9364736,13.3821413
55.9367041,13.3824646
55.9370992,13.3830671
55.9376507,13.3849775
55.937846,13.3860786
55.9408558,13.3888328
55.9409984,13.3891181
55.9417176,13.3911767
55.9419915,13.3922162
55.9420486,13.3928684
55.9420143,13.3941218
55.9420086,13.395732
55.942254,13.398188
55.9424253,13.3992886
55.9426022,13.400114
55.9388296,13.4004401
55.9381104,13.4008682
55.9374369,13.3991255
55.936712,13.3997675
55.9362154,13.3993701
55.9358044,13.3989625
55.9355818,13.3985956
55.9344917,13.3985902
55.9344915,13.3990542
55.9344402,13.3995026
55.9342575,13.4002058
55.933915,13.4011433
55.9336981,13.4016528
55.9334812,13.4022337
55.9332634,13.4026039
55.9329244,13.4028201
55.9323108,13.4031372
55.9320121,13.4033101
55.9318829,13.4033101
55.9316892,13.4031228
55.9313824,13.4027625
55.931116,13.4026472
55.9309626,13.4028345
55.9308899,13.4032381
55.930898,13.4036272
55.9309949,13.4040307
55.9311644,13.4044775
55.9311644,13.4049099
55.9309188,13.405938
55.9305152,13.4072063
55.9303698,13.4078116
55.9304021,13.4083304
55.9305959,13.4089069
55.9309511,13.4095987
55.9311288,13.4100599
55.9311611,13.4104922
55.9311449,13.4110111
55.9309511,13.4115875
55.9306766,13.4123658
55.9303376,13.4136629
55.9299016,13.4155364
55.929837,13.4161994
55.9297724,13.4169776
55.9294494,13.4181018
55.9292395,13.41888
55.9292557,13.4192836
55.9294333,13.4198312
55.9296917,13.4203789
55.9298693,13.4208977
55.9298531,13.421503
55.9296752,13.4221271
55.929356,13.4223788
55.9290888,13.4225776
55.9289032,13.4229221
55.928829,13.4231871
55.9288216,13.4237966
55.9288141,13.4245121
55.9287028,13.4252011
55.9283094,13.4266454
55.9279976,13.4276259
55.9276042,13.4283679
55.9271736,13.4290172
55.9268099,13.4293484
55.9264164,13.4297989
55.9260898,13.4301037
55.9256221,13.4302362
55.9251618,13.4303025
55.9248946,13.4305277
55.9247387,13.4310047
55.9246347,13.4315877
55.924605,13.4324755
55.9244046,13.4336017
55.9239666,13.4358543
55.9237439,13.4371793
55.9236177,13.4381996
55.9234914,13.4387561
55.9232316,13.4394848
55.9227416,13.4400546
55.9219398,13.4406376
55.9213607,13.4409026
55.9207964,13.4409291
55.9204103,13.4410881
55.9200465,13.4414459
55.9195416,13.4420686
55.9191852,13.4422409
55.918762,13.4420686
55.9183165,13.4416844
55.9181086,13.4409158
55.9178859,13.4400281
55.9176186,13.4388753
55.9173587,13.4385043
55.9171285,13.4384778
55.9168018,13.4385838
55.9166459,13.4388886
55.9165939,13.4393126
55.9167127,13.4403858
55.9168018,13.4409821
55.9165567,13.4410086
55.9154652,13.4408761
55.9146187,13.4409688
55.9139578,13.4412603
55.913438,13.4417904
55.9129998,13.4420819
55.9116049,13.4422744
55.9083175,13.4460409
55.8971299,13.4597013
55.8914455,13.4350414
55.8905103,13.4337297
55.8900689,13.4328489
55.888934,13.4281456
55.8842692,13.4301458
55.8829151,13.4294521
55.8811563,13.4221539
55.8778719,13.4232916
55.8778407,13.4238744
55.8740579,13.4257336
55.8727657,13.4257891
55.8689512,13.4386095
55.8689045,13.4414122
55.868671,13.442106
55.8675655,13.4431605
55.8577392,13.4361953
55.8434034,13.4371029
55.8348177,13.4371306
55.8353631,13.4390454
55.8339918,13.4407381
55.8336489,13.4408491
55.8318255,13.4401276
55.8281317,13.4368254
55.8273991,13.4394616
55.8247961,13.4373804
55.8278356,13.4248375
55.8260587,13.4225065
55.8193556,13.4278345
55.8229099,13.4435963
55.8203689,13.4455943
55.8201506,13.4461493
55.818732,13.4452336
55.8182642,13.4449283
55.8167052,13.4448728
55.8141482,13.4474813
55.807443,13.4489798
55.8080356,13.452393
55.8061174,13.452726
55.8063202,13.4560005
55.8060083,13.4595247
55.8036065,13.458609
55.8018129,13.4606347
55.7991925,13.4622997
55.7981631,13.4607179
55.7945129,13.4617724
55.7943101,13.4689041
55.7935457,13.4783391
55.7898326,13.4782003
55.7897858,13.4776453
55.7834978,13.4774511
55.7829984,13.485776
55.7833417,13.485998
55.7840907,13.4891892
55.786166,13.4889117
55.7821558,13.4968759
55.7821714,13.4974864
55.7778798,13.5058946
55.7779304,13.509511
55.7779084,13.5109238
55.7787581,13.5127879
55.7804244,13.515947
55.7839664,13.5225989
55.7849925,13.5210095
55.7867578,13.5201658
55.7912701,13.5266803
55.7909832,13.523168
55.7898469,13.5138475
55.7909612,13.5139848
55.7917996,13.5138671
55.7920754,13.5139063
55.7921636,13.5125328
55.7932778,13.5110219
55.7935866,13.5096484
55.7938734,13.509511
55.794436,13.5102763
55.7948,13.5103351
55.7956053,13.5109042
55.8029288,13.5157312
55.8039544,13.513769
55.8043073,13.5126898
55.8046602,13.5120815
55.8063364,13.5128075
55.8055094,13.5167908
55.8050021,13.5212057
55.8068106,13.5226185
55.8059725,13.5261701
55.8081449,13.5250124
55.8099753,13.5220495
55.8113536,13.5200873
55.8182994,13.5394346
55.8174505,13.5401018
55.8193356,13.5455175
55.8203939,13.5452624
55.8207896,13.5554541
55.8201533,13.5557406
55.8197674,13.5558975
55.8193596,13.5568394
55.8191501,13.5575262
55.8186099,13.5585073
55.8179264,13.5590371
55.8176839,13.5594688
55.8169343,13.5600574
55.8165815,13.5601163
55.815909,13.5605087
55.8157105,13.5609208
55.8149829,13.5613525
55.8145309,13.5614506
55.8140237,13.5613525
55.8117635,13.5615487
55.811124,13.559822
55.8077719,13.5612544
55.8063714,13.5748917
55.8048055,13.5823285
55.8027543,13.5916097
55.8010338,13.5926104
55.8015852,13.6003807
55.8037909,13.612154
55.8041659,13.6134687
55.8037689,13.6140769
55.8038902,13.616098
55.8041769,13.6191002
55.8037247,13.6215333
55.803052,13.6227303
55.8001735,13.6246729
55.7998206,13.6311285
55.7998978,13.6317957
55.8001184,13.6362302
55.7998868,13.6381728
55.8002176,13.6404686
55.7984198,13.6396052
55.7936988,13.6372506
55.7931914,13.6317368
55.7921214,13.6307753
55.7924192,13.6287935
55.7924854,13.6268117
55.7926068,13.6248887
55.7930039,13.6220827
55.7935113,13.6182564
55.7933459,13.6171576
55.7923199,13.6143516
55.7914815,13.6114868
55.7830083,13.5977318
55.7812649,13.5834077
55.7714926,13.581249
55.7713058,13.5810035
55.7694699,13.5804547
55.759915,13.5774075
55.759785,13.576541
55.759785,13.5761077
55.759655,13.575039
55.7573901,13.5735975
55.7559708,13.5699212
55.7524595,13.567838
55.7486894,13.5694209
55.7484652,13.5702991
55.7473904,13.5723108
55.7468226,13.5739038
55.7447578,13.575839
55.7429857,13.5668706
55.7426442,13.5657297
55.7410508,13.5650654
55.7411728,13.5640256
55.7409045,13.5641122
55.7400427,13.5637656
55.7394574,13.5639389
55.7394004,13.5643722
55.7382654,13.5655403
55.7378313,13.5744381
55.7368312,13.5866992
55.7367093,13.5869447
55.7371565,13.5903386
55.7385061,13.591104
55.7383354,13.5930536
55.7385061,13.5939346
55.7379451,13.5950755
55.7378557,13.5958409
55.7385756,13.5966907
55.738168,13.5978047
55.7371436,13.6030221
55.7369032,13.6033749
55.7360878,13.6066427
55.7359206,13.6078681
55.7363805,13.6080352
55.7363596,13.6084251
55.735701,13.6085737
55.7352306,13.6097063
55.7350006,13.6115073
55.7341434,13.6130112
55.7319794,13.6140324
55.7317181,13.6140324
55.7312371,13.6147751
55.7306099,13.6144966
55.7301056,13.6136666
55.7300225,13.6119814
55.7296033,13.6095168
55.7301679,13.6080129
55.7305652,13.6066018
55.7308474,13.6038167
55.730012,13.5956423
55.7292331,13.595958
55.7278154,13.5900585
55.725835,13.5907127
55.7247855,13.5908959
55.7233882,13.5911398
55.7207948,13.5917989
55.7193978,13.5947745
55.7188288,13.5963479
55.7172025,13.5985945
55.716574,13.600029
55.7162917,13.5991192
55.7153399,13.5978567
55.7144509,13.5996391
55.7137606,13.5981166
55.7128568,13.5950389
55.7121707,13.593809
55.7105556,13.5921238
55.7094573,13.5911676
55.7083422,13.5901327
55.7076005,13.5891995
55.7070042,13.587937
55.7064174,13.5867535
55.7049224,13.585514
55.7031533,13.5836342
55.7029859,13.5837085
55.7027558,13.5835414
55.702693,13.5832629
55.7024628,13.5831329
55.7020862,13.5831515
55.7018037,13.5830772
55.7016363,13.5830401
55.7013852,13.5833557
55.7008316,13.5838058
55.7003713,13.5838522
55.7000574,13.5837222
55.6994871,13.5832673
55.6990938,13.5830772
55.6981374,13.583026
55.6977859,13.5816476
55.6966201,13.5799624
55.6949772,13.5780128
55.6888904,13.5713365
55.6959915,13.5652243
55.6964753,13.5603469
55.6976217,13.5555565
55.697336,13.5547093
55.6975402,13.553691
55.6983828,13.5501606
55.698623,13.550061
55.6986949,13.5500312
55.6987604,13.5492002
55.6989581,13.5457844
55.6989996,13.5451138
55.6990777,13.544473
55.6991325,13.5440947
55.6991335,13.544088
55.6991898,13.5437347
55.6992783,13.5431728
55.6994623,13.5424304
55.699663,13.5416233
55.699814,13.5410418
55.6999488,13.5405568
55.7001556,13.5400834
55.700414,13.5394798
55.700835,13.5384373
55.7009718,13.5380634
55.701687,13.5364151
55.7021687,13.5352575
55.702182,13.5352258
55.7041457,13.5305205
55.7041559,13.5304963
55.7045878,13.5295642
55.7045939,13.5295476
55.7059817,13.5254825
55.7070172,13.5246403
55.7077425,13.523694
55.7086771,13.521986
55.7097463,13.5219388
55.7101108,13.5216362
55.7101259,13.5208348
55.7099724,13.5203885
55.7105641,13.5183339
55.7106107,13.5170711
55.7113463,13.5156581
55.7119241,13.5144715
55.7120583,13.513801
55.7119084,13.5134383
55.7118479,13.51283
55.7118437,13.5120157
55.7122336,13.5112496
55.7129909,13.5102647
55.7133777,13.5093002
55.7145822,13.5072521
55.7148318,13.5064056
55.7149352,13.5057962
55.7153516,13.5053423
55.7158206,13.5054024
55.7164352,13.5064142
55.7172009,13.5065161
55.71845,13.505911
55.71876,13.5053617
55.7201614,13.4993374
55.7204037,13.4987323
55.7209294,13.4988042
55.7215784,13.4989093
55.7216968,13.4987248
55.7218395,13.4978965
55.7218304,13.4956864
55.7222346,13.4936554
55.7229785,13.4930138
55.7231325,13.4925257
55.7230558,13.4900387
55.7229259,13.4897759
55.7224522,13.4898553
55.7221017,13.4895688
55.7215554,13.4868426
55.7216745,13.4864296
55.7224757,13.4856603
55.7226322,13.4847355
55.7229223,13.4849973
55.7230594,13.48545
55.723364,13.4857794
55.7237277,13.4839405
55.7226244,13.4831272
55.7227543,13.4814932
55.7232751,13.4808656
55.7235742,13.4807669
55.7237271,13.4803892
55.7236395,13.4798034
55.7235374,13.4793893
55.7231162,13.4794869
55.7227495,13.4792777
55.7224153,13.4788067
55.7224975,13.4782488
55.7228347,13.4780922
55.7230824,13.4780847
55.7231597,13.4783668
55.7231742,13.4789001
55.7235658,13.4791136
55.7242764,13.4786297
55.7245307,13.4782091
55.7246951,13.4762854
55.725086,13.4750774
55.7256969,13.4746128
55.7265312,13.4745259
55.7266738,13.4741772
55.7266587,13.4736665
55.7264769,13.4731902
55.726098,13.472775
55.7258582,13.4723083
55.7259385,13.4717461
55.7266563,13.4709693
55.7269288,13.4708642
55.7270714,13.4710959
55.7263911,13.4717461
55.7262884,13.4722149
55.7265965,13.472186
55.7270073,13.4725786
55.7271246,13.4729509
55.7273844,13.4728308
55.7280387,13.4704629
55.7293007,13.4688042
55.7296753,13.467461
55.7302051,13.4671584
55.7304607,13.4666338
55.7306238,13.4647873
55.7305018,13.4641329
55.7301435,13.4635975
55.7304806,13.4633486
55.7306637,13.4623734
55.7305731,13.4623111
55.7306286,13.4619667
55.7300867,13.4616191
55.7302976,13.4588446
55.7300656,13.4582385
55.7305072,13.4572139
55.7303175,13.4563352
55.7303417,13.4545027
55.7299635,13.4528955
55.7303598,13.4510555
55.7303834,13.4502766
55.7302861,13.4495685
55.7307682,13.4492348
55.7312146,13.448664
55.7312895,13.4483433
55.7311645,13.4480718
55.7309222,13.4480235
55.7305138,13.4483604
55.7299901,13.4485514
55.7297261,13.4477864
55.7293545,13.4468884
55.7293461,13.4463295
55.7295249,13.4457104
55.7294959,13.4447781
55.7292669,13.4438597
55.7292971,13.4431923
55.7294379,13.4428919
55.7301949,13.441965
55.7304897,13.4408374
55.730625,13.4404586
55.7316611,13.4398353
55.7321286,13.4386658
55.7330867,13.4339044
55.7344284,13.4318327
55.7342949,13.4309701
55.7341922,13.4303628
55.7344797,13.4297073
55.7345474,13.4291808
55.7343982,13.4289026
55.7334619,13.4288114
55.7332257,13.4283608
55.7333574,13.4278447
55.7335247,13.4276699
55.7349793,13.4277471
55.735169,13.4275991
55.7350361,13.4270948
55.7348518,13.4266152
55.7345631,13.4265262
55.7343094,13.4260562
55.7344278,13.4245649
55.734714,13.4239696
55.7351344,13.423382
55.7354342,13.4230148
55.7355665,13.4228198
55.7357132,13.4225203
55.7357897,13.4222499
55.7358476,13.4220087
55.735882,13.4211762
55.7359406,13.4206988
55.7360681,13.4203193
55.7363197,13.4197623
55.7366126,13.4192666
55.7368737,13.4190564
55.7371163,13.4189839
55.7372601,13.4190461
55.7374694,13.4191214
55.7376183,13.419164
55.738563,13.4196436
55.7390208,13.4192445
55.739202,13.4183905
55.7391635,13.418119
55.7390106,13.4177789
55.7389686,13.4176256
55.7390173,13.4173832
55.7391099,13.4173313
55.7394413,13.417288
55.7395046,13.4168725
55.7393243,13.4165176
55.7391635,13.4163185
55.739027,13.4162666
55.7387883,13.4163445
55.7386458,13.4164454
55.7384569,13.4163099
55.7384325,13.4159117
55.738464,13.4154541
55.7385349,13.4151932
55.7386802,13.4150721
55.7388857,13.4152192
55.7391732,13.415652
55.7394315,13.4159203
55.7395436,13.4158857
55.7396152,13.4158017
55.7397385,13.4149076
55.7398896,13.4138429
55.740038,13.4132482
55.7401437,13.4128835
55.74043,13.4124126
55.7408216,13.4118164
55.7410055,13.4115231
55.7414842,13.4108014
55.7417731,13.4104396
55.7419947,13.4102277
55.7422085,13.4097523
55.7422383,13.4092638
55.7423162,13.4087531
55.7423016,13.4080173
55.7422578,13.4071604
55.7422282,13.4064684
55.7421895,13.4056802
55.7421847,13.4050483
55.7422772,13.4045722
55.7426163,13.4036352
55.7426797,13.4021761
55.7430312,13.4014036
55.7437916,13.4005088
55.744021,13.3998222
55.7441491,13.3987493
55.7444323,13.3978416
55.7444722,13.3952238
55.744323,13.3932497
55.7438773,13.3913689
55.7434769,13.390546
55.742908,13.390074
55.7428289,13.3893229
55.7432341,13.3885354
55.743277,13.3879282
55.7429207,13.3874561
55.7423814,13.3864691
55.7422582,13.3856108
55.7424738,13.3849306
55.7427196,13.3834006
55.74278,13.3819844
55.7432619,13.3818342
55.7431387,13.380654
55.743515,13.3806326
55.7434781,13.3801208
55.7430342,13.3798601
55.7430137,13.3792343
55.7427534,13.3787658
55.7428096,13.3780426
55.7425118,13.3773066
55.7422238,13.3761694
55.742173,13.3744742
55.742507,13.3744957
55.7428295,13.3737833
55.7425928,13.3732361
55.7427268,13.3729357
55.7433042,13.3729722
55.7435258,13.3727641
55.743431,13.3723285
55.7434679,13.3718199
55.7439727,13.3698029
55.7439733,13.3685948
55.744163,13.367994
55.7437294,13.3671636
55.7433555,13.3670713
55.7431743,13.3668847
55.7433434,13.366213
55.7435723,13.3659984
55.7451244,13.3640243
55.7451208,13.3636016
55.744855,13.3624365
55.7452772,13.3623142
55.7454565,13.3616919
55.7453641,13.3612348
55.7454873,13.3605482
55.7459427,13.3604838
55.7463515,13.3599324
55.7465085,13.360162
55.7464348,13.3605761
55.7466625,13.3608915
55.7468539,13.3605267
55.7469107,13.3598465
55.7482289,13.3594753
55.7488334,13.3590247
55.7492041,13.358323
55.7495405,13.356836
55.7505362,13.3542182
55.7506829,13.3529586
55.7505337,13.3514716
55.7501219,13.3505039
55.7498871,13.3490319
55.7500127,13.3483173
55.7502584,13.3479161
55.7508302,13.3483238
55.750928,13.3487315
55.7511478,13.3488967
55.7514986,13.3487465
55.7518144,13.3471801
55.7515693,13.3461995
55.7512903,13.3461716
55.7504951,13.3463218
55.7502385,13.3458497
55.7500235,13.3449056
55.7503653,13.3445622
55.7507837,13.3447189
55.751233,13.3445043
55.7516109,13.3437533
55.7518682,13.3437747
55.7519303,13.345163
55.7521012,13.3454914
55.7524267,13.3453133
55.7525909,13.3445901
55.7526356,13.3437683
55.7519913,13.3415152
55.7511225,13.3408501
55.7509274,13.3403844
55.7506684,13.340334
55.7503393,13.3414927
55.7500048,13.3414359
55.7498212,13.3409788
55.7499215,13.3405711
55.7502807,13.3398845
55.7506889,13.3397343
55.7510669,13.3390873
55.7509794,13.3386228
55.7507173,13.3382387
55.7506557,13.3376958
55.7516115,13.3367152
55.7519811,13.3357217
55.7523439,13.3343194
55.7526193,13.3340973
55.7529091,13.3342046
55.7531989,13.335256
55.7533873,13.3354062
55.753601,13.3351702
55.753467,13.3336188
55.7532563,13.3327026
55.7542187,13.3312156
55.7534193,13.3280827
55.7531862,13.3223321
55.7525583,13.3160235
55.7515397,13.3118339
55.749346,13.305299
55.7476667,13.3024891
55.7506479,13.2948201
55.7492156,13.2927344
55.7505138,13.2883957
55.7506364,13.2872273
55.7660029,13.3013937
55.7672921,13.3007585
55.7688607,13.3020031
55.7696338,13.3002017
55.7707195,13.2979873
55.7718523,13.2966601
55.772635,13.2951849
55.7722838,13.294701
55.7717443,13.2950401
55.7716374,13.2947354
55.7717171,13.2940809
55.7721649,13.2936013
55.7726609,13.2925757
55.7728094,13.2916412
55.7730188,13.2912785
55.7733664,13.2912238
55.7737593,13.2923611
55.7733199,13.2943406
55.7741443,13.2951559
55.7743567,13.2951399
55.7745425,13.2945165
55.7742704,13.2927913
55.7744243,13.2926046
55.7753825,13.2928095
55.7758327,13.2924501
55.7760638,13.2917056
55.7757222,13.2904159
55.7757645,13.2894525
55.77603,13.2887068
55.7766762,13.2877305
55.7770268,13.2863057
55.7783066,13.2862424
55.7784979,13.2853541
55.7784237,13.2839765
55.7782403,13.2832362
55.7775433,13.28288
55.7771185,13.2829626
55.7768742,13.2828628
55.7767559,13.2825646
55.7769001,13.2816237
55.7770606,13.2813329
55.7772833,13.2811666
55.7782354,13.2816419
55.7785625,13.2805808
55.7784418,13.2800433
55.7776996,13.2798191
55.777559,13.2792054
55.7784412,13.2782816
55.7785281,13.2777227
55.7780049,13.2753537
55.7775856,13.2740727
55.7775964,13.2733496
55.7789263,13.2732487
55.7789842,13.2726383
55.777865,13.2691557
55.7781835,13.2663233
55.7788786,13.265627
55.7790898,13.2650133
55.7790035,13.2625188
55.7783718,13.2616144
55.7778287,13.2604632
55.7774245,13.2593109
55.7778161,13.2578915
55.7778643,13.2568529
55.7777901,13.2549024
55.7783422,13.2517803
55.7777195,13.249126
55.7778764,13.2475832
55.7776676,13.246859
55.7764391,13.2459717
55.7757832,13.2452143
55.7754803,13.244474
55.7754223,13.2438045
55.7754549,13.2430996
55.7761344,13.2418122
55.7770703,13.2405698
55.7781528,13.2384015
55.7784032,13.2371376
55.7782747,13.2359875
55.7777756,13.2351335
55.7771385,13.2351549
55.7768935,13.2343578
55.7769707,13.2335081
55.7774402,13.2321884
55.7794778,13.2304621
55.7800775,13.2306713
55.7808064,13.2306338
55.7813174,13.2296757
55.7821844,13.2264699
55.7828897,13.2257275
55.7837747,13.2253091
55.784258,13.2239894
55.7844715,13.2226333
55.7834381,13.2193267
55.7827304,13.2181669
55.7824999,13.2172517
55.78241,13.2159879
55.7827141,13.2143421
55.7834025,13.213119
55.7837741,13.2113712
55.7841415,13.210573
55.7853445,13.208688
55.7860328,13.2067192
55.7867827,13.2058706
55.7860751,13.2144976
55.789297,13.2187441
55.7916313,13.2164964
55.7954185,13.2147208
55.8101928,13.2129291
55.8136949,13.2153357
55.8146547,13.2179368
55.8169341,13.2171215
55.8167424,13.2186788
55.8199349,13.2187062
55.819904,13.2195298
55.8225719,13.2192827
55.8233121,13.218816
55.8237593,13.2164552
55.8249467,13.2120082
55.8278455,13.2123101
55.8277507,13.2094964
55.8291245,13.2094576
55.8329183,13.2104282
55.8414666,13.2149756
55.8422186,13.2124522
55.8449977,13.2111905
55.8433848,13.2022032
55.8428944,13.2006892
55.8408781,13.1877615
55.8389053,13.174931
55.8359732,13.1713594
55.8352973,13.1715146
55.8349267,13.1697677
55.834131,13.1673801
55.8343494,13.1629704
55.8325732,13.1625169
55.8307763,13.1622594
55.8304803,13.1521584
55.8295852,13.1532494
55.828938,13.1539604
55.8290551,13.1507609
55.8291171,13.1464337
55.8311275,13.1510429
55.831513,13.1503932
55.8299777,13.1476105
55.8294544,13.1462866
55.8298035,13.1463318
55.8327044,13.1466011
55.8339573,13.146503
55.8382322,13.146883
55.8394231,13.1468953
55.8410062,13.1476921
55.8417083,13.1483908
55.8433877,13.1509529
55.8443237,13.1518722
55.8446196,13.1533433
55.845239,13.1545323
55.846058,13.1582712
55.8495196,13.1585531
55.8508546,13.1579034
55.8535176,13.1572537
55.8594071,13.1559176
55.8593108,13.148256
55.8594071,13.1470669
55.8596204,13.1464049
55.8583992,13.146785
55.8584284,13.1448954
55.8586182,13.1437165
55.8593479,13.1443233
55.8601505,13.1449301
55.8611624,13.1453895
55.8612062,13.1451034
55.861318,13.1444967
55.8613424,13.1438812
55.8613341,13.1435439
55.8614098,13.1432007
55.8616024,13.1428636
55.8618226,13.1426858
55.8619946,13.1426552
55.862342,13.1426736
55.8625415,13.1426062
55.8627788,13.1424162
55.8629336,13.1422262
55.8629301,13.141981
55.8628338,13.1418216
55.8627341,13.1417665
55.8627169,13.1416194
55.8628029,13.14127
55.862827,13.1409574
55.8628132,13.1406693
55.86271,13.1401912
55.8626481,13.1396948
55.8626275,13.1393393
55.8626103,13.138757
55.8624417,13.1383708
55.8621975,13.1379786
55.8621046,13.1377211
55.8621287,13.1373227
55.8623076,13.1367037
55.8623557,13.1362379
55.8622388,13.136005
55.8619567,13.1358578
55.8616403,13.1355882
55.8615646,13.1353001
55.8616403,13.1349936
55.8618948,13.1346381
55.8621494,13.1344175
55.8625174,13.1344297
55.8628717,13.134393
55.863195,13.1343071
55.8632672,13.1341846
55.8632569,13.1337249
55.8632225,13.1333878
55.8630952,13.1330997
55.8630196,13.1328116
55.8630918,13.1325358
55.8634254,13.1321374
55.8637614,13.1311554
55.8660452,13.1324916
55.8663135,13.1336807
55.8680606,13.1342078
55.8688172,13.1322832
55.8744124,13.1324658
55.8784192,13.1298654
55.8806655,13.1282531
55.8825084,13.1283952
55.8848031,13.1275458
55.8865921,13.1267483
