# GsakName=Nykvarn
#
# Inclusion area 1 of 1
#
59.2146604,17.2435726
59.2151656,17.2445597
59.2166811,17.2461905
59.2192069,17.2461046
59.2201732,17.252027
59.2213591,17.2543015
59.2221716,17.2553744
59.2227646,17.2567047
59.2228963,17.257606
59.2226987,17.2582497
59.2227646,17.2598805
59.2223034,17.2608675
59.2272221,17.2639574
59.234336,17.2715047
59.2370574,17.2725834
59.2394215,17.2729483
59.2443882,17.2748579
59.2455531,17.2747122
59.2454115,17.2824615
59.2459199,17.285923
59.2470145,17.2927531
59.2494576,17.2907086
59.2494793,17.2914894
59.2494909,17.2916788
59.2495756,17.2930687
59.2495855,17.2932309
59.2497571,17.2933895
59.2501849,17.2937844
59.2501832,17.2938189
59.2501137,17.2952687
59.2501049,17.295438
59.2498253,17.3018132
59.2521266,17.3089312
59.2566107,17.3038893
59.2663051,17.3101773
59.2735857,17.3413767
59.2682249,17.3500855
59.2586406,17.3534208
59.2539369,17.3449965
59.2493191,17.3658194
59.2466621,17.3717908
59.2476876,17.3819102
59.2439395,17.3929612
59.2413453,17.3988277
59.2290729,17.4692031
59.2288088,17.4744768
59.2239595,17.4824795
59.2269161,17.4941898
59.2269262,17.4942217
59.2289975,17.502431
59.2305446,17.5132734
59.2309974,17.5191371
59.232601,17.52312
59.2304463,17.534045
59.229205,17.5384985
59.2258437,17.5394948
59.2025048,17.5464097
59.2020338,17.5456145
59.2017464,17.5444762
59.2012275,17.5435095
59.199974,17.5422153
59.1990318,17.5384419
59.1968281,17.5340448
59.1951992,17.531971
59.1932028,17.5273556
59.1923962,17.5322828
59.191957,17.5326727
59.1871651,17.5271997
59.1859511,17.5273244
59.1841698,17.5271217
59.1823166,17.529102
59.1813101,17.531207
59.1796005,17.531971
59.1757283,17.5145302
59.175936,17.5062038
59.1755685,17.5030853
59.1748814,17.5028514
59.1732754,17.504972
59.158883,17.4981908
59.1558464,17.4942256
59.1543217,17.4895913
59.1535465,17.4856509
59.1516659,17.4833462
59.150008,17.4834513
59.1460584,17.4822509
59.1431285,17.4823561
59.1406657,17.4836178
59.1392095,17.4848094
59.1356138,17.4947279
59.128577,17.4748373
59.127045,17.4761641
59.1246739,17.4755509
59.1193772,17.4714578
59.1245475,17.468385
59.1240781,17.4632715
59.1226817,17.4596592
59.1235401,17.4530816
59.1241334,17.4463357
59.1234959,17.4379679
59.1238875,17.4256226
59.125132,17.4178694
59.1309609,17.401275
59.1345647,17.3551713
59.1377292,17.3438325
59.1412774,17.3370934
59.1421187,17.3302118
59.1416249,17.3284289
59.1411311,17.3264678
59.1411494,17.3248989
59.1418078,17.3228665
59.143344,17.3210481
59.1440207,17.3194792
59.1446552,17.3169558
59.1460386,17.3157133
59.1481294,17.3129238
59.149912,17.3085465
59.1512967,17.3075767
59.1520466,17.3078598
59.1525744,17.3073916
59.1528387,17.3074736
59.153409,17.3068592
59.153829,17.3069586
59.154181,17.3066582
59.154225,17.3058857
59.1537629,17.3058857
59.1534769,17.3057141
59.1553912,17.3043408
59.1599676,17.3015513
59.1642574,17.2970022
59.1683926,17.2841706
59.1745286,17.2726263
59.1728353,17.2722401
59.1728353,17.2703089
59.1737809,17.2686352
59.1727253,17.2670044
59.1726814,17.2646441
59.1750344,17.2583355
59.1781789,17.265717
59.179894,17.2627558
59.1796521,17.2618975
59.1796301,17.258078
59.1790365,17.2583784
59.1796301,17.2517695
59.1811033,17.2517695
59.1810373,17.2566618
59.1800919,17.2572197
59.1818728,17.2590222
59.183126,17.2567047
59.1827302,17.2613396
59.1823125,17.2621121
59.1819168,17.2661032
59.1825763,17.2688927
59.1847309,17.2670473
59.1851925,17.2667898
59.1862697,17.2668757
59.1876107,17.2668757
59.1881163,17.2667898
59.1885138,17.2661546
59.1890395,17.265717
59.1896111,17.2655024
59.1916333,17.2651591
59.1924685,17.2647299
59.191919,17.2635712
59.1964685,17.2625841
59.1992155,17.2481646
59.2040936,17.2445168
59.2041815,17.249495
59.2047059,17.249765
59.2052141,17.2495808
59.2056316,17.2497954
59.2062028,17.250482
59.2081142,17.2514261
59.2121563,17.2476925
59.2121343,17.24692
59.2130286,17.2450198
59.2140673,17.2445597
59.2146604,17.2435726
