# GsakName=Södertälje
#
# Inclusion area 1 of 1
#
59.0792416,17.3121943
59.0812262,17.313353
59.0818662,17.3127637
59.0821744,17.3127093
59.0820862,17.3141684
59.0855479,17.3157992
59.0867814,17.3161062
59.087444,17.3162712
59.0881275,17.3157562
59.0884361,17.3164429
59.0910375,17.3170437
59.0918975,17.3161646
59.0923381,17.3161425
59.0935064,17.3174299
59.0979808,17.3182883
59.1065533,17.3184599
59.1067664,17.3184599
59.1152118,17.3184599
59.1238241,17.3216356
59.1290212,17.3223652
59.1368815,17.3218073
59.1393912,17.3209919
59.1398975,17.3208203
59.1446552,17.3169558
59.1440207,17.3194792
59.143344,17.3210481
59.1418078,17.3228665
59.1411494,17.3248989
59.1411311,17.3264678
59.1416249,17.3284289
59.1421187,17.3302118
59.1412774,17.3370934
59.1377292,17.3438325
59.1345647,17.3551713
59.1309609,17.401275
59.125132,17.4178694
59.1238875,17.4256226
59.1234959,17.4379679
59.1241334,17.4463357
59.1235401,17.4530816
59.1226817,17.4596592
59.1240781,17.4632715
59.1245475,17.468385
59.1193772,17.4714578
59.1246739,17.4755509
59.127045,17.4761641
59.128577,17.4748373
59.1356138,17.4947279
59.1392095,17.4848094
59.1406657,17.4836178
59.1431285,17.4823561
59.1460584,17.4822509
59.150008,17.4834513
59.1516659,17.4833462
59.1535465,17.4856509
59.1543217,17.4895913
59.1558464,17.4942256
59.158883,17.4981908
59.1732754,17.504972
59.1748814,17.5028514
59.1755685,17.5030853
59.175936,17.5062038
59.1757283,17.5145302
59.1796005,17.531971
59.1813101,17.531207
59.1823166,17.529102
59.1841698,17.5271217
59.1859511,17.5273244
59.1871651,17.5271997
59.191957,17.5326727
59.1923962,17.5322828
59.1932028,17.5273556
59.1951992,17.531971
59.1968281,17.5340448
59.1990318,17.5384419
59.199974,17.5422153
59.2012275,17.5435095
59.2017464,17.5444762
59.2020338,17.5456145
59.2025048,17.5464097
59.2258437,17.5394948
59.229205,17.5384985
59.2304463,17.534045
59.232601,17.52312
59.2309974,17.5191371
59.2305446,17.5132734
59.2289975,17.502431
59.2269262,17.4942217
59.2269161,17.4941898
59.2239595,17.4824795
59.2288088,17.4744768
59.2290729,17.4692031
59.2413453,17.3988277
59.2439395,17.3929612
59.2476876,17.3819102
59.2466621,17.3717908
59.2493191,17.3658194
59.2539369,17.3449965
59.2586406,17.3534208
59.2682249,17.3500855
59.2735857,17.3413767
59.2790232,17.3475565
59.2866079,17.3487581
59.2983324,17.3485436
59.3056281,17.3482861
59.3112138,17.3441662
59.317522,17.3498211
59.3200395,17.3505606
59.3224481,17.348329
59.3262139,17.3462261
59.3307236,17.3459686
59.3336349,17.3481144
59.35171,17.3351969
59.3514037,17.4257912
59.3394268,17.4378735
59.3383326,17.4634081
59.3303216,17.4691588
59.3263591,17.4692017
59.3237319,17.4731928
59.3076791,17.4680859
59.3047218,17.4758965
59.3050723,17.4981695
59.2950813,17.5156361
59.2919173,17.5681194
59.2808701,17.5687202
59.269644,17.5623687
59.2659157,17.5676902
59.2548163,17.5900062
59.2541801,17.5944694
59.2514375,17.597173
59.2488922,17.6044257
59.2483062,17.6059962
59.2488987,17.6098157
59.2494582,17.6115243
59.2500991,17.6130946
59.250516,17.6137384
59.2522274,17.6136955
59.2528198,17.6134809
59.2528263,17.6149226
59.2567753,17.6181841
59.2563366,17.6207162
59.2562049,17.6233769
59.2566876,17.6306725
59.2563585,17.6338053
59.2559636,17.6345349
59.2537916,17.6440192
59.2528701,17.6467658
59.252563,17.6476241
59.253287,17.6493407
59.2526288,17.6541901
59.2538794,17.6543618
59.2537916,17.6556922
59.256183,17.6589966
59.2537039,17.6607991
59.2513123,17.6653052
59.2462391,17.6604933
59.2461996,17.6604558
59.24556,17.6601235
59.2453487,17.6600138
59.2452373,17.6599559
59.2451368,17.6599037
59.2447951,17.6597262
59.2442903,17.6623011
59.2417665,17.6731587
59.2360376,17.6640177
59.23854,17.6569367
59.2387156,17.6500273
59.2416567,17.6363803
59.2379254,17.6343632
59.2291881,17.6369811
59.2256657,17.6369785
59.2255858,17.6387667
59.2236988,17.6442981
59.2195482,17.6571727
59.2173959,17.6597691
59.2176045,17.6601983
59.2161,17.6618076
59.2158929,17.6620681
59.2155399,17.6624084
59.2151885,17.6625586
59.2147712,17.6627517
59.2148261,17.6629019
59.2146943,17.6630307
59.2149469,17.6635457
59.2151556,17.6636959
59.215474,17.6638032
59.2157376,17.6638032
59.2159902,17.6651979
59.2161989,17.6656271
59.2163526,17.6658202
59.2174179,17.6665283
59.2186588,17.6671291
59.2191529,17.6675797
59.2198228,17.6698542
59.2197678,17.6711631
59.2198118,17.6732016
59.2198118,17.6740599
59.2199106,17.6747251
59.2200753,17.675047
59.220169,17.6751499
59.220251,17.6752401
59.2202826,17.6752548
59.2204816,17.6753474
59.2211888,17.6754077
59.2210132,17.6798709
59.2198272,17.6831325
59.2165768,17.6875098
59.2142485,17.6920589
59.2075265,17.6974662
59.2034838,17.7034744
59.2015502,17.7049335
59.199177,17.7048476
59.197375,17.705191
59.196408,17.705191
59.1961003,17.7074226
59.1950454,17.7085384
59.1937267,17.709225
59.1921003,17.7080234
59.1901221,17.7077659
59.1801853,17.7089675
59.1789979,17.7169498
59.1791958,17.7220996
59.1801853,17.7294381
59.180603,17.7373346
59.1786461,17.7357896
59.1756556,17.7364333
59.1715872,17.7430423
59.1689919,17.7354892
59.1694318,17.7319272
59.1671883,17.7307256
59.1667264,17.7361329
59.1659566,17.740682
59.1640428,17.7394803
59.160985,17.7387937
59.160303,17.7369054
59.160149,17.7352746
59.1567168,17.7368625
59.1558807,17.7348884
59.1564088,17.7297815
59.1562768,17.7291806
59.1557267,17.729009
59.1554627,17.7286657
59.1543845,17.7284082
59.1538642,17.7282874
59.1525361,17.727979
59.1469684,17.7268632
59.1443713,17.7090104
59.1370851,17.6990541
59.1326378,17.6821454
59.1275073,17.6853641
59.1266705,17.6857932
59.1147106,17.6884969
59.1016447,17.6951917
59.1012701,17.689441
59.0987577,17.6739486
59.0918806,17.667168
59.0874495,17.6628764
59.0733586,17.6778968
59.0684463,17.6810274
59.0674171,17.676544
59.0446192,17.6983995
59.0446101,17.7142734
59.0227495,17.727663
59.0147968,17.7293796
58.9985321,17.7283497
58.9837635,17.727148
58.9699177,17.723629
58.9601824,17.7173633
58.942475,17.7250023
58.9174035,17.7106685
58.9053485,17.717535
58.8915356,17.7117292
58.8841091,17.7086086
58.8427901,17.727148
58.8153352,17.7177925
58.826222,17.6697273
58.8422572,17.6614876
58.8599716,17.652132
58.8665401,17.6608867
58.875237,17.6512737
58.8933336,17.6535911
58.8985657,17.6390857
58.9030434,17.6317043
58.9082297,17.6358242
58.914519,17.6323877
58.9214239,17.6280231
58.924015,17.6263405
58.9246111,17.6259717
58.9247394,17.6258923
58.932546,17.6231402
58.9349856,17.6253178
58.94065,17.6080951
58.9406694,17.6080361
58.9443489,17.596842
58.9444455,17.5897401
58.9445121,17.5894655
58.9477772,17.5784767
58.9478711,17.5781687
58.9504526,17.5731352
58.951628,17.5705924
58.9518393,17.5703379
58.9524585,17.5695921
58.9524585,17.5695919
58.9524589,17.5695913
58.9518676,17.5661374
58.9510897,17.5652116
58.9507675,17.5624497
58.9525131,17.5614956
58.9525593,17.5614213
58.9527333,17.5611418
58.9527333,17.5611417
58.9527337,17.5611411
58.9522664,17.5604917
58.95217,17.5603131
58.951807,17.559252
58.9524459,17.5584506
58.952934,17.5582146
58.9532668,17.557737
58.9532681,17.5577352
58.9532686,17.5577345
58.9533033,17.5576846
58.9535658,17.557308
58.9541824,17.5570219
58.9543429,17.5569475
58.955108,17.5574902
58.9557385,17.5573194
58.95646,17.5571239
58.9564389,17.5566883
58.9563553,17.5564768
58.9562217,17.5561385
58.9561428,17.5559954
58.9561433,17.5559949
58.9564799,17.5556301
58.9567241,17.5556302
58.9568301,17.5556303
58.9572029,17.5559621
58.9573428,17.5562472
58.9574428,17.5575039
58.9577406,17.5573972
58.9577652,17.5575723
58.9583371,17.5571145
58.9584808,17.5577823
58.9589962,17.5573156
58.9601716,17.556251
58.9601719,17.5562504
58.9602642,17.5560471
58.960295,17.5559605
58.9604041,17.5556543
58.9604088,17.555642
58.9604135,17.5556298
58.962739,17.549583
58.9627391,17.549583
58.9647399,17.5510744
58.9652455,17.5505747
58.9660899,17.5497401
58.9660914,17.5497384
58.9660958,17.5497342
58.9663423,17.5494337
58.9663427,17.5494331
58.9670935,17.5483238
58.9668264,17.5476446
58.9665982,17.5470645
58.9665986,17.5470639
58.9670569,17.5463398
58.966972,17.5460051
58.9672322,17.5459834
58.9672322,17.5459829
58.9672674,17.544003
58.9674727,17.5435216
58.9676965,17.5429962
58.9677426,17.5429298
58.9678147,17.5429173
58.9678763,17.542991
58.9679903,17.5431379
58.9680345,17.5431408
58.9680362,17.543141
58.9680711,17.5431433
58.9681429,17.5431482
58.9681785,17.543168
58.9681825,17.5431763
58.9681958,17.5432039
58.9684496,17.5435707
58.9686703,17.5438646
58.9690198,17.5439169
58.9690626,17.5440041
58.9691422,17.5441665
58.9695666,17.5446746
58.9695669,17.5446742
58.9700436,17.5439155
58.9701446,17.5439461
58.9705364,17.5440649
58.9705776,17.5440497
58.9708786,17.5439387
58.9709192,17.5439225
58.9710768,17.5438593
58.9710769,17.5438591
58.9711256,17.5437052
58.9713967,17.5428529
58.9721297,17.5437557
58.9722198,17.5438665
58.9727302,17.5444952
58.9728992,17.5446407
58.9729853,17.5447086
58.9730149,17.544732
58.9731038,17.5448049
58.9731851,17.5449687
58.9732093,17.5450175
58.9734031,17.5453724
58.9735778,17.545831
58.9736232,17.5459122
58.9736571,17.5459731
58.9826945,17.5545049
58.982197,17.5453291
58.9825167,17.5453965
58.9830141,17.5462294
58.9833767,17.5465044
58.983479,17.5464054
58.983293,17.5457392
58.9830221,17.5449865
58.9827929,17.54457
58.9830145,17.5445812
58.9827831,17.5436824
58.9818469,17.5414222
58.9816263,17.5373773
58.9822017,17.5311076
58.9826369,17.5264743
58.9828501,17.5242158
58.9829899,17.5225792
58.9829614,17.5210884
58.9829391,17.5182251
58.9830383,17.5174644
58.9829284,17.5162916
58.9823382,17.5138998
58.9812483,17.5119224
58.9830497,17.5063526
58.9840739,17.503171
58.9855937,17.5003613
58.9867878,17.4905167
58.9890639,17.4806347
58.9873374,17.4757769
58.9950032,17.4432789
58.990428,17.4467615
58.9882301,17.4455967
58.987536,17.4450213
58.9872757,17.4451055
58.9863647,17.4443898
58.9862707,17.4445863
58.9844774,17.4435198
58.9837471,17.4418217
58.9835591,17.4422708
58.9811872,17.4392957
58.9804061,17.4299495
58.9821273,17.424308
58.9815921,17.4196069
58.9832038,17.4124055
58.9826687,17.4056414
58.9824373,17.4055572
58.9825674,17.3992702
58.9822936,17.3937152
58.9835663,17.3940801
58.9838194,17.3896034
58.9840797,17.3886351
58.9839712,17.3878352
58.9850125,17.3852952
58.9849547,17.3836533
58.9847233,17.3823903
58.9840803,17.3809032
58.9823401,17.3750712
59.0287938,17.3429371
59.0306468,17.3404155
59.0311941,17.3396423
59.0315687,17.3388937
59.03169,17.3382721
59.0317203,17.3375712
59.031748,17.3372722
59.0319649,17.336787
59.0320582,17.3365419
59.0321566,17.3358949
59.0322196,17.3354685
59.0322953,17.3351548
59.0322575,17.3349196
59.0322438,17.3348886
59.0319599,17.3342481
59.0319019,17.3339001
59.0319674,17.3337236
59.032086,17.3337384
59.0321868,17.3337825
59.0324189,17.3343216
59.0325071,17.3344932
59.0326005,17.3344932
59.0327492,17.3342775
59.0329863,17.3337776
59.0333394,17.3332727
59.0336767,17.3330317
59.0338059,17.3329394
59.0342977,17.3327826
59.0345338,17.3327043
59.0353243,17.3319238
59.0356244,17.3315709
59.0358236,17.3314484
59.0360455,17.3314043
59.0362436,17.3314505
59.036454,17.3315072
59.0366583,17.331669
59.0368979,17.3320268
59.0371223,17.3321493
59.037725,17.3322865
59.0382091,17.3324238
59.0387326,17.3327536
59.0389605,17.3328551
59.0391093,17.332762
59.0394926,17.3322326
59.039664,17.3321689
59.0399943,17.3322081
59.0407155,17.3321591
59.0409309,17.332006
59.0417467,17.3314533
59.0420013,17.3311445
59.0423669,17.3306103
59.0425207,17.3301349
59.0428258,17.3287919
59.0428888,17.3286899
59.0429771,17.3285468
59.0432216,17.3282772
59.0433637,17.3280662
59.0438811,17.3263431
59.0442276,17.3255913
59.0444396,17.3254697
59.0448121,17.3256325
59.0448319,17.3256318
59.0450186,17.3256256
59.0457441,17.3252321
59.045916,17.3249073
59.0460751,17.3243977
59.0464098,17.3229011
59.0465362,17.3226252
59.0467055,17.3225001
59.0468782,17.322548
59.0470709,17.3226248
59.0472236,17.322471
59.0472788,17.3221989
59.047446,17.3216406
59.0477825,17.3209285
59.0509596,17.3182178
59.0625882,17.3206915
59.0642671,17.3218817
59.0701549,17.3260559
59.0758454,17.3206915
59.0766835,17.3188462
59.0776318,17.3178591
59.0780949,17.3157992
59.0792416,17.3121943
