# GsakName=Hedemora
#
# Inclusion area 1 of 1
#
60.2186856,15.6572951
60.2261239,15.6721009
60.2342211,15.6873358
60.2376085,15.7181919
60.2385458,15.7192648
60.2386523,15.7203806
60.2383967,15.7231701
60.238205,15.723728
60.2389719,15.7294787
60.2407825,15.738963
60.2413363,15.7391775
60.2411659,15.7381905
60.2415068,15.7370318
60.2417837,15.736946
60.2428487,15.7389201
60.24451,15.7388342
60.2446165,15.7402504
60.2445313,15.7410229
60.2460648,15.7417954
60.2553068,15.7469023
60.2650783,15.7547987
60.2692925,15.7587469
60.2749107,15.7753552
60.2766343,15.7802046
60.2769747,15.7789172
60.2779322,15.778488
60.2784428,15.7781876
60.2788897,15.7775868
60.2796769,15.7774151
60.2865058,15.7733382
60.2943328,15.7783593
60.2977352,15.7814921
60.3000529,15.7841957
60.3008609,15.7879723
60.3032209,15.7904614
60.303795,15.7893027
60.3084081,15.791663
60.3146359,15.7935084
60.3156986,15.7983149
60.3201613,15.8000315
60.3207455,15.8051606
60.3210217,15.8079501
60.3209367,15.8110829
60.3217442,15.8203955
60.3233803,15.8272191
60.3219992,15.8308669
60.3295203,15.8403082
60.3293078,15.8433123
60.3302,15.8436127
60.3354679,15.8441277
60.3369971,15.8427115
60.3369971,15.8424111
60.3389298,15.8407803
60.339036,15.8407803
60.3421577,15.8378621
60.3443661,15.8365317
60.3473175,15.8310814
60.3482305,15.831811
60.3485702,15.8318968
60.3489311,15.8315964
60.3493345,15.8310814
60.3483791,15.8291503
60.3502474,15.8262749
60.3525614,15.8233138
60.3544719,15.8461447
60.3552149,15.8663149
60.3557031,15.8742114
60.3563611,15.8810349
60.3603726,15.8888026
60.3661024,15.9061404
60.3666541,15.911891
60.3675029,15.9185
60.3686487,15.9206029
60.3706007,15.9180279
60.3726799,15.9259673
60.3740376,15.9241219
60.374271,15.9247656
60.3761166,15.9263964
60.3770712,15.928113
60.3778136,15.9290572
60.37845,15.9297009
60.3795317,15.9295292
60.3803378,15.9339495
60.3805074,15.9343358
60.3808892,15.9347649
60.3814195,15.935237
60.3820346,15.9358378
60.3824375,15.9365674
60.3835404,15.937769
60.3837313,15.9376832
60.3838585,15.9377261
60.3840282,15.9381552
60.3856399,15.9432622
60.387803,15.9446354
60.3907716,15.9492274
60.3934008,15.9498711
60.3934644,15.9493132
60.3945245,15.9496995
60.3951605,15.9502144
60.3954785,15.9501715
60.3967505,15.9495707
60.3971533,15.9506865
60.3978741,15.9500428
60.3994428,15.9507294
60.4030251,15.9474679
60.4138967,15.9368678
60.4138119,15.934722
60.4131339,15.932705
60.4136,15.9313317
60.4133881,15.9307309
60.4138119,15.929143
60.4117142,15.9263964
60.4105699,15.9248944
60.4145747,15.9233923
60.4176256,15.9208174
60.419059,15.9216758
60.4245667,15.9198305
60.4295864,15.9216329
60.43109,15.9208604
60.4311959,15.9194442
60.4330595,15.9160968
60.4360452,15.9191867
60.4351558,15.9236928
60.4560275,15.9311172
60.4700755,15.9426614
60.4764627,15.9465238
60.4790026,15.9487866
60.4790638,15.9488412
60.4917702,15.9555789
60.5219199,16.0041591
60.5431197,16.0365998
60.5564379,16.0551532
60.5566651,16.0554699
60.5592605,16.0590875
60.5772908,16.0862529
60.5844399,16.0978332
60.5862711,16.1007997
60.5879144,16.103462
60.5890515,16.1051189
60.5973362,16.1171933
60.6022782,16.1243974
60.6038433,16.1266792
60.6103267,16.13651
60.5886658,16.1556466
60.577076,16.1658641
60.5610495,16.1712715
60.5551852,16.1799404
60.5485327,16.1849424
60.540903,16.1906778
60.5354328,16.1947891
60.5041335,16.2457725
60.4931441,16.2589904
60.49344,16.2602779
60.4920873,16.2608787
60.4915377,16.2635394
60.4953846,16.2649127
60.4945814,16.2674018
60.493905,16.2689468
60.4921295,16.27135
60.4919505,16.2712748
60.4909035,16.2708351
60.4884937,16.2788173
60.4874366,16.2802764
60.4835042,16.2785598
60.4761361,16.2815391
60.4727144,16.2829224
60.4724656,16.283023
60.4583402,16.2994522
60.4547768,16.3035956
60.4531931,16.3054369
60.447414,16.3121555
60.4452964,16.314617
60.4283157,16.3343498
60.4214952,16.3370963
60.4164531,16.3443061
60.3794045,16.3927146
60.3750771,16.3828869
60.3686071,16.3683038
60.3683941,16.3678237
60.3681777,16.3673126
60.3680747,16.3670693
60.3526888,16.3307448
60.346171,16.315939
60.340204,16.3131495
60.3352768,16.3148232
60.3333226,16.3144799
60.3306886,16.3146086
60.3291166,16.3140507
60.3236353,16.3095446
60.3218929,16.3079997
60.3186205,16.3039656
60.3135199,16.2989874
60.3087162,16.3029786
60.3083548,16.3025923
60.3079297,16.3028498
60.3062928,16.2992449
60.3053149,16.301734
60.3055912,16.3047381
60.3031463,16.3092442
60.2971077,16.319973
60.2939604,16.3256379
60.288303,16.3297577
60.2812617,16.334178
60.2793256,16.323535
60.2786448,16.3236208
60.2780065,16.3213034
60.2786661,16.3196726
60.2781129,16.3165398
60.2775809,16.3067551
60.2768149,16.3036652
60.2763043,16.3031073
60.2757936,16.3025065
60.2754957,16.3020773
60.2753893,16.3017769
60.2752829,16.3010474
60.2754106,16.3004466
60.2755595,16.2998028
60.2755595,16.299202
60.2755383,16.2983437
60.2754106,16.2970992
60.2753042,16.296155
60.2738998,16.2899752
60.2722612,16.2813063
60.2700692,16.2664147
60.2695584,16.2630673
60.268324,16.2580891
60.2642586,16.2563296
60.2600863,16.2541838
60.2551895,16.2532397
60.2489717,16.2497206
60.2486948,16.246974
60.2471828,16.2450858
60.2480559,16.240408
60.2484393,16.2405797
60.2490143,16.2406655
60.2493763,16.240923
60.2498874,16.2409659
60.2512077,16.2407942
60.2515697,16.2405797
60.2518891,16.2403651
60.2525918,16.2402793
60.2528899,16.2401076
60.2531241,16.2399359
60.2534648,16.2399359
60.2537842,16.2397214
60.2540823,16.2392922
60.2542952,16.2387343
60.254572,16.2383481
60.2548914,16.2379189
60.255083,16.2376614
60.2552108,16.236846
60.2554237,16.2362881
60.2555515,16.2360306
60.2561902,16.2356873
60.2568076,16.2354727
60.2576593,16.2343998
60.2513141,16.2292929
60.251016,16.2298937
60.2508882,16.2292929
60.2499939,16.2296362
60.2495892,16.2292071
60.2490143,16.230795
60.2486522,16.2312241
60.2485244,16.2310954
60.2483115,16.2310525
60.2481411,16.230795
60.2481624,16.2304946
60.2479281,16.2300654
60.2477365,16.2289925
60.2473318,16.2281342
60.2487374,16.2248297
60.248567,16.2234994
60.2458623,16.2197657
60.2450956,16.2182208
60.2442436,16.2154313
60.2425822,16.2116547
60.2377468,16.2092515
60.2368946,16.2087794
60.2366603,16.2086506
60.2363407,16.2086506
60.2360212,16.2086077
60.2357868,16.2085648
60.2356377,16.2084361
60.235382,16.2086506
60.2347642,16.2068053
60.2340185,16.206462
60.2338693,16.2053462
60.2334006,16.2046595
60.2329319,16.2058182
60.2301193,16.2047453
60.2300128,16.2049599
60.2294374,16.2052174
60.2291178,16.2045737
60.229544,16.2036295
60.2282654,16.20187
60.2272426,16.2016984
60.2272213,16.1995955
60.2280097,16.1984368
60.2289473,16.1984797
60.2303324,16.1958619
60.2302898,16.1911412
60.2329319,16.1802836
60.2334006,16.1720009
60.234615,16.1718722
60.234892,16.1664649
60.2358081,16.1655207
60.2380237,16.1635466
60.2426035,16.1576672
60.2465438,16.1524745
60.2457771,16.1465951
60.2474809,16.1341496
60.2463522,16.1350937
60.2469911,16.1238928
60.244201,16.1204167
60.2440945,16.1175414
60.2452447,16.1173697
60.2491633,16.1194726
60.2513567,16.1133357
60.2520381,16.1087866
60.24763,16.0973712
60.2457984,16.0978861
60.2450743,16.0967274
60.2414746,16.0930796
60.2390249,16.0912772
60.2381302,16.090848
60.2368733,16.0904189
60.2372994,16.0885306
60.2319305,16.0859557
60.2302472,16.0872002
60.2297784,16.0871144
60.2273065,16.0856124
60.2224474,16.0811062
60.2049873,16.0653563
60.2050939,16.0650559
60.1992931,16.0521813
60.1978641,16.0542841
60.1970109,16.0557862
60.1958378,16.0575457
60.1951125,16.0581036
60.1935126,16.0590907
60.193268,16.0564652
60.1932567,16.0563441
60.1932567,16.0557862
60.1932156,16.0556871
60.19315,16.0555287
60.1927447,16.0550566
60.1925,16.0545975
60.1924247,16.0544558
60.1937046,16.0516234
60.1919554,16.0481473
60.1894166,16.0448857
60.189758,16.0423966
60.190014,16.0418816
60.1903127,16.0414095
60.1906114,16.0411091
60.1906754,16.0409375
60.1910807,16.0392638
60.1915927,16.0353585
60.1914647,16.0334273
60.1904834,16.0329123
60.1899073,16.0320969
60.1897793,16.032054
60.189694,16.0311528
60.1897793,16.0303803
60.1897153,16.0293074
60.18995,16.0282345
60.1863656,16.0291787
60.1813725,16.0169907
60.1838662,16.005922
60.1831778,16.0052927
60.1821295,16.005041
60.182505,16.0028069
60.1830213,16.002681
60.1836784,16.0035935
60.1842886,16.0040026
60.1853735,15.9986684
60.1849895,15.9847638
60.186099,15.9739492
60.1856296,15.974035
60.1853735,15.9726617
60.1860563,15.9708593
60.1865684,15.9701726
60.1866964,15.9685418
60.1864404,15.9669969
60.1858856,15.9676835
60.1854162,15.9676835
60.1848188,15.9681127
60.1842213,15.9687993
60.1832397,15.9664819
60.1839226,15.9536073
60.1849895,15.9482
60.1848614,15.9463975
60.1801154,15.9386359
60.1800914,15.9385982
60.1779436,15.9352308
60.1769188,15.933696
60.1721417,15.926399
60.1687689,15.9065721
60.1662497,15.8821962
60.1720137,15.8367059
60.1767736,15.8051813
60.1773712,15.8012761
60.1847975,15.7769001
60.1989627,15.7290924
60.2077915,15.6975068
60.2186856,15.6572951
