# GsakName=Ludvika
#
# Inclusion area 1 of 1
#
60.2421977,14.1432437
60.2442212,14.176546
60.2444126,14.1797552
60.2450093,14.1895493
60.2454414,14.1972516
60.2470752,14.2263707
60.2480122,14.2426785
60.2490983,14.2625483
60.2517176,14.3089827
60.2548903,14.3600949
60.2555716,14.3724974
60.2501844,14.4030102
60.2361479,14.4824036
60.2339748,14.4947632
60.2342091,14.5186671
60.2389386,14.5487937
60.2558697,14.5837267
60.2680249,14.6271142
60.2716709,14.6262103
60.2720965,14.6267253
60.2718965,14.6273089
60.2716837,14.6277552
60.2716284,14.6281672
60.2716922,14.6289826
60.2717262,14.6293689
60.2716071,14.6296263
60.2714028,14.6295834
60.2706622,14.6293517
60.2705515,14.6290427
60.2706707,14.6285964
60.2705345,14.6283818
60.2702961,14.628811
60.2700322,14.6290684
60.2696491,14.6291285
60.2694704,14.6293002
60.2694023,14.6295405
60.2694023,14.6298838
60.2694874,14.6301585
60.2696917,14.630313
60.269913,14.6302443
60.2702791,14.6299525
60.2706196,14.6299697
60.2708409,14.6303559
60.2709176,14.630725
60.27119,14.6307851
60.2713304,14.6311026
60.2712155,14.6316434
60.2710325,14.6321326
60.2708409,14.6323558
60.2699556,14.6323901
60.2696193,14.6325017
60.2694065,14.6325618
60.2691086,14.6331025
60.268768,14.6336776
60.2685041,14.633875
60.2682785,14.6341325
60.2681508,14.6346045
60.2678826,14.6349049
60.2673293,14.6352912
60.2672271,14.6356173
60.2672271,14.6358491
60.2672867,14.6361924
60.2674995,14.6365786
60.2675421,14.6369391
60.2675251,14.6372824
60.2673974,14.6376515
60.2672271,14.6379348
60.2671292,14.6381922
60.2671845,14.6385699
60.2673718,14.6388274
60.2676953,14.6388961
60.2681721,14.6387673
60.2684786,14.6384669
60.2686829,14.6380807
60.2688617,14.6377116
60.2690234,14.6374369
60.2691511,14.6373683
60.2694065,14.6373683
60.2696704,14.6373082
60.2701216,14.6369906
60.2703983,14.6368533
60.2705472,14.636819
60.270858,14.636407
60.2711219,14.6365357
60.2713134,14.636304
60.271356,14.6359349
60.2713006,14.6355916
60.2712155,14.6353083
60.2711219,14.6352053
60.2709601,14.6351624
60.2706962,14.6350766
60.2704749,14.6348792
60.2703046,14.6348792
60.2701088,14.6348792
60.2699216,14.6348792
60.2697811,14.6348191
60.2698024,14.6345616
60.2699301,14.6344157
60.2701344,14.6341582
60.2702706,14.6339007
60.2704919,14.6335574
60.2706749,14.6335574
60.270858,14.6335746
60.2709601,14.6340466
60.2711431,14.6347762
60.2712921,14.6348191
60.2715134,14.6347934
60.2716326,14.6346474
60.2718029,14.6344329
60.271888,14.6342183
60.2719093,14.6339007
60.2718965,14.6335316
60.271739,14.6333171
60.2715688,14.6329909
60.2714709,14.6326304
60.2714964,14.6320983
60.2716326,14.6313601
60.2718454,14.6304417
60.2720157,14.6300383
60.2721221,14.629901
60.272271,14.6301842
60.272603,14.6302701
60.2728158,14.630416
60.2729733,14.6307593
60.2732585,14.630931
60.2731989,14.6312571
60.2730371,14.6317549
60.2730159,14.6320468
60.2730286,14.6323729
60.2737181,14.6342784
60.2738415,14.6339436
60.2739054,14.6336861
60.2739479,14.6331712
60.2739905,14.6328622
60.2740756,14.6326047
60.2736926,14.6318837
60.2736585,14.6315747
60.2737351,14.631197
60.2739479,14.630828
60.2740416,14.6308537
60.2741948,14.6310597
60.2743522,14.6314545
60.2746204,14.6307164
60.2744799,14.6302529
60.2745352,14.6296693
60.2745948,14.6294547
60.2752587,14.6302014
60.2752885,14.6319009
60.2752587,14.633875
60.278727,14.6563626
60.2829608,14.6841717
60.2885128,14.7009946
60.2928516,14.7140408
60.3064387,14.7314645
60.3125055,14.7393147
60.3121355,14.7404338
60.3147072,14.7428799
60.3148139,14.742302
60.31662,14.7446395
60.3143034,14.7502185
60.3020591,14.7527076
60.301705,14.7545685
60.3005921,14.7554971
60.2997415,14.7541667
60.299699,14.752493
60.2993375,14.751978
60.2987422,14.7523642
60.2987634,14.7531796
60.2957651,14.7535659
60.2953186,14.7541667
60.2945955,14.7557975
60.294,14.7561408
60.2936598,14.7566558
60.2931068,14.7581578
60.2941276,14.7607756
60.2944254,14.761076
60.2961479,14.7592307
60.2969772,14.7579432
60.2985933,14.757042
60.2988698,14.7566129
60.2994226,14.7575141
60.3011856,14.7572981
60.2995927,14.765668
60.3034624,14.7728778
60.307948,14.7764397
60.3076079,14.7845507
60.3056096,14.79558
60.3064174,14.7959662
60.3068213,14.7963954
60.3068001,14.7968674
60.3074166,14.7971679
60.3076929,14.7966529
60.3090109,14.7972108
60.3090109,14.7978974
60.3093722,14.7987128
60.3105201,14.7979832
60.3103713,14.7971249
60.3106051,14.79558
60.3110302,14.7956229
60.3115829,14.7952367
60.3119017,14.7951079
60.3123906,14.7948504
60.3127731,14.79455
60.313177,14.7943784
60.3146647,14.7930909
60.3198076,14.7885848
60.3279453,14.7815037
60.324291,14.7733927
60.3254808,14.7696591
60.3261395,14.7703887
60.329135,14.7607756
60.3329162,14.765668
60.33264,14.765668
60.3323851,14.7662259
60.3328312,14.7665263
60.3331073,14.7668267
60.3334472,14.7669554
60.3336808,14.7672129
60.3340844,14.7674275
60.3340844,14.7675992
60.3342543,14.7677279
60.3346791,14.7683717
60.334934,14.7686721
60.3352314,14.7690154
60.3358261,14.7694016
60.3364633,14.770217
60.3368881,14.7708607
60.3434502,14.7794009
60.3517093,14.782877
60.3608154,14.7946788
60.3690914,14.8052789
60.3725285,14.8093987
60.3729952,14.8260499
60.3740347,14.8602963
60.3744802,14.8731709
60.37465,14.8763037
60.3748409,14.8931266
60.374897,14.8987234
60.3752788,14.9388064
60.3733059,14.9386776
60.3730725,14.9404801
60.3728816,14.9406947
60.3725421,14.9413813
60.3725421,14.9417246
60.3727543,14.9431408
60.3720118,14.9493636
60.3734544,14.9527968
60.3703144,14.9692763
60.3647551,14.9964846
60.3640124,14.9973429
60.3641397,14.9989737
60.363772,15.001587
60.3618136,15.0115657
60.364397,15.015734
60.3675985,15.0207318
60.38476,15.0475539
60.3936448,15.0613726
60.396593,15.066228
60.4150599,15.0952935
60.4195086,15.0954948
60.4159493,15.0971256
60.4013613,15.1042021
60.3881531,15.1108111
60.37703,15.116373
60.373644,15.118135
60.3695718,15.1203812
60.3658161,15.1222266
60.3654129,15.1217116
60.3649249,15.1219262
60.3648188,15.1222695
60.3647763,15.1228703
60.3529968,15.1385773
60.3525297,15.1373757
60.3409156,15.1444567
60.3430604,15.1567734
60.3363708,15.1575459
60.335861,15.1509369
60.3350964,15.1509798
60.3344804,15.1513232
60.3335246,15.1523102
60.3291487,15.1485766
60.3260044,15.1481474
60.3256645,15.1479758
60.3242197,15.1466454
60.3259407,15.153426
60.3296589,15.1678323
60.3298285,15.1684893
60.3289362,15.1689185
60.3288088,15.1692618
60.3282777,15.169648
60.3283839,15.1704205
60.329,15.1722659
60.3294886,15.17218
60.3299347,15.1715792
60.3299984,15.1711071
60.3303383,15.1706351
60.3310818,15.1735104
60.3308269,15.1738966
60.3305295,15.1750983
60.3303808,15.1756562
60.3299134,15.1772011
60.3295948,15.1778878
60.3293823,15.179304
60.3297435,15.180806
60.3301259,15.181321
60.330402,15.1814068
60.3306145,15.1816643
60.3309968,15.1826085
60.3315916,15.1837242
60.3324838,15.1844538
60.333121,15.1840247
60.3335246,15.1841963
60.3339282,15.1853979
60.334268,15.1856984
60.335725,15.1913735
60.3363283,15.1937235
60.3324201,15.2005471
60.3291699,15.2007187
60.3291912,15.2075852
60.3290637,15.2121771
60.326748,15.2103747
60.3250059,15.2082289
60.3239435,15.2081002
60.3234761,15.2085722
60.3233486,15.2084435
60.3232424,15.2081431
60.3231361,15.2071989
60.3229661,15.2067269
60.3227749,15.2056969
60.3223712,15.2044094
60.3221162,15.2038515
60.3217337,15.203637
60.3214788,15.2028645
60.3212025,15.2029503
60.3208625,15.2029932
60.3203525,15.2023924
60.3202631,15.2018604
60.3161024,15.2008046
60.3157623,15.2015341
60.3152523,15.2017058
60.3148272,15.2005041
60.3111927,15.2067269
60.3045391,15.2088297
60.2999679,15.2103747
60.2956817,15.2154502
60.2916318,15.2202452
60.2914191,15.2327336
60.2871014,15.2392567
60.2829286,15.2376322
60.2798258,15.2364243
60.278762,15.233506
60.2765279,15.2339352
60.2748469,15.2331198
60.274549,15.2330769
60.2731658,15.231489
60.2723784,15.2314461
60.2722933,15.2307595
60.2630987,15.2326048
60.2632051,15.2308024
60.2627368,15.2296008
60.2627155,15.2286995
60.2624175,15.2283562
60.2622046,15.2277983
60.261864,15.2278841
60.2613531,15.2277554
60.2605016,15.2270258
60.2601184,15.2265967
60.2596713,15.226425
60.2584152,15.2266825
60.2579682,15.2275408
60.2571804,15.2288283
60.2567333,15.2291716
60.2554558,15.2303303
60.2554345,15.2316178
60.2541144,15.232519
60.2530711,15.2341498
60.2510268,15.2331198
60.2497278,15.2339352
60.2484927,15.2353085
60.2482584,15.2362097
60.2471723,15.2365101
60.2382902,15.2388276
60.2297679,15.2410591
60.2275751,15.2416316
60.2205613,15.2434624
60.2192825,15.2438486
60.2178543,15.2441061
60.2165753,15.2441491
60.2161063,15.2442778
60.2154028,15.2442778
60.2134202,15.244707
60.2125675,15.2447499
60.2078555,15.2451361
60.2012234,15.2453078
60.1949314,15.2454365
60.1946114,15.2451361
60.1895342,15.2451361
60.1817888,15.2429045
60.1719924,15.2400292
60.1695589,15.2392996
60.1664847,15.2384842
60.1654172,15.2372826
60.1629618,15.238098
60.1614458,15.2253092
60.1567478,15.2245367
60.1541423,15.2214039
60.1511735,15.2239359
60.1506395,15.2265538
60.1503191,15.22694
60.1496356,15.2263392
60.1491015,15.2262104
60.1489721,15.2265587
60.1486618,15.2273935
60.14846,15.2284409
60.1483321,15.2293773
60.1483729,15.2298153
60.1470935,15.2313174
60.1470295,15.2305449
60.1468799,15.2300728
60.146474,15.2293862
60.1456234,15.2278508
60.145309,15.225822
60.1447223,15.2248371
60.1441027,15.2238501
60.1437806,15.2230869
60.1433336,15.2224339
60.1430131,15.2214468
60.1397655,15.2270687
60.1373937,15.230974
60.1318374,15.2394713
60.1252755,15.2281416
60.122753,15.2247084
60.1178785,15.2213181
60.1129391,15.221361
60.1047906,15.2226485
60.1032933,15.2258671
60.1018815,15.22591
60.1001701,15.2222193
60.0998064,15.2202023
60.0973675,15.2169407
60.100983,15.2088297
60.0979452,15.2039374
60.0871608,15.195526
60.0765441,15.1769865
60.0738466,15.1773728
60.0734398,15.1764286
60.0732471,15.176257
60.072926,15.1762999
60.0721124,15.176729
60.071727,15.1768578
60.0712131,15.1768149
60.0707849,15.1765145
60.0697571,15.1751412
60.0694787,15.1743687
60.0705708,15.1709355
60.0708491,15.1704634
60.0709348,15.1699484
60.0706992,15.1687468
60.0695002,15.1662148
60.068922,15.166129
60.0684081,15.1658715
60.0677443,15.1643265
60.0634398,15.1596917
60.0633113,15.1598633
60.0629044,15.1597775
60.0626046,15.1587904
60.0572713,15.1528252
60.0452522,15.1376332
60.0082891,15.1258744
60.041052,15.0776375
60.0495376,15.0476397
60.042145,15.0460518
60.040752,15.0375117
60.0384373,15.034293
60.0472236,15.0229634
60.0516158,15.0214613
60.0544651,15.0168265
60.0564787,15.0153674
60.0574427,15.0136507
60.0576783,15.0104321
60.0570999,15.009445
60.0560932,15.0024928
60.0549792,14.993223
60.0487234,14.9390639
60.0527513,14.9172629
60.0517229,14.9076069
60.0512396,14.9043902
60.0545602,14.8964509
60.0572807,14.8910435
60.0637705,14.8867949
60.0818623,14.8592432
60.0828255,14.8455533
60.0840669,14.8430642
60.0882782,14.8379266
60.0894445,14.8393428
60.091041,14.8384743
60.0911871,14.838694
60.0913182,14.8387369
60.0914385,14.8386564
60.091607,14.8377498
60.0917488,14.8375299
60.0918397,14.837267
60.0918849,14.837093
60.0918959,14.8365911
60.0919253,14.8365267
60.0921045,14.8365965
60.0921527,14.8366233
60.0921901,14.8367359
60.0922463,14.8369022
60.0923693,14.8370793
60.0924041,14.8371758
60.0924496,14.8372241
60.0925699,14.8371597
60.0926422,14.8369398
60.0927358,14.8369666
60.092773,14.8369052
60.0928775,14.8369881
60.0929444,14.8369344
60.0933001,14.8373475
60.0934713,14.8374172
60.0936238,14.8376533
60.0938458,14.8377445
60.0939634,14.838002
60.0940758,14.8381575
60.0941022,14.8383697
60.094041,14.8386189
60.0939447,14.839225
60.0941236,14.8394801
60.0941691,14.8397269
60.0942469,14.8398205
60.0943619,14.8398098
60.0944526,14.8398985
60.0944663,14.840019
60.0943777,14.8405047
60.0944475,14.8405179
60.0945197,14.840491
60.0945839,14.840534
60.0946561,14.8406949
60.0947551,14.8407432
60.0948434,14.8406252
60.094846,14.8404106
60.0948915,14.8403355
60.0950544,14.8403331
60.0951055,14.840196
60.0952017,14.8401209
60.0953274,14.8401424
60.0954638,14.8399492
60.0956724,14.8398259
60.0957099,14.8399278
60.0957206,14.8401853
60.0957741,14.8402335
60.0958436,14.8401853
60.0959185,14.8400404
60.096087,14.8400297
60.0961779,14.8400833
60.0964454,14.840314
60.096654,14.8404589
60.096873,14.840435
60.0970096,14.8403462
60.0970979,14.8404159
60.0971139,14.8407378
60.0972316,14.8409524
60.0974589,14.8415264
60.0975924,14.8419477
60.0977638,14.8422184
60.0980072,14.8424544
60.0984484,14.8426317
60.0987051,14.8426317
60.099117,14.8421275
60.0995555,14.8418378
60.0998229,14.8419343
60.099962,14.8417841
60.1002668,14.8419343
60.100577,14.8417519
60.1008498,14.8418485
60.1010583,14.8419987
60.101504,14.8419609
60.1022564,14.8426151
60.1026307,14.8456299
60.1025024,14.8475504
60.101759,14.8504043
60.1025077,14.8511982
60.1027002,14.8512518
60.1028072,14.8512089
60.1028767,14.8509944
60.1029355,14.8508549
60.1033099,14.8508012
60.1034864,14.85093
60.1036682,14.8509193
60.1040051,14.8506403
60.104235,14.8505545
60.1043366,14.8504257
60.1043634,14.8502004
60.1044168,14.8495138
60.104661,14.8495873
60.1108741,14.8073586
60.0985964,14.7780903
60.0816911,14.7371491
60.0806928,14.7373194
60.0786729,14.7376641
60.0669828,14.7399815
60.0541318,14.7424706
60.050936,14.7431123
60.0081484,14.7516974
60.0080841,14.7493371
60.005857,14.7506322
60.005102,14.7502812
60.0038577,14.7510537
60.0023113,14.7512955
60.0006821,14.7519549
59.9994376,14.7517832
59.998987,14.7531136
59.9972917,14.7531994
59.9992445,14.7300252
60.0023772,14.6957358
60.0074619,14.6399888
60.0256275,14.4370421
60.0457116,14.3696221
60.0740273,14.2782124
60.0957295,14.2126378
60.0990243,14.2103203
60.1031106,14.2099073
60.1064256,14.211007
60.1074094,14.2103633
60.1080082,14.2102756
60.1085002,14.2107066
60.1089921,14.2111357
60.1095482,14.2113503
60.1101891,14.2112088
60.1140818,14.2095479
60.1157283,14.2082175
60.1172892,14.2072304
60.1183583,14.2060717
60.1188714,14.2055138
60.1196197,14.2047843
60.1207101,14.2043551
60.1217363,14.2041405
60.1222493,14.2040976
60.1226769,14.2043122
60.1228266,14.2048701
60.1226555,14.2059001
60.1225059,14.2063721
60.1217149,14.2067584
60.1212873,14.2070588
60.1212232,14.2075738
60.1214797,14.2078742
60.1219714,14.2080029
60.1228693,14.2079171
60.1234465,14.2080029
60.1240023,14.2083462
60.1246009,14.2088183
60.1252208,14.2088183
60.125969,14.2090329
60.1265461,14.2086466
60.127337,14.2081317
60.1284057,14.2069043
60.1290811,14.2058571
60.1296668,14.2044839
60.1303849,14.2034796
60.1308722,14.2030848
60.1312911,14.2031363
60.1316331,14.2036856
60.1320178,14.2043551
60.132223,14.2053422
60.1326162,14.2063464
60.1330351,14.2065867
60.1331932,14.2064322
60.1334069,14.2060288
60.1335651,14.2055138
60.1335266,14.2047671
60.1334155,14.2041234
60.1334069,14.2035655
60.1335352,14.2029646
60.1338686,14.2025612
60.1341677,14.2024239
60.1344413,14.2026471
60.1347747,14.2029646
60.1351508,14.2031363
60.1354585,14.2030762
60.1359073,14.2027072
60.1361637,14.2026471
60.1363133,14.2028359
60.1364757,14.2030762
60.1366979,14.2031621
60.1369202,14.2029904
60.1371039,14.2025097
60.1371039,14.2021664
60.1370398,14.2017201
60.1368774,14.2013339
60.1367107,14.2007588
60.1367278,14.2003897
60.1367834,14.1999606
60.1369971,14.1996773
60.137651,14.1991023
60.1384929,14.198613
60.1394544,14.198244
60.1398305,14.198304
60.1400869,14.1982697
60.1404373,14.1978577
60.140886,14.1976689
60.1409586,14.1977032
60.1410441,14.1981324
60.1409714,14.1988705
60.140886,14.1994198
60.1409159,14.1999348
60.1410569,14.2009476
60.141215,14.2018059
60.1414629,14.2022351
60.1419115,14.2023209
60.1423388,14.2016085
60.1426593,14.2011193
60.1431208,14.2008961
60.1435225,14.2001923
60.1438045,14.199334
60.1438985,14.1984328
60.1440053,14.1978491
60.1442189,14.1974886
60.1445821,14.1972741
60.1451376,14.1974457
60.145458,14.1971625
60.1457058,14.1969737
60.1458938,14.1971882
60.1460904,14.1977633
60.1463211,14.1978148
60.1467612,14.1978148
60.1483505,14.1976174
60.1487692,14.1974629
60.1490169,14.1973771
60.1492818,14.1977376
60.1494527,14.1975487
60.1495723,14.1972054
60.1496236,14.1966475
60.1497859,14.1960209
60.1501362,14.1955317
60.1505976,14.1950768
60.1511615,14.1947335
60.1519518,14.194476
60.1523277,14.1945275
60.1527207,14.1945017
60.1530966,14.1949051
60.1535665,14.1954201
60.1539809,14.1956605
60.1546002,14.1959609
60.1548992,14.1964158
60.1551555,14.1966904
60.1554972,14.1967076
60.1562575,14.1965617
60.157368,14.1967333
60.158124,14.1970166
60.1584016,14.1971882
60.1587006,14.1975487
60.1588372,14.1976174
60.1591063,14.1972569
60.1593412,14.1969307
60.1598537,14.196802
60.1603021,14.1966561
60.1605712,14.196802
60.1609299,14.1970337
60.1613057,14.1970595
60.1618609,14.1969479
60.162288,14.1969822
60.1626509,14.1969994
60.1631933,14.1969994
60.1636545,14.1967248
60.1638765,14.1963128
60.1640174,14.1957806
60.1641242,14.195609
60.1643591,14.1953858
60.1643719,14.1950425
60.1643719,14.1939782
60.1645171,14.1934975
60.1646366,14.1928109
60.1648074,14.1922959
60.1649782,14.1918496
60.1654693,14.1912488
60.1659305,14.1909226
60.1662294,14.1908797
60.1664429,14.1905364
60.1667503,14.1904505
60.1671346,14.190296
60.1673694,14.1899956
60.1680867,14.189412
60.1687699,14.1890343
60.1693975,14.1890515
60.1697391,14.1889657
60.170102,14.1886395
60.1705289,14.188176
60.1712248,14.1880044
60.171703,14.1878756
60.1726422,14.1880215
60.1731203,14.1879014
60.1738717,14.1879014
60.1746273,14.1872834
60.1748279,14.1871461
60.1750542,14.187661
60.1754512,14.1887425
60.1758524,14.1891717
60.1761341,14.1893605
60.176561,14.1893433
60.1767915,14.1894892
60.1773592,14.1893776
60.1781276,14.1888197
60.178802,14.1886052
60.179408,14.1882189
60.1799843,14.1876353
60.1806373,14.1874035
60.1812433,14.187086
60.1816701,14.186777
60.1820543,14.1861161
60.1828566,14.1850432
60.1837827,14.1840819
60.1842948,14.1833094
60.1890315,14.1762026
60.1941728,14.1718682
60.1972871,14.1672762
60.201702,14.1644438
60.2048582,14.1616114
60.2069266,14.158779
60.2125286,14.1573309
60.2147039,14.1564835
60.2170085,14.1571463
60.2198537,14.1559602
60.2230205,14.1535154
60.2248559,14.1525068
60.2268175,14.1517115
60.2281791,14.1513976
60.2290741,14.1504105
60.2297986,14.1498097
60.2306083,14.1490801
60.2309492,14.148651
60.2312262,14.1480502
60.2314819,14.147621
60.2322703,14.1472777
60.2327177,14.1468056
60.2327544,14.1467132
60.2330586,14.1459473
60.2334634,14.1453894
60.2338256,14.1452178
60.2342517,14.1450032
60.23455,14.1453894
60.2349122,14.1461619
60.2352531,14.1462477
60.2357005,14.1459902
60.2363822,14.1461619
60.2368296,14.1462477
60.2372344,14.1456469
60.2381078,14.1453465
60.238683,14.1450032
60.2393647,14.1447457
60.2404298,14.1438445
60.2407067,14.1437586
60.2409197,14.1439303
60.2416013,14.1436299
60.2421977,14.1432437
#
# Exclusion area (hole) 1 of 2 in inclusion area 1
#
60.3813908,15.0651712
60.3804979,15.065271
60.3797173,15.0654695
60.3792968,15.0655811
60.3783529,15.068435
60.378109,15.0696151
60.3781196,15.0707309
60.3787432,15.0718939
60.3788832,15.0721257
60.3792544,15.0725119
60.3795917,15.0730312
60.3797635,15.0735419
60.3799416,15.0735033
60.3800477,15.0738895
60.3801771,15.0737565
60.3802407,15.0738637
60.3802725,15.0740998
60.3802068,15.0744903
60.3801665,15.0751727
60.3802174,15.0753701
60.3801643,15.075649
60.3802407,15.0758593
60.3805164,15.0757735
60.3809279,15.0756919
60.3811633,15.0770824
60.3811824,15.0778163
60.3813839,15.078975
60.381437,15.0799406
60.3813399,15.0821765
60.3815854,15.0829876
60.381683,15.0837343
60.3817996,15.0838845
60.3818527,15.0844424
60.3819693,15.0849788
60.3836448,15.0826185
60.384228,15.0804298
60.3841856,15.0797861
60.3845886,15.0768249
60.3844719,15.0758593
60.3854035,15.0751169
60.3856521,15.0731278
60.3856701,15.0708597
60.3849173,15.0688212
60.3839396,15.0677741
60.3833776,15.0661004
60.383017,15.0658214
60.3824126,15.0658429
60.381911,15.0656326
60.3813908,15.0651712
#
# Exclusion area (hole) 2 of 2 in inclusion area 1
#
60.3841835,15.0665724
60.3839523,15.066654
60.3840987,15.0676882
60.3843553,15.0673835
60.3841835,15.0665724
