# GsakName=Boden
#
# Inclusion area 1 of 1
#
66.0144811,20.3621813
66.3465455,20.7805592
66.3793184,21.0572347
66.278781,21.273779
66.300211,21.377648
66.384755,21.638984
66.4323037,21.9467469
66.3583152,22.0456557
66.2831414,22.1465859
66.2801304,22.132022
66.2753408,22.1090852
66.2730843,22.098297
66.2692257,22.0799386
66.266928,22.0689389
66.2669024,22.0687852
66.2684398,22.0666311
66.2679765,22.0644388
66.2679382,22.0642575
66.2673811,22.0650231
66.2672578,22.0651925
66.2670591,22.0654656
66.2668323,22.0657773
66.2629944,22.07105
66.2606921,22.074212
66.2577558,22.0782439
66.2570122,22.0792649
66.2567573,22.0796148
66.2561351,22.080469
66.2561189,22.0804912
66.2560957,22.0805231
66.2547012,22.0824373
66.2434217,22.0392947
66.2400809,22.0265332
66.2161278,22.0310467
66.2139253,22.0314614
66.2137355,22.0314948
66.212669,22.0316824
66.2091895,22.0322943
66.2027381,22.0315604
66.1834409,22.0614672
66.1834315,22.0614816
66.1826338,22.0583413
66.1745125,22.0263985
66.1740364,22.0245274
66.1736227,22.0256019
66.1710731,22.0245184
66.1642625,22.021401
66.1573305,22.0183154
66.154663,21.990953
66.1604656,21.9778294
66.1547301,21.9693138
66.1499909,21.9896574
66.1303262,22.0114
66.1244537,22.0174716
66.1222348,22.0197651
66.1213388,22.0199779
66.1195547,22.0204017
66.1161382,22.0212132
66.1108157,22.0224769
66.108509,22.0230245
66.1098632,22.0519099
66.110742,22.0707175
66.1012007,22.0725258
66.0868844,22.0752368
66.0866392,22.0753026
66.0862914,22.0674668
66.0860358,22.060953
66.0854396,22.0495715
66.0846226,22.0310458
66.0788639,22.0331301
66.0788025,22.0331498
66.0701339,22.0362633
66.0728024,22.0120054
66.0730808,22.0094727
66.0732173,22.0082305
66.0726581,22.0084696
66.0717777,22.008846
66.0713387,22.0090337
66.0692757,22.0099157
66.0686438,22.0101858
66.0682255,22.0103646
66.0671329,22.0108316
66.0651473,22.0116803
66.060586,22.0136293
66.0600439,22.0093153
66.0596301,22.0060238
66.0596178,22.0059257
66.0594279,22.004415
66.0591508,22.0022112
66.058731,21.9988729
66.0583972,21.9962196
66.0581183,21.9939683
66.0581061,21.9938826
66.0580837,21.993725
66.0559959,21.9769529
66.0512883,21.9675589
66.0490801,21.9631541
66.0488832,21.9627615
66.0486436,21.9622836
66.0483522,21.9617023
66.0475323,21.9600673
66.0460335,21.9570786
66.0404442,21.9459375
66.0397474,21.9445491
66.0391087,21.9432765
66.0384219,21.941978
66.0375213,21.9402755
66.0373891,21.9400256
66.0366631,21.9394081
66.0363121,21.9391095
66.0316822,21.9351219
66.0292931,21.9330505
66.0290651,21.9328529
66.0285453,21.9324112
66.0282389,21.9321508
66.0277566,21.9317409
66.0267998,21.9309279
66.0230409,21.9277344
66.0170127,21.9226152
66.0165376,21.9222119
66.0163549,21.9220567
66.0160593,21.9218022
66.0159999,21.9217497
66.015964,21.921718
66.0159067,21.9216685
66.0158586,21.9216249
66.0124122,21.9186918
66.0014491,21.9093673
65.997934,21.9041837
65.9983649,21.9026924
66.0017016,21.8911415
65.9974405,21.8875288
65.9951232,21.8855647
65.9947006,21.8852065
65.9910675,21.8818694
65.990703,21.8733493
65.9904211,21.86677
65.9899662,21.8561654
65.9888797,21.8557031
65.9835212,21.8534241
65.9818718,21.8527228
65.9785465,21.8513071
65.9663243,21.8610387
65.9645465,21.8624535
65.9639554,21.8630215
65.9637664,21.8631837
65.9638808,21.8640937
65.9633664,21.8644936
65.9631642,21.8646366
65.9634632,21.8669082
65.9628525,21.8674098
65.9622959,21.867867
65.9609673,21.8689582
65.9609274,21.8686803
65.9607955,21.8677625
65.960501,21.8657131
65.9604956,21.8656837
65.9604923,21.8656652
65.960114,21.8659646
65.9599597,21.8660867
65.9598314,21.8661883
65.9590699,21.8667909
65.957295,21.8681955
65.9555148,21.8775751
65.9549445,21.8821167
65.954193,21.8880993
65.9541532,21.888416
65.9541098,21.8887618
65.9524995,21.9012402
65.9510745,21.9126958
65.9492668,21.9270698
65.9466625,21.948348
65.9443357,21.9679934
65.9398073,21.9750133
65.9339883,21.9840388
65.9311764,21.9884979
65.9292618,21.9914236
65.9270479,21.994806
65.9266831,21.9953632
65.9256591,21.9969275
65.9250642,21.9978361
65.9246345,21.9984924
65.9246184,21.9985237
65.9245651,21.9986276
65.9245232,21.9986902
65.9244779,21.9987579
65.9244741,21.9987711
65.9244134,21.9989828
65.9243687,21.999169
65.92436,21.9992149
65.9243479,21.9992787
65.9243401,21.9993196
65.9243329,21.9993578
65.924291,21.9993953
65.9242576,21.9994251
65.9242251,21.999449
65.9241923,21.9994731
65.9241675,21.9995666
65.9241377,21.9996787
65.924091,21.9999086
65.9240892,21.9999471
65.9240855,22.0000252
65.9240829,22.0000829
65.9240684,22.0001931
65.9240383,22.0004232
65.9240271,22.0005089
65.9240002,22.0007001
65.9239644,22.0008888
65.923966,22.0009371
65.9239693,22.0010338
65.923972,22.0011118
65.9239846,22.0012347
65.9239907,22.0012935
65.9239895,22.0015139
65.9239743,22.0015669
65.9239631,22.0016056
65.9239249,22.0017389
65.9238747,22.0019139
65.9238604,22.0019637
65.9238398,22.0020039
65.9238269,22.0020289
65.9238009,22.0020796
65.9237484,22.0021349
65.9237346,22.0021495
65.9236445,22.0021465
65.9236041,22.0020469
65.9235478,22.0018988
65.9235368,22.0018577
65.9235094,22.0017556
65.9234908,22.0017632
65.9234687,22.0017722
65.923445,22.0017819
65.9233629,22.0018032
65.9233074,22.0018212
65.9232897,22.0018269
65.9232599,22.0018849
65.9232345,22.0019631
65.92322,22.0020078
65.9232073,22.0020469
65.923193,22.0020619
65.92317,22.0020861
65.923141,22.0021167
65.923041,22.002133
65.9229366,22.0021431
65.9229233,22.0021444
65.9227412,22.002182
65.9225799,22.0021592
65.9224815,22.0020294
65.920479,22.0051113
65.9190469,22.007387
65.9171583,22.009367
65.9138004,22.0128898
65.9114391,22.0153326
65.9087328,22.0181417
65.908187,22.0187239
65.9078088,22.0191274
65.9071776,22.0198007
65.904623,22.0225254
65.9032823,22.023955
65.9029536,22.0243056
65.9026757,22.0246019
65.9026019,22.0246806
65.902551,22.0247348
65.9016645,22.02568
65.9015425,22.0258101
65.901489,22.0258671
65.9014408,22.0259186
65.9012441,22.0261282
65.9009904,22.0263988
65.8997945,22.0276738
65.8997861,22.0276826
65.8993523,22.0281451
65.8989327,22.0286164
65.8989139,22.0286375
65.8986124,22.028976
65.8979537,22.0297014
65.8973125,22.0303791
65.8971402,22.0305673
65.89599,22.0318239
65.8957882,22.0320462
65.8956343,22.0322157
65.892523,22.0355708
65.8921258,22.0360027
65.8917586,22.0364019
65.8911856,22.0370662
65.8883711,22.0401336
65.8844788,22.0442735
65.8815054,22.047462
65.8793596,22.0496645
65.8792883,22.0497377
65.8766559,22.0551762
65.8728827,22.0630703
65.8654295,22.0788329
65.8594148,22.0914584
65.8544821,22.1017697
65.8499273,22.1114766
65.8484261,22.1146396
65.8483301,22.1148408
65.8447929,22.1078896
65.846913,22.1007411
65.8535302,22.0786786
65.8608818,22.0542762
65.864541,22.041985
65.8675479,22.0320851
65.8713219,22.0196113
65.8731704,22.013547
65.8729815,22.0128418
65.8728844,22.0124796
65.8725526,22.0112414
65.8702621,22.0151089
65.8691904,22.0168952
65.8653759,22.0187798
65.86531,22.0188124
65.8652902,22.0188222
65.8652765,22.0188289
65.8645768,22.0192093
65.8643199,22.0193379
65.8643103,22.0193427
65.864163,22.0195245
65.8641018,22.0196001
65.8639807,22.0201426
65.8639693,22.0206457
65.8639667,22.020806
65.8639632,22.0210181
65.8639833,22.0210248
65.8639926,22.0210279
65.8641257,22.0210724
65.8644429,22.0211783
65.8644522,22.0217507
65.8644583,22.0221278
65.8643318,22.0223611
65.8643144,22.0223734
65.8641463,22.0224922
65.8640074,22.0225904
65.8638879,22.022638
65.8638702,22.0226451
65.863819,22.0226405
65.8637266,22.0226324
65.8636336,22.0226548
65.8635447,22.0226762
65.8633603,22.0227855
65.8632292,22.0229077
65.8631421,22.0227883
65.8630928,22.0227207
65.8629126,22.0225678
65.8628752,22.022536
65.8626684,22.0225299
65.8625842,22.0226634
65.8624759,22.0228351
65.8624646,22.022861
65.8624316,22.0229366
65.8623485,22.0231268
65.8623369,22.0231533
65.8622594,22.0232856
65.8622015,22.0233844
65.8620058,22.0235442
65.8588584,22.0261146
65.8584374,22.026524
65.8583335,22.0266251
65.8556799,22.0302514
65.8539195,22.0326566
65.8538994,22.0326841
65.8537261,22.0328108
65.8536447,22.0328829
65.8509397,22.0352791
65.849323,22.0368143
65.8492545,22.0368759
65.8490898,22.0370237
65.8472059,22.0377394
65.8466875,22.0379364
65.8466731,22.03796
65.8465083,22.038231
65.8461163,22.0388754
65.8458797,22.0392642
65.8457873,22.0394103
65.8457532,22.0394642
65.8456496,22.039628
65.8455293,22.0396957
65.8455206,22.0397006
65.8454839,22.0397212
65.8451786,22.0399357
65.8449937,22.0400681
65.8448083,22.0402009
65.8447904,22.0402135
65.8447672,22.0402299
65.8447295,22.0402564
65.8446194,22.0403339
65.8445674,22.0403705
65.8444567,22.0404485
65.8443469,22.0405171
65.8442261,22.0405925
65.8441413,22.0406724
65.8440786,22.0407315
65.8440517,22.040757
65.8439832,22.0408215
65.8437971,22.0410059
65.8437678,22.041035
65.8436959,22.0410966
65.8436616,22.0411609
65.8435932,22.0412894
65.8434529,22.0414474
65.8434422,22.0414594
65.8434327,22.0414702
65.8432473,22.0416008
65.8431647,22.041663
65.8431278,22.0416908
65.8431104,22.0417039
65.8430708,22.0417337
65.8429219,22.0418513
65.8429006,22.0418499
65.8428361,22.0418454
65.842822,22.0418578
65.8427524,22.0419187
65.8425423,22.0420167
65.8425324,22.0420213
65.8424444,22.0420384
65.8424092,22.0420452
65.8423783,22.0420512
65.8423121,22.042007
65.8421766,22.0419164
65.8421224,22.0418681
65.8419766,22.041738
65.8417362,22.0414404
65.841614,22.0413505
65.8415613,22.0413117
65.8413915,22.0411703
65.8413783,22.0411593
65.8412645,22.0410063
65.8411984,22.0409175
65.8410619,22.0407341
65.8410323,22.040687
65.840884,22.0404511
65.8407875,22.040283
65.8407612,22.0402372
65.8407239,22.0401722
65.8406245,22.0398784
65.8406076,22.0398283
65.8405787,22.039743
65.8404568,22.0394071
65.8403498,22.0392973
65.8403184,22.039265
65.8402679,22.0392533
65.8401937,22.039236
65.84014,22.0392235
65.8401318,22.0392251
65.8401082,22.0392297
65.8399859,22.0392535
65.8399711,22.0392646
65.8399389,22.039289
65.8399135,22.0393081
65.8398746,22.0393374
65.8398186,22.0393117
65.8397774,22.0392928
65.8397073,22.0390129
65.8396398,22.0386677
65.8395528,22.0383619
65.8394126,22.0382634
65.8393667,22.0382287
65.839291,22.0381715
65.8392228,22.0381199
65.8392028,22.0381048
65.8391142,22.0380143
65.8389519,22.0378487
65.8388314,22.0377132
65.8388079,22.0376868
65.8387909,22.0376668
65.8387794,22.0376532
65.8387472,22.0375005
65.8387264,22.0374009
65.8386637,22.0372853
65.8386463,22.0372533
65.8386173,22.0371997
65.83856,22.0371972
65.8385144,22.0371952
65.8385005,22.0371946
65.8383794,22.0372982
65.8383655,22.0373319
65.8382801,22.0375386
65.8382205,22.0377606
65.8381901,22.0378741
65.8381839,22.0378973
65.8381747,22.0379313
65.8381648,22.0384036
65.8381641,22.038434
65.8382231,22.0389968
65.8382723,22.0396523
65.8382742,22.0396776
65.8382541,22.0398167
65.8381946,22.0399566
65.8381724,22.0399514
65.8381055,22.0399358
65.8380575,22.0398992
65.8379394,22.0398093
65.8377607,22.039548
65.8375534,22.0393241
65.8375088,22.0391921
65.8374324,22.0389665
65.8373853,22.0389286
65.8373713,22.0389174
65.8372984,22.0388588
65.8372497,22.0388858
65.8371836,22.0389225
65.8371177,22.0389591
65.8369574,22.039124
65.836874,22.0392098
65.8368081,22.0392855
65.8367409,22.0393626
65.8366831,22.039429
65.8366196,22.039502
65.8364782,22.0396714
65.8364025,22.0397622
65.8363903,22.0397768
65.8363741,22.0397962
65.8362339,22.0397785
65.8362207,22.0397768
65.8361682,22.0397702
65.835938,22.0396727
65.8359051,22.0396687
65.835741,22.0396488
65.8356903,22.0397095
65.8356537,22.0397534
65.8356282,22.039784
65.8356184,22.0397957
65.8354878,22.0401389
65.8354389,22.0402516
65.8354348,22.0402612
65.8353494,22.040458
65.8351082,22.0406434
65.8350784,22.0406528
65.8349869,22.0406816
65.8349077,22.0407065
65.8348987,22.0406928
65.8348857,22.0406729
65.8348096,22.0405567
65.8347888,22.0405251
65.8346542,22.0405157
65.8346166,22.0406285
65.8345931,22.0406991
65.8345204,22.0409458
65.834471,22.041008
65.8343879,22.0411125
65.8341297,22.041272
65.8340854,22.0412921
65.834001,22.0413302
65.8338091,22.0414169
65.8336585,22.0413942
65.8335407,22.0413764
65.833519,22.0413221
65.8334482,22.0411451
65.8334342,22.04111
65.833404,22.0407297
65.8333313,22.0401389
65.8332898,22.0397369
65.8332734,22.0396116
65.8332617,22.0395225
65.8332066,22.0391027
65.8331444,22.0387935
65.833086,22.0385037
65.833055,22.0384197
65.8330154,22.0383126
65.8330033,22.03828
65.8329883,22.0382395
65.8329469,22.0380054
65.8329385,22.0379582
65.8329073,22.0377814
65.8327773,22.0374218
65.8327202,22.0373457
65.8327111,22.0373336
65.8325977,22.0371824
65.8325237,22.037128
65.832474,22.0370915
65.8324665,22.037086
65.8324276,22.0370957
65.8323302,22.0371201
65.832255,22.0371421
65.8322027,22.0371573
65.8321731,22.0371659
65.8321208,22.0371812
65.8320572,22.0372231
65.8319961,22.0372634
65.8319181,22.0373147
65.8318252,22.0373759
65.8315088,22.0374121
65.8311768,22.0376203
65.8309843,22.0377324
65.8308268,22.0378243
65.8307451,22.0378807
65.8306626,22.0379377
65.8304939,22.0380542
65.8304597,22.0380502
65.8303307,22.0380353
65.8303166,22.0380336
65.8303058,22.0380324
65.8302872,22.0380072
65.8302483,22.0379544
65.830169,22.0378469
65.8299244,22.0376582
65.8298026,22.0375666
65.8296709,22.0374675
65.8294297,22.0371918
65.8293712,22.0370757
65.8293284,22.0369906
65.82929,22.0369143
65.8292543,22.0368436
65.8292136,22.0367131
65.8291584,22.0365359
65.8291411,22.0363182
65.8291394,22.0362972
65.8291282,22.0361557
65.8291247,22.0360723
65.8291227,22.0360256
65.8291156,22.0358566
65.8291049,22.0356014
65.8291169,22.0350824
65.829118,22.0350336
65.8291698,22.0346284
65.8291685,22.034605
65.8291649,22.03454
65.8291493,22.034262
65.8291486,22.0342503
65.8291373,22.0341923
65.8291159,22.0340833
65.8290504,22.0337484
65.8290361,22.0336752
65.8290161,22.0334131
65.8290136,22.0333799
65.8290123,22.0333624
65.8290333,22.033184
65.8290526,22.0330204
65.8290535,22.0330095
65.8290634,22.0328778
65.8290751,22.0327242
65.8291083,22.0322869
65.8291184,22.0315648
65.8290922,22.0312479
65.8290758,22.0310496
65.8290573,22.030826
65.8290045,22.0303793
65.8289693,22.0300811
65.8289126,22.0296992
65.8289078,22.0296663
65.8289008,22.0296589
65.8288355,22.029589
65.8287259,22.0294411
65.8286389,22.0293237
65.8285587,22.0291618
65.8285421,22.0291283
65.8284053,22.0288524
65.8281199,22.028325
65.8280908,22.0283019
65.8278057,22.0280764
65.8274961,22.0279386
65.827364,22.0279874
65.8273461,22.027994
65.8273293,22.0280001
65.8272405,22.0280329
65.8271757,22.0280756
65.8271157,22.0281151
65.8270096,22.0281851
65.8269449,22.0282277
65.8265899,22.0285623
65.826243,22.0289208
65.8259516,22.0290068
65.8258904,22.028954
65.8258131,22.0288873
65.8257841,22.0288622
65.8257747,22.0288515
65.8256364,22.0286027
65.8256094,22.0285541
65.8255499,22.0283866
65.825431,22.0280517
65.8252998,22.0276873
65.8252929,22.0276684
65.8252432,22.0273276
65.8252459,22.0272046
65.8252503,22.0270028
65.8252538,22.0268429
65.8252547,22.0268034
65.825255,22.026743
65.8252561,22.0265499
65.8252593,22.0259923
65.8252685,22.0251007
65.8252687,22.0250838
65.825269,22.0250506
65.8252771,22.0246134
65.8252312,22.0239442
65.8252408,22.0230026
65.8252658,22.0225
65.8252828,22.0221562
65.8253049,22.0219495
65.8253097,22.0219041
65.8253537,22.0214922
65.8253557,22.0211536
65.825357,22.0209451
65.8253125,22.0205361
65.8252907,22.0203361
65.82529,22.0203253
65.825289,22.0203117
65.8252503,22.019756
65.8252532,22.0197231
65.8252576,22.0196736
65.8252788,22.0194326
65.8252826,22.0193903
65.8252882,22.0193241
65.8253037,22.0191423
65.8253156,22.0190028
65.8252668,22.0186403
65.8252498,22.018411
65.8252255,22.018082
65.8252282,22.018012
65.8252309,22.0179425
65.8252326,22.0179012
65.825235,22.0178386
65.8252441,22.0176034
65.8253095,22.0173112
65.8253506,22.0171212
65.8253863,22.0169558
65.8254087,22.0165533
65.82541,22.0165293
65.8254164,22.016414
65.8254223,22.0158007
65.8254217,22.0146591
65.8254105,22.0143306
65.8254028,22.0141041
65.8253923,22.0137962
65.8254008,22.0134866
65.8254073,22.0132503
65.8254136,22.0130219
65.8254139,22.013011
65.8254578,22.0124266
65.8254693,22.0122739
65.8254885,22.0120185
65.82553,22.0115629
65.8255826,22.0109866
65.8256156,22.0101381
65.825625,22.0096891
65.8256366,22.0091333
65.8256244,22.0083138
65.8256242,22.0082963
65.8256635,22.0075151
65.8257483,22.0068407
65.8257547,22.0067899
65.8258208,22.0060799
65.8258628,22.0056295
65.8259713,22.0046887
65.8260382,22.0041091
65.8260675,22.003855
65.8260798,22.003748
65.8261302,22.0034371
65.8261672,22.0032084
65.82621,22.0029439
65.8263288,22.0022031
65.8264171,22.001444
65.8264233,22.0013908
65.8264325,22.0006904
65.8263955,22.0004042
65.8263564,22.0001021
65.8262157,21.9997842
65.8261371,21.9997369
65.8259783,21.9996415
65.8258896,21.9995425
65.8258458,21.9994936
65.8258242,21.9994695
65.8257799,21.9994201
65.825772,21.9994012
65.8256482,21.9991043
65.8254655,21.9987108
65.8253015,21.9982998
65.8252077,21.9980856
65.8251612,21.9979796
65.8251196,21.9978846
65.8250994,21.9978422
65.8249876,21.9976082
65.8249781,21.9975885
65.8249585,21.9975408
65.8248383,21.9972489
65.8246672,21.9968652
65.8246161,21.9967146
65.8245983,21.9965269
65.8245842,21.996378
65.82458,21.9963251
65.8245661,21.9961486
65.824542,21.9958414
65.8244404,21.9954448
65.8244097,21.9953115
65.8243711,21.9951435
65.8242571,21.9943708
65.8242028,21.9940442
65.8241871,21.9939496
65.8241622,21.9938002
65.8241371,21.9936803
65.8241334,21.9936623
65.8241312,21.9936519
65.8241091,21.9935465
65.8240439,21.9933544
65.823996,21.9932131
65.8239289,21.9930926
65.8239119,21.993062
65.8237857,21.9928353
65.8235291,21.9924907
65.8235234,21.9924848
65.8235085,21.9924696
65.8232262,21.9921794
65.8231116,21.9919991
65.8229973,21.9918192
65.82287,21.9915796
65.8228379,21.9915191
65.8228175,21.9914719
65.8227034,21.9912082
65.822648,21.9910802
65.8226277,21.9910454
65.8226197,21.9910316
65.8226117,21.991018
65.8225799,21.9909633
65.8225298,21.9908773
65.8223922,21.9907139
65.822125,21.9904108
65.8221114,21.9903914
65.8219171,21.9901143
65.8218862,21.9900704
65.8218712,21.9900395
65.821807,21.989907
65.8216946,21.989675
65.8216186,21.9895695
65.8215478,21.9894713
65.8215238,21.9894381
65.8214374,21.9894181
65.8214189,21.9894139
65.8213365,21.9893949
65.8211308,21.9893299
65.8210787,21.9893135
65.8210356,21.9893002
65.8209486,21.9892734
65.8207942,21.9892259
65.820763,21.9892035
65.8207273,21.9891779
65.820479,21.9889996
65.8202336,21.9888472
65.8201978,21.988825
65.8201708,21.9887738
65.8201182,21.988674
65.8201015,21.9886422
65.8200134,21.9884752
65.8199871,21.9883286
65.8199394,21.9880631
65.8199277,21.9879042
65.8199219,21.9878247
65.81991,21.9876613
65.8198999,21.9876469
65.81987,21.9876041
65.8197821,21.9874781
65.8197108,21.9874617
65.8196305,21.9874432
65.8195113,21.9875235
65.8195024,21.9875295
65.8194364,21.987574
65.8192798,21.9876696
65.8191417,21.9869266
65.8183589,21.9827134
65.8182745,21.9822589
65.8188423,21.980742
65.8219906,21.9723294
65.8223499,21.9713693
65.8232143,21.9690588
65.82576,21.9622529
65.8262541,21.9608738
65.8262022,21.9607323
65.826182,21.9606771
65.8256014,21.9590927
65.8248048,21.9569194
65.8245855,21.9572422
65.8244235,21.9577098
65.8241954,21.9584915
65.8240289,21.9591872
65.823984,21.9593749
65.8239165,21.9596567
65.8238611,21.9599289
65.8238215,21.9601233
65.8236945,21.960747
65.8236092,21.9610353
65.8236011,21.9610626
65.8235911,21.9610964
65.8233552,21.9616129
65.8230723,21.9622165
65.8230173,21.9623337
65.8230022,21.9623659
65.8229633,21.9624418
65.8224282,21.963485
65.8222823,21.9637276
65.822034,21.9641407
65.8220312,21.9642136
65.8220286,21.9642811
65.8220264,21.9643365
65.8220488,21.9643838
65.8220549,21.9643967
65.8220847,21.9644596
65.822159,21.9646303
65.8221648,21.9646973
65.8221838,21.9649213
65.8221446,21.9652554
65.8221034,21.9656051
65.8220103,21.9661544
65.8219256,21.9664533
65.8218922,21.9665714
65.8218644,21.9666696
65.8217016,21.9671588
65.8216791,21.9672085
65.8216684,21.9672321
65.8214949,21.9676161
65.8214661,21.9677251
65.8213577,21.9681344
65.8213348,21.968224
65.8212962,21.9683752
65.8212732,21.968465
65.8212349,21.9687616
65.8212296,21.9688028
65.821228,21.9688152
65.8211962,21.9690618
65.8211738,21.9696401
65.8211693,21.9697579
65.8210447,21.9698145
65.8208487,21.9699036
65.8206852,21.9699402
65.8206196,21.9699548
65.8205583,21.9699685
65.8204721,21.9701023
65.8204024,21.9701319
65.8203715,21.9701451
65.8202803,21.9702189
65.8202303,21.9702593
65.8201755,21.9703037
65.8201393,21.9703331
65.8198642,21.9704673
65.8198027,21.9700092
65.8197943,21.9699465
65.8197432,21.9699723
65.8194364,21.9701275
65.8194477,21.9707666
65.8192553,21.970854
65.8191157,21.9709755
65.8189319,21.9713063
65.8184269,21.972362
65.818374,21.9724727
65.8182749,21.9726836
65.8176484,21.9740174
65.8169822,21.9754222
65.8169029,21.9749859
65.816897,21.9749536
65.8168939,21.9749368
65.8168073,21.9744605
65.816772,21.9742668
65.8160322,21.9702007
65.8160196,21.9701333
65.8121005,21.949154
65.8101773,21.9390227
65.8100555,21.9383739
65.8098442,21.9372557
65.8091657,21.9336647
65.8060243,21.9170456
65.8060225,21.9170365
65.806019,21.9170178
65.8058332,21.9160369
65.8059447,21.9158293
65.8060676,21.9156008
65.8061098,21.9155223
65.8061154,21.9155119
65.8061356,21.915476
65.8061794,21.9153982
65.8062544,21.9152654
65.806377,21.9150478
65.8066333,21.9144946
65.8066675,21.9143781
65.8067897,21.9139614
65.8067819,21.9138987
65.8067556,21.9136899
65.8067274,21.9135105
65.8067235,21.9134852
65.8067192,21.9134583
65.8066981,21.9133246
65.806624,21.9131141
65.8066171,21.9130945
65.8065994,21.913063
65.8064957,21.9128784
65.8062983,21.9125269
65.8063346,21.9122943
65.8063575,21.9119486
65.806331,21.9117447
65.8063162,21.9116314
65.8061771,21.9115104
65.8061634,21.9114798
65.8061562,21.9114638
65.8061399,21.9114274
65.806111,21.9113629
65.8060985,21.9110961
65.8060964,21.9110521
65.8061274,21.9107303
65.8074047,21.906357
65.8083083,21.9032629
65.8080269,21.9025092
65.8080016,21.9024414
65.8079917,21.9024156
65.8079252,21.9022427
65.8078728,21.9021065
65.8077793,21.9018635
65.8077146,21.9020301
65.8077091,21.9020443
65.8076861,21.9022105
65.8076778,21.9022712
65.807671,21.9023205
65.8076253,21.9024304
65.8075714,21.9025601
65.8074583,21.9026867
65.8073785,21.9028942
65.8073578,21.902948
65.8073342,21.9030564
65.8072897,21.9032607
65.8072806,21.9033026
65.8072531,21.9035375
65.8072872,21.903809
65.8072832,21.9038309
65.8072526,21.9039983
65.8072118,21.9040514
65.8071672,21.9041096
65.807113,21.904466
65.807106,21.9045119
65.8071037,21.9045272
65.807077,21.9046995
65.8070463,21.9048981
65.8070209,21.9050622
65.8069797,21.9051906
65.8069533,21.9052729
65.8068769,21.9055107
65.8066571,21.9058312
65.806569,21.9060135
65.8064751,21.9062079
65.8064398,21.9063532
65.8064114,21.9064705
65.8063299,21.9068064
65.8062865,21.9069699
65.8062842,21.9069787
65.8061602,21.9074462
65.8060611,21.9077751
65.80603,21.9078783
65.8060189,21.9079154
65.8059629,21.9081013
65.8059045,21.9083174
65.8059008,21.9083311
65.8058571,21.908493
65.8057865,21.9086534
65.8057197,21.9088052
65.8057085,21.9088306
65.8055521,21.9093637
65.8054616,21.9098249
65.8054344,21.910033
65.8054311,21.910058
65.8054226,21.9101228
65.8054032,21.9101221
65.8053148,21.910119
65.8052494,21.9101616
65.8052408,21.9101671
65.8052411,21.9102259
65.8052412,21.9102459
65.8052414,21.9102682
65.8052416,21.9103114
65.8052418,21.9103435
65.8052419,21.9103649
65.805231,21.9104392
65.8052276,21.9104628
65.8052171,21.9105345
65.8051956,21.9106071
65.8051815,21.9106546
65.8051699,21.9106938
65.8051442,21.9107804
65.8051006,21.9110962
65.805068,21.9113328
65.8050312,21.9116022
65.8050203,21.9116823
65.8050042,21.9118003
65.8049431,21.9114928
65.8047571,21.9105562
65.803803,21.9055667
65.8031738,21.9022774
65.801892,21.8955776
65.8014977,21.8935171
65.8012133,21.8898288
65.8006529,21.8898125
65.8001624,21.8897981
65.8001418,21.8897976
65.8000359,21.8897945
65.8000073,21.8897937
65.7996915,21.8897844
65.7994517,21.8897774
65.799443,21.8897773
65.7994329,21.8897769
65.7991845,21.8898044
65.7990876,21.889794
65.7987373,21.8897566
65.7983804,21.8897463
65.7983557,21.8897457
65.7980637,21.889737
65.7980411,21.8897365
65.7979943,21.8897351
65.7978984,21.8897323
65.797854,21.889731
65.7972293,21.8897128
65.7962783,21.8896851
65.7905039,21.8895171
65.7901458,21.8895068
65.7898469,21.889498
65.7895551,21.8894895
65.7893579,21.8894838
65.7888527,21.8894693
65.7875991,21.8894327
65.7871801,21.8894206
65.7863264,21.8893959
65.7856127,21.8893749
65.7850711,21.8893592
65.7845451,21.889344
65.784053,21.8893297
65.783828,21.8893232
65.7831691,21.889304
65.7829329,21.8892972
65.7828633,21.8892952
65.7826916,21.8926749
65.7823622,21.8930744
65.7821264,21.8933604
65.7817585,21.8938066
65.7816214,21.8939728
65.7812696,21.8943995
65.780738,21.8950442
65.7805334,21.8952923
65.7800796,21.8958427
65.7796145,21.8964067
65.7790604,21.8970785
65.7783417,21.8979499
65.7779571,21.8984524
65.7779021,21.8985192
65.7778294,21.8986071
65.7777439,21.8987109
65.7775197,21.8989828
65.7772597,21.8992979
65.7768251,21.8998248
65.7767235,21.899948
65.7766355,21.9000547
65.7761128,21.9006884
65.7760196,21.9008013
65.7758399,21.9010191
65.7755475,21.9013736
65.7753373,21.9016283
65.7752121,21.9017801
65.7750832,21.9019363
65.7749562,21.9020902
65.7747751,21.9023098
65.7746851,21.9024189
65.7746575,21.9024524
65.7742852,21.9029037
65.7742464,21.9029506
65.7740123,21.9032345
65.773464,21.9038989
65.7733761,21.9040053
65.7733568,21.9040288
65.7732336,21.9041782
65.7726512,21.9048839
65.7726284,21.9049116
65.7725348,21.905025
65.77199,21.9056853
65.771768,21.9059543
65.771725,21.9060063
65.7717072,21.906028
65.7714001,21.9064001
65.7712317,21.9066041
65.771091,21.9067747
65.7709737,21.9069167
65.7707795,21.9071519
65.7704357,21.9075686
65.7700766,21.9080038
65.7698134,21.9083226
65.7697677,21.9083779
65.7694424,21.9087722
65.7692549,21.9090001
65.7690969,21.909192
65.7690057,21.9093027
65.7686732,21.9097036
65.7679771,21.9105525
65.7677055,21.9108826
65.7674887,21.911146
65.7673448,21.9113208
65.7669426,21.9118094
65.7667127,21.9120887
65.7666093,21.9122145
65.7657102,21.9132942
65.7647874,21.9144026
65.7646973,21.9145109
65.7640209,21.9153067
65.763801,21.9155655
65.7636263,21.9157711
65.7634548,21.9159726
65.7634316,21.916
65.7634063,21.9160299
65.76316,21.9163195
65.7630885,21.9164061
65.7630135,21.9164969
65.7628461,21.9166998
65.7627068,21.9168687
65.762669,21.9169145
65.7626554,21.916931
65.7624418,21.9171895
65.7623215,21.9173353
65.7621095,21.9175923
65.761952,21.9177831
65.7618209,21.9179419
65.7613037,21.9185622
65.7612172,21.9186658
65.7610582,21.9188567
65.7599663,21.9201659
65.7590439,21.9212684
65.7587019,21.9216832
65.7584671,21.921968
65.7583149,21.9221502
65.7580547,21.9224619
65.7576738,21.9229182
65.7575979,21.9230093
65.7572648,21.9234084
65.7568174,21.9239441
65.7565385,21.9242781
65.7565171,21.9243039
65.7554908,21.9255332
65.755444,21.9255893
65.7551155,21.9259827
65.7550424,21.9260702
65.7550358,21.9260783
65.7547115,21.9264667
65.754474,21.9267509
65.7543055,21.9269528
65.7542639,21.9270027
65.7542191,21.9270564
65.7540504,21.9272583
65.7539872,21.9273339
65.753979,21.9273438
65.7539507,21.9273776
65.7539247,21.9274088
65.7539048,21.9274328
65.7538715,21.9274726
65.7538152,21.92754
65.7537761,21.9275869
65.7535827,21.9278184
65.7535654,21.927839
65.7535593,21.9278463
65.7535456,21.9278628
65.7535276,21.9278845
65.7535209,21.9278926
65.7534969,21.9279213
65.7534883,21.9279315
65.7534796,21.9279421
65.7534743,21.9279483
65.7534488,21.9279788
65.7533207,21.9281323
65.7532975,21.92816
65.7532539,21.9282121
65.7531718,21.9283106
65.7529756,21.9285455
65.7529181,21.9286143
65.7525848,21.9271948
65.7523115,21.9260313
65.7523089,21.9260202
65.7521675,21.9254182
65.7516319,21.9231375
65.7508522,21.9198182
65.747424,21.9052313
65.7462163,21.9000951
65.7442321,21.8916823
65.7410078,21.8780135
65.7401273,21.8743051
65.7378258,21.8645351
65.7367736,21.8600868
65.7367651,21.8600509
65.7366081,21.8593876
65.7334475,21.8498162
65.7303545,21.8404538
65.7284318,21.8346361
65.7276848,21.8323765
65.7270729,21.8309723
65.7268231,21.8303991
65.7264025,21.8294342
65.7251296,21.8265137
65.7241499,21.8242631
65.7228197,21.8212075
65.7226219,21.8207533
65.722523,21.8205262
65.7220853,21.8195242
65.7210081,21.8170588
65.7165515,21.8069099
65.7153102,21.8040839
65.714409,21.8020348
65.7143267,21.8018474
65.7140447,21.8012062
65.7135399,21.8000586
65.7134898,21.7999451
65.7134603,21.7998783
65.7132144,21.7992922
65.7131719,21.7991907
65.7131199,21.7990667
65.7126567,21.797972
65.7136031,21.7960648
65.712837,21.7917223
65.713026,21.788942
65.7115346,21.7845409
65.7050912,21.7910485
65.7042418,21.7918989
65.7034084,21.7927332
65.7028887,21.7932535
65.7013409,21.7947662
65.6980108,21.7980203
65.6974224,21.7994886
65.6972189,21.7999963
65.6971799,21.8000937
65.6967174,21.79772
65.6951595,21.7898517
65.6950532,21.7893089
65.6949266,21.7886652
65.6948888,21.7884695
65.6948842,21.788446
65.6867981,21.7471919
65.6873017,21.7464814
65.6877543,21.7458427
65.6874813,21.744427
65.687329,21.7436372
65.6855781,21.7347561
65.6851442,21.7325558
65.6850936,21.7322992
65.684929,21.7314543
65.6826453,21.7197346
65.6797901,21.7051553
65.6795343,21.7038493
65.6791667,21.7019735
65.6768966,21.6903911
65.6766716,21.689231
65.6763822,21.6877397
65.6761412,21.6864958
65.6755989,21.6836933
65.6743907,21.677451
65.6743385,21.6772033
65.6743052,21.6770063
65.6742038,21.6764854
65.6738603,21.6747118
65.6732527,21.6715742
65.6732232,21.6714206
65.6732035,21.6713191
65.6702562,21.6560287
65.6683617,21.6462077
65.6685928,21.6453733
65.6687327,21.6448679
65.669058,21.6436883
65.6691179,21.6434715
65.6707453,21.6375714
65.6736192,21.627162
65.673911,21.6261067
65.6740078,21.6257564
65.6740115,21.625743
65.6740212,21.6257079
65.6740244,21.6256962
65.674029,21.6256797
65.6740342,21.625661
65.6740471,21.6256143
65.6740545,21.6255875
65.6740677,21.6255399
65.6740735,21.6255187
65.6745946,21.6236289
65.6759431,21.6187401
65.6762185,21.6177418
65.6764497,21.6169035
65.6776604,21.6125132
65.6779237,21.6115589
65.680432,21.6027398
65.6806224,21.6023357
65.6837806,21.5955571
65.6839372,21.5952206
65.6839498,21.5951938
65.6840939,21.5948873
65.6877962,21.5910517
65.6887919,21.5900199
65.6912511,21.5874712
65.6923805,21.5862334
65.6928861,21.5856879
65.6931896,21.5853586
65.6958826,21.5824535
65.6965554,21.5804528
65.6969275,21.5793459
65.696936,21.5793212
65.6970489,21.5789936
65.6979257,21.576992
65.6982342,21.5769947
65.6985104,21.5769971
65.6989303,21.5770555
65.6990403,21.5770362
65.6991204,21.576996
65.6991453,21.5769275
65.699168,21.5768602
65.6991779,21.5766003
65.6991711,21.5765518
65.6991193,21.5761959
65.6990277,21.5754145
65.6990697,21.5751224
65.6990852,21.5750097
65.6991956,21.5743546
65.6992808,21.5736501
65.6993009,21.5733473
65.6992698,21.5731816
65.6992569,21.5731518
65.6991866,21.5729948
65.6991264,21.5729234
65.6991285,21.5728598
65.6991286,21.5727998
65.6991354,21.5726184
65.6992083,21.5720013
65.6993005,21.5714704
65.6993068,21.5714471
65.6993354,21.5713543
65.699436,21.571056
65.6994683,21.5709591
65.6996988,21.5704564
65.6997134,21.5704269
65.6997704,21.5702944
65.699972,21.5698418
65.7000569,21.5696736
65.700329,21.5696169
65.7005092,21.5696301
65.700623,21.5696962
65.7006451,21.5697857
65.7006737,21.5699014
65.7006914,21.5701456
65.7007074,21.5702259
65.7007141,21.5702599
65.7008143,21.5703014
65.7009002,21.5703369
65.701078,21.570393
65.7011787,21.5703473
65.7013478,21.569946
65.7015472,21.570121
65.7016012,21.5701237
65.7016415,21.5701257
65.7017791,21.5701348
65.7018611,21.570048
65.7019167,21.5699878
65.7020785,21.5697564
65.702099,21.5697109
65.7022545,21.569331
65.7023457,21.5691417
65.7023887,21.5690502
65.7024601,21.5689152
65.702558,21.5686868
65.7026215,21.5684851
65.7027613,21.5681419
65.7027735,21.5681148
65.7028373,21.5680145
65.7029408,21.5678469
65.7029606,21.5678201
65.7030235,21.5677311
65.7031446,21.5676243
65.703155,21.5676228
65.7039138,21.5675093
65.7039475,21.567521
65.704047,21.5675555
65.7041274,21.5675707
65.7041981,21.5675651
65.7044864,21.5673129
65.7045707,21.5671535
65.7047099,21.5668906
65.7049173,21.5665002
65.7053451,21.5658582
65.7053536,21.5658455
65.7056028,21.5654711
65.7056237,21.5654397
65.7057302,21.5652801
65.7057455,21.5652545
65.7059178,21.5649665
65.7060137,21.5648104
65.7061015,21.5646549
65.7062343,21.564416
65.7065578,21.5639969
65.7065724,21.5639781
65.7071698,21.5633093
65.7071871,21.5632889
65.7072736,21.5634138
65.7073608,21.5635286
65.707431,21.5636192
65.7075545,21.563685
65.7076346,21.5637001
65.7079586,21.5636109
65.7080147,21.5636031
65.7082291,21.5635733
65.708406,21.56353
65.7084747,21.5635129
65.7085251,21.5634605
65.708671,21.5633087
65.708677,21.5632976
65.7088405,21.5629914
65.7089559,21.562796
65.7089989,21.562709
65.7090153,21.5626708
65.7090505,21.5623997
65.7092559,21.5604957
65.7092793,21.5603254
65.7092664,21.5601702
65.7091648,21.5588625
65.7091802,21.5583851
65.7092362,21.5577627
65.7092914,21.5574457
65.7094155,21.5569453
65.7095456,21.5565335
65.709633,21.5563318
65.7096937,21.5561251
65.7097103,21.5558881
65.7097001,21.5556459
65.7096968,21.5554706
65.7097851,21.5549634
65.7099152,21.5545516
65.7100137,21.5542865
65.7100791,21.5542116
65.7101498,21.554247
65.710235,21.5543942
65.7102707,21.554401
65.7103389,21.5542394
65.7104745,21.5539377
65.7106066,21.5537445
65.7107029,21.5535446
65.710776,21.553231
65.7107369,21.5530488
65.7108071,21.552822
65.7109178,21.552734
65.711113,21.5528149
65.7115419,21.5528966
65.7117393,21.5526229
65.7126783,21.5494226
65.7129038,21.5484208
65.7131215,21.5474535
65.7137151,21.5448818
65.7140038,21.54366
65.7142972,21.5424376
65.7144352,21.5418446
65.7147717,21.5405007
65.7145449,21.5395151
65.7144081,21.5395326
65.7139328,21.5414762
65.7135367,21.5432798
65.7133062,21.5431046
65.7131694,21.5433848
65.7129461,21.5438576
65.7125428,21.5443829
65.7124204,21.5450833
65.7095465,21.5399353
65.7053829,21.532476
65.7016508,21.5257871
65.700289,21.5234233
65.7003395,21.5226178
65.7003899,21.5218999
65.7004836,21.5209894
65.7006421,21.5200789
65.7008871,21.5200088
65.7008366,21.5195536
65.7007286,21.519501
65.7004331,21.5195886
65.7001233,21.5198512
65.6999287,21.520289
65.6998423,21.5210069
65.6998207,21.5223377
65.6997342,21.5225303
65.699518,21.5233883
65.6993739,21.524579
65.6994676,21.5249116
65.6995108,21.5252443
65.699554,21.5261198
65.6995973,21.5273981
65.6995901,21.5275732
65.6993379,21.5279059
65.699237,21.5282561
65.6991649,21.5288864
65.6992226,21.5291841
65.6991073,21.5297094
65.6989776,21.5303748
65.6967076,21.5269428
65.6940915,21.5227929
65.6912444,21.5184329
65.6882962,21.5139503
65.6890885,21.51295
65.6847368,21.5077426
65.6815433,21.5039224
65.6715813,21.4920127
65.6688261,21.4887709
65.6632899,21.4822594
65.6633445,21.48201
65.6633763,21.4818864
65.6634284,21.4817019
65.6635106,21.481437
65.6635822,21.4812133
65.6635856,21.4812032
65.6635936,21.4811793
65.6636229,21.4810916
65.6637099,21.4809368
65.6637154,21.4809235
65.6637244,21.4809019
65.6637595,21.4808172
65.6638303,21.4806151
65.6638833,21.480409
65.6638907,21.4803942
65.663899,21.4803774
65.6639186,21.4803381
65.6639321,21.480311
65.6639408,21.4802589
65.6639467,21.4802233
65.6639545,21.4801767
65.6639672,21.4801008
65.6639909,21.4799535
65.6639987,21.4798739
65.6640013,21.4798474
65.6640056,21.4798041
65.6640079,21.4797452
65.6640106,21.4796744
65.6640288,21.4795741
65.6640335,21.4795487
65.6640359,21.479538
65.6640661,21.4794034
65.6641076,21.4792602
65.6641784,21.4790581
65.6642026,21.4789725
65.6642152,21.4789277
65.6642305,21.4788735
65.664281,21.4786627
65.6642949,21.4786046
65.664351,21.4784082
65.6643885,21.4782768
65.6644048,21.4782387
65.6644479,21.4781376
65.6644666,21.4781087
65.6644959,21.4780634
65.664534,21.4780044
65.6645926,21.4778867
65.664615,21.4778325
65.6646422,21.4777671
65.6646537,21.4777223
65.6646965,21.4775555
65.6647057,21.4775197
65.6647667,21.4773373
65.6648091,21.4772351
65.6648164,21.4772176
65.6648398,21.4771705
65.6648611,21.4771276
65.6648651,21.4771196
65.6648848,21.4770939
65.664922,21.4770452
65.6649377,21.4770137
65.6649595,21.47697
65.6649806,21.4769276
65.6650293,21.4768296
65.665064,21.4767915
65.6650951,21.4767572
65.6651396,21.4767093
65.6651732,21.4766732
65.665184,21.4766615
65.6651848,21.4766497
65.6651892,21.4765802
65.6651923,21.4765325
65.665194,21.4765064
65.665196,21.4764747
65.6652304,21.4763852
65.6652467,21.4763428
65.6652524,21.4763281
65.6652574,21.4762358
65.6652604,21.4761807
65.6652637,21.4761192
65.6652745,21.4760712
65.6652931,21.4759882
65.6652963,21.4759739
65.6653538,21.4757503
65.6653824,21.4756626
65.6654048,21.4755941
65.6656937,21.4755414
65.666076,21.4751953
65.6662985,21.4747107
65.6666636,21.4747107
65.6669375,21.4747799
65.6674509,21.4738522
65.6676677,21.4728968
65.6680215,21.4722598
65.6683467,21.4718583
65.6685806,21.4714567
65.668746,21.4714013
65.6689343,21.4714567
65.669345,21.4709721
65.669944,21.4708752
65.6702235,21.4705013
65.6708111,21.4706536
65.6710108,21.4704875
65.6711191,21.4702382
65.67145,21.4700998
65.6717238,21.4694628
65.6721744,21.468909
65.6724482,21.4684105
65.672722,21.4682582
65.6730015,21.4678428
65.6732411,21.4678151
65.673475,21.4679812
65.6738172,21.4678566
65.6740568,21.4679535
65.6742678,21.4683689
65.6744788,21.4683136
65.6747298,21.468812
65.674975,21.469089
65.6752488,21.4691028
65.6756138,21.4695182
65.6758933,21.4696428
65.6760188,21.469809
65.6761614,21.4700998
65.6763553,21.4702521
65.6764921,21.4703905
65.6768514,21.4704044
65.6771138,21.4706952
65.6774503,21.4717752
65.6776442,21.472246
65.6775757,21.4730629
65.6774389,21.4738245
65.6773134,21.4742399
65.6772906,21.4751537
65.6771822,21.4757768
65.6769997,21.4764415
65.6769484,21.4770092
65.6769883,21.47766
65.677091,21.477743
65.6772393,21.4776461
65.6774332,21.4781861
65.677821,21.4787954
65.6781232,21.4791692
65.6785623,21.4791831
65.678876,21.4789477
65.6791896,21.4787123
65.6794405,21.4779784
65.6799538,21.4774107
65.6803529,21.4767184
65.6806951,21.4763722
65.681482,21.4753061
65.6818298,21.4751537
65.6820294,21.4747383
65.6822176,21.4745445
65.6823544,21.4742676
65.6826338,21.4741291
65.6829474,21.4733952
65.6830728,21.4730491
65.6835005,21.4725921
65.6839965,21.4715952
65.6843044,21.4706813
65.6846864,21.4699613
65.6848802,21.4696982
65.6851082,21.4689763
65.6852109,21.4685766
65.6878847,21.466375
65.6905471,21.4641238
65.6896928,21.4582631
65.6821781,21.4076231
65.682067,21.4068757
65.6753403,21.3609713
65.6752663,21.3604684
65.6746365,21.3561883
65.6716768,21.3360901
65.6715755,21.335539
65.8029579,21.0906451
65.8649744,20.8935342
66.0144811,20.3621813
