54.7096000	-6.8003990
54.7125000	-6.8038000
54.7168000	-6.8068000
54.7172000	-6.8074990
54.7205000	-6.8154000
54.7213000	-6.8165000
54.7232000	-6.8218990
54.7238000	-6.8229990
54.7256000	-6.8249990
54.7268000	-6.8260010
54.7282000	-6.8268000
54.7289000	-6.8271990
54.7296000	-6.8274990
54.7312000	-6.8278990
54.7331000	-6.8280000
54.7378000	-6.8290000
54.7404000	-6.8348990
54.7374000	-6.8422990
54.7366000	-6.8512990
54.7362000	-6.8612000
54.7339000	-6.8699000
54.7308000	-6.8792000
54.7263000	-6.8857990
54.7312000	-6.8970990
54.7300000	-6.9068990
54.7345000	-6.9089990
54.7326000	-6.9169000
54.7302000	-6.9256000
54.7328000	-6.9337010
54.7313000	-6.9425000
54.7295000	-6.9509000
54.7330000	-6.9601990
54.7369000	-6.9675000
54.7419000	-6.9705000
54.7454000	-6.9660010
54.7472000	-6.9543000
54.7482000	-6.9443990
54.7484000	-6.9439990
54.7515000	-6.9373000
54.7628000	-6.9348990
54.7726000	-6.9356990
54.7727000	-6.9259000
54.7747000	-6.9162990
54.7789000	-6.9068990
54.7817000	-6.9022000
54.7873000	-6.9015000
54.7928000	-6.9062000
54.7984000	-6.9158000
54.8002000	-6.9201000
54.8047000	-6.9180990
54.8100000	-6.9123990
54.8149000	-6.9095010
54.8202000	-6.9137010
54.8259000	-6.9300990
54.8298000	-6.9376000
54.8302000	-6.9454000
54.8293000	-6.9552000
54.8277000	-6.9660010
54.8277000	-6.9749990
54.8299000	-6.9826000
54.8290000	-6.9909000
54.8240000	-6.9952990
54.8204000	-7.0030990
54.8192000	-7.0130000
54.8192000	-7.0323000
54.8139000	-7.0492000
54.8112000	-7.0578990
54.8117000	-7.0675000
54.8148000	-7.0774990
54.8166000	-7.0868010
54.8145000	-7.0984000
54.8138000	-7.1005000
54.8151000	-7.1020990
54.8234000	-7.1055990
54.8262000	-7.1164010
54.8275000	-7.1199990
54.8294000	-7.1240000
54.8322000	-7.1287990
54.8411000	-7.1437010
54.8488000	-7.1562000
54.8519000	-7.1577000
54.8574000	-7.1557990
54.8517000	-7.1686000
54.8521000	-7.1757990
54.8513000	-7.1791010
54.8469000	-7.1847000
54.8458000	-7.1872000
54.8453000	-7.1918010
54.8461000	-7.1945000
54.8495000	-7.1982990
54.8517000	-7.1998000
54.8531000	-7.1996000
54.8536000	-7.1989010
54.8544000	-7.1904990
54.8552000	-7.1891010
54.8567000	-7.1891010
54.8577000	-7.1897000
54.8617000	-7.1964990
54.8656000	-7.2044000
54.8684000	-7.2045990
54.8702000	-7.2035010
54.8755000	-7.1992000
54.8802000	-7.1974000
54.8851000	-7.1975000
54.8862000	-7.1982990
54.8866000	-7.1999990
54.8846000	-7.2157990
54.8858000	-7.2248000
54.8844000	-7.2350990
54.8840000	-7.2432990
54.8861000	-7.2543990
54.8870000	-7.2644000
54.8876000	-7.2666010
54.8897000	-7.2689000
54.8922000	-7.2701990
54.8954000	-7.2702990
54.9000000	-7.2672000
54.9048000	-7.2617000
54.9106000	-7.2578000
54.9152000	-7.2575990
54.9167000	-7.2587000
54.9185000	-7.2616000
54.9190000	-7.2677990
54.9199000	-7.2770000
54.9196000	-7.2941990
54.9200000	-7.2967000
54.9239000	-7.3031000
54.9237000	-7.3043990
54.9164000	-7.3200000
54.9140000	-7.3260010
54.9143000	-7.3386000
54.9143000	-7.3456000
54.9134000	-7.3573990
54.9148000	-7.3645010
54.9203000	-7.3688000
54.9255000	-7.3716010
54.9311000	-7.3741010
54.9370000	-7.3783000
54.9405000	-7.3842000
54.9422000	-7.3875990
54.9435000	-7.3899990
54.9467000	-7.3929000
54.9471000	-7.3935000
54.9475000	-7.3937010
54.9483000	-7.3950000
54.9533000	-7.4012990
54.9566000	-7.4038000
54.9579000	-7.4039010
54.9587000	-7.4031000
54.9596000	-7.4016000
54.9606000	-7.4001000
54.9612000	-7.4001000
54.9620000	-7.4008990
54.9637000	-7.4028000
54.9644000	-7.4032000
54.9651000	-7.4029000
54.9673000	-7.4015000
54.9688000	-7.4003000
54.9712000	-7.3987010
54.9732000	-7.3983990
54.9749000	-7.3986000
54.9767000	-7.3996000
54.9788000	-7.4016000
54.9793000	-7.4021000
54.9799000	-7.4028000
54.9824000	-7.4059000
54.9830000	-7.4060990
54.9839000	-7.4060990
54.9854000	-7.4043010
54.9875000	-7.4014010
54.9880000	-7.4010000
54.9890000	-7.4004000
54.9913000	-7.3987990
54.9929000	-7.3976990
54.9952000	-7.3927990
54.9964000	-7.3912010
54.9977000	-7.3902000
54.9988000	-7.3902000
54.9995000	-7.3905000
55.0003000	-7.3927990
55.0020000	-7.3960000
55.0050000	-7.4001000
55.0065000	-7.4010000
55.0082000	-7.4010000
55.0093000	-7.4004990
55.0109000	-7.3991000
55.0122000	-7.3972990
55.0133000	-7.3966010
55.0150000	-7.3958000
55.0179000	-7.3951000
55.0188000	-7.3944000
55.0206000	-7.3920990
55.0225000	-7.3901000
55.0246000	-7.3873000
55.0268000	-7.3825000
55.0304000	-7.3757000
55.0317000	-7.3739000
55.0345000	-7.3695010
55.0377000	-7.3641000
55.0403000	-7.3611000
55.0421000	-7.3604000
55.0435000	-7.3593010
55.0465000	-7.3551990
55.0517000	-7.3460010
55.0526000	-7.3428000
55.0531000	-7.3393010
55.0531000	-7.3357000
55.0519000	-7.3309000
55.0491000	-7.3256000
55.0468000	-7.3199000
55.0467000	-7.3172000
55.0471000	-7.3154990
55.0477000	-7.3139000
55.0491000	-7.3129000
55.0505000	-7.3123000
55.0517000	-7.3108000
55.0527000	-7.3083000
55.0552000	-7.3029990
55.0564000	-7.3004990
55.0571000	-7.2985010
55.0571000	-7.2975990
55.0562000	-7.2957000
55.0522000	-7.2912010
55.0508000	-7.2885000
55.0509000	-7.2856000
55.0513000	-7.2837000
55.0522000	-7.2820010
55.0554000	-7.2779990
55.0605000	-7.2737990
55.0646000	-7.2707000
55.0657000	-7.2687990
55.0663000	-7.2639990
55.0668000	-7.2578000
55.0676000	-7.2568990
55.0669000	-7.2566000
55.0642000	-7.2551990
55.0610000	-7.2529000
55.0579000	-7.2501000
55.0567000	-7.2491990
55.0560000	-7.2490000
55.0555000	-7.2493000
55.0538000	-7.2516010
55.0530000	-7.2526000
55.0525000	-7.2528000
55.0518000	-7.2526000
55.0502000	-7.2518010
55.0492000	-7.2515000
55.0484000	-7.2516010
55.0479000	-7.2520000
55.0473000	-7.2533990
55.0448000	-7.2501000
55.0461000	-7.2444000
55.0467000	-7.2407990
55.0472000	-7.2374000
55.0495000	-7.2323990
55.0508000	-7.2332000
55.0517000	-7.2336000
55.0531000	-7.2337010
55.0543000	-7.2335000
55.0558000	-7.2329990
55.0566000	-7.2325000
55.0576000	-7.2315000
55.0590000	-7.2287010
55.0603000	-7.2258000
55.0608000	-7.2199990
55.0599000	-7.2154990
55.0581000	-7.2135000
55.0569000	-7.2129000
55.0537000	-7.2125000
55.0532000	-7.2121000
55.0529000	-7.2116000
55.0529000	-7.2112010
55.0568000	-7.2112010
55.0576000	-7.2101990
55.0587000	-7.2073000
55.0603000	-7.1988000
55.0608000	-7.1896000
55.0621000	-7.1824000
55.0622000	-7.1728000
55.0614000	-7.1605000
55.0608000	-7.1543990
55.0600000	-7.1510000
55.0584000	-7.1486000
55.0583000	-7.1466990
55.0580000	-7.1461000
55.0550000	-7.1458000
55.0493000	-7.1455000
55.0478000	-7.1454000
55.0471000	-7.1448000
55.0449000	-7.1371990
55.0432000	-7.1292000
55.0429000	-7.1266010
55.0439000	-7.1192000
55.0439000	-7.1087990
55.0445000	-7.1027990
55.0448000	-7.0996990
55.0457000	-7.0931000
55.0462000	-7.0900000
55.0459000	-7.0864010
55.0462000	-7.0827990
55.0467000	-7.0799990
55.0474000	-7.0781000
55.0476000	-7.0764010
55.0475000	-7.0728000
55.0483000	-7.0676990
55.0497000	-7.0562010
55.0501000	-7.0539990
55.0505000	-7.0514010
55.0511000	-7.0493990
55.0513000	-7.0487000
55.0516000	-7.0483990
55.0520000	-7.0482000
55.0527000	-7.0479990
55.0564000	-7.0485010
55.0567000	-7.0482000
55.0566000	-7.0478000
55.0562000	-7.0474000
55.0555000	-7.0470000
55.0525000	-7.0454990
55.0523000	-7.0450000
55.0523000	-7.0441010
55.0533000	-7.0423990
55.0546000	-7.0405000
55.0549000	-7.0398000
55.0553000	-7.0371990
55.0554000	-7.0370990
55.0555000	-7.0371990
55.0562000	-7.0381990
55.0576000	-7.0419000
55.0579000	-7.0423000
55.0586000	-7.0426000
55.0593000	-7.0426000
55.0599000	-7.0423000
55.0604000	-7.0416010
55.0609000	-7.0408000
55.0649000	-7.0323000
55.0701000	-7.0210000
55.0729000	-7.0172000
55.0757000	-7.0135990
55.0772000	-7.0123000
55.0779000	-7.0120010
55.0790000	-7.0117000
55.0797000	-7.0117000
55.0805000	-7.0120010
55.0831000	-7.0139010
55.0873000	-7.0198990
55.0882000	-7.0204000
55.0881000	-7.0198000
55.0877000	-7.0193000
55.0859000	-7.0165000
55.0816000	-7.0114990
55.0813000	-7.0110010
55.0811000	-7.0103000
55.0812000	-7.0100000
55.0817000	-7.0100000
55.0838000	-7.0118000
55.0878000	-7.0173000
55.0895000	-7.0190000
55.0928000	-7.0189000
55.0984000	-7.0172000
55.1014000	-7.0152000
55.1023000	-7.0142000
55.1068000	-7.0060010
55.1073000	-7.0057990
55.1074000	-7.0070000
55.1069000	-7.0088000
55.1029000	-7.0153990
55.1031000	-7.0162010
55.1055000	-7.0131990
55.1078000	-7.0079000
55.1078000	-7.0045000
55.1079000	-7.0016010
55.1076000	-7.0001990
55.1069000	-6.9984000
55.1066000	-6.9960000
55.1067000	-6.9952990
55.1070000	-6.9945990
55.1078000	-6.9931990
55.1092000	-6.9910990
55.1097000	-6.9927000
55.1104000	-6.9948000
55.1109000	-6.9960000
55.1110000	-6.9960000
55.1110000	-6.9949000
55.1110000	-6.9923000
55.1110000	-6.9918000
55.1107000	-6.9906000
55.1103000	-6.9896990
55.1102000	-6.9889990
55.1103000	-6.9887000
55.1105000	-6.9885990
55.1108000	-6.9887000
55.1111000	-6.9889990
55.1118000	-6.9902000
55.1121000	-6.9906000
55.1124000	-6.9907990
55.1130000	-6.9907990
55.1138000	-6.9910990
55.1144000	-6.9916010
55.1148000	-6.9917000
55.1150000	-6.9916010
55.1151000	-6.9914990
55.1153000	-6.9912000
55.1155000	-6.9909000
55.1158000	-6.9900990
55.1161000	-6.9892000
55.1163000	-6.9885990
55.1166000	-6.9882990
55.1169000	-6.9882000
55.1178000	-6.9879990
55.1196000	-6.9879990
55.1204000	-6.9879990
55.1208000	-6.9878990
55.1213000	-6.9875990
55.1228000	-6.9860010
55.1232000	-6.9856000
55.1236000	-6.9853000
55.1261000	-6.9843990
55.1269000	-6.9839010
55.1279000	-6.9832000
55.1287000	-6.9823990
55.1309000	-6.9801000
55.1352000	-6.9773990
55.1359000	-6.9769000
55.1364000	-6.9762990
55.1370000	-6.9756990
55.1373000	-6.9753990
55.1387000	-6.9749990
55.1427000	-6.9724000
55.1448000	-6.9710010
55.1459000	-6.9703000
55.1472000	-6.9693010
55.1475000	-6.9693010
55.1495000	-6.9695010
55.1504000	-6.9695010
55.1510000	-6.9693990
55.1529000	-6.9685010
55.1537000	-6.9682990
55.1549000	-6.9679990
55.1556000	-6.9677000
55.1574000	-6.9664010
55.1587000	-6.9662000
55.1625000	-6.9657990
55.1659000	-6.9642000
55.1663000	-6.9642000
55.1678000	-6.9643010
55.1696000	-6.9642000
55.1763000	-6.9620000
55.1800000	-6.9612990
55.1815000	-6.9616000
55.1851000	-6.9628000
55.1875000	-6.9636000
55.1890000	-6.9643010
55.1908000	-6.9657990
55.1919000	-6.9668010
55.1922000	-6.9668990
55.1923000	-6.9668990
55.1926000	-6.9668010
55.1933000	-6.9654000
55.1935000	-6.9651990
55.1937000	-6.9651990
55.1939000	-6.9661000
55.1942000	-6.9664990
55.1945000	-6.9664990
55.1946000	-6.9663000
55.1946000	-6.9654000
55.1945000	-6.9649000
55.1938000	-6.9612010
55.1934000	-6.9580000
55.1932000	-6.9545990
55.1927000	-6.9487000
55.1925000	-6.9475000
55.1922000	-6.9464010
55.1917000	-6.9454990
55.1878000	-6.9397000
55.1848000	-6.9348990
55.1798000	-6.9232000
55.1763000	-6.9141010
55.1725000	-6.9018010
55.1716000	-6.8976990
55.1698000	-6.8885010
55.1687000	-6.8773990
55.1678000	-6.8674000
55.1674000	-6.8541990
55.1676000	-6.8457990
55.1675000	-6.8370000
55.1680000	-6.8302990
55.1680000	-6.8264010
55.1680000	-6.8214010
55.1681000	-6.8187000
55.1682000	-6.8172000
55.1685000	-6.8151990
55.1690000	-6.8114000
55.1696000	-6.8069000
55.1699000	-6.8034000
55.1699000	-6.7968990
55.1698000	-6.7918000
55.1696000	-6.7905990
55.1693000	-6.7887010
55.1687000	-6.7858000
55.1685000	-6.7839990
55.1684000	-6.7821990
55.1686000	-6.7802000
55.1687000	-6.7789990
55.1689000	-6.7733000
55.1688000	-6.7725000
55.1685000	-6.7716010
55.1677000	-6.7701990
55.1683000	-6.7659000
55.1683000	-6.7642000
55.1684000	-6.7543010
55.1694000	-6.7442000
55.1697000	-6.7387000
55.1703000	-6.7350000
55.1708000	-6.7291990
55.1724000	-6.7251000
55.1733000	-6.7241010
55.1738000	-6.7238000
55.1740000	-6.7230000
55.1745000	-6.7227990
55.1754000	-6.7227990
55.1772000	-6.7233000
55.1792000	-6.7238000
55.1797000	-6.7237010
55.1808000	-6.7226000
55.1812000	-6.7224000
55.1819000	-6.7217000
55.1830000	-6.7210990
55.1840000	-6.7206990
55.1849000	-6.7182000
55.1852000	-6.7179990
55.1862000	-6.7179990
55.1868000	-6.7189990
55.1871000	-6.7193010
55.1874000	-6.7185990
55.1877000	-6.7185990
55.1882000	-6.7188000
55.1885000	-6.7196000
55.1892000	-6.7196000
55.1896000	-6.7187000
55.1898000	-6.7156000
55.1897000	-6.7114010
55.1900000	-6.7100000
55.1915000	-6.7087010
55.1935000	-6.7073000
55.1943000	-6.7055000
55.1942000	-6.7047000
55.1934000	-6.7043000
55.1927000	-6.7038000
55.1925000	-6.7020990
55.1930000	-6.7018000
55.1933000	-6.7012000
55.1936000	-6.6996990
55.1940000	-6.6995010
55.1944000	-6.6988000
55.1945000	-6.6975990
55.1950000	-6.6957990
55.1956000	-6.6945000
55.1954000	-6.6930990
55.1955000	-6.6925990
55.1969000	-6.6920000
55.1971000	-6.6912010
55.1972000	-6.6911000
55.1966000	-6.6897990
55.1965000	-6.6876000
55.1963000	-6.6870990
55.1963000	-6.6868000
55.1973000	-6.6858000
55.1980000	-6.6843000
55.1979000	-6.6826000
55.1980000	-6.6813000
55.1988000	-6.6799990
55.1989000	-6.6785990
55.1988000	-6.6777000
55.1991000	-6.6771000
55.1993000	-6.6750000
55.1988000	-6.6726990
55.1925000	-6.6703000
55.1899000	-6.6658000
55.1892000	-6.6587000
55.1912000	-6.6497990
55.1890000	-6.6429000
55.1855000	-6.6354990
55.1836000	-6.6266010
55.1793000	-6.6222000
55.1793000	-6.6160990
55.1760000	-6.6093990
55.1706000	-6.6062990
55.1652000	-6.6035000
55.1655000	-6.5964990
55.1634000	-6.5935010
55.1579000	-6.5897990
55.1528000	-6.5857000
55.1474000	-6.5827990
55.1421000	-6.5791990
55.1373000	-6.5718010
55.1279000	-6.5679000
55.1222000	-6.5679000
55.1160000	-6.5687000
55.1102000	-6.5701990
55.0999000	-6.5753990
55.0889000	-6.5823990
55.0852000	-6.5895000
55.0829000	-6.5985010
55.0814000	-6.6022000
55.0788000	-6.6051000
55.0782000	-6.6055000
55.0780000	-6.6055000
55.0776000	-6.6054000
55.0772000	-6.6051000
55.0756000	-6.6034000
55.0736000	-6.6014000
55.0712000	-6.5990000
55.0687000	-6.5964010
55.0682000	-6.5956990
55.0678000	-6.5949000
55.0664000	-6.5907990
55.0658000	-6.5880990
55.0652000	-6.5862010
55.0648000	-6.5854000
55.0644000	-6.5847990
55.0640000	-6.5844000
55.0635000	-6.5840000
55.0610000	-6.5823000
55.0582000	-6.5801000
55.0574000	-6.5795990
55.0570000	-6.5794000
55.0566000	-6.5794000
55.0529000	-6.5809000
55.0519000	-6.5812990
55.0513000	-6.5815000
55.0508000	-6.5816010
55.0502000	-6.5815000
55.0497000	-6.5814000
55.0489000	-6.5811000
55.0480000	-6.5805000
55.0460000	-6.5789000
55.0445000	-6.5774990
55.0423000	-6.5752000
55.0401000	-6.5725990
55.0394000	-6.5718010
55.0391000	-6.5716000
55.0386000	-6.5714990
55.0374000	-6.5714010
55.0352000	-6.5718990
55.0340000	-6.5721990
55.0324000	-6.5722990
55.0312000	-6.5721990
55.0296000	-6.5718990
55.0286000	-6.5718010
55.0266000	-6.5725990
55.0230000	-6.5746990
55.0225000	-6.5749990
55.0219000	-6.5752000
55.0211000	-6.5753990
55.0175000	-6.5750990
55.0171000	-6.5752000
55.0163000	-6.5756990
55.0146000	-6.5767000
55.0129000	-6.5778990
55.0109000	-6.5795010
55.0100000	-6.5802990
55.0097000	-6.5805000
55.0093000	-6.5806990
55.0089000	-6.5806990
55.0078000	-6.5805990
55.0066000	-6.5802990
55.0057000	-6.5798000
55.0051000	-6.5793000
55.0019000	-6.5759000
55.0009000	-6.5746990
55.0005000	-6.5743990
55.0000000	-6.5741000
54.9975000	-6.5737000
54.9969000	-6.5735010
54.9961000	-6.5729990
54.9940000	-6.5717000
54.9930000	-6.5711000
54.9924000	-6.5708990
54.9884000	-6.5699000
54.9877000	-6.5696000
54.9869000	-6.5693010
54.9866000	-6.5691000
54.9864000	-6.5687990
54.9860000	-6.5679000
54.9848000	-6.5632000
54.9841000	-6.5602990
54.9837000	-6.5577990
54.9836000	-6.5564000
54.9837000	-6.5507990
54.9835000	-6.5496990
54.9824000	-6.5475990
54.9822000	-6.5472990
54.9818000	-6.5468990
54.9813000	-6.5467000
54.9806000	-6.5465000
54.9799000	-6.5465000
54.9793000	-6.5467000
54.9787000	-6.5472000
54.9782000	-6.5479000
54.9771000	-6.5496990
54.9766000	-6.5503000
54.9763000	-6.5503990
54.9759000	-6.5503990
54.9746000	-6.5500990
54.9723000	-6.5489990
54.9710000	-6.5485010
54.9685000	-6.5479000
54.9665000	-6.5472990
54.9635000	-6.5461000
54.9629000	-6.5458000
54.9622000	-6.5453000
54.9616000	-6.5447990
54.9611000	-6.5443010
54.9599000	-6.5426000
54.9594000	-6.5416990
54.9592000	-6.5410000
54.9589000	-6.5387010
54.9589000	-6.5365000
54.9588000	-6.5362010
54.9586000	-6.5360010
54.9581000	-6.5360010
54.9576000	-6.5363000
54.9570000	-6.5366990
54.9567000	-6.5370010
54.9556000	-6.5384000
54.9553000	-6.5385990
54.9550000	-6.5387010
54.9547000	-6.5385990
54.9540000	-6.5380990
54.9533000	-6.5373000
54.9520000	-6.5351000
54.9503000	-6.5321000
54.9499000	-6.5312000
54.9483000	-6.5272990
54.9472000	-6.5240000
54.9465000	-6.5227990
54.9432000	-6.5181990
54.9414000	-6.5159000
54.9409000	-6.5153990
54.9405000	-6.5152000
54.9382000	-6.5145990
54.9377000	-6.5144000
54.9347000	-6.5118000
54.9296000	-6.5074000
54.9240000	-6.5025000
54.9221000	-6.5008000
54.9195000	-6.4984000
54.9187000	-6.4977990
54.9181000	-6.4976000
54.9177000	-6.4976000
54.9172000	-6.4977000
54.9165000	-6.4980990
54.9162000	-6.4984000
54.9160000	-6.4987010
54.9154000	-6.4995990
54.9134000	-6.5026990
54.9125000	-6.5039010
54.9123000	-6.5041000
54.9118000	-6.5043010
54.9111000	-6.5043990
54.9105000	-6.5043010
54.9094000	-6.5041000
54.9083000	-6.5037990
54.9070000	-6.5033990
54.9064000	-6.5030990
54.9057000	-6.5026000
54.9021000	-6.5000000
54.9015000	-6.4997000
54.9003000	-6.4993000
54.8977000	-6.4986000
54.8955000	-6.4980990
54.8945000	-6.4977000
54.8928000	-6.4968000
54.8906000	-6.4955000
54.8902000	-6.4952000
54.8896000	-6.4945990
54.8890000	-6.4935990
54.8886000	-6.4928000
54.8884000	-6.4923000
54.8868000	-6.4881000
54.8864000	-6.4871990
54.8862000	-6.4868990
54.8858000	-6.4866000
54.8854000	-6.4864010
54.8832000	-6.4857000
54.8795000	-6.4850990
54.8782000	-6.4849000
54.8773000	-6.4847000
54.8770000	-6.4846000
54.8767000	-6.4843010
54.8764000	-6.4837990
54.8758000	-6.4826000
54.8745000	-6.4795000
54.8742000	-6.4790000
54.8738000	-6.4786000
54.8732000	-6.4785000
54.8716000	-6.4784000
54.8689000	-6.4785000
54.8682000	-6.4785000
54.8677000	-6.4783000
54.8655000	-6.4766010
54.8631000	-6.4748000
54.8616000	-6.4740000
54.8580000	-6.4721990
54.8554000	-6.4706990
54.8547000	-6.4703000
54.8543000	-6.4702000
54.8539000	-6.4700990
54.8522000	-6.4699990
54.8507000	-6.4699000
54.8494000	-6.4698000
54.8469000	-6.4693010
54.8460000	-6.4692000
54.8457000	-6.4692000
54.8449000	-6.4693990
54.8440000	-6.4699000
54.8435000	-6.4702000
54.8430000	-6.4703990
54.8427000	-6.4703990
54.8422000	-6.4703990
54.8416000	-6.4702000
54.8412000	-6.4699000
54.8410000	-6.4696000
54.8408000	-6.4691000
54.8400000	-6.4654000
54.8398000	-6.4649000
54.8395000	-6.4646000
54.8391000	-6.4643990
54.8384000	-6.4643010
54.8360000	-6.4643990
54.8354000	-6.4643990
54.8348000	-6.4643010
54.8345000	-6.4641000
54.8333000	-6.4629000
54.8302000	-6.4597990
54.8296000	-6.4593010
54.8277000	-6.4580000
54.8269000	-6.4573990
54.8259000	-6.4562010
54.8256000	-6.4558000
54.8255000	-6.4556990
54.8252000	-6.4556990
54.8250000	-6.4558000
54.8247000	-6.4561000
54.8243000	-6.4566010
54.8238000	-6.4573000
54.8233000	-6.4579000
54.8230000	-6.4582000
54.8227000	-6.4583990
54.8221000	-6.4585000
54.8215000	-6.4585000
54.8209000	-6.4583990
54.8201000	-6.4580990
54.8194000	-6.4576990
54.8189000	-6.4575000
54.8184000	-6.4573990
54.8179000	-6.4575000
54.8174000	-6.4576990
54.8169000	-6.4580990
54.8166000	-6.4585000
54.8164000	-6.4590000
54.8160000	-6.4605990
54.8144000	-6.4645000
54.8096000	-6.4707990
54.7986000	-6.4762990
54.7868000	-6.4783000
54.7807000	-6.4777000
54.7800000	-6.4777000
54.7796000	-6.4777990
54.7786000	-6.4784000
54.7781000	-6.4786000
54.7776000	-6.4787010
54.7755000	-6.4787010
54.7750000	-6.4786000
54.7745000	-6.4784000
54.7736000	-6.4777000
54.7728000	-6.4770010
54.7706000	-6.4741010
54.7678000	-6.4703000
54.7650000	-6.4664010
54.7647000	-6.4658990
54.7645000	-6.4654000
54.7644000	-6.4649000
54.7644000	-6.4642000
54.7645000	-6.4637000
54.7646000	-6.4633990
54.7648000	-6.4632000
54.7652000	-6.4629000
54.7665000	-6.4621000
54.7667000	-6.4619000
54.7669000	-6.4616000
54.7671000	-6.4612010
54.7674000	-6.4595990
54.7675000	-6.4590000
54.7674000	-6.4587990
54.7667000	-6.4583990
54.7635000	-6.4572000
54.7630000	-6.4570990
54.7626000	-6.4570990
54.7623000	-6.4572000
54.7621000	-6.4573990
54.7611000	-6.4594000
54.7606000	-6.4601990
54.7598000	-6.4612010
54.7587000	-6.4622000
54.7575000	-6.4632000
54.7555000	-6.4643010
54.7548000	-6.4647000
54.7521000	-6.4657990
54.7476000	-6.4714010
54.7395000	-6.4822990
54.7331000	-6.4862000
54.7155000	-6.4935990
54.7104000	-6.4927000
54.6957000	-6.4790000
54.6847000	-6.4682990
54.6790000	-6.4875990
54.6708000	-6.5123000
54.6693000	-6.5162010
54.6674000	-6.5279990
54.6671000	-6.5296990
54.6668000	-6.5310990
54.6665000	-6.5318010
54.6658000	-6.5324990
54.6656000	-6.5328000
54.6653000	-6.5332990
54.6652000	-6.5339990
54.6651000	-6.5349990
54.6649000	-6.5364000
54.6646000	-6.5368000
54.6638000	-6.5373990
54.6605000	-6.5394000
54.6597000	-6.5399990
54.6589000	-6.5408000
54.6587000	-6.5411000
54.6586000	-6.5414000
54.6585000	-6.5423000
54.6587000	-6.5433000
54.6592000	-6.5453000
54.6593000	-6.5486000
54.6590000	-6.5514990
54.6589000	-6.5524000
54.6583000	-6.5539990
54.6581000	-6.5549990
54.6581000	-6.5557990
54.6582000	-6.5566010
54.6585000	-6.5584000
54.6588000	-6.5595990
54.6597000	-6.5627990
54.6600000	-6.5633990
54.6605000	-6.5637010
54.6614000	-6.5639000
54.6629000	-6.5641990
54.6633000	-6.5643010
54.6636000	-6.5646000
54.6642000	-6.5658000
54.6647000	-6.5674000
54.6649000	-6.5689990
54.6649000	-6.5706000
54.6647000	-6.5714010
54.6643000	-6.5727000
54.6629000	-6.5766010
54.6624000	-6.5785990
54.6618000	-6.5818000
54.6614000	-6.5837010
54.6612000	-6.5841990
54.6608000	-6.5845990
54.6602000	-6.5848990
54.6585000	-6.5854990
54.6580000	-6.5860000
54.6577000	-6.5865000
54.6575000	-6.5872990
54.6575000	-6.5889010
54.6577000	-6.5907990
54.6584000	-6.5955000
54.6584000	-6.5962000
54.6581000	-6.5969000
54.6553000	-6.6005990
54.6554000	-6.6010000
54.6555000	-6.6015000
54.6554000	-6.6019000
54.6531000	-6.6064000
54.6527000	-6.6071000
54.6526000	-6.6076000
54.6526000	-6.6080990
54.6526000	-6.6086000
54.6527000	-6.6092000
54.6532000	-6.6101990
54.6539000	-6.6118010
54.6541000	-6.6122990
54.6543000	-6.6129990
54.6543000	-6.6142000
54.6542000	-6.6146990
54.6539000	-6.6153990
54.6533000	-6.6164010
54.6529000	-6.6168000
54.6522000	-6.6171000
54.6460000	-6.6212010
54.6456000	-6.6216010
54.6452000	-6.6216990
54.6435000	-6.6216010
54.6427000	-6.6215000
54.6413000	-6.6210000
54.6407000	-6.6209000
54.6404000	-6.6210000
54.6402000	-6.6212010
54.6401000	-6.6216990
54.6401000	-6.6237990
54.6401000	-6.6265000
54.6400000	-6.6272000
54.6396000	-6.6291000
54.6392000	-6.6308990
54.6389000	-6.6316000
54.6387000	-6.6317000
54.6382000	-6.6317000
54.6370000	-6.6312000
54.6364000	-6.6311000
54.6354000	-6.6312000
54.6348000	-6.6318010
54.6342000	-6.6325000
54.6340000	-6.6329000
54.6338000	-6.6335010
54.6337000	-6.6339990
54.6336000	-6.6346990
54.6337000	-6.6356000
54.6337000	-6.6364010
54.6336000	-6.6370010
54.6334000	-6.6374000
54.6323000	-6.6388000
54.6322000	-6.6392000
54.6322000	-6.6395010
54.6325000	-6.6408000
54.6327000	-6.6419000
54.6328000	-6.6429000
54.6328000	-6.6454000
54.6327000	-6.6476990
54.6328000	-6.6485000
54.6329000	-6.6487990
54.6331000	-6.6490000
54.6337000	-6.6493010
54.6365000	-6.6518010
54.6383000	-6.6581990
54.6421000	-6.6768010
54.6384000	-6.6806000
54.6354000	-6.6806990
54.6352000	-6.6807990
54.6351000	-6.6810010
54.6351000	-6.6834000
54.6351000	-6.6869000
54.6349000	-6.6883000
54.6347000	-6.6893010
54.6342000	-6.6905990
54.6334000	-6.6928000
54.6332000	-6.6932990
54.6331000	-6.6937000
54.6331000	-6.6951990
54.6331000	-6.6957990
54.6330000	-6.6964010
54.6319000	-6.6975990
54.6309000	-6.6995010
54.6306000	-6.7018000
54.6302000	-6.7069000
54.6306000	-6.7079000
54.6310000	-6.7085000
54.6348000	-6.7132000
54.6427000	-6.6929990
54.6432000	-6.7024000
54.6454000	-6.7104000
54.6487000	-6.6929990
54.6491000	-6.6831000
54.6544000	-6.6845010
54.6566000	-6.6935010
54.6564000	-6.6939990
54.6560000	-6.6950990
54.6547000	-6.6977000
54.6543000	-6.6993000
54.6539000	-6.7012000
54.6539000	-6.7021990
54.6536000	-6.7034000
54.6516000	-6.7104990
54.6515000	-6.7171000
54.6603000	-6.7233000
54.6581000	-6.7333000
54.6604000	-6.7382990
54.6664000	-6.7382990
54.6693000	-6.7418000
54.6699000	-6.7428000
54.6701000	-6.7431000
54.6703000	-6.7432990
54.6709000	-6.7437010
54.6716000	-6.7439990
54.6718000	-6.7442000
54.6725000	-6.7449990
54.6728000	-6.7452000
54.6734000	-6.7453990
54.6737000	-6.7456000
54.6739000	-6.7458000
54.6744000	-6.7464000
54.6745000	-6.7466990
54.6748000	-6.7477990
54.6750000	-6.7481990
54.6756000	-6.7489000
54.6764000	-6.7497000
54.6766000	-6.7500000
54.6767000	-6.7502990
54.6769000	-6.7515000
54.6779000	-6.7555990
54.6781000	-6.7562000
54.6803000	-6.7610010
54.6805000	-6.7612000
54.6811000	-6.7617000
54.6821000	-6.7624000
54.6828000	-6.7627000
54.6832000	-6.7630000
54.6835000	-6.7634000
54.6838000	-6.7639990
54.6841000	-6.7646990
54.6844000	-6.7656000
54.6845000	-6.7663000
54.6846000	-6.7677990
54.6846000	-6.7693000
54.6847000	-6.7701000
54.6848000	-6.7704000
54.6851000	-6.7708990
54.6855000	-6.7714000
54.6868000	-6.7726990
54.6871000	-6.7730990
54.6873000	-6.7736000
54.6874000	-6.7739010
54.6880000	-6.7755990
54.6894000	-6.7768010
54.6899000	-6.7771000
54.6901000	-6.7772000
54.6905000	-6.7772000
54.6910000	-6.7772000
54.6914000	-6.7771000
54.6919000	-6.7768990
54.6927000	-6.7765000
54.6931000	-6.7762990
54.6932000	-6.7762990
54.6936000	-6.7764010
54.6939000	-6.7765000
54.6947000	-6.7768990
54.6952000	-6.7772990
54.6956000	-6.7776990
54.6958000	-6.7779990
54.6960000	-6.7783990
54.6962000	-6.7791000
54.6963000	-6.7793010
54.6965000	-6.7796000
54.6968000	-6.7799000
54.6986000	-6.7810010
54.6993000	-6.7814010
54.7012000	-6.7821990
54.7019000	-6.7825990
54.7024000	-6.7831000
54.7028000	-6.7835990
54.7030000	-6.7839010
54.7033000	-6.7845990
54.7038000	-6.7864000
54.7042000	-6.7880000
54.7043000	-6.7884000
54.7043000	-6.7887010
54.7042000	-6.7894000
54.7032000	-6.7929000
54.7031000	-6.7933990
54.7032000	-6.7937990
54.7034000	-6.7944000
54.7036000	-6.7948990
54.7038000	-6.7951990
54.7044000	-6.7957000
54.7046000	-6.7958000
54.7056000	-6.7962010
54.7060000	-6.7964010
54.7062000	-6.7967000
54.7067000	-6.7979990
54.7069000	-6.7983990
54.7072000	-6.7987000
54.7086000	-6.7997990
54.7096000	-6.8003990