# GsakName=Budapest
# County & State polygons (c) OpenStreetMap (and) contributors, CC-BY-SA

47.390099	19.018948
47.387203	18.995966
47.387203	18.995966
47.385528	18.988245
47.380764	18.972582
47.372948	18.962318
47.372948	18.962318
47.375732	18.957203
47.378334	18.955168
47.383083	18.953821
47.383171	18.954088
47.383484	18.954962
47.385662	18.953958
47.386791	18.953167
47.389721	18.951950
47.392311	18.951374
47.393921	18.951641
47.393921	18.951641
47.395378	18.952318
47.397030	18.954369
47.399231	18.962490
47.404907	18.961485
47.405746	18.961077
47.406864	18.960636
47.411545	18.958275
47.414158	18.956938
47.416031	18.957153
47.417374	18.957449
47.419395	18.957401
47.419395	18.957401
47.424942	18.966745
47.427742	18.972399
47.427742	18.972399
47.429001	18.974367
47.429001	18.974367
47.429226	18.975948
47.430874	18.976972
47.431812	18.977415
47.433521	18.978033
47.435627	18.978342
47.436924	18.978685
47.437817	18.979115
47.439995	18.979218
47.440865	18.979124
47.441395	18.978935
47.441902	18.978754
47.442844	18.978771
47.443935	18.978565
47.445160	18.978025
47.445278	18.978065
47.447033	18.978670
47.447330	18.978771
47.447407	18.977459
47.448006	18.975870
47.448200	18.975416
47.449928	18.971477
47.450165	18.970737
47.451099	18.969896
47.455067	18.977432
47.455181	18.977774
47.455212	18.981054
47.460777	18.982668
47.463093	18.981689
47.468628	18.979097
47.468899	18.978828
47.469475	18.978248
47.471043	18.976282
47.474422	18.972378
47.476067	18.970310
47.476067	18.970310
47.476246	18.970249
47.482056	18.964912
47.484489	18.961233
47.486420	18.954916
47.484604	18.953238
47.482284	18.947735
47.482284	18.947735
47.486988	18.941599
47.487102	18.941606
47.488422	18.941616
47.488777	18.941008
47.489902	18.938921
47.490547	18.937603
47.490711	18.937311
47.491432	18.935814
47.492683	18.936584
47.492855	18.936707
47.493671	18.937250
47.495098	18.938166
47.497803	18.939941
47.497784	18.939993
47.497025	18.944473
47.497021	18.944628
47.497673	18.944885
47.498352	18.944611
47.498703	18.945383
47.499149	18.945667
47.499649	18.945572
47.499905	18.945263
47.500484	18.944878
47.501308	18.944036
47.501854	18.943941
47.502178	18.944071
47.502781	18.944508
47.503128	18.944483
47.503475	18.944199
47.503799	18.943693
47.503925	18.943382
47.504475	18.942047
47.504520	18.941959
47.504562	18.941883
47.504627	18.941727
47.504745	18.941446
47.504837	18.941202
47.505119	18.940431
47.505390	18.939529
47.507004	18.934101
47.507034	18.933985
47.507069	18.933891
47.508568	18.934963
47.510567	18.936827
47.510734	18.937033
47.512302	18.938217
47.512314	18.939865
47.514149	18.941504
47.516533	18.942825
47.517197	18.942964
47.517391	18.943010
47.517612	18.943581
47.518013	18.944574
47.518753	18.942883
47.518837	18.942774
47.518852	18.942669
47.518970	18.942425
47.519501	18.941547
47.519558	18.941408
47.519760	18.940956
47.520500	18.939341
47.520527	18.939272
47.520576	18.939154
47.520679	18.938940
47.522198	18.935341
47.520885	18.934080
47.522339	18.927034
47.524239	18.927618
47.524002	18.929451
47.524452	18.930374
47.523941	18.932403
47.523468	18.932802
47.522888	18.935411
47.530891	18.934877
47.532204	18.934307
47.533588	18.934830
47.533588	18.934830
47.535587	18.934475
47.537800	18.934790
47.537800	18.934790
47.543194	18.935505
47.542408	18.930557
47.542416	18.928020
47.543453	18.926167
47.544804	18.929466
47.545670	18.930515
47.546577	18.933645
47.548305	18.936136
47.550720	18.940645
47.551975	18.940239
47.552231	18.940475
47.553211	18.940092
47.555515	18.934156
47.557850	18.937756
47.559421	18.936796
47.572441	18.928842
47.572441	18.928842
47.576080	18.938095
47.578907	18.942591
47.577980	18.949629
47.577866	18.959585
47.576244	18.969026
47.573917	18.977604
47.573917	18.977604
47.575703	18.977209
47.581036	18.983492
47.582569	18.983112
47.583797	18.984522
47.585735	18.977787
47.589027	18.983023
47.588512	18.984205
47.583729	18.993784
47.585934	18.996964
47.585934	18.996964
47.585003	18.998035
47.583553	18.999704
47.583481	19.000805
47.584175	19.004846
47.585449	19.009327
47.585564	19.010374
47.585873	19.011139
47.586452	19.012966
47.586678	19.013687
47.586716	19.014246
47.586948	19.015018
47.586658	19.015867
47.587162	19.016794
47.587643	19.019850
47.588154	19.026022
47.587429	19.032021
47.587246	19.032322
47.586937	19.034468
47.587337	19.034561
47.588276	19.034142
47.590858	19.033386
47.591557	19.032415
47.592251	19.032844
47.596100	19.031231
47.596569	19.031471
47.596973	19.031488
47.597351	19.031557
47.597755	19.031317
47.598171	19.031223
47.598808	19.031172
47.598961	19.031008
47.599098	19.030434
47.599297	19.029926
47.600933	19.028330
47.602596	19.027042
47.603046	19.026609
47.604175	19.025524
47.604614	19.025274
47.606045	19.029188
47.606045	19.029188
47.606632	19.031206
47.606720	19.031557
47.606987	19.032631
47.607006	19.033205
47.606831	19.033575
47.606842	19.034269
47.607494	19.034781
47.607998	19.035179
47.608307	19.035728
47.608418	19.036442
47.608925	19.037256
47.609531	19.037918
47.609798	19.040562
47.609837	19.042490
47.609867	19.044115
47.610081	19.046211
47.609730	19.048849
47.609631	19.049686
47.609489	19.050631
47.609337	19.051767
47.609081	19.053699
47.609196	19.056303
47.609230	19.056835
47.609482	19.060963
47.608936	19.064714
47.607536	19.072086
47.607635	19.074215
47.607536	19.074696
47.605820	19.076147
47.605820	19.076147
47.601307	19.073204
47.597534	19.071817
47.590309	19.071245
47.589497	19.071281
47.589321	19.072840
47.589321	19.072840
47.589130	19.074574
47.591869	19.076668
47.597340	19.081783
47.604549	19.088545
47.613148	19.099283
47.613148	19.099283
47.610355	19.109062
47.607246	19.107260
47.605835	19.108633
47.603889	19.116402
47.603260	19.118315
47.600552	19.122452
47.599850	19.123463
47.599850	19.123463
47.599472	19.124041
47.598324	19.127430
47.597954	19.127972
47.598312	19.130226
47.598328	19.131327
47.599079	19.135826
47.599842	19.138107
47.599842	19.138107
47.596401	19.140364
47.595646	19.138113
47.584991	19.153835
47.583851	19.152157
47.581635	19.149555
47.578144	19.145353
47.573948	19.151554
47.576229	19.157766
47.569473	19.167137
47.564285	19.174383
47.564285	19.174383
47.563820	19.172932
47.562256	19.168041
47.560669	19.162981
47.560154	19.162004
47.559814	19.161674
47.559464	19.161102
47.552997	19.171751
47.548233	19.180780
47.546131	19.177362
47.546131	19.177362
47.539261	19.190819
47.539646	19.191399
47.537723	19.195339
47.540012	19.198704
47.537712	19.203768
47.538097	19.204908
47.540356	19.209383
47.540012	19.210480
47.536964	19.214405
47.532742	19.221148
47.534626	19.230742
47.536892	19.245378
47.536892	19.245378
47.530033	19.250967
47.530033	19.250967
47.522076	19.257637
47.520870	19.258245
47.520489	19.258806
47.516468	19.260685
47.510986	19.263224
47.508289	19.263817
47.508289	19.263817
47.509037	19.267267
47.509045	19.270578
47.510551	19.280136
47.510910	19.284012
47.510910	19.291410
47.511276	19.296402
47.513905	19.307058
47.515461	19.318445
47.515461	19.318445
47.510448	19.321096
47.507492	19.318100
47.503036	19.314215
47.498112	19.313682
47.496113	19.313894
47.495476	19.313961
47.493038	19.314218
47.489159	19.318195
47.488438	19.318279
47.484188	19.322660
47.481651	19.326040
47.481129	19.327200
47.477676	19.329822
47.472786	19.330490
47.470081	19.330435
47.467480	19.331062
47.464771	19.333456
47.463211	19.334927
47.463211	19.334927
47.459793	19.330412
47.459793	19.330412
47.459309	19.321657
47.457073	19.313404
47.456978	19.312193
47.456455	19.306204
47.457169	19.302887
47.457176	19.301264
47.453739	19.296167
47.450642	19.292282
47.446937	19.288933
47.444271	19.287125
47.436310	19.280899
47.436310	19.280899
47.438232	19.265770
47.438232	19.265770
47.427174	19.260141
47.429066	19.254980
47.424335	19.251272
47.419235	19.247177
47.419846	19.245337
47.420471	19.243895
47.420002	19.243236
47.420750	19.242142
47.421112	19.241976
47.422295	19.238190
47.424114	19.238718
47.426063	19.236502
47.423744	19.235084
47.423500	19.235668
47.422935	19.235411
47.424118	19.231956
47.421585	19.228147
47.412796	19.217422
47.407459	19.226393
47.401245	19.217756
47.401245	19.217756
47.403004	19.215687
47.401745	19.215158
47.400356	19.213760
47.395222	19.205757
47.391235	19.202888
47.385433	19.198828
47.385433	19.198828
47.377369	19.194460
47.373985	19.192575
47.369205	19.187912
47.366093	19.184807
47.361072	19.179724
47.361072	19.179724
47.359596	19.169075
47.357670	19.158278
47.357639	19.156158
47.356743	19.150745
47.353081	19.145046
47.349689	19.140478
47.349689	19.140478
47.356029	19.133640
47.359837	19.128191
47.376633	19.102013
47.378433	19.098789
47.378742	19.098236
47.378742	19.098236
47.383968	19.102570
47.387047	19.105316
47.387047	19.105316
47.388096	19.102695
47.388805	19.101089
47.388935	19.100752
47.389191	19.099918
47.389225	19.099791
47.389366	19.099266
47.389408	19.099123
47.390434	19.095520
47.391071	19.093948
47.392574	19.092651
47.393921	19.091610
47.398830	19.087559
47.401688	19.085232
47.404762	19.083601
47.404526	19.080400
47.404320	19.078527
47.403961	19.075216
47.403820	19.074961
47.403133	19.073700
47.402973	19.073404
47.402718	19.071672
47.402409	19.070641
47.397617	19.060703
47.393532	19.064850
47.391357	19.062231
47.393383	19.054018
47.388901	19.051674
47.387237	19.051031
47.388027	19.049099
47.388680	19.048027
47.386440	19.045151
47.384930	19.043898
47.385674	19.042181
47.385540	19.041546
47.387344	19.039701
47.388203	19.038242
47.385204	19.030148
47.388214	19.027857
47.386459	19.023109
47.388336	19.021667
47.387890	19.020020
47.390099	19.018948
