33.326327	-84.053653
33.329549	-84.053645
33.329549	-84.045907
33.331317	-84.045798
33.331327	-84.04253
33.333501	-84.042563
33.333495	-84.044597
33.337191	-84.04453
33.336714	-84.044035
33.33657	-84.04267
33.341113	-84.042533
33.341381	-84.040261
33.342833	-84.038296
33.342694	-84.035764
33.342994	-84.035146
33.342913	-84.032991
33.361645	-84.032682
33.361557	-84.025349
33.361286	-84.024433
33.360985	-84.024281
33.358721	-84.024792
33.357969	-84.023938
33.358157	-84.021895
33.359345	-84.01923
33.359273	-84.018335
33.36003	-84.017864
33.359785	-84.017109
33.359794	-84.014393
33.360839	-84.013645
33.362267	-84.013172
33.362915	-84.012111
33.363545	-84.01205
33.364197	-84.009716
33.366532	-84.008235
33.367599	-84.008174
33.368461	-84.007625
33.368345	-84.001529
33.368869	-83.999875
33.368582	-83.996881
33.368448	-83.988997
33.367534	-83.986132
33.368336	-83.98395
33.370145	-83.983188
33.370489	-83.981933
33.371886	-83.980625
33.372092	-83.978906
33.373924	-83.977161
33.37474	-83.97708
33.374751	-83.971784
33.375154	-83.971769
33.375154	-83.964374
33.377247	-83.964374
33.377247	-83.96386
33.378401	-83.963538
33.380306	-83.967329
33.3817	-83.966025
33.385128	-83.966001
33.385128	-83.973285
33.407556	-83.973128
33.407582	-83.96311
33.419186	-83.96311
33.419242	-83.954029
33.425225	-83.954029
33.42529	-83.943516
33.441783	-83.943498
33.441863	-83.932598
33.444515	-83.932599
33.444667	-83.929152
33.444194	-83.923913
33.440963	-83.9216
33.439071	-83.918914
33.438499	-83.918777
33.43671	-83.919761
33.435237	-83.920005
33.434368	-83.91967
33.434211	-83.919029
33.434898	-83.917739
33.436382	-83.916282
33.43645	-83.915596
33.436065	-83.914985
33.435241	-83.91513
33.433361	-83.916122
33.432838	-83.915992
33.431228	-83.914459
33.430431	-83.914176
33.427295	-83.915191
33.426807	-83.914024
33.426856	-83.912872
33.426498	-83.911277
33.42612	-83.910598
33.425159	-83.910377
33.423404	-83.911026
33.421726	-83.912254
33.419322	-83.912719
33.41801	-83.912643
33.417694	-83.9123
33.418258	-83.910446
33.41822	-83.909118
33.417842	-83.908279
33.416061	-83.906555
33.414306	-83.906333
33.413063	-83.905395
33.412521	-83.904457
33.412269	-83.902999
33.410728	-83.900413
33.410377	-83.898223
33.407943	-83.895393
33.407306	-83.895095
33.404731	-83.89569
33.401599	-83.895942
33.399108	-83.895301
33.39672	-83.895072
33.395812	-83.894538
33.394027	-83.892356
33.393173	-83.889404
33.391403	-83.886192
33.391151	-83.881835
33.39085	-83.880546
33.389553	-83.878555
33.388557	-83.877998
33.385013	-83.87722
33.383663	-83.877632
33.378902	-83.874328
33.37825	-83.873306
33.377326	-83.870727
33.377338	-83.868911
33.377922	-83.865631
33.377769	-83.86502
33.377258	-83.864418
33.376243	-83.864166
33.374961	-83.864685
33.372791	-83.866592
33.372394	-83.866508
33.370822	-83.864433
33.36507	-83.86116
33.363746	-83.861076
33.3601	-83.861999
33.359057	-83.861961
33.357742	-83.861053
33.355525	-83.857864
33.354667	-83.857223
33.353565	-83.857117
33.352032	-83.857925
33.348942	-83.860458
33.345619	-83.861656
33.342319	-83.863319
33.341414	-83.862778
33.338982	-83.857841
33.336803	-83.856323
33.335621	-83.855148
33.334049	-83.851753
33.333458	-83.849411
33.333138	-83.846878
33.328922	-83.840385
33.327782	-83.83963
33.326351	-83.839394
33.32376	-83.839737
33.320884	-83.841309
33.319248	-83.842604
33.318356	-83.842725
33.31667	-83.841841
33.313173	-83.837831
33.31232	-83.837236
33.311264	-83.836988
33.308633	-83.837598
33.307636	-83.837468
33.305146	-83.834358
33.303382	-83.832893
33.302961	-83.832803
33.301814	-83.830447
33.301017	-83.829896
33.299934	-83.829872
33.297966	-83.828972
33.29538	-83.828896
33.293034	-83.827499
33.291988	-83.827362
33.290886	-83.82795
33.286265	-83.828796
33.285179	-83.829948
33.284428	-83.831581
33.283302	-83.832565
33.282413	-83.832779
33.278244	-83.83213
33.276218	-83.832504
33.272263	-83.832336
33.269695	-83.83091
33.268219	-83.8293
33.266174	-83.828384
33.265918	-83.827789
33.265923	-83.826828
33.26453	-83.824936
33.262064	-83.824238
33.261592	-83.824326
33.256881	-83.822968
33.255539	-83.821503
33.254559	-83.820892
33.254157	-83.82019
33.253467	-83.820152
33.252544	-83.819046
33.252167	-83.817482
33.251568	-83.816757
33.250599	-83.816818
33.249809	-83.816467
33.249283	-83.815308
33.249283	-83.814209
33.248356	-83.813309
33.247391	-83.813858
33.245758	-83.813324
33.244414	-83.813988
33.242115	-83.814125
33.240676	-83.815178
33.236465	-83.817131
33.234955	-83.818169
33.233841	-83.818504
33.227801	-83.82209
33.222973	-83.823151
33.221705	-83.823654
33.220768	-83.82444
33.219715	-83.825874
33.217402	-83.827652
33.216064	-83.829262
33.215854	-83.829864
33.213096	-83.832848
33.21159	-83.833878
33.209904	-83.834084
33.20956	-83.83371
33.209293	-83.832687
33.210236	-83.831482
33.210678	-83.828285
33.210472	-83.826241
33.209694	-83.824707
33.209282	-83.82444
33.205509	-83.824272
33.203224	-83.822548
33.200958	-83.819794
33.200611	-83.818832
33.199944	-83.813576
33.199382	-83.812424
33.198684	-83.81192
33.198006	-83.811806
33.196709	-83.812675
33.196209	-83.813522
33.195858	-83.815018
33.195881	-83.816383
33.195538	-83.816795
33.194426	-83.816704
33.193576	-83.815819
33.192912	-83.813728
33.193255	-83.811676
33.193928	-83.809883
33.194018	-83.808571
33.193481	-83.807312
33.192425	-83.807274
33.191601	-83.807571
33.190201	-83.811531
33.18848	-83.814201
33.185595	-83.817879
33.180172	-83.82193
33.180233	-83.822266
33.1813	-83.822909
33.181895	-83.824597
33.181757	-83.826121
33.182192	-83.827537
33.182787	-83.82721
33.182924	-83.828544
33.184229	-83.829824
33.184366	-83.83222
33.185602	-83.833119
33.186769	-83.83508
33.188165	-83.835434
33.189035	-83.83519
33.189791	-83.835707
33.18963	-83.836987
33.190889	-83.838675
33.19153	-83.838784
33.192627	-83.840064
33.193451	-83.840282
33.194001	-83.83982
33.194962	-83.839956
33.196061	-83.841127
33.196724	-83.842489
33.196655	-83.844449
33.196998	-83.845729
33.196494	-83.846409
33.195761	-83.848642
33.195074	-83.849785
33.194707	-83.852344
33.194912	-83.852752
33.1964	-83.853352
33.197201	-83.855069
33.197086	-83.855858
33.198414	-83.856267
33.199466	-83.858337
33.200427	-83.859373
33.200678	-83.860162
33.20038	-83.862014
33.200494	-83.86362
33.200195	-83.865117
33.200401	-83.866316
33.201362	-83.866915
33.201934	-83.868114
33.202046	-83.872933
33.202448	-83.876075
33.201667	-83.905388
33.202078	-83.96266
33.202321	-83.976834
33.202316	-83.999911
33.202546	-84.001995
33.202824	-84.123767
33.23616	-84.123441
33.244633	-84.122988
33.244425	-84.118123
33.248731	-84.118117
33.2488	-84.122675
33.252668	-84.122623
33.26082	-84.114579
33.28568	-84.088957
33.286499	-84.091446
33.289924	-84.09301
33.290491	-84.094034
33.290782	-84.095245
33.291489	-84.095916
33.291514	-84.096695
33.292099	-84.097214
33.29282	-84.096718
33.293819	-84.097137
33.294795	-84.098854
33.295586	-84.099433
33.298191	-84.102582
33.30209	-84.10244
33.301942	-84.088564
33.299124	-84.086966
33.298609	-84.086097
33.297707	-84.085939
33.298394	-84.085203
33.298371	-84.084494
33.300248	-84.081333
33.301484	-84.080276
33.301873	-84.080249
33.301815	-84.073341
33.31761	-84.073
33.31761	-84.063532
33.309893	-84.063588
33.309727	-84.061133
33.317861	-84.053591
33.326327	-84.053653
