31.847929	-83.939437
31.848382	-83.93848
31.856865	-83.937413
31.858043	-83.936736
31.858951	-83.934664
31.859235	-83.932321
31.862509	-83.926915
31.863292	-83.926524
31.865774	-83.926777
31.869593	-83.92844
31.871849	-83.928694
31.875173	-83.930379
31.875173	-83.930633
31.876984	-83.931152
31.880071	-83.933395
31.88139	-83.934061
31.883217	-83.933456
31.884632	-83.932091
31.885489	-83.929025
31.886164	-83.928516
31.886864	-83.928689
31.890017	-83.930518
31.893801	-83.932301
31.895566	-83.932574
31.898759	-83.932021
31.900655	-83.930841
31.904142	-83.927383
31.905668	-83.925103
31.909653	-83.922494
31.91324	-83.922245
31.916456	-83.921421
31.919237	-83.919848
31.921761	-83.919184
31.923092	-83.919119
31.926043	-83.919638
31.927723	-83.920223
31.931286	-83.922336
31.936203	-83.926156
31.941434	-83.926802
31.947725	-83.924902
31.948916	-83.925392
31.951806	-83.928091
31.956092	-83.93029
31.957942	-83.932547
31.95948	-83.933839
31.962027	-83.931927
31.963359	-83.931788
31.964643	-83.932372
31.968048	-83.9348
31.975395	-83.939131
31.977446	-83.941335
31.979502	-83.941945
31.980647	-83.941836
31.981351	-83.942149
31.982904	-83.944483
31.986943	-83.946171
31.989316	-83.946464
31.991467	-83.94831
31.992117	-83.948295
31.992624	-83.947694
31.992434	-83.946636
31.991509	-83.945192
31.991705	-83.944727
31.993802	-83.944903
31.995139	-83.944547
31.996248	-83.944692
31.996536	-83.945608
31.996161	-83.948461
31.996591	-83.949889
31.997197	-83.950415
32.000172	-83.950225
32.002297	-83.951684
32.004331	-83.951076
32.006425	-83.951855
32.007651	-83.951256
32.00909	-83.950986
32.010623	-83.951186
32.012047	-83.951991
32.015378	-83.950304
32.016136	-83.95086
32.016872	-83.952892
32.018118	-83.954186
32.020027	-83.955225
32.020187	-83.956305
32.020004	-83.957369
32.02031	-83.958243
32.021217	-83.958847
32.022222	-83.958553
32.022726	-83.957839
32.024442	-83.959198
32.027848	-83.95967
32.030595	-83.961278
32.030537	-83.947915
32.030333	-83.94775
32.030201	-83.941994
32.030493	-83.940159
32.030352	-83.89354
32.03054	-83.878907
32.030378	-83.872908
32.030585	-83.872547
32.02923	-83.763694
32.029384	-83.762353
32.028996	-83.744187
32.029156	-83.743983
32.02874	-83.721729
32.028503	-83.718814
32.028771	-83.7154
32.028025	-83.640909
32.027938	-83.609663
31.944236	-83.611332
31.942926	-83.611075
31.899372	-83.611895
31.804128	-83.612642
31.803919	-83.624758
31.804192	-83.624889
31.804741	-83.720558
31.804515	-83.749227
31.80427	-83.749893
31.803495	-83.802223
31.804529	-83.804828
31.804509	-83.806695
31.804082	-83.807491
31.804927	-83.808923
31.806083	-83.811973
31.807366	-83.813107
31.8082	-83.813131
31.809111	-83.813597
31.809599	-83.814286
31.810713	-83.81464
31.812403	-83.816931
31.812303	-83.822066
31.811794	-83.822977
31.811387	-83.824481
31.810422	-83.825192
31.809781	-83.826201
31.809772	-83.827227
31.810692	-83.828537
31.812975	-83.829363
31.813464	-83.830036
31.813457	-83.831652
31.813958	-83.83305
31.815874	-83.835499
31.8174	-83.836085
31.81893	-83.83606
31.821	-83.835252
31.821899	-83.836206
31.823942	-83.839748
31.825363	-83.839875
31.82618	-83.841594
31.826187	-83.84258
31.827099	-83.843904
31.828344	-83.844575
31.829098	-83.844606
31.831555	-83.845481
31.823641	-83.845337
31.823015	-83.845542
31.819731	-83.845425
31.819863	-83.855322
31.837181	-83.85549
31.83582	-83.85659
31.836923	-83.857744
31.836998	-83.858566
31.836441	-83.85997
31.836767	-83.862466
31.837211	-83.86317
31.837128	-83.867785
31.836588	-83.868779
31.837969	-83.870684
31.838231	-83.87246
31.837384	-83.873041
31.83802	-83.873515
31.837939	-83.874575
31.837189	-83.875258
31.837438	-83.876328
31.837434	-83.878451
31.837092	-83.878945
31.837045	-83.880048
31.837287	-83.880139
31.837376	-83.880698
31.838381	-83.882282
31.839529	-83.887715
31.841128	-83.891863
31.841348	-83.893006
31.840705	-83.897926
31.840963	-83.89857
31.842055	-83.899872
31.842033	-83.903054
31.842414	-83.904002
31.844119	-83.906382
31.846997	-83.913106
31.847156	-83.914313
31.846765	-83.91576
31.84687	-83.91785
31.847833	-83.918892
31.847605	-83.920787
31.84837	-83.924617
31.846234	-83.926907
31.84576	-83.927796
31.844825	-83.932409
31.845131	-83.934848
31.844758	-83.937355
31.847929	-83.939437
