32.395619	-84.254313
32.398511	-84.251139
32.399861	-84.248696
32.400639	-84.2484
32.400357	-84.246785
32.400745	-84.244359
32.400622	-84.243829
32.401034	-84.242845
32.3997	-84.241301
32.399566	-84.240855
32.399859	-84.240412
32.399659	-84.240003
32.399199	-84.240196
32.399085	-84.239803
32.39931	-84.238884
32.399915	-84.238138
32.400553	-84.238472
32.400823	-84.237755
32.40076	-84.237089
32.401311	-84.236847
32.400834	-84.235667
32.400543	-84.235516
32.400295	-84.234833
32.400501	-84.234555
32.400166	-84.231535
32.400981	-84.229627
32.400402	-84.227844
32.400868	-84.225933
32.400852	-84.197912
32.498421	-84.127657
32.500148	-84.126648
32.505921	-84.122347
32.505546	-84.117331
32.505723	-84.111322
32.514124	-84.111226
32.51418	-84.07232
32.521904	-84.07216
32.522021	-84.05331
32.513305	-84.053629
32.513478	-84.034326
32.500149	-84.034462
32.497449	-84.034109
32.497245	-84.019695
32.496949	-84.017809
32.497149	-84.017309
32.498849	-84.017309
32.499349	-84.017609
32.499449	-84.019309
32.500149	-84.019306
32.501832	-84.019991
32.503283	-84.018813
32.503878	-84.018717
32.504308	-84.019631
32.503582	-84.020867
32.504089	-84.021989
32.505634	-84.022279
32.506211	-84.021546
32.506104	-84.019811
32.505274	-84.018632
32.505339	-84.018263
32.505758	-84.01802
32.506406	-84.018147
32.50609	-83.987426
32.514336	-83.987287
32.514248	-83.971208
32.505927	-83.971115
32.505899	-83.967839
32.506293	-83.961362
32.505733	-83.947449
32.50569	-83.932472
32.511645	-83.932211
32.511355	-83.923363
32.50492	-83.923931
32.483745	-83.931122
32.483264	-83.923017
32.497428	-83.922832
32.496982	-83.900503
32.495255	-83.898328
32.494543	-83.896678
32.494532	-83.895835
32.494211	-83.894967
32.494445	-83.894003
32.494203	-83.89371
32.494354	-83.892777
32.494143	-83.892578
32.494611	-83.891356
32.49454	-83.889885
32.494197	-83.889593
32.494213	-83.888375
32.493702	-83.887414
32.493743	-83.886478
32.492047	-83.884941
32.492004	-83.882702
32.491539	-83.882078
32.490943	-83.881865
32.490665	-83.881323
32.490518	-83.879547
32.489832	-83.87872
32.489598	-83.877686
32.489015	-83.877066
32.486081	-83.875842
32.485081	-83.874672
32.482292	-83.873582
32.481135	-83.873406
32.47927	-83.872386
32.478561	-83.870938
32.47813	-83.868127
32.478284	-83.867325
32.477635	-83.864961
32.476494	-83.863336
32.475454	-83.859881
32.475464	-83.857941
32.47513	-83.855971
32.47526	-83.855578
32.474744	-83.853245
32.473657	-83.851555
32.473765	-83.851152
32.472872	-83.849377
32.472354	-83.849387
32.471013	-83.848337
32.469437	-83.847616
32.468514	-83.846676
32.439385	-83.846203
32.439308	-83.836673
32.382195	-83.837041
32.382399	-83.85654
32.375154	-83.856851
32.369587	-83.856593
32.357774	-83.856587
32.357739	-83.846828
32.29097	-83.848379
32.291485	-83.880889
32.292097	-83.889504
32.292175	-83.894777
32.291877	-83.895491
32.29025	-83.896412
32.289883	-83.89757
32.28943	-83.897829
32.286558	-83.897049
32.2856	-83.897549
32.282682	-83.897251
32.280977	-83.897481
32.280611	-83.897846
32.280647	-83.898448
32.280125	-83.898986
32.280262	-83.899761
32.2797	-83.900549
32.278785	-83.904511
32.279003	-83.905913
32.278601	-83.907881
32.277321	-83.908035
32.275598	-83.909514
32.275269	-83.911619
32.274782	-83.912278
32.274126	-83.912593
32.273868	-83.912463
32.273276	-83.913001
32.273047	-83.91367
32.272422	-83.913945
32.2716	-83.915602
32.271662	-83.916095
32.270826	-83.918325
32.270682	-83.920039
32.269858	-83.921965
32.269975	-83.9223
32.269601	-83.923389
32.266958	-83.925648
32.266858	-83.926089
32.26731	-83.926438
32.266879	-83.928059
32.266537	-83.928528
32.265653	-83.928735
32.265501	-83.930037
32.265828	-83.930302
32.265811	-83.931378
32.265583	-83.931732
32.265034	-83.931608
32.264288	-83.931891
32.263858	-83.933326
32.263233	-83.933495
32.263119	-83.933945
32.262054	-83.934074
32.261954	-83.934924
32.262332	-83.935524
32.262089	-83.936407
32.261719	-83.936777
32.260841	-83.939332
32.260986	-83.939763
32.260421	-83.941977
32.259908	-83.942501
32.259684	-83.943641
32.258831	-83.945235
32.257855	-83.945561
32.257624	-83.946148
32.255183	-83.9475
32.254829	-83.947293
32.254373	-83.947602
32.25445	-83.948797
32.25412	-83.949663
32.254035	-83.951235
32.253273	-83.952408
32.253621	-83.953829
32.25345	-83.954586
32.252163	-83.956312
32.252423	-83.957005
32.25201	-83.957729
32.252105	-83.958817
32.251364	-83.959881
32.251282	-83.960483
32.250886	-83.960832
32.250754	-83.961608
32.250149	-83.961914
32.248589	-83.963776
32.248005	-83.965121
32.247112	-83.965505
32.24588	-83.96508
32.244523	-83.965257
32.243068	-83.965927
32.242339	-83.966891
32.242542	-83.967394
32.24206	-83.968731
32.241016	-83.968829
32.240933	-83.968581
32.240243	-83.968758
32.239413	-83.968289
32.238614	-83.969465
32.238449	-83.970346
32.237862	-83.970384
32.237654	-83.970054
32.236885	-83.97018
32.23659	-83.970754
32.235782	-83.971016
32.235749	-83.971456
32.235265	-83.971528
32.235267	-83.971995
32.234732	-83.972375
32.23469	-83.973116
32.2336	-83.973143
32.232536	-83.974155
32.231875	-83.975482
32.231066	-83.975189
32.230404	-83.975648
32.229214	-83.975537
32.229335	-83.975835
32.229154	-83.976044
32.228721	-83.975889
32.22911	-83.977779
32.228351	-83.978966
32.227403	-83.979418
32.227536	-83.979817
32.22673	-83.980586
32.226343	-83.980632
32.226215	-83.981226
32.224876	-83.982113
32.224472	-83.982021
32.223886	-83.982742
32.222262	-83.982923
32.221187	-83.984019
32.220996	-83.983806
32.220841	-83.984129
32.221168	-83.984582
32.220813	-83.985223
32.220301	-83.985267
32.220218	-83.985704
32.21964	-83.986353
32.219388	-83.986158
32.218589	-83.987408
32.218753	-83.988517
32.218612	-83.988768
32.217339	-83.989011
32.216884	-83.989543
32.216994	-83.99022
32.217546	-83.991138
32.217126	-83.99198
32.216659	-83.991896
32.216001	-83.99281
32.21613	-83.993849
32.215632	-83.994839
32.214871	-83.995192
32.21421	-83.995024
32.213624	-83.995469
32.213391	-83.99603
32.212533	-83.996587
32.212093	-83.996467
32.211823	-83.997371
32.210361	-83.998513
32.209961	-83.998477
32.209576	-83.998925
32.209052	-84.000829
32.208554	-84.000766
32.208278	-84.001932
32.207703	-84.002438
32.207158	-84.002521
32.205692	-84.003447
32.205391	-84.004093
32.205437	-84.005085
32.205647	-84.005361
32.205534	-84.005605
32.205184	-84.00524
32.204197	-84.00573
32.204085	-84.006124
32.204425	-84.006229
32.20418	-84.00772
32.203684	-84.007791
32.203176	-84.00852
32.20315	-84.009372
32.202976	-84.009467
32.202672	-84.009082
32.202098	-84.009106
32.201534	-84.009796
32.201802	-84.010812
32.201363	-84.012641
32.200885	-84.01322
32.19995	-84.013471
32.199939	-84.013179
32.199455	-84.013349
32.199091	-84.014546
32.198833	-84.014571
32.19814	-84.013881
32.197754	-84.01571
32.197394	-84.015773
32.197161	-84.01529
32.196666	-84.015504
32.196413	-84.015025
32.196095	-84.015852
32.196399	-84.01648
32.196139	-84.016416
32.196041	-84.016747
32.195484	-84.016552
32.195686	-84.017117
32.195096	-84.017151
32.194797	-84.017618
32.192684	-84.018926
32.192631	-84.018353
32.19137	-84.01797
32.190866	-84.019013
32.190345	-84.018919
32.190308	-84.018488
32.189901	-84.018797
32.189242	-84.01876
32.189202	-84.019376
32.188628	-84.020116
32.187156	-84.020616
32.186994	-84.021154
32.187258	-84.021433
32.186781	-84.021366
32.186455	-84.020703
32.185986	-84.021235
32.186104	-84.021635
32.185941	-84.021877
32.18605	-84.022577
32.185581	-84.02292
32.184812	-84.022725
32.184655	-84.023425
32.184215	-84.023413
32.184277	-84.024396
32.184054	-84.024579
32.184457	-84.025066
32.183968	-84.025617
32.183514	-84.025726
32.183401	-84.026585
32.182785	-84.027199
32.182916	-84.028342
32.182347	-84.028849
32.182707	-84.029088
32.182662	-84.029385
32.182011	-84.029654
32.181669	-84.029527
32.181372	-84.028888
32.180137	-84.029097
32.180163	-84.029931
32.179447	-84.029951
32.179592	-84.030573
32.178728	-84.031148
32.178351	-84.030911
32.178579	-84.03059
32.178071	-84.030138
32.176679	-84.030007
32.176481	-84.029542
32.17613	-84.0294
32.175855	-84.029595
32.175796	-84.028421
32.175351	-84.027802
32.174296	-84.027334
32.17399	-84.02674
32.17264	-84.026075
32.172012	-84.026452
32.171083	-84.027853
32.171543	-84.028393
32.170774	-84.030314
32.171183	-84.031514
32.173215	-84.031709
32.173917	-84.032544
32.17398	-84.033418
32.173703	-84.034534
32.174469	-84.037075
32.174774	-84.039199
32.175429	-84.040414
32.177376	-84.039977
32.178814	-84.041289
32.179011	-84.043084
32.179409	-84.043673
32.179946	-84.043833
32.181458	-84.043515
32.182462	-84.043805
32.182206	-84.045072
32.182862	-84.047905
32.184162	-84.049005
32.185062	-84.049205
32.185361	-84.050405
32.184962	-84.051005
32.184762	-84.052005
32.184162	-84.052305
32.184362	-84.053605
32.183861	-84.054105
32.184061	-84.054905
32.1836	-84.055178
32.183462	-84.056705
32.183762	-84.057405
32.183762	-84.058306
32.183462	-84.058806
32.183462	-84.059706
32.183262	-84.060006
32.183562	-84.060606
32.183362	-84.061506
32.184462	-84.063306
32.184162	-84.063806
32.184261	-84.065006
32.184662	-84.065828
32.184462	-84.066506
32.184662	-84.066906
32.184462	-84.067206
32.184562	-84.067606
32.184962	-84.067606
32.184862	-84.068306
32.185162	-84.068806
32.185162	-84.069906
32.184862	-84.070906
32.184462	-84.071306
32.184061	-84.072406
32.184362	-84.073006
32.183962	-84.073806
32.184463	-84.074604
32.184762	-84.074606
32.185162	-84.075106
32.185062	-84.075906
32.186062	-84.077306
32.186262	-84.076708
32.186861	-84.077606
32.186557	-84.079507
32.187061	-84.080006
32.186962	-84.080206
32.187448	-84.08082
32.187362	-84.081206
32.187762	-84.081506
32.188062	-84.081305
32.188162	-84.082106
32.188662	-84.082406
32.189861	-84.082506
32.189562	-84.083006
32.190162	-84.083806
32.190461	-84.083706
32.191262	-84.084805
32.191062	-84.085905
32.191961	-84.088907
32.191861	-84.090307
32.192155	-84.090881
32.192161	-84.093007
32.191961	-84.093307
32.192161	-84.093807
32.191961	-84.094107
32.191861	-84.095807
32.192061	-84.097907
32.191861	-84.099307
32.192061	-84.099807
32.191661	-84.101307
32.191361	-84.101607
32.191561	-84.102007
32.191211	-84.103531
32.19126	-84.105107
32.190961	-84.105407
32.190961	-84.105907
32.190361	-84.107207
32.190561	-84.109107
32.190261	-84.109407
32.190661	-84.109607
32.190561	-84.110507
32.19106	-84.111307
32.190964	-84.1128
32.190561	-84.113307
32.190561	-84.114607
32.190261	-84.115107
32.190361	-84.117007
32.189861	-84.117907
32.190061	-84.119007
32.189861	-84.119307
32.190058	-84.120107
32.189662	-84.120308
32.18976	-84.120707
32.18956	-84.120807
32.18956	-84.121906
32.189261	-84.122607
32.189861	-84.123707
32.189693	-84.12512
32.189448	-84.125464
32.189393	-84.127931
32.189017	-84.129166
32.18824	-84.13012
32.187976	-84.131787
32.186781	-84.132251
32.186455	-84.13334
32.185392	-84.134736
32.227972	-84.134095
32.23115	-84.220144
32.295057	-84.219211
32.296156	-84.255912
32.395619	-84.254313
32.530602	-84.052952
32.529915	-84.00363
32.526885	-84.003362
32.524075	-84.001312
32.522643	-84.001321
32.521544	-84.000559
32.520586	-84.001069
32.520578	-84.001441
32.521324	-84.002669
32.520984	-84.003519
32.52098	-84.004385
32.521358	-84.004794
32.521683	-84.006178
32.522176	-84.006894
32.522967	-84.007258
32.522748	-84.008274
32.521769	-84.00849
32.522021	-84.05331
32.530602	-84.052952
