35.699246	-86.568083
35.697602	-86.543066
35.694282	-86.543638
35.693264	-86.537329
35.692238	-86.537504
35.691242	-86.526645
35.689914	-86.526421
35.689707	-86.524203
35.689867	-86.523304
35.686042	-86.523166
35.685892	-86.520432
35.688524	-86.520206
35.688396	-86.515515
35.686104	-86.515676
35.68611	-86.515932
35.680586	-86.516676
35.680867	-86.519084
35.677751	-86.519442
35.676998	-86.513078
35.676134	-86.513157
35.675571	-86.508576
35.671427	-86.509253
35.670577	-86.504735
35.6676	-86.505186
35.667149	-86.501608
35.664993	-86.501899
35.664556	-86.499448
35.66149	-86.499797
35.660848	-86.493648
35.657887	-86.494027
35.657458	-86.487916
35.656474	-86.487915
35.654732	-86.472087
35.646257	-86.473211
35.645123	-86.461171
35.637836	-86.462005
35.637153	-86.456052
35.644567	-86.455031
35.643591	-86.444955
35.646185	-86.444566
35.646229	-86.442338
35.64578	-86.441362
35.645231	-86.438418
35.64552	-86.436629
35.646908	-86.432679
35.647916	-86.431486
35.649736	-86.430247
35.650645	-86.428898
35.652961	-86.424178
35.64977	-86.424909
35.649635	-86.416534
35.647231	-86.416731
35.647188	-86.418181
35.640618	-86.418909
35.640024	-86.413435
35.63703	-86.413852
35.637003	-86.414217
35.634931	-86.415343
35.632996	-86.415373
35.629697	-86.417579
35.62872	-86.417452
35.628259	-86.417904
35.625559	-86.416868
35.623177	-86.41368
35.623162	-86.412745
35.622699	-86.411402
35.623144	-86.409525
35.62292	-86.406722
35.622197	-86.405157
35.618874	-86.403312
35.618571	-86.402726
35.618627	-86.401731
35.619786	-86.40135
35.620741	-86.399791
35.622382	-86.398183
35.622381	-86.39711
35.623204	-86.39509
35.623805	-86.39456
35.625513	-86.394443
35.627778	-86.395498
35.62659	-86.394164
35.627194	-86.38965
35.626867	-86.388751
35.626238	-86.388202
35.626125	-86.385969
35.626781	-86.382823
35.627229	-86.382568
35.627692	-86.382853
35.628568	-86.382648
35.628795	-86.381599
35.629868	-86.379654
35.630219	-86.376959
35.63014	-86.373641
35.63068	-86.372941
35.633032	-86.373921
35.634804	-86.375611
35.635363	-86.375825
35.6359	-86.375607
35.636755	-86.374679
35.637539	-86.374399
35.639174	-86.374992
35.641479	-86.377754
35.642823	-86.378642
35.643419	-86.3786
35.647157	-86.376796
35.646043	-86.374992
35.645812	-86.373396
35.647038	-86.370673
35.647274	-86.369035
35.648471	-86.366725
35.650926	-86.365601
35.651431	-86.363379
35.65228	-86.362826
35.652158	-86.35968
35.65043	-86.359584
35.650237	-86.352169
35.653245	-86.350702
35.654772	-86.35146
35.655561	-86.354374
35.657939	-86.354825
35.660482	-86.352734
35.660666	-86.350624
35.65933	-86.348652
35.658723	-86.347282
35.659482	-86.345509
35.660917	-86.343776
35.662167	-86.344095
35.663744	-86.345069
35.663657	-86.344292
35.664259	-86.34194
35.663168	-86.340438
35.663093	-86.338262
35.662149	-86.33603
35.660846	-86.336244
35.659178	-86.337005
35.658193	-86.335679
35.658059	-86.334075
35.659587	-86.331977
35.660863	-86.329587
35.662395	-86.327852
35.662639	-86.326323
35.661875	-86.325368
35.662348	-86.321324
35.66207	-86.320845
35.662037	-86.318896
35.660816	-86.317209
35.661575	-86.311811
35.661587	-86.310374
35.660306	-86.310243
35.659517	-86.309328
35.659196	-86.3076
35.659553	-86.304128
35.657806	-86.303177
35.656581	-86.301156
35.655736	-86.300321
35.654371	-86.300724
35.653996	-86.302048
35.652829	-86.302123
35.651394	-86.302783
35.651155	-86.304096
35.651505	-86.30547
35.650585	-86.306181
35.64868	-86.306493
35.64795	-86.305893
35.646375	-86.305235
35.64619	-86.302421
35.645713	-86.301335
35.646447	-86.299562
35.64658	-86.297316
35.647448	-86.295266
35.647272	-86.293525
35.646093	-86.292153
35.646022	-86.291337
35.644843	-86.289916
35.643868	-86.289831
35.643358	-86.288637
35.643408	-86.286923
35.645143	-86.286466
35.646592	-86.28743
35.648251	-86.287584
35.648314	-86.285457
35.649083	-86.284018
35.64838	-86.282827
35.648613	-86.280923
35.64589	-86.279809
35.644587	-86.277228
35.643784	-86.274768
35.642588	-86.273308
35.642958	-86.271482
35.642629	-86.268897
35.641111	-86.268367
35.639767	-86.266555
35.639557	-86.263762
35.637881	-86.262713
35.637894	-86.260576
35.634283	-86.257477
35.631918	-86.257659
35.632117	-86.249992
35.631913	-86.245165
35.627654	-86.241862
35.626986	-86.24167
35.625641	-86.242565
35.625794	-86.245455
35.624714	-86.246211
35.624202	-86.247624
35.620638	-86.248093
35.620425	-86.244284
35.619188	-86.244283
35.617768	-86.243665
35.616691	-86.245235
35.613737	-86.245037
35.612042	-86.245232
35.61202	-86.244671
35.611539	-86.243829
35.609409	-86.24366
35.608814	-86.24394
35.607851	-86.245257
35.607256	-86.245649
35.606958	-86.244696
35.60705	-86.243742
35.606546	-86.24391
35.575115	-86.242134
35.534156	-86.242976
35.517822	-86.242654
35.505836	-86.236679
35.504841	-86.238723
35.50477	-86.239937
35.504176	-86.241641
35.477212	-86.245262
35.476607	-86.244788
35.47381	-86.244434
35.473584	-86.244118
35.472698	-86.244049
35.472537	-86.244937
35.471579	-86.246278
35.470144	-86.246554
35.469418	-86.24617
35.468773	-86.244385
35.467837	-86.244237
35.466903	-86.244957
35.466573	-86.246742
35.466074	-86.24692
35.463023	-86.246525
35.46055	-86.245532
35.458856	-86.244227
35.459543	-86.243276
35.459796	-86.242452
35.457334	-86.241693
35.456737	-86.240865
35.456842	-86.240391
35.455882	-86.239396
35.455591	-86.237779
35.453308	-86.234529
35.451962	-86.235058
35.452004	-86.237267
35.448554	-86.23779
35.449196	-86.246614
35.426009	-86.249602
35.413202	-86.25055
35.410377	-86.278591
35.407277	-86.287991
35.392077	-86.294291
35.385477	-86.311592
35.382277	-86.316192
35.376977	-86.329492
35.375077	-86.33101
35.370377	-86.336192
35.370177	-86.334692
35.368577	-86.335192
35.368077	-86.329892
35.365477	-86.330392
35.363677	-86.328792
35.364877	-86.337492
35.362577	-86.337792
35.362777	-86.338392
35.364777	-86.339192
35.366077	-86.339392
35.367477	-86.338992
35.361777	-86.347292
35.362077	-86.360192
35.351577	-86.364992
35.350995	-86.365693
35.351359	-86.366837
35.354468	-86.369927
35.356612	-86.374174
35.35323	-86.374992
35.352936	-86.372654
35.351942	-86.372722
35.351525	-86.368609
35.346755	-86.369258
35.347929	-86.371218
35.348627	-86.374992
35.348677	-86.377992
35.349877	-86.380592
35.349977	-86.381592
35.349277	-86.383676
35.349786	-86.385101
35.349977	-86.389692
35.344877	-86.390592
35.347677	-86.393592
35.348977	-86.397592
35.346677	-86.397993
35.346577	-86.400492
35.345377	-86.400592
35.346577	-86.409292
35.342377	-86.409992
35.340377	-86.408892
35.337577	-86.409492
35.337677	-86.410692
35.331463	-86.412144
35.330135	-86.412033
35.328624	-86.412508
35.326242	-86.414326
35.324524	-86.41441
35.324546	-86.416151
35.323171	-86.417027
35.321643	-86.421088
35.320977	-86.42155
35.319268	-86.421674
35.318846	-86.422339
35.318817	-86.423577
35.319389	-86.426191
35.320582	-86.426949
35.321032	-86.429497
35.320821	-86.43115
35.321731	-86.433799
35.321412	-86.435052
35.322414	-86.436275
35.322327	-86.437406
35.322589	-86.438699
35.321824	-86.43984
35.321552	-86.441052
35.320948	-86.442102
35.320981	-86.443045
35.3207	-86.444169
35.322551	-86.446381
35.322606	-86.447409
35.323338	-86.448708
35.324823	-86.449757
35.324968	-86.452496
35.326449	-86.453919
35.326454	-86.457328
35.326973	-86.457576
35.327675	-86.459501
35.328225	-86.459699
35.328643	-86.459428
35.330687	-86.459772
35.331757	-86.461368
35.333479	-86.461775
35.333882	-86.463528
35.334705	-86.463624
35.336436	-86.465053
35.336718	-86.46503
35.337412	-86.466857
35.337122	-86.467883
35.336318	-86.469182
35.336622	-86.469787
35.337564	-86.470461
35.337998	-86.470357
35.338329	-86.471266
35.337782	-86.475312
35.338631	-86.475467
35.339437	-86.476458
35.340938	-86.476495
35.344034	-86.475301
35.344918	-86.476831
35.345568	-86.479308
35.345478	-86.480017
35.345883	-86.480267
35.346632	-86.480069
35.347967	-86.480591
35.348182	-86.481187
35.349716	-86.481303
35.350415	-86.480989
35.350044	-86.479972
35.351385	-86.479216
35.352386	-86.47927
35.352663	-86.4796
35.352694	-86.480484
35.353137	-86.481353
35.356074	-86.483237
35.357728	-86.483273
35.359672	-86.48513
35.360451	-86.485159
35.360748	-86.485467
35.361114	-86.487872
35.361709	-86.489466
35.362211	-86.492849
35.360813	-86.494078
35.361637	-86.496819
35.360124	-86.499306
35.360353	-86.502889
35.359575	-86.50398
35.359484	-86.504791
35.359897	-86.506887
35.360539	-86.508313
35.361226	-86.508592
35.362714	-86.508116
35.36308	-86.50873
35.362669	-86.509569
35.358365	-86.512396
35.357884	-86.513067
35.357107	-86.515304
35.356673	-86.520169
35.354751	-86.524782
35.355118	-86.52618
35.354569	-86.527438
35.355027	-86.529003
35.355577	-86.52959
35.354867	-86.531408
35.351661	-86.531884
35.351616	-86.532946
35.352715	-86.534595
35.355167	-86.537054
35.356129	-86.538927
35.359701	-86.540072
35.363114	-86.543707
35.363504	-86.546922
35.363344	-86.547789
35.362153	-86.547873
35.362039	-86.550305
35.361558	-86.551004
35.360504	-86.551312
35.360001	-86.551927
35.360023	-86.552682
35.360756	-86.553688
35.362268	-86.554694
35.363162	-86.557518
35.363963	-86.558133
35.36433	-86.558804
35.364421	-86.559587
35.36418	-86.560063
35.364301	-86.560857
35.365513	-86.56171
35.365818	-86.562355
35.365567	-86.563753
35.365681	-86.564424
35.366574	-86.566101
35.366415	-86.566741
35.366862	-86.568618
35.367979	-86.570778
35.368014	-86.572175
35.367399	-86.575836
35.369287	-86.576449
35.36953	-86.577107
35.369233	-86.578003
35.370181	-86.580262
35.369329	-86.582055
35.370983	-86.582875
35.370875	-86.583995
35.367875	-86.590095
35.367075	-86.590595
35.365675	-86.593595
35.364475	-86.595196
35.363875	-86.597896
35.364175	-86.598596
35.364726	-86.599008
35.365017	-86.599617
35.364031	-86.603043
35.36416	-86.603416
35.366074	-86.605072
35.366237	-86.606036
35.367166	-86.607341
35.367179	-86.610616
35.366457	-86.613146
35.367129	-86.615367
35.366802	-86.61822
35.368626	-86.618736
35.369635	-86.619539
35.370449	-86.619606
35.372186	-86.621932
35.374074	-86.622133
35.375575	-86.621796
35.375675	-86.622596
35.376775	-86.623896
35.377175	-86.624996
35.379549	-86.626397
35.380097	-86.62699
35.381218	-86.627379
35.381735	-86.627046
35.382424	-86.625426
35.385975	-86.624296
35.386628	-86.625494
35.388054	-86.626848
35.388848	-86.629253
35.388895	-86.630011
35.389674	-86.632002
35.389792	-86.633263
35.43136	-86.655772
35.435281	-86.658247
35.444524	-86.658009
35.453458	-86.65836
35.455993	-86.658227
35.456206	-86.665555
35.474597	-86.663168
35.491771	-86.664164
35.57412	-86.653193
35.573459	-86.645201
35.573676	-86.645179
35.573628	-86.641745
35.576681	-86.639584
35.575425	-86.637424
35.577415	-86.635207
35.57981	-86.641142
35.582542	-86.642311
35.583049	-86.643457
35.582637	-86.647721
35.582337	-86.648639
35.581635	-86.649621
35.579315	-86.650916
35.579045	-86.651402
35.578112	-86.656322
35.579899	-86.661981
35.580908	-86.663525
35.581893	-86.66377
35.585744	-86.662625
35.588359	-86.660983
35.587935	-86.656255
35.588471	-86.65613
35.588416	-86.655058
35.587506	-86.655166
35.587179	-86.652207
35.588989	-86.651892
35.588978	-86.651449
35.599234	-86.649223
35.625069	-86.646062
35.67633	-86.639248
35.677909	-86.639331
35.678272	-86.639605
35.6859	-86.639436
35.701715	-86.635657
35.701982	-86.636362
35.70279	-86.624995
35.702808	-86.621912
35.700984	-86.622204
35.701079	-86.619515
35.702676	-86.619447
35.701691	-86.600256
35.699354	-86.581148
35.699246	-86.568083
